caller_project_id,caller_class_id,caller_method_id,CALL_DIRECTION,callee_project_id,callee_class_id,callee_method_id
52de5aa6-f8b4-4f77-91b8-f32833e9cdf4,c6fe0afe-e569-4d12-82ba-72a0aee68925,523f149c-cc38-4df3-9ad2-e38c9a0bcf85,->,52de5aa6-f8b4-4f77-91b8-f32833e9cdf4,Final/Ventana.java,setDefaultCloseOperation
52de5aa6-f8b4-4f77-91b8-f32833e9cdf4,c6fe0afe-e569-4d12-82ba-72a0aee68925,523f149c-cc38-4df3-9ad2-e38c9a0bcf85,->,52de5aa6-f8b4-4f77-91b8-f32833e9cdf4,Final/Ventana.java,setTitle
52de5aa6-f8b4-4f77-91b8-f32833e9cdf4,c6fe0afe-e569-4d12-82ba-72a0aee68925,523f149c-cc38-4df3-9ad2-e38c9a0bcf85,->,52de5aa6-f8b4-4f77-91b8-f32833e9cdf4,javax/swing/JButton.java,setText
52de5aa6-f8b4-4f77-91b8-f32833e9cdf4,c6fe0afe-e569-4d12-82ba-72a0aee68925,523f149c-cc38-4df3-9ad2-e38c9a0bcf85,->,52de5aa6-f8b4-4f77-91b8-f32833e9cdf4,javax/swing/JButton.java,setToolTipText
52de5aa6-f8b4-4f77-91b8-f32833e9cdf4,c6fe0afe-e569-4d12-82ba-72a0aee68925,523f149c-cc38-4df3-9ad2-e38c9a0bcf85,->,52de5aa6-f8b4-4f77-91b8-f32833e9cdf4,javax/swing/JButton.java,addActionListener
52de5aa6-f8b4-4f77-91b8-f32833e9cdf4,c6fe0afe-e569-4d12-82ba-72a0aee68925,523f149c-cc38-4df3-9ad2-e38c9a0bcf85,->,52de5aa6-f8b4-4f77-91b8-f32833e9cdf4,javax/swing/JTextField.java,setNextFocusableComponent
52de5aa6-f8b4-4f77-91b8-f32833e9cdf4,c6fe0afe-e569-4d12-82ba-72a0aee68925,523f149c-cc38-4df3-9ad2-e38c9a0bcf85,->,52de5aa6-f8b4-4f77-91b8-f32833e9cdf4,javax/swing/JLabel.java,setFont
52de5aa6-f8b4-4f77-91b8-f32833e9cdf4,c6fe0afe-e569-4d12-82ba-72a0aee68925,523f149c-cc38-4df3-9ad2-e38c9a0bcf85,->,52de5aa6-f8b4-4f77-91b8-f32833e9cdf4,javax/swing/JLabel.java,setText
52de5aa6-f8b4-4f77-91b8-f32833e9cdf4,c6fe0afe-e569-4d12-82ba-72a0aee68925,523f149c-cc38-4df3-9ad2-e38c9a0bcf85,->,52de5aa6-f8b4-4f77-91b8-f32833e9cdf4,javax/swing/JLabel.java,setFont
52de5aa6-f8b4-4f77-91b8-f32833e9cdf4,c6fe0afe-e569-4d12-82ba-72a0aee68925,523f149c-cc38-4df3-9ad2-e38c9a0bcf85,->,52de5aa6-f8b4-4f77-91b8-f32833e9cdf4,javax/swing/JLabel.java,setText
52de5aa6-f8b4-4f77-91b8-f32833e9cdf4,c6fe0afe-e569-4d12-82ba-72a0aee68925,523f149c-cc38-4df3-9ad2-e38c9a0bcf85,->,52de5aa6-f8b4-4f77-91b8-f32833e9cdf4,javax/swing/JLabel.java,setFont
52de5aa6-f8b4-4f77-91b8-f32833e9cdf4,c6fe0afe-e569-4d12-82ba-72a0aee68925,523f149c-cc38-4df3-9ad2-e38c9a0bcf85,->,52de5aa6-f8b4-4f77-91b8-f32833e9cdf4,javax/swing/JLabel.java,setText
52de5aa6-f8b4-4f77-91b8-f32833e9cdf4,c6fe0afe-e569-4d12-82ba-72a0aee68925,523f149c-cc38-4df3-9ad2-e38c9a0bcf85,->,52de5aa6-f8b4-4f77-91b8-f32833e9cdf4,javax/swing/JTextArea.java,setColumns
52de5aa6-f8b4-4f77-91b8-f32833e9cdf4,c6fe0afe-e569-4d12-82ba-72a0aee68925,523f149c-cc38-4df3-9ad2-e38c9a0bcf85,->,52de5aa6-f8b4-4f77-91b8-f32833e9cdf4,javax/swing/JTextArea.java,setEditable
52de5aa6-f8b4-4f77-91b8-f32833e9cdf4,c6fe0afe-e569-4d12-82ba-72a0aee68925,523f149c-cc38-4df3-9ad2-e38c9a0bcf85,->,52de5aa6-f8b4-4f77-91b8-f32833e9cdf4,javax/swing/JTextArea.java,setRows
52de5aa6-f8b4-4f77-91b8-f32833e9cdf4,c6fe0afe-e569-4d12-82ba-72a0aee68925,523f149c-cc38-4df3-9ad2-e38c9a0bcf85,->,52de5aa6-f8b4-4f77-91b8-f32833e9cdf4,javax/swing/JScrollPane.java,setViewportView
52de5aa6-f8b4-4f77-91b8-f32833e9cdf4,c6fe0afe-e569-4d12-82ba-72a0aee68925,523f149c-cc38-4df3-9ad2-e38c9a0bcf85,->,52de5aa6-f8b4-4f77-91b8-f32833e9cdf4,javax/swing/JButton.java,setText
52de5aa6-f8b4-4f77-91b8-f32833e9cdf4,c6fe0afe-e569-4d12-82ba-72a0aee68925,523f149c-cc38-4df3-9ad2-e38c9a0bcf85,->,52de5aa6-f8b4-4f77-91b8-f32833e9cdf4,javax/swing/JButton.java,setToolTipText
52de5aa6-f8b4-4f77-91b8-f32833e9cdf4,c6fe0afe-e569-4d12-82ba-72a0aee68925,523f149c-cc38-4df3-9ad2-e38c9a0bcf85,->,52de5aa6-f8b4-4f77-91b8-f32833e9cdf4,javax/swing/JButton.java,addActionListener
52de5aa6-f8b4-4f77-91b8-f32833e9cdf4,c6fe0afe-e569-4d12-82ba-72a0aee68925,523f149c-cc38-4df3-9ad2-e38c9a0bcf85,->,52de5aa6-f8b4-4f77-91b8-f32833e9cdf4,java/lang/Object.java,getClass
52de5aa6-f8b4-4f77-91b8-f32833e9cdf4,c6fe0afe-e569-4d12-82ba-72a0aee68925,523f149c-cc38-4df3-9ad2-e38c9a0bcf85,->,52de5aa6-f8b4-4f77-91b8-f32833e9cdf4,java/lang/Class.java,getResource
52de5aa6-f8b4-4f77-91b8-f32833e9cdf4,c6fe0afe-e569-4d12-82ba-72a0aee68925,523f149c-cc38-4df3-9ad2-e38c9a0bcf85,->,52de5aa6-f8b4-4f77-91b8-f32833e9cdf4,javax/swing/JLabel.java,setIcon
52de5aa6-f8b4-4f77-91b8-f32833e9cdf4,c6fe0afe-e569-4d12-82ba-72a0aee68925,523f149c-cc38-4df3-9ad2-e38c9a0bcf85,->,52de5aa6-f8b4-4f77-91b8-f32833e9cdf4,javax/swing/JLabel.java,setToolTipText
52de5aa6-f8b4-4f77-91b8-f32833e9cdf4,c6fe0afe-e569-4d12-82ba-72a0aee68925,523f149c-cc38-4df3-9ad2-e38c9a0bcf85,->,52de5aa6-f8b4-4f77-91b8-f32833e9cdf4,java/lang/Object.java,getClass
52de5aa6-f8b4-4f77-91b8-f32833e9cdf4,c6fe0afe-e569-4d12-82ba-72a0aee68925,523f149c-cc38-4df3-9ad2-e38c9a0bcf85,->,52de5aa6-f8b4-4f77-91b8-f32833e9cdf4,java/lang/Class.java,getResource
52de5aa6-f8b4-4f77-91b8-f32833e9cdf4,c6fe0afe-e569-4d12-82ba-72a0aee68925,523f149c-cc38-4df3-9ad2-e38c9a0bcf85,->,52de5aa6-f8b4-4f77-91b8-f32833e9cdf4,javax/swing/JLabel.java,setIcon
52de5aa6-f8b4-4f77-91b8-f32833e9cdf4,c6fe0afe-e569-4d12-82ba-72a0aee68925,523f149c-cc38-4df3-9ad2-e38c9a0bcf85,->,52de5aa6-f8b4-4f77-91b8-f32833e9cdf4,javax/swing/JLabel.java,setToolTipText
52de5aa6-f8b4-4f77-91b8-f32833e9cdf4,c6fe0afe-e569-4d12-82ba-72a0aee68925,523f149c-cc38-4df3-9ad2-e38c9a0bcf85,->,52de5aa6-f8b4-4f77-91b8-f32833e9cdf4,java/lang/Object.java,getClass
52de5aa6-f8b4-4f77-91b8-f32833e9cdf4,c6fe0afe-e569-4d12-82ba-72a0aee68925,523f149c-cc38-4df3-9ad2-e38c9a0bcf85,->,52de5aa6-f8b4-4f77-91b8-f32833e9cdf4,java/lang/Class.java,getResource
52de5aa6-f8b4-4f77-91b8-f32833e9cdf4,c6fe0afe-e569-4d12-82ba-72a0aee68925,523f149c-cc38-4df3-9ad2-e38c9a0bcf85,->,52de5aa6-f8b4-4f77-91b8-f32833e9cdf4,javax/swing/JLabel.java,setIcon
52de5aa6-f8b4-4f77-91b8-f32833e9cdf4,c6fe0afe-e569-4d12-82ba-72a0aee68925,523f149c-cc38-4df3-9ad2-e38c9a0bcf85,->,52de5aa6-f8b4-4f77-91b8-f32833e9cdf4,javax/swing/JLabel.java,setToolTipText
52de5aa6-f8b4-4f77-91b8-f32833e9cdf4,c6fe0afe-e569-4d12-82ba-72a0aee68925,523f149c-cc38-4df3-9ad2-e38c9a0bcf85,->,52de5aa6-f8b4-4f77-91b8-f32833e9cdf4,javax/swing/JLabel.java,setFont
52de5aa6-f8b4-4f77-91b8-f32833e9cdf4,c6fe0afe-e569-4d12-82ba-72a0aee68925,523f149c-cc38-4df3-9ad2-e38c9a0bcf85,->,52de5aa6-f8b4-4f77-91b8-f32833e9cdf4,javax/swing/JLabel.java,setText
52de5aa6-f8b4-4f77-91b8-f32833e9cdf4,c6fe0afe-e569-4d12-82ba-72a0aee68925,523f149c-cc38-4df3-9ad2-e38c9a0bcf85,->,52de5aa6-f8b4-4f77-91b8-f32833e9cdf4,javax/swing/BorderFactory.java,createTitledBorder
52de5aa6-f8b4-4f77-91b8-f32833e9cdf4,c6fe0afe-e569-4d12-82ba-72a0aee68925,523f149c-cc38-4df3-9ad2-e38c9a0bcf85,->,52de5aa6-f8b4-4f77-91b8-f32833e9cdf4,javax/swing/JPanel.java,setBorder
52de5aa6-f8b4-4f77-91b8-f32833e9cdf4,c6fe0afe-e569-4d12-82ba-72a0aee68925,523f149c-cc38-4df3-9ad2-e38c9a0bcf85,->,52de5aa6-f8b4-4f77-91b8-f32833e9cdf4,javax/swing/ButtonGroup.java,add
52de5aa6-f8b4-4f77-91b8-f32833e9cdf4,c6fe0afe-e569-4d12-82ba-72a0aee68925,523f149c-cc38-4df3-9ad2-e38c9a0bcf85,->,52de5aa6-f8b4-4f77-91b8-f32833e9cdf4,javax/swing/JRadioButton.java,setSelected
52de5aa6-f8b4-4f77-91b8-f32833e9cdf4,c6fe0afe-e569-4d12-82ba-72a0aee68925,523f149c-cc38-4df3-9ad2-e38c9a0bcf85,->,52de5aa6-f8b4-4f77-91b8-f32833e9cdf4,javax/swing/JRadioButton.java,setText
52de5aa6-f8b4-4f77-91b8-f32833e9cdf4,c6fe0afe-e569-4d12-82ba-72a0aee68925,523f149c-cc38-4df3-9ad2-e38c9a0bcf85,->,52de5aa6-f8b4-4f77-91b8-f32833e9cdf4,javax/swing/JRadioButton.java,setToolTipText
52de5aa6-f8b4-4f77-91b8-f32833e9cdf4,c6fe0afe-e569-4d12-82ba-72a0aee68925,523f149c-cc38-4df3-9ad2-e38c9a0bcf85,->,52de5aa6-f8b4-4f77-91b8-f32833e9cdf4,javax/swing/JRadioButton.java,addActionListener
52de5aa6-f8b4-4f77-91b8-f32833e9cdf4,c6fe0afe-e569-4d12-82ba-72a0aee68925,523f149c-cc38-4df3-9ad2-e38c9a0bcf85,->,52de5aa6-f8b4-4f77-91b8-f32833e9cdf4,javax/swing/ButtonGroup.java,add
52de5aa6-f8b4-4f77-91b8-f32833e9cdf4,c6fe0afe-e569-4d12-82ba-72a0aee68925,523f149c-cc38-4df3-9ad2-e38c9a0bcf85,->,52de5aa6-f8b4-4f77-91b8-f32833e9cdf4,javax/swing/JRadioButton.java,setText
52de5aa6-f8b4-4f77-91b8-f32833e9cdf4,c6fe0afe-e569-4d12-82ba-72a0aee68925,523f149c-cc38-4df3-9ad2-e38c9a0bcf85,->,52de5aa6-f8b4-4f77-91b8-f32833e9cdf4,javax/swing/JRadioButton.java,setToolTipText
52de5aa6-f8b4-4f77-91b8-f32833e9cdf4,c6fe0afe-e569-4d12-82ba-72a0aee68925,523f149c-cc38-4df3-9ad2-e38c9a0bcf85,->,52de5aa6-f8b4-4f77-91b8-f32833e9cdf4,javax/swing/JRadioButton.java,addActionListener
52de5aa6-f8b4-4f77-91b8-f32833e9cdf4,c6fe0afe-e569-4d12-82ba-72a0aee68925,523f149c-cc38-4df3-9ad2-e38c9a0bcf85,->,52de5aa6-f8b4-4f77-91b8-f32833e9cdf4,javax/swing/JPanel.java,setLayout
52de5aa6-f8b4-4f77-91b8-f32833e9cdf4,c6fe0afe-e569-4d12-82ba-72a0aee68925,523f149c-cc38-4df3-9ad2-e38c9a0bcf85,->,52de5aa6-f8b4-4f77-91b8-f32833e9cdf4,javax/swing/GroupLayout.java,createParallelGroup
52de5aa6-f8b4-4f77-91b8-f32833e9cdf4,c6fe0afe-e569-4d12-82ba-72a0aee68925,523f149c-cc38-4df3-9ad2-e38c9a0bcf85,->,52de5aa6-f8b4-4f77-91b8-f32833e9cdf4,javax/swing/GroupLayout.java,createSequentialGroup
52de5aa6-f8b4-4f77-91b8-f32833e9cdf4,c6fe0afe-e569-4d12-82ba-72a0aee68925,523f149c-cc38-4df3-9ad2-e38c9a0bcf85,->,52de5aa6-f8b4-4f77-91b8-f32833e9cdf4,javax/swing/GroupLayout$SequentialGroup.java,addContainerGap
52de5aa6-f8b4-4f77-91b8-f32833e9cdf4,c6fe0afe-e569-4d12-82ba-72a0aee68925,523f149c-cc38-4df3-9ad2-e38c9a0bcf85,->,52de5aa6-f8b4-4f77-91b8-f32833e9cdf4,javax/swing/GroupLayout.java,createParallelGroup
52de5aa6-f8b4-4f77-91b8-f32833e9cdf4,c6fe0afe-e569-4d12-82ba-72a0aee68925,523f149c-cc38-4df3-9ad2-e38c9a0bcf85,->,52de5aa6-f8b4-4f77-91b8-f32833e9cdf4,javax/swing/GroupLayout$ParallelGroup.java,addComponent
52de5aa6-f8b4-4f77-91b8-f32833e9cdf4,c6fe0afe-e569-4d12-82ba-72a0aee68925,523f149c-cc38-4df3-9ad2-e38c9a0bcf85,->,52de5aa6-f8b4-4f77-91b8-f32833e9cdf4,javax/swing/GroupLayout$ParallelGroup.java,addComponent
52de5aa6-f8b4-4f77-91b8-f32833e9cdf4,c6fe0afe-e569-4d12-82ba-72a0aee68925,523f149c-cc38-4df3-9ad2-e38c9a0bcf85,->,52de5aa6-f8b4-4f77-91b8-f32833e9cdf4,javax/swing/GroupLayout$SequentialGroup.java,addGroup
52de5aa6-f8b4-4f77-91b8-f32833e9cdf4,c6fe0afe-e569-4d12-82ba-72a0aee68925,523f149c-cc38-4df3-9ad2-e38c9a0bcf85,->,52de5aa6-f8b4-4f77-91b8-f32833e9cdf4,javax/swing/GroupLayout$SequentialGroup.java,addContainerGap
52de5aa6-f8b4-4f77-91b8-f32833e9cdf4,c6fe0afe-e569-4d12-82ba-72a0aee68925,523f149c-cc38-4df3-9ad2-e38c9a0bcf85,->,52de5aa6-f8b4-4f77-91b8-f32833e9cdf4,javax/swing/GroupLayout$ParallelGroup.java,addGroup
52de5aa6-f8b4-4f77-91b8-f32833e9cdf4,c6fe0afe-e569-4d12-82ba-72a0aee68925,523f149c-cc38-4df3-9ad2-e38c9a0bcf85,->,52de5aa6-f8b4-4f77-91b8-f32833e9cdf4,javax/swing/GroupLayout.java,setHorizontalGroup
52de5aa6-f8b4-4f77-91b8-f32833e9cdf4,c6fe0afe-e569-4d12-82ba-72a0aee68925,523f149c-cc38-4df3-9ad2-e38c9a0bcf85,->,52de5aa6-f8b4-4f77-91b8-f32833e9cdf4,javax/swing/GroupLayout.java,createParallelGroup
52de5aa6-f8b4-4f77-91b8-f32833e9cdf4,c6fe0afe-e569-4d12-82ba-72a0aee68925,523f149c-cc38-4df3-9ad2-e38c9a0bcf85,->,52de5aa6-f8b4-4f77-91b8-f32833e9cdf4,javax/swing/GroupLayout.java,createSequentialGroup
52de5aa6-f8b4-4f77-91b8-f32833e9cdf4,c6fe0afe-e569-4d12-82ba-72a0aee68925,523f149c-cc38-4df3-9ad2-e38c9a0bcf85,->,52de5aa6-f8b4-4f77-91b8-f32833e9cdf4,javax/swing/GroupLayout$SequentialGroup.java,addContainerGap
52de5aa6-f8b4-4f77-91b8-f32833e9cdf4,c6fe0afe-e569-4d12-82ba-72a0aee68925,523f149c-cc38-4df3-9ad2-e38c9a0bcf85,->,52de5aa6-f8b4-4f77-91b8-f32833e9cdf4,javax/swing/GroupLayout$SequentialGroup.java,addComponent
52de5aa6-f8b4-4f77-91b8-f32833e9cdf4,c6fe0afe-e569-4d12-82ba-72a0aee68925,523f149c-cc38-4df3-9ad2-e38c9a0bcf85,->,52de5aa6-f8b4-4f77-91b8-f32833e9cdf4,javax/swing/GroupLayout$SequentialGroup.java,addPreferredGap
52de5aa6-f8b4-4f77-91b8-f32833e9cdf4,c6fe0afe-e569-4d12-82ba-72a0aee68925,523f149c-cc38-4df3-9ad2-e38c9a0bcf85,->,52de5aa6-f8b4-4f77-91b8-f32833e9cdf4,javax/swing/GroupLayout$SequentialGroup.java,addComponent
52de5aa6-f8b4-4f77-91b8-f32833e9cdf4,c6fe0afe-e569-4d12-82ba-72a0aee68925,523f149c-cc38-4df3-9ad2-e38c9a0bcf85,->,52de5aa6-f8b4-4f77-91b8-f32833e9cdf4,javax/swing/GroupLayout$SequentialGroup.java,addContainerGap
52de5aa6-f8b4-4f77-91b8-f32833e9cdf4,c6fe0afe-e569-4d12-82ba-72a0aee68925,523f149c-cc38-4df3-9ad2-e38c9a0bcf85,->,52de5aa6-f8b4-4f77-91b8-f32833e9cdf4,javax/swing/GroupLayout$ParallelGroup.java,addGroup
52de5aa6-f8b4-4f77-91b8-f32833e9cdf4,c6fe0afe-e569-4d12-82ba-72a0aee68925,523f149c-cc38-4df3-9ad2-e38c9a0bcf85,->,52de5aa6-f8b4-4f77-91b8-f32833e9cdf4,javax/swing/GroupLayout.java,setVerticalGroup
52de5aa6-f8b4-4f77-91b8-f32833e9cdf4,c6fe0afe-e569-4d12-82ba-72a0aee68925,523f149c-cc38-4df3-9ad2-e38c9a0bcf85,->,52de5aa6-f8b4-4f77-91b8-f32833e9cdf4,javax/swing/JSpinner.java,setModel
52de5aa6-f8b4-4f77-91b8-f32833e9cdf4,c6fe0afe-e569-4d12-82ba-72a0aee68925,523f149c-cc38-4df3-9ad2-e38c9a0bcf85,->,52de5aa6-f8b4-4f77-91b8-f32833e9cdf4,javax/swing/JSpinner.java,setModel
52de5aa6-f8b4-4f77-91b8-f32833e9cdf4,c6fe0afe-e569-4d12-82ba-72a0aee68925,523f149c-cc38-4df3-9ad2-e38c9a0bcf85,->,52de5aa6-f8b4-4f77-91b8-f32833e9cdf4,javax/swing/JSpinner.java,setModel
52de5aa6-f8b4-4f77-91b8-f32833e9cdf4,c6fe0afe-e569-4d12-82ba-72a0aee68925,523f149c-cc38-4df3-9ad2-e38c9a0bcf85,->,52de5aa6-f8b4-4f77-91b8-f32833e9cdf4,javax/swing/JLabel.java,setFont
52de5aa6-f8b4-4f77-91b8-f32833e9cdf4,c6fe0afe-e569-4d12-82ba-72a0aee68925,523f149c-cc38-4df3-9ad2-e38c9a0bcf85,->,52de5aa6-f8b4-4f77-91b8-f32833e9cdf4,javax/swing/JLabel.java,setText
52de5aa6-f8b4-4f77-91b8-f32833e9cdf4,c6fe0afe-e569-4d12-82ba-72a0aee68925,523f149c-cc38-4df3-9ad2-e38c9a0bcf85,->,52de5aa6-f8b4-4f77-91b8-f32833e9cdf4,javax/swing/JLabel.java,setFont
52de5aa6-f8b4-4f77-91b8-f32833e9cdf4,c6fe0afe-e569-4d12-82ba-72a0aee68925,523f149c-cc38-4df3-9ad2-e38c9a0bcf85,->,52de5aa6-f8b4-4f77-91b8-f32833e9cdf4,javax/swing/JLabel.java,setText
52de5aa6-f8b4-4f77-91b8-f32833e9cdf4,c6fe0afe-e569-4d12-82ba-72a0aee68925,523f149c-cc38-4df3-9ad2-e38c9a0bcf85,->,52de5aa6-f8b4-4f77-91b8-f32833e9cdf4,javax/swing/JLabel.java,setFont
52de5aa6-f8b4-4f77-91b8-f32833e9cdf4,c6fe0afe-e569-4d12-82ba-72a0aee68925,523f149c-cc38-4df3-9ad2-e38c9a0bcf85,->,52de5aa6-f8b4-4f77-91b8-f32833e9cdf4,javax/swing/JLabel.java,setText
52de5aa6-f8b4-4f77-91b8-f32833e9cdf4,c6fe0afe-e569-4d12-82ba-72a0aee68925,523f149c-cc38-4df3-9ad2-e38c9a0bcf85,->,52de5aa6-f8b4-4f77-91b8-f32833e9cdf4,Final/Ventana.java,getContentPane
52de5aa6-f8b4-4f77-91b8-f32833e9cdf4,c6fe0afe-e569-4d12-82ba-72a0aee68925,523f149c-cc38-4df3-9ad2-e38c9a0bcf85,->,52de5aa6-f8b4-4f77-91b8-f32833e9cdf4,Final/Ventana.java,getContentPane
52de5aa6-f8b4-4f77-91b8-f32833e9cdf4,c6fe0afe-e569-4d12-82ba-72a0aee68925,523f149c-cc38-4df3-9ad2-e38c9a0bcf85,->,52de5aa6-f8b4-4f77-91b8-f32833e9cdf4,java/awt/Container.java,setLayout
52de5aa6-f8b4-4f77-91b8-f32833e9cdf4,c6fe0afe-e569-4d12-82ba-72a0aee68925,523f149c-cc38-4df3-9ad2-e38c9a0bcf85,->,52de5aa6-f8b4-4f77-91b8-f32833e9cdf4,javax/swing/GroupLayout.java,createParallelGroup
52de5aa6-f8b4-4f77-91b8-f32833e9cdf4,c6fe0afe-e569-4d12-82ba-72a0aee68925,523f149c-cc38-4df3-9ad2-e38c9a0bcf85,->,52de5aa6-f8b4-4f77-91b8-f32833e9cdf4,javax/swing/GroupLayout.java,createSequentialGroup
52de5aa6-f8b4-4f77-91b8-f32833e9cdf4,c6fe0afe-e569-4d12-82ba-72a0aee68925,523f149c-cc38-4df3-9ad2-e38c9a0bcf85,->,52de5aa6-f8b4-4f77-91b8-f32833e9cdf4,javax/swing/GroupLayout$SequentialGroup.java,addContainerGap
52de5aa6-f8b4-4f77-91b8-f32833e9cdf4,c6fe0afe-e569-4d12-82ba-72a0aee68925,523f149c-cc38-4df3-9ad2-e38c9a0bcf85,->,52de5aa6-f8b4-4f77-91b8-f32833e9cdf4,javax/swing/GroupLayout.java,createParallelGroup
52de5aa6-f8b4-4f77-91b8-f32833e9cdf4,c6fe0afe-e569-4d12-82ba-72a0aee68925,523f149c-cc38-4df3-9ad2-e38c9a0bcf85,->,52de5aa6-f8b4-4f77-91b8-f32833e9cdf4,javax/swing/GroupLayout.java,createSequentialGroup
52de5aa6-f8b4-4f77-91b8-f32833e9cdf4,c6fe0afe-e569-4d12-82ba-72a0aee68925,523f149c-cc38-4df3-9ad2-e38c9a0bcf85,->,52de5aa6-f8b4-4f77-91b8-f32833e9cdf4,javax/swing/GroupLayout$SequentialGroup.java,addGap
52de5aa6-f8b4-4f77-91b8-f32833e9cdf4,c6fe0afe-e569-4d12-82ba-72a0aee68925,523f149c-cc38-4df3-9ad2-e38c9a0bcf85,->,52de5aa6-f8b4-4f77-91b8-f32833e9cdf4,javax/swing/GroupLayout$SequentialGroup.java,addComponent
52de5aa6-f8b4-4f77-91b8-f32833e9cdf4,c6fe0afe-e569-4d12-82ba-72a0aee68925,523f149c-cc38-4df3-9ad2-e38c9a0bcf85,->,52de5aa6-f8b4-4f77-91b8-f32833e9cdf4,javax/swing/GroupLayout$SequentialGroup.java,addPreferredGap
52de5aa6-f8b4-4f77-91b8-f32833e9cdf4,c6fe0afe-e569-4d12-82ba-72a0aee68925,523f149c-cc38-4df3-9ad2-e38c9a0bcf85,->,52de5aa6-f8b4-4f77-91b8-f32833e9cdf4,javax/swing/GroupLayout$SequentialGroup.java,addComponent
52de5aa6-f8b4-4f77-91b8-f32833e9cdf4,c6fe0afe-e569-4d12-82ba-72a0aee68925,523f149c-cc38-4df3-9ad2-e38c9a0bcf85,->,52de5aa6-f8b4-4f77-91b8-f32833e9cdf4,javax/swing/GroupLayout$SequentialGroup.java,addGap
52de5aa6-f8b4-4f77-91b8-f32833e9cdf4,c6fe0afe-e569-4d12-82ba-72a0aee68925,523f149c-cc38-4df3-9ad2-e38c9a0bcf85,->,52de5aa6-f8b4-4f77-91b8-f32833e9cdf4,javax/swing/GroupLayout$SequentialGroup.java,addComponent
52de5aa6-f8b4-4f77-91b8-f32833e9cdf4,c6fe0afe-e569-4d12-82ba-72a0aee68925,523f149c-cc38-4df3-9ad2-e38c9a0bcf85,->,52de5aa6-f8b4-4f77-91b8-f32833e9cdf4,javax/swing/GroupLayout$ParallelGroup.java,addGroup
52de5aa6-f8b4-4f77-91b8-f32833e9cdf4,c6fe0afe-e569-4d12-82ba-72a0aee68925,523f149c-cc38-4df3-9ad2-e38c9a0bcf85,->,52de5aa6-f8b4-4f77-91b8-f32833e9cdf4,javax/swing/GroupLayout.java,createSequentialGroup
52de5aa6-f8b4-4f77-91b8-f32833e9cdf4,c6fe0afe-e569-4d12-82ba-72a0aee68925,523f149c-cc38-4df3-9ad2-e38c9a0bcf85,->,52de5aa6-f8b4-4f77-91b8-f32833e9cdf4,javax/swing/GroupLayout$SequentialGroup.java,addGap
52de5aa6-f8b4-4f77-91b8-f32833e9cdf4,c6fe0afe-e569-4d12-82ba-72a0aee68925,523f149c-cc38-4df3-9ad2-e38c9a0bcf85,->,52de5aa6-f8b4-4f77-91b8-f32833e9cdf4,javax/swing/GroupLayout$SequentialGroup.java,addComponent
52de5aa6-f8b4-4f77-91b8-f32833e9cdf4,c6fe0afe-e569-4d12-82ba-72a0aee68925,523f149c-cc38-4df3-9ad2-e38c9a0bcf85,->,52de5aa6-f8b4-4f77-91b8-f32833e9cdf4,javax/swing/GroupLayout$ParallelGroup.java,addGroup
52de5aa6-f8b4-4f77-91b8-f32833e9cdf4,c6fe0afe-e569-4d12-82ba-72a0aee68925,523f149c-cc38-4df3-9ad2-e38c9a0bcf85,->,52de5aa6-f8b4-4f77-91b8-f32833e9cdf4,javax/swing/GroupLayout$ParallelGroup.java,addComponent
52de5aa6-f8b4-4f77-91b8-f32833e9cdf4,c6fe0afe-e569-4d12-82ba-72a0aee68925,523f149c-cc38-4df3-9ad2-e38c9a0bcf85,->,52de5aa6-f8b4-4f77-91b8-f32833e9cdf4,javax/swing/GroupLayout$ParallelGroup.java,addComponent
52de5aa6-f8b4-4f77-91b8-f32833e9cdf4,c6fe0afe-e569-4d12-82ba-72a0aee68925,523f149c-cc38-4df3-9ad2-e38c9a0bcf85,->,52de5aa6-f8b4-4f77-91b8-f32833e9cdf4,javax/swing/GroupLayout$ParallelGroup.java,addComponent
52de5aa6-f8b4-4f77-91b8-f32833e9cdf4,c6fe0afe-e569-4d12-82ba-72a0aee68925,523f149c-cc38-4df3-9ad2-e38c9a0bcf85,->,52de5aa6-f8b4-4f77-91b8-f32833e9cdf4,javax/swing/GroupLayout.java,createSequentialGroup
52de5aa6-f8b4-4f77-91b8-f32833e9cdf4,c6fe0afe-e569-4d12-82ba-72a0aee68925,523f149c-cc38-4df3-9ad2-e38c9a0bcf85,->,52de5aa6-f8b4-4f77-91b8-f32833e9cdf4,javax/swing/GroupLayout$SequentialGroup.java,addGap
52de5aa6-f8b4-4f77-91b8-f32833e9cdf4,c6fe0afe-e569-4d12-82ba-72a0aee68925,523f149c-cc38-4df3-9ad2-e38c9a0bcf85,->,52de5aa6-f8b4-4f77-91b8-f32833e9cdf4,javax/swing/GroupLayout.java,createParallelGroup
52de5aa6-f8b4-4f77-91b8-f32833e9cdf4,c6fe0afe-e569-4d12-82ba-72a0aee68925,523f149c-cc38-4df3-9ad2-e38c9a0bcf85,->,52de5aa6-f8b4-4f77-91b8-f32833e9cdf4,javax/swing/GroupLayout$ParallelGroup.java,addComponent
52de5aa6-f8b4-4f77-91b8-f32833e9cdf4,c6fe0afe-e569-4d12-82ba-72a0aee68925,523f149c-cc38-4df3-9ad2-e38c9a0bcf85,->,52de5aa6-f8b4-4f77-91b8-f32833e9cdf4,javax/swing/GroupLayout$ParallelGroup.java,addComponent
52de5aa6-f8b4-4f77-91b8-f32833e9cdf4,c6fe0afe-e569-4d12-82ba-72a0aee68925,523f149c-cc38-4df3-9ad2-e38c9a0bcf85,->,52de5aa6-f8b4-4f77-91b8-f32833e9cdf4,javax/swing/GroupLayout$ParallelGroup.java,addComponent
52de5aa6-f8b4-4f77-91b8-f32833e9cdf4,c6fe0afe-e569-4d12-82ba-72a0aee68925,523f149c-cc38-4df3-9ad2-e38c9a0bcf85,->,52de5aa6-f8b4-4f77-91b8-f32833e9cdf4,javax/swing/GroupLayout$SequentialGroup.java,addGroup
52de5aa6-f8b4-4f77-91b8-f32833e9cdf4,c6fe0afe-e569-4d12-82ba-72a0aee68925,523f149c-cc38-4df3-9ad2-e38c9a0bcf85,->,52de5aa6-f8b4-4f77-91b8-f32833e9cdf4,javax/swing/GroupLayout$SequentialGroup.java,addGap
52de5aa6-f8b4-4f77-91b8-f32833e9cdf4,c6fe0afe-e569-4d12-82ba-72a0aee68925,523f149c-cc38-4df3-9ad2-e38c9a0bcf85,->,52de5aa6-f8b4-4f77-91b8-f32833e9cdf4,javax/swing/GroupLayout.java,createParallelGroup
52de5aa6-f8b4-4f77-91b8-f32833e9cdf4,c6fe0afe-e569-4d12-82ba-72a0aee68925,523f149c-cc38-4df3-9ad2-e38c9a0bcf85,->,52de5aa6-f8b4-4f77-91b8-f32833e9cdf4,javax/swing/GroupLayout.java,createSequentialGroup
52de5aa6-f8b4-4f77-91b8-f32833e9cdf4,c6fe0afe-e569-4d12-82ba-72a0aee68925,523f149c-cc38-4df3-9ad2-e38c9a0bcf85,->,52de5aa6-f8b4-4f77-91b8-f32833e9cdf4,javax/swing/GroupLayout$SequentialGroup.java,addComponent
52de5aa6-f8b4-4f77-91b8-f32833e9cdf4,c6fe0afe-e569-4d12-82ba-72a0aee68925,523f149c-cc38-4df3-9ad2-e38c9a0bcf85,->,52de5aa6-f8b4-4f77-91b8-f32833e9cdf4,javax/swing/GroupLayout$SequentialGroup.java,addPreferredGap
52de5aa6-f8b4-4f77-91b8-f32833e9cdf4,c6fe0afe-e569-4d12-82ba-72a0aee68925,523f149c-cc38-4df3-9ad2-e38c9a0bcf85,->,52de5aa6-f8b4-4f77-91b8-f32833e9cdf4,javax/swing/GroupLayout$SequentialGroup.java,addComponent
52de5aa6-f8b4-4f77-91b8-f32833e9cdf4,c6fe0afe-e569-4d12-82ba-72a0aee68925,523f149c-cc38-4df3-9ad2-e38c9a0bcf85,->,52de5aa6-f8b4-4f77-91b8-f32833e9cdf4,javax/swing/GroupLayout$ParallelGroup.java,addGroup
52de5aa6-f8b4-4f77-91b8-f32833e9cdf4,c6fe0afe-e569-4d12-82ba-72a0aee68925,523f149c-cc38-4df3-9ad2-e38c9a0bcf85,->,52de5aa6-f8b4-4f77-91b8-f32833e9cdf4,javax/swing/GroupLayout.java,createSequentialGroup
52de5aa6-f8b4-4f77-91b8-f32833e9cdf4,c6fe0afe-e569-4d12-82ba-72a0aee68925,523f149c-cc38-4df3-9ad2-e38c9a0bcf85,->,52de5aa6-f8b4-4f77-91b8-f32833e9cdf4,javax/swing/GroupLayout.java,createParallelGroup
52de5aa6-f8b4-4f77-91b8-f32833e9cdf4,c6fe0afe-e569-4d12-82ba-72a0aee68925,523f149c-cc38-4df3-9ad2-e38c9a0bcf85,->,52de5aa6-f8b4-4f77-91b8-f32833e9cdf4,javax/swing/GroupLayout$ParallelGroup.java,addComponent
52de5aa6-f8b4-4f77-91b8-f32833e9cdf4,c6fe0afe-e569-4d12-82ba-72a0aee68925,523f149c-cc38-4df3-9ad2-e38c9a0bcf85,->,52de5aa6-f8b4-4f77-91b8-f32833e9cdf4,javax/swing/GroupLayout$ParallelGroup.java,addComponent
52de5aa6-f8b4-4f77-91b8-f32833e9cdf4,c6fe0afe-e569-4d12-82ba-72a0aee68925,523f149c-cc38-4df3-9ad2-e38c9a0bcf85,->,52de5aa6-f8b4-4f77-91b8-f32833e9cdf4,javax/swing/GroupLayout$SequentialGroup.java,addGroup
52de5aa6-f8b4-4f77-91b8-f32833e9cdf4,c6fe0afe-e569-4d12-82ba-72a0aee68925,523f149c-cc38-4df3-9ad2-e38c9a0bcf85,->,52de5aa6-f8b4-4f77-91b8-f32833e9cdf4,javax/swing/GroupLayout$SequentialGroup.java,addPreferredGap
52de5aa6-f8b4-4f77-91b8-f32833e9cdf4,c6fe0afe-e569-4d12-82ba-72a0aee68925,523f149c-cc38-4df3-9ad2-e38c9a0bcf85,->,52de5aa6-f8b4-4f77-91b8-f32833e9cdf4,javax/swing/GroupLayout.java,createParallelGroup
52de5aa6-f8b4-4f77-91b8-f32833e9cdf4,c6fe0afe-e569-4d12-82ba-72a0aee68925,523f149c-cc38-4df3-9ad2-e38c9a0bcf85,->,52de5aa6-f8b4-4f77-91b8-f32833e9cdf4,javax/swing/GroupLayout.java,createSequentialGroup
52de5aa6-f8b4-4f77-91b8-f32833e9cdf4,c6fe0afe-e569-4d12-82ba-72a0aee68925,523f149c-cc38-4df3-9ad2-e38c9a0bcf85,->,52de5aa6-f8b4-4f77-91b8-f32833e9cdf4,javax/swing/GroupLayout$SequentialGroup.java,addComponent
52de5aa6-f8b4-4f77-91b8-f32833e9cdf4,c6fe0afe-e569-4d12-82ba-72a0aee68925,523f149c-cc38-4df3-9ad2-e38c9a0bcf85,->,52de5aa6-f8b4-4f77-91b8-f32833e9cdf4,javax/swing/GroupLayout$SequentialGroup.java,addPreferredGap
52de5aa6-f8b4-4f77-91b8-f32833e9cdf4,c6fe0afe-e569-4d12-82ba-72a0aee68925,523f149c-cc38-4df3-9ad2-e38c9a0bcf85,->,52de5aa6-f8b4-4f77-91b8-f32833e9cdf4,javax/swing/GroupLayout$SequentialGroup.java,addComponent
52de5aa6-f8b4-4f77-91b8-f32833e9cdf4,c6fe0afe-e569-4d12-82ba-72a0aee68925,523f149c-cc38-4df3-9ad2-e38c9a0bcf85,->,52de5aa6-f8b4-4f77-91b8-f32833e9cdf4,javax/swing/GroupLayout$SequentialGroup.java,addPreferredGap
52de5aa6-f8b4-4f77-91b8-f32833e9cdf4,c6fe0afe-e569-4d12-82ba-72a0aee68925,523f149c-cc38-4df3-9ad2-e38c9a0bcf85,->,52de5aa6-f8b4-4f77-91b8-f32833e9cdf4,javax/swing/GroupLayout$SequentialGroup.java,addComponent
52de5aa6-f8b4-4f77-91b8-f32833e9cdf4,c6fe0afe-e569-4d12-82ba-72a0aee68925,523f149c-cc38-4df3-9ad2-e38c9a0bcf85,->,52de5aa6-f8b4-4f77-91b8-f32833e9cdf4,javax/swing/GroupLayout$ParallelGroup.java,addGroup
52de5aa6-f8b4-4f77-91b8-f32833e9cdf4,c6fe0afe-e569-4d12-82ba-72a0aee68925,523f149c-cc38-4df3-9ad2-e38c9a0bcf85,->,52de5aa6-f8b4-4f77-91b8-f32833e9cdf4,javax/swing/GroupLayout.java,createSequentialGroup
52de5aa6-f8b4-4f77-91b8-f32833e9cdf4,c6fe0afe-e569-4d12-82ba-72a0aee68925,523f149c-cc38-4df3-9ad2-e38c9a0bcf85,->,52de5aa6-f8b4-4f77-91b8-f32833e9cdf4,javax/swing/GroupLayout$SequentialGroup.java,addComponent
52de5aa6-f8b4-4f77-91b8-f32833e9cdf4,c6fe0afe-e569-4d12-82ba-72a0aee68925,523f149c-cc38-4df3-9ad2-e38c9a0bcf85,->,52de5aa6-f8b4-4f77-91b8-f32833e9cdf4,javax/swing/GroupLayout$SequentialGroup.java,addGap
52de5aa6-f8b4-4f77-91b8-f32833e9cdf4,c6fe0afe-e569-4d12-82ba-72a0aee68925,523f149c-cc38-4df3-9ad2-e38c9a0bcf85,->,52de5aa6-f8b4-4f77-91b8-f32833e9cdf4,javax/swing/GroupLayout$SequentialGroup.java,addComponent
52de5aa6-f8b4-4f77-91b8-f32833e9cdf4,c6fe0afe-e569-4d12-82ba-72a0aee68925,523f149c-cc38-4df3-9ad2-e38c9a0bcf85,->,52de5aa6-f8b4-4f77-91b8-f32833e9cdf4,javax/swing/GroupLayout$SequentialGroup.java,addPreferredGap
52de5aa6-f8b4-4f77-91b8-f32833e9cdf4,c6fe0afe-e569-4d12-82ba-72a0aee68925,523f149c-cc38-4df3-9ad2-e38c9a0bcf85,->,52de5aa6-f8b4-4f77-91b8-f32833e9cdf4,javax/swing/GroupLayout$SequentialGroup.java,addComponent
52de5aa6-f8b4-4f77-91b8-f32833e9cdf4,c6fe0afe-e569-4d12-82ba-72a0aee68925,523f149c-cc38-4df3-9ad2-e38c9a0bcf85,->,52de5aa6-f8b4-4f77-91b8-f32833e9cdf4,javax/swing/GroupLayout$ParallelGroup.java,addGroup
52de5aa6-f8b4-4f77-91b8-f32833e9cdf4,c6fe0afe-e569-4d12-82ba-72a0aee68925,523f149c-cc38-4df3-9ad2-e38c9a0bcf85,->,52de5aa6-f8b4-4f77-91b8-f32833e9cdf4,javax/swing/GroupLayout$SequentialGroup.java,addGroup
52de5aa6-f8b4-4f77-91b8-f32833e9cdf4,c6fe0afe-e569-4d12-82ba-72a0aee68925,523f149c-cc38-4df3-9ad2-e38c9a0bcf85,->,52de5aa6-f8b4-4f77-91b8-f32833e9cdf4,javax/swing/GroupLayout$ParallelGroup.java,addGroup
52de5aa6-f8b4-4f77-91b8-f32833e9cdf4,c6fe0afe-e569-4d12-82ba-72a0aee68925,523f149c-cc38-4df3-9ad2-e38c9a0bcf85,->,52de5aa6-f8b4-4f77-91b8-f32833e9cdf4,javax/swing/GroupLayout$SequentialGroup.java,addGroup
52de5aa6-f8b4-4f77-91b8-f32833e9cdf4,c6fe0afe-e569-4d12-82ba-72a0aee68925,523f149c-cc38-4df3-9ad2-e38c9a0bcf85,->,52de5aa6-f8b4-4f77-91b8-f32833e9cdf4,javax/swing/GroupLayout$ParallelGroup.java,addGroup
52de5aa6-f8b4-4f77-91b8-f32833e9cdf4,c6fe0afe-e569-4d12-82ba-72a0aee68925,523f149c-cc38-4df3-9ad2-e38c9a0bcf85,->,52de5aa6-f8b4-4f77-91b8-f32833e9cdf4,javax/swing/GroupLayout$SequentialGroup.java,addGroup
52de5aa6-f8b4-4f77-91b8-f32833e9cdf4,c6fe0afe-e569-4d12-82ba-72a0aee68925,523f149c-cc38-4df3-9ad2-e38c9a0bcf85,->,52de5aa6-f8b4-4f77-91b8-f32833e9cdf4,javax/swing/GroupLayout$SequentialGroup.java,addGap
52de5aa6-f8b4-4f77-91b8-f32833e9cdf4,c6fe0afe-e569-4d12-82ba-72a0aee68925,523f149c-cc38-4df3-9ad2-e38c9a0bcf85,->,52de5aa6-f8b4-4f77-91b8-f32833e9cdf4,javax/swing/GroupLayout$ParallelGroup.java,addGroup
52de5aa6-f8b4-4f77-91b8-f32833e9cdf4,c6fe0afe-e569-4d12-82ba-72a0aee68925,523f149c-cc38-4df3-9ad2-e38c9a0bcf85,->,52de5aa6-f8b4-4f77-91b8-f32833e9cdf4,javax/swing/GroupLayout.java,setHorizontalGroup
52de5aa6-f8b4-4f77-91b8-f32833e9cdf4,c6fe0afe-e569-4d12-82ba-72a0aee68925,523f149c-cc38-4df3-9ad2-e38c9a0bcf85,->,52de5aa6-f8b4-4f77-91b8-f32833e9cdf4,javax/swing/GroupLayout.java,createParallelGroup
52de5aa6-f8b4-4f77-91b8-f32833e9cdf4,c6fe0afe-e569-4d12-82ba-72a0aee68925,523f149c-cc38-4df3-9ad2-e38c9a0bcf85,->,52de5aa6-f8b4-4f77-91b8-f32833e9cdf4,javax/swing/GroupLayout.java,createSequentialGroup
52de5aa6-f8b4-4f77-91b8-f32833e9cdf4,c6fe0afe-e569-4d12-82ba-72a0aee68925,523f149c-cc38-4df3-9ad2-e38c9a0bcf85,->,52de5aa6-f8b4-4f77-91b8-f32833e9cdf4,javax/swing/GroupLayout.java,createParallelGroup
52de5aa6-f8b4-4f77-91b8-f32833e9cdf4,c6fe0afe-e569-4d12-82ba-72a0aee68925,523f149c-cc38-4df3-9ad2-e38c9a0bcf85,->,52de5aa6-f8b4-4f77-91b8-f32833e9cdf4,javax/swing/GroupLayout.java,createSequentialGroup
52de5aa6-f8b4-4f77-91b8-f32833e9cdf4,c6fe0afe-e569-4d12-82ba-72a0aee68925,523f149c-cc38-4df3-9ad2-e38c9a0bcf85,->,52de5aa6-f8b4-4f77-91b8-f32833e9cdf4,javax/swing/GroupLayout$SequentialGroup.java,addGap
52de5aa6-f8b4-4f77-91b8-f32833e9cdf4,c6fe0afe-e569-4d12-82ba-72a0aee68925,523f149c-cc38-4df3-9ad2-e38c9a0bcf85,->,52de5aa6-f8b4-4f77-91b8-f32833e9cdf4,javax/swing/GroupLayout.java,createParallelGroup
52de5aa6-f8b4-4f77-91b8-f32833e9cdf4,c6fe0afe-e569-4d12-82ba-72a0aee68925,523f149c-cc38-4df3-9ad2-e38c9a0bcf85,->,52de5aa6-f8b4-4f77-91b8-f32833e9cdf4,javax/swing/GroupLayout.java,createSequentialGroup
52de5aa6-f8b4-4f77-91b8-f32833e9cdf4,c6fe0afe-e569-4d12-82ba-72a0aee68925,523f149c-cc38-4df3-9ad2-e38c9a0bcf85,->,52de5aa6-f8b4-4f77-91b8-f32833e9cdf4,javax/swing/GroupLayout.java,createParallelGroup
52de5aa6-f8b4-4f77-91b8-f32833e9cdf4,c6fe0afe-e569-4d12-82ba-72a0aee68925,523f149c-cc38-4df3-9ad2-e38c9a0bcf85,->,52de5aa6-f8b4-4f77-91b8-f32833e9cdf4,javax/swing/GroupLayout.java,createParallelGroup
52de5aa6-f8b4-4f77-91b8-f32833e9cdf4,c6fe0afe-e569-4d12-82ba-72a0aee68925,523f149c-cc38-4df3-9ad2-e38c9a0bcf85,->,52de5aa6-f8b4-4f77-91b8-f32833e9cdf4,javax/swing/GroupLayout$ParallelGroup.java,addComponent
52de5aa6-f8b4-4f77-91b8-f32833e9cdf4,c6fe0afe-e569-4d12-82ba-72a0aee68925,523f149c-cc38-4df3-9ad2-e38c9a0bcf85,->,52de5aa6-f8b4-4f77-91b8-f32833e9cdf4,javax/swing/GroupLayout$ParallelGroup.java,addComponent
52de5aa6-f8b4-4f77-91b8-f32833e9cdf4,c6fe0afe-e569-4d12-82ba-72a0aee68925,523f149c-cc38-4df3-9ad2-e38c9a0bcf85,->,52de5aa6-f8b4-4f77-91b8-f32833e9cdf4,javax/swing/GroupLayout$ParallelGroup.java,addGroup
52de5aa6-f8b4-4f77-91b8-f32833e9cdf4,c6fe0afe-e569-4d12-82ba-72a0aee68925,523f149c-cc38-4df3-9ad2-e38c9a0bcf85,->,52de5aa6-f8b4-4f77-91b8-f32833e9cdf4,javax/swing/GroupLayout$ParallelGroup.java,addComponent
52de5aa6-f8b4-4f77-91b8-f32833e9cdf4,c6fe0afe-e569-4d12-82ba-72a0aee68925,523f149c-cc38-4df3-9ad2-e38c9a0bcf85,->,52de5aa6-f8b4-4f77-91b8-f32833e9cdf4,javax/swing/GroupLayout$SequentialGroup.java,addGroup
52de5aa6-f8b4-4f77-91b8-f32833e9cdf4,c6fe0afe-e569-4d12-82ba-72a0aee68925,523f149c-cc38-4df3-9ad2-e38c9a0bcf85,->,52de5aa6-f8b4-4f77-91b8-f32833e9cdf4,javax/swing/GroupLayout$SequentialGroup.java,addGap
52de5aa6-f8b4-4f77-91b8-f32833e9cdf4,c6fe0afe-e569-4d12-82ba-72a0aee68925,523f149c-cc38-4df3-9ad2-e38c9a0bcf85,->,52de5aa6-f8b4-4f77-91b8-f32833e9cdf4,javax/swing/GroupLayout.java,createParallelGroup
52de5aa6-f8b4-4f77-91b8-f32833e9cdf4,c6fe0afe-e569-4d12-82ba-72a0aee68925,523f149c-cc38-4df3-9ad2-e38c9a0bcf85,->,52de5aa6-f8b4-4f77-91b8-f32833e9cdf4,javax/swing/GroupLayout.java,createParallelGroup
52de5aa6-f8b4-4f77-91b8-f32833e9cdf4,c6fe0afe-e569-4d12-82ba-72a0aee68925,523f149c-cc38-4df3-9ad2-e38c9a0bcf85,->,52de5aa6-f8b4-4f77-91b8-f32833e9cdf4,javax/swing/GroupLayout$ParallelGroup.java,addComponent
52de5aa6-f8b4-4f77-91b8-f32833e9cdf4,c6fe0afe-e569-4d12-82ba-72a0aee68925,523f149c-cc38-4df3-9ad2-e38c9a0bcf85,->,52de5aa6-f8b4-4f77-91b8-f32833e9cdf4,javax/swing/GroupLayout$ParallelGroup.java,addComponent
52de5aa6-f8b4-4f77-91b8-f32833e9cdf4,c6fe0afe-e569-4d12-82ba-72a0aee68925,523f149c-cc38-4df3-9ad2-e38c9a0bcf85,->,52de5aa6-f8b4-4f77-91b8-f32833e9cdf4,javax/swing/GroupLayout$ParallelGroup.java,addGroup
52de5aa6-f8b4-4f77-91b8-f32833e9cdf4,c6fe0afe-e569-4d12-82ba-72a0aee68925,523f149c-cc38-4df3-9ad2-e38c9a0bcf85,->,52de5aa6-f8b4-4f77-91b8-f32833e9cdf4,javax/swing/GroupLayout$ParallelGroup.java,addComponent
52de5aa6-f8b4-4f77-91b8-f32833e9cdf4,c6fe0afe-e569-4d12-82ba-72a0aee68925,523f149c-cc38-4df3-9ad2-e38c9a0bcf85,->,52de5aa6-f8b4-4f77-91b8-f32833e9cdf4,javax/swing/GroupLayout$SequentialGroup.java,addGroup
52de5aa6-f8b4-4f77-91b8-f32833e9cdf4,c6fe0afe-e569-4d12-82ba-72a0aee68925,523f149c-cc38-4df3-9ad2-e38c9a0bcf85,->,52de5aa6-f8b4-4f77-91b8-f32833e9cdf4,javax/swing/GroupLayout.java,createParallelGroup
52de5aa6-f8b4-4f77-91b8-f32833e9cdf4,c6fe0afe-e569-4d12-82ba-72a0aee68925,523f149c-cc38-4df3-9ad2-e38c9a0bcf85,->,52de5aa6-f8b4-4f77-91b8-f32833e9cdf4,javax/swing/GroupLayout.java,createSequentialGroup
52de5aa6-f8b4-4f77-91b8-f32833e9cdf4,c6fe0afe-e569-4d12-82ba-72a0aee68925,523f149c-cc38-4df3-9ad2-e38c9a0bcf85,->,52de5aa6-f8b4-4f77-91b8-f32833e9cdf4,javax/swing/GroupLayout$SequentialGroup.java,addGap
52de5aa6-f8b4-4f77-91b8-f32833e9cdf4,c6fe0afe-e569-4d12-82ba-72a0aee68925,523f149c-cc38-4df3-9ad2-e38c9a0bcf85,->,52de5aa6-f8b4-4f77-91b8-f32833e9cdf4,javax/swing/GroupLayout$SequentialGroup.java,addComponent
52de5aa6-f8b4-4f77-91b8-f32833e9cdf4,c6fe0afe-e569-4d12-82ba-72a0aee68925,523f149c-cc38-4df3-9ad2-e38c9a0bcf85,->,52de5aa6-f8b4-4f77-91b8-f32833e9cdf4,javax/swing/GroupLayout$ParallelGroup.java,addGroup
52de5aa6-f8b4-4f77-91b8-f32833e9cdf4,c6fe0afe-e569-4d12-82ba-72a0aee68925,523f149c-cc38-4df3-9ad2-e38c9a0bcf85,->,52de5aa6-f8b4-4f77-91b8-f32833e9cdf4,javax/swing/GroupLayout.java,createSequentialGroup
52de5aa6-f8b4-4f77-91b8-f32833e9cdf4,c6fe0afe-e569-4d12-82ba-72a0aee68925,523f149c-cc38-4df3-9ad2-e38c9a0bcf85,->,52de5aa6-f8b4-4f77-91b8-f32833e9cdf4,javax/swing/GroupLayout$SequentialGroup.java,addGap
52de5aa6-f8b4-4f77-91b8-f32833e9cdf4,c6fe0afe-e569-4d12-82ba-72a0aee68925,523f149c-cc38-4df3-9ad2-e38c9a0bcf85,->,52de5aa6-f8b4-4f77-91b8-f32833e9cdf4,javax/swing/GroupLayout.java,createParallelGroup
52de5aa6-f8b4-4f77-91b8-f32833e9cdf4,c6fe0afe-e569-4d12-82ba-72a0aee68925,523f149c-cc38-4df3-9ad2-e38c9a0bcf85,->,52de5aa6-f8b4-4f77-91b8-f32833e9cdf4,javax/swing/GroupLayout$ParallelGroup.java,addComponent
52de5aa6-f8b4-4f77-91b8-f32833e9cdf4,c6fe0afe-e569-4d12-82ba-72a0aee68925,523f149c-cc38-4df3-9ad2-e38c9a0bcf85,->,52de5aa6-f8b4-4f77-91b8-f32833e9cdf4,javax/swing/GroupLayout$ParallelGroup.java,addComponent
52de5aa6-f8b4-4f77-91b8-f32833e9cdf4,c6fe0afe-e569-4d12-82ba-72a0aee68925,523f149c-cc38-4df3-9ad2-e38c9a0bcf85,->,52de5aa6-f8b4-4f77-91b8-f32833e9cdf4,javax/swing/GroupLayout$ParallelGroup.java,addComponent
52de5aa6-f8b4-4f77-91b8-f32833e9cdf4,c6fe0afe-e569-4d12-82ba-72a0aee68925,523f149c-cc38-4df3-9ad2-e38c9a0bcf85,->,52de5aa6-f8b4-4f77-91b8-f32833e9cdf4,javax/swing/GroupLayout$ParallelGroup.java,addComponent
52de5aa6-f8b4-4f77-91b8-f32833e9cdf4,c6fe0afe-e569-4d12-82ba-72a0aee68925,523f149c-cc38-4df3-9ad2-e38c9a0bcf85,->,52de5aa6-f8b4-4f77-91b8-f32833e9cdf4,javax/swing/GroupLayout$SequentialGroup.java,addGroup
52de5aa6-f8b4-4f77-91b8-f32833e9cdf4,c6fe0afe-e569-4d12-82ba-72a0aee68925,523f149c-cc38-4df3-9ad2-e38c9a0bcf85,->,52de5aa6-f8b4-4f77-91b8-f32833e9cdf4,javax/swing/GroupLayout$ParallelGroup.java,addGroup
52de5aa6-f8b4-4f77-91b8-f32833e9cdf4,c6fe0afe-e569-4d12-82ba-72a0aee68925,523f149c-cc38-4df3-9ad2-e38c9a0bcf85,->,52de5aa6-f8b4-4f77-91b8-f32833e9cdf4,javax/swing/GroupLayout$SequentialGroup.java,addGroup
52de5aa6-f8b4-4f77-91b8-f32833e9cdf4,c6fe0afe-e569-4d12-82ba-72a0aee68925,523f149c-cc38-4df3-9ad2-e38c9a0bcf85,->,52de5aa6-f8b4-4f77-91b8-f32833e9cdf4,javax/swing/GroupLayout$ParallelGroup.java,addGroup
52de5aa6-f8b4-4f77-91b8-f32833e9cdf4,c6fe0afe-e569-4d12-82ba-72a0aee68925,523f149c-cc38-4df3-9ad2-e38c9a0bcf85,->,52de5aa6-f8b4-4f77-91b8-f32833e9cdf4,javax/swing/GroupLayout$ParallelGroup.java,addComponent
52de5aa6-f8b4-4f77-91b8-f32833e9cdf4,c6fe0afe-e569-4d12-82ba-72a0aee68925,523f149c-cc38-4df3-9ad2-e38c9a0bcf85,->,52de5aa6-f8b4-4f77-91b8-f32833e9cdf4,javax/swing/GroupLayout$SequentialGroup.java,addGroup
52de5aa6-f8b4-4f77-91b8-f32833e9cdf4,c6fe0afe-e569-4d12-82ba-72a0aee68925,523f149c-cc38-4df3-9ad2-e38c9a0bcf85,->,52de5aa6-f8b4-4f77-91b8-f32833e9cdf4,javax/swing/GroupLayout$SequentialGroup.java,addPreferredGap
52de5aa6-f8b4-4f77-91b8-f32833e9cdf4,c6fe0afe-e569-4d12-82ba-72a0aee68925,523f149c-cc38-4df3-9ad2-e38c9a0bcf85,->,52de5aa6-f8b4-4f77-91b8-f32833e9cdf4,javax/swing/GroupLayout.java,createParallelGroup
52de5aa6-f8b4-4f77-91b8-f32833e9cdf4,c6fe0afe-e569-4d12-82ba-72a0aee68925,523f149c-cc38-4df3-9ad2-e38c9a0bcf85,->,52de5aa6-f8b4-4f77-91b8-f32833e9cdf4,javax/swing/GroupLayout$ParallelGroup.java,addComponent
52de5aa6-f8b4-4f77-91b8-f32833e9cdf4,c6fe0afe-e569-4d12-82ba-72a0aee68925,523f149c-cc38-4df3-9ad2-e38c9a0bcf85,->,52de5aa6-f8b4-4f77-91b8-f32833e9cdf4,javax/swing/GroupLayout$ParallelGroup.java,addComponent
52de5aa6-f8b4-4f77-91b8-f32833e9cdf4,c6fe0afe-e569-4d12-82ba-72a0aee68925,523f149c-cc38-4df3-9ad2-e38c9a0bcf85,->,52de5aa6-f8b4-4f77-91b8-f32833e9cdf4,javax/swing/GroupLayout$ParallelGroup.java,addComponent
52de5aa6-f8b4-4f77-91b8-f32833e9cdf4,c6fe0afe-e569-4d12-82ba-72a0aee68925,523f149c-cc38-4df3-9ad2-e38c9a0bcf85,->,52de5aa6-f8b4-4f77-91b8-f32833e9cdf4,javax/swing/GroupLayout$SequentialGroup.java,addGroup
52de5aa6-f8b4-4f77-91b8-f32833e9cdf4,c6fe0afe-e569-4d12-82ba-72a0aee68925,523f149c-cc38-4df3-9ad2-e38c9a0bcf85,->,52de5aa6-f8b4-4f77-91b8-f32833e9cdf4,javax/swing/GroupLayout$SequentialGroup.java,addGap
52de5aa6-f8b4-4f77-91b8-f32833e9cdf4,c6fe0afe-e569-4d12-82ba-72a0aee68925,523f149c-cc38-4df3-9ad2-e38c9a0bcf85,->,52de5aa6-f8b4-4f77-91b8-f32833e9cdf4,javax/swing/GroupLayout$ParallelGroup.java,addGroup
52de5aa6-f8b4-4f77-91b8-f32833e9cdf4,c6fe0afe-e569-4d12-82ba-72a0aee68925,523f149c-cc38-4df3-9ad2-e38c9a0bcf85,->,52de5aa6-f8b4-4f77-91b8-f32833e9cdf4,javax/swing/GroupLayout.java,createSequentialGroup
52de5aa6-f8b4-4f77-91b8-f32833e9cdf4,c6fe0afe-e569-4d12-82ba-72a0aee68925,523f149c-cc38-4df3-9ad2-e38c9a0bcf85,->,52de5aa6-f8b4-4f77-91b8-f32833e9cdf4,javax/swing/GroupLayout$SequentialGroup.java,addContainerGap
52de5aa6-f8b4-4f77-91b8-f32833e9cdf4,c6fe0afe-e569-4d12-82ba-72a0aee68925,523f149c-cc38-4df3-9ad2-e38c9a0bcf85,->,52de5aa6-f8b4-4f77-91b8-f32833e9cdf4,javax/swing/GroupLayout$SequentialGroup.java,addComponent
52de5aa6-f8b4-4f77-91b8-f32833e9cdf4,c6fe0afe-e569-4d12-82ba-72a0aee68925,523f149c-cc38-4df3-9ad2-e38c9a0bcf85,->,52de5aa6-f8b4-4f77-91b8-f32833e9cdf4,javax/swing/GroupLayout$ParallelGroup.java,addGroup
52de5aa6-f8b4-4f77-91b8-f32833e9cdf4,c6fe0afe-e569-4d12-82ba-72a0aee68925,523f149c-cc38-4df3-9ad2-e38c9a0bcf85,->,52de5aa6-f8b4-4f77-91b8-f32833e9cdf4,javax/swing/GroupLayout$SequentialGroup.java,addGroup
52de5aa6-f8b4-4f77-91b8-f32833e9cdf4,c6fe0afe-e569-4d12-82ba-72a0aee68925,523f149c-cc38-4df3-9ad2-e38c9a0bcf85,->,52de5aa6-f8b4-4f77-91b8-f32833e9cdf4,javax/swing/GroupLayout$SequentialGroup.java,addGap
52de5aa6-f8b4-4f77-91b8-f32833e9cdf4,c6fe0afe-e569-4d12-82ba-72a0aee68925,523f149c-cc38-4df3-9ad2-e38c9a0bcf85,->,52de5aa6-f8b4-4f77-91b8-f32833e9cdf4,javax/swing/GroupLayout$SequentialGroup.java,addComponent
52de5aa6-f8b4-4f77-91b8-f32833e9cdf4,c6fe0afe-e569-4d12-82ba-72a0aee68925,523f149c-cc38-4df3-9ad2-e38c9a0bcf85,->,52de5aa6-f8b4-4f77-91b8-f32833e9cdf4,javax/swing/GroupLayout$SequentialGroup.java,addPreferredGap
52de5aa6-f8b4-4f77-91b8-f32833e9cdf4,c6fe0afe-e569-4d12-82ba-72a0aee68925,523f149c-cc38-4df3-9ad2-e38c9a0bcf85,->,52de5aa6-f8b4-4f77-91b8-f32833e9cdf4,javax/swing/GroupLayout$SequentialGroup.java,addComponent
52de5aa6-f8b4-4f77-91b8-f32833e9cdf4,c6fe0afe-e569-4d12-82ba-72a0aee68925,523f149c-cc38-4df3-9ad2-e38c9a0bcf85,->,52de5aa6-f8b4-4f77-91b8-f32833e9cdf4,javax/swing/GroupLayout$SequentialGroup.java,addGap
52de5aa6-f8b4-4f77-91b8-f32833e9cdf4,c6fe0afe-e569-4d12-82ba-72a0aee68925,523f149c-cc38-4df3-9ad2-e38c9a0bcf85,->,52de5aa6-f8b4-4f77-91b8-f32833e9cdf4,javax/swing/GroupLayout$SequentialGroup.java,addComponent
52de5aa6-f8b4-4f77-91b8-f32833e9cdf4,c6fe0afe-e569-4d12-82ba-72a0aee68925,523f149c-cc38-4df3-9ad2-e38c9a0bcf85,->,52de5aa6-f8b4-4f77-91b8-f32833e9cdf4,javax/swing/GroupLayout$SequentialGroup.java,addGap
52de5aa6-f8b4-4f77-91b8-f32833e9cdf4,c6fe0afe-e569-4d12-82ba-72a0aee68925,523f149c-cc38-4df3-9ad2-e38c9a0bcf85,->,52de5aa6-f8b4-4f77-91b8-f32833e9cdf4,javax/swing/GroupLayout$SequentialGroup.java,addComponent
52de5aa6-f8b4-4f77-91b8-f32833e9cdf4,c6fe0afe-e569-4d12-82ba-72a0aee68925,523f149c-cc38-4df3-9ad2-e38c9a0bcf85,->,52de5aa6-f8b4-4f77-91b8-f32833e9cdf4,javax/swing/GroupLayout$SequentialGroup.java,addContainerGap
52de5aa6-f8b4-4f77-91b8-f32833e9cdf4,c6fe0afe-e569-4d12-82ba-72a0aee68925,523f149c-cc38-4df3-9ad2-e38c9a0bcf85,->,52de5aa6-f8b4-4f77-91b8-f32833e9cdf4,javax/swing/GroupLayout$ParallelGroup.java,addGroup
52de5aa6-f8b4-4f77-91b8-f32833e9cdf4,c6fe0afe-e569-4d12-82ba-72a0aee68925,523f149c-cc38-4df3-9ad2-e38c9a0bcf85,->,52de5aa6-f8b4-4f77-91b8-f32833e9cdf4,javax/swing/GroupLayout.java,setVerticalGroup
52de5aa6-f8b4-4f77-91b8-f32833e9cdf4,c6fe0afe-e569-4d12-82ba-72a0aee68925,523f149c-cc38-4df3-9ad2-e38c9a0bcf85,->,52de5aa6-f8b4-4f77-91b8-f32833e9cdf4,Final/Ventana.java,pack
52de5aa6-f8b4-4f77-91b8-f32833e9cdf4,c6fe0afe-e569-4d12-82ba-72a0aee68925,f755832a-47a6-42d8-84ec-b35a0f29c856,->,52de5aa6-f8b4-4f77-91b8-f32833e9cdf4,javax/swing/JTextArea.java,setText
52de5aa6-f8b4-4f77-91b8-f32833e9cdf4,c6fe0afe-e569-4d12-82ba-72a0aee68925,f755832a-47a6-42d8-84ec-b35a0f29c856,->,52de5aa6-f8b4-4f77-91b8-f32833e9cdf4,c6fe0afe-e569-4d12-82ba-72a0aee68925,78fec7bf-59e0-40d5-84d4-1db615bfbe11
52de5aa6-f8b4-4f77-91b8-f32833e9cdf4,c6fe0afe-e569-4d12-82ba-72a0aee68925,f755832a-47a6-42d8-84ec-b35a0f29c856,->,52de5aa6-f8b4-4f77-91b8-f32833e9cdf4,javax/swing/JTextField.java,getText
52de5aa6-f8b4-4f77-91b8-f32833e9cdf4,c6fe0afe-e569-4d12-82ba-72a0aee68925,f755832a-47a6-42d8-84ec-b35a0f29c856,->,52de5aa6-f8b4-4f77-91b8-f32833e9cdf4,java/lang/Integer.java,parseInt
52de5aa6-f8b4-4f77-91b8-f32833e9cdf4,c6fe0afe-e569-4d12-82ba-72a0aee68925,f755832a-47a6-42d8-84ec-b35a0f29c856,->,52de5aa6-f8b4-4f77-91b8-f32833e9cdf4,javax/swing/JTextField.java,getText
52de5aa6-f8b4-4f77-91b8-f32833e9cdf4,c6fe0afe-e569-4d12-82ba-72a0aee68925,f755832a-47a6-42d8-84ec-b35a0f29c856,->,52de5aa6-f8b4-4f77-91b8-f32833e9cdf4,java/lang/Integer.java,parseInt
52de5aa6-f8b4-4f77-91b8-f32833e9cdf4,c6fe0afe-e569-4d12-82ba-72a0aee68925,f755832a-47a6-42d8-84ec-b35a0f29c856,->,52de5aa6-f8b4-4f77-91b8-f32833e9cdf4,javax/swing/JRadioButton.java,isSelected
52de5aa6-f8b4-4f77-91b8-f32833e9cdf4,c6fe0afe-e569-4d12-82ba-72a0aee68925,f755832a-47a6-42d8-84ec-b35a0f29c856,->,52de5aa6-f8b4-4f77-91b8-f32833e9cdf4,2fc6a727-795f-437e-a827-83d855823686,09ab05bb-c0f9-46fc-ad44-24241d12c790
52de5aa6-f8b4-4f77-91b8-f32833e9cdf4,c6fe0afe-e569-4d12-82ba-72a0aee68925,f755832a-47a6-42d8-84ec-b35a0f29c856,->,52de5aa6-f8b4-4f77-91b8-f32833e9cdf4,2fc6a727-795f-437e-a827-83d855823686,e3a290a4-4f4d-4951-881a-589f25ee6e27
52de5aa6-f8b4-4f77-91b8-f32833e9cdf4,c6fe0afe-e569-4d12-82ba-72a0aee68925,f755832a-47a6-42d8-84ec-b35a0f29c856,->,52de5aa6-f8b4-4f77-91b8-f32833e9cdf4,69c634be-2eab-4e78-9318-ec364d81901f,2df31803-e45d-4d4a-94a9-2d095e2c92c4
52de5aa6-f8b4-4f77-91b8-f32833e9cdf4,c6fe0afe-e569-4d12-82ba-72a0aee68925,f755832a-47a6-42d8-84ec-b35a0f29c856,->,52de5aa6-f8b4-4f77-91b8-f32833e9cdf4,69c634be-2eab-4e78-9318-ec364d81901f,eaef6bf7-a762-4819-ae5d-474dccd7bb4b
52de5aa6-f8b4-4f77-91b8-f32833e9cdf4,c6fe0afe-e569-4d12-82ba-72a0aee68925,4d82ec92-71ca-4950-b31c-7b5cc1415089,->,52de5aa6-f8b4-4f77-91b8-f32833e9cdf4,Final/Ventana.java,dispose
52de5aa6-f8b4-4f77-91b8-f32833e9cdf4,c6fe0afe-e569-4d12-82ba-72a0aee68925,139b24eb-27b1-4ff4-840f-8846ebde96b7,->,52de5aa6-f8b4-4f77-91b8-f32833e9cdf4,javax/swing/UIManager.java,getInstalledLookAndFeels
52de5aa6-f8b4-4f77-91b8-f32833e9cdf4,c6fe0afe-e569-4d12-82ba-72a0aee68925,139b24eb-27b1-4ff4-840f-8846ebde96b7,->,52de5aa6-f8b4-4f77-91b8-f32833e9cdf4,javax/swing/UIManager$LookAndFeelInfo.java,getName
52de5aa6-f8b4-4f77-91b8-f32833e9cdf4,c6fe0afe-e569-4d12-82ba-72a0aee68925,139b24eb-27b1-4ff4-840f-8846ebde96b7,->,52de5aa6-f8b4-4f77-91b8-f32833e9cdf4,java/lang/String.java,equals
52de5aa6-f8b4-4f77-91b8-f32833e9cdf4,c6fe0afe-e569-4d12-82ba-72a0aee68925,139b24eb-27b1-4ff4-840f-8846ebde96b7,->,52de5aa6-f8b4-4f77-91b8-f32833e9cdf4,javax/swing/UIManager$LookAndFeelInfo.java,getClassName
52de5aa6-f8b4-4f77-91b8-f32833e9cdf4,c6fe0afe-e569-4d12-82ba-72a0aee68925,139b24eb-27b1-4ff4-840f-8846ebde96b7,->,52de5aa6-f8b4-4f77-91b8-f32833e9cdf4,javax/swing/UIManager.java,setLookAndFeel
52de5aa6-f8b4-4f77-91b8-f32833e9cdf4,c6fe0afe-e569-4d12-82ba-72a0aee68925,139b24eb-27b1-4ff4-840f-8846ebde96b7,->,52de5aa6-f8b4-4f77-91b8-f32833e9cdf4,java/lang/Class.java,getName
52de5aa6-f8b4-4f77-91b8-f32833e9cdf4,c6fe0afe-e569-4d12-82ba-72a0aee68925,139b24eb-27b1-4ff4-840f-8846ebde96b7,->,52de5aa6-f8b4-4f77-91b8-f32833e9cdf4,java/util/logging/Logger.java,getLogger
52de5aa6-f8b4-4f77-91b8-f32833e9cdf4,c6fe0afe-e569-4d12-82ba-72a0aee68925,139b24eb-27b1-4ff4-840f-8846ebde96b7,->,52de5aa6-f8b4-4f77-91b8-f32833e9cdf4,java/util/logging/Logger.java,log
52de5aa6-f8b4-4f77-91b8-f32833e9cdf4,c6fe0afe-e569-4d12-82ba-72a0aee68925,139b24eb-27b1-4ff4-840f-8846ebde96b7,->,52de5aa6-f8b4-4f77-91b8-f32833e9cdf4,java/lang/Class.java,getName
52de5aa6-f8b4-4f77-91b8-f32833e9cdf4,c6fe0afe-e569-4d12-82ba-72a0aee68925,139b24eb-27b1-4ff4-840f-8846ebde96b7,->,52de5aa6-f8b4-4f77-91b8-f32833e9cdf4,java/util/logging/Logger.java,getLogger
52de5aa6-f8b4-4f77-91b8-f32833e9cdf4,c6fe0afe-e569-4d12-82ba-72a0aee68925,139b24eb-27b1-4ff4-840f-8846ebde96b7,->,52de5aa6-f8b4-4f77-91b8-f32833e9cdf4,java/util/logging/Logger.java,log
52de5aa6-f8b4-4f77-91b8-f32833e9cdf4,c6fe0afe-e569-4d12-82ba-72a0aee68925,139b24eb-27b1-4ff4-840f-8846ebde96b7,->,52de5aa6-f8b4-4f77-91b8-f32833e9cdf4,java/lang/Class.java,getName
52de5aa6-f8b4-4f77-91b8-f32833e9cdf4,c6fe0afe-e569-4d12-82ba-72a0aee68925,139b24eb-27b1-4ff4-840f-8846ebde96b7,->,52de5aa6-f8b4-4f77-91b8-f32833e9cdf4,java/util/logging/Logger.java,getLogger
52de5aa6-f8b4-4f77-91b8-f32833e9cdf4,c6fe0afe-e569-4d12-82ba-72a0aee68925,139b24eb-27b1-4ff4-840f-8846ebde96b7,->,52de5aa6-f8b4-4f77-91b8-f32833e9cdf4,java/util/logging/Logger.java,log
52de5aa6-f8b4-4f77-91b8-f32833e9cdf4,c6fe0afe-e569-4d12-82ba-72a0aee68925,139b24eb-27b1-4ff4-840f-8846ebde96b7,->,52de5aa6-f8b4-4f77-91b8-f32833e9cdf4,java/lang/Class.java,getName
52de5aa6-f8b4-4f77-91b8-f32833e9cdf4,c6fe0afe-e569-4d12-82ba-72a0aee68925,139b24eb-27b1-4ff4-840f-8846ebde96b7,->,52de5aa6-f8b4-4f77-91b8-f32833e9cdf4,java/util/logging/Logger.java,getLogger
52de5aa6-f8b4-4f77-91b8-f32833e9cdf4,c6fe0afe-e569-4d12-82ba-72a0aee68925,139b24eb-27b1-4ff4-840f-8846ebde96b7,->,52de5aa6-f8b4-4f77-91b8-f32833e9cdf4,java/util/logging/Logger.java,log
52de5aa6-f8b4-4f77-91b8-f32833e9cdf4,c6fe0afe-e569-4d12-82ba-72a0aee68925,139b24eb-27b1-4ff4-840f-8846ebde96b7,->,52de5aa6-f8b4-4f77-91b8-f32833e9cdf4,java/awt/EventQueue.java,invokeLater
52de5aa6-f8b4-4f77-91b8-f32833e9cdf4,c6fe0afe-e569-4d12-82ba-72a0aee68925,78fec7bf-59e0-40d5-84d4-1db615bfbe11,->,52de5aa6-f8b4-4f77-91b8-f32833e9cdf4,javax/swing/JSpinner.java,getValue
52de5aa6-f8b4-4f77-91b8-f32833e9cdf4,c6fe0afe-e569-4d12-82ba-72a0aee68925,78fec7bf-59e0-40d5-84d4-1db615bfbe11,->,52de5aa6-f8b4-4f77-91b8-f32833e9cdf4,java/lang/Object.java,toString
52de5aa6-f8b4-4f77-91b8-f32833e9cdf4,c6fe0afe-e569-4d12-82ba-72a0aee68925,78fec7bf-59e0-40d5-84d4-1db615bfbe11,->,52de5aa6-f8b4-4f77-91b8-f32833e9cdf4,java/lang/Integer.java,parseInt
52de5aa6-f8b4-4f77-91b8-f32833e9cdf4,c6fe0afe-e569-4d12-82ba-72a0aee68925,78fec7bf-59e0-40d5-84d4-1db615bfbe11,->,52de5aa6-f8b4-4f77-91b8-f32833e9cdf4,javax/swing/JSpinner.java,getValue
52de5aa6-f8b4-4f77-91b8-f32833e9cdf4,c6fe0afe-e569-4d12-82ba-72a0aee68925,78fec7bf-59e0-40d5-84d4-1db615bfbe11,->,52de5aa6-f8b4-4f77-91b8-f32833e9cdf4,java/lang/Object.java,toString
52de5aa6-f8b4-4f77-91b8-f32833e9cdf4,c6fe0afe-e569-4d12-82ba-72a0aee68925,78fec7bf-59e0-40d5-84d4-1db615bfbe11,->,52de5aa6-f8b4-4f77-91b8-f32833e9cdf4,java/lang/Integer.java,parseInt
52de5aa6-f8b4-4f77-91b8-f32833e9cdf4,c6fe0afe-e569-4d12-82ba-72a0aee68925,78fec7bf-59e0-40d5-84d4-1db615bfbe11,->,52de5aa6-f8b4-4f77-91b8-f32833e9cdf4,javax/swing/JSpinner.java,getValue
52de5aa6-f8b4-4f77-91b8-f32833e9cdf4,c6fe0afe-e569-4d12-82ba-72a0aee68925,78fec7bf-59e0-40d5-84d4-1db615bfbe11,->,52de5aa6-f8b4-4f77-91b8-f32833e9cdf4,java/lang/Object.java,toString
52de5aa6-f8b4-4f77-91b8-f32833e9cdf4,c6fe0afe-e569-4d12-82ba-72a0aee68925,78fec7bf-59e0-40d5-84d4-1db615bfbe11,->,52de5aa6-f8b4-4f77-91b8-f32833e9cdf4,java/lang/Integer.java,parseInt
52de5aa6-f8b4-4f77-91b8-f32833e9cdf4,c6fe0afe-e569-4d12-82ba-72a0aee68925,78fec7bf-59e0-40d5-84d4-1db615bfbe11,->,52de5aa6-f8b4-4f77-91b8-f32833e9cdf4,javax/swing/JTextField.java,getText
52de5aa6-f8b4-4f77-91b8-f32833e9cdf4,c6fe0afe-e569-4d12-82ba-72a0aee68925,78fec7bf-59e0-40d5-84d4-1db615bfbe11,->,52de5aa6-f8b4-4f77-91b8-f32833e9cdf4,java/lang/String.java,trim
52de5aa6-f8b4-4f77-91b8-f32833e9cdf4,c6fe0afe-e569-4d12-82ba-72a0aee68925,78fec7bf-59e0-40d5-84d4-1db615bfbe11,->,52de5aa6-f8b4-4f77-91b8-f32833e9cdf4,java/lang/String.java,equals
52de5aa6-f8b4-4f77-91b8-f32833e9cdf4,c6fe0afe-e569-4d12-82ba-72a0aee68925,78fec7bf-59e0-40d5-84d4-1db615bfbe11,->,52de5aa6-f8b4-4f77-91b8-f32833e9cdf4,javax/swing/JOptionPane.java,showMessageDialog
52de5aa6-f8b4-4f77-91b8-f32833e9cdf4,c6fe0afe-e569-4d12-82ba-72a0aee68925,78fec7bf-59e0-40d5-84d4-1db615bfbe11,->,52de5aa6-f8b4-4f77-91b8-f32833e9cdf4,javax/swing/JTextField.java,requestFocus
52de5aa6-f8b4-4f77-91b8-f32833e9cdf4,c6fe0afe-e569-4d12-82ba-72a0aee68925,78fec7bf-59e0-40d5-84d4-1db615bfbe11,->,52de5aa6-f8b4-4f77-91b8-f32833e9cdf4,javax/swing/JTextField.java,getText
52de5aa6-f8b4-4f77-91b8-f32833e9cdf4,c6fe0afe-e569-4d12-82ba-72a0aee68925,78fec7bf-59e0-40d5-84d4-1db615bfbe11,->,52de5aa6-f8b4-4f77-91b8-f32833e9cdf4,c6fe0afe-e569-4d12-82ba-72a0aee68925,4d600d7c-c320-446a-8554-efb9e9a9fd8f
52de5aa6-f8b4-4f77-91b8-f32833e9cdf4,c6fe0afe-e569-4d12-82ba-72a0aee68925,78fec7bf-59e0-40d5-84d4-1db615bfbe11,->,52de5aa6-f8b4-4f77-91b8-f32833e9cdf4,javax/swing/JOptionPane.java,showMessageDialog
52de5aa6-f8b4-4f77-91b8-f32833e9cdf4,c6fe0afe-e569-4d12-82ba-72a0aee68925,78fec7bf-59e0-40d5-84d4-1db615bfbe11,->,52de5aa6-f8b4-4f77-91b8-f32833e9cdf4,javax/swing/JTextField.java,requestFocus
52de5aa6-f8b4-4f77-91b8-f32833e9cdf4,c6fe0afe-e569-4d12-82ba-72a0aee68925,78fec7bf-59e0-40d5-84d4-1db615bfbe11,->,52de5aa6-f8b4-4f77-91b8-f32833e9cdf4,javax/swing/JTextField.java,getText
52de5aa6-f8b4-4f77-91b8-f32833e9cdf4,c6fe0afe-e569-4d12-82ba-72a0aee68925,78fec7bf-59e0-40d5-84d4-1db615bfbe11,->,52de5aa6-f8b4-4f77-91b8-f32833e9cdf4,java/lang/Integer.java,parseInt
52de5aa6-f8b4-4f77-91b8-f32833e9cdf4,c6fe0afe-e569-4d12-82ba-72a0aee68925,78fec7bf-59e0-40d5-84d4-1db615bfbe11,->,52de5aa6-f8b4-4f77-91b8-f32833e9cdf4,javax/swing/JTextField.java,getText
52de5aa6-f8b4-4f77-91b8-f32833e9cdf4,c6fe0afe-e569-4d12-82ba-72a0aee68925,78fec7bf-59e0-40d5-84d4-1db615bfbe11,->,52de5aa6-f8b4-4f77-91b8-f32833e9cdf4,java/lang/Integer.java,parseInt
52de5aa6-f8b4-4f77-91b8-f32833e9cdf4,c6fe0afe-e569-4d12-82ba-72a0aee68925,78fec7bf-59e0-40d5-84d4-1db615bfbe11,->,52de5aa6-f8b4-4f77-91b8-f32833e9cdf4,javax/swing/JOptionPane.java,showMessageDialog
52de5aa6-f8b4-4f77-91b8-f32833e9cdf4,c6fe0afe-e569-4d12-82ba-72a0aee68925,78fec7bf-59e0-40d5-84d4-1db615bfbe11,->,52de5aa6-f8b4-4f77-91b8-f32833e9cdf4,javax/swing/JTextField.java,requestFocus
52de5aa6-f8b4-4f77-91b8-f32833e9cdf4,c6fe0afe-e569-4d12-82ba-72a0aee68925,78fec7bf-59e0-40d5-84d4-1db615bfbe11,->,52de5aa6-f8b4-4f77-91b8-f32833e9cdf4,javax/swing/JTextField.java,getText
52de5aa6-f8b4-4f77-91b8-f32833e9cdf4,c6fe0afe-e569-4d12-82ba-72a0aee68925,78fec7bf-59e0-40d5-84d4-1db615bfbe11,->,52de5aa6-f8b4-4f77-91b8-f32833e9cdf4,java/lang/String.java,trim
52de5aa6-f8b4-4f77-91b8-f32833e9cdf4,c6fe0afe-e569-4d12-82ba-72a0aee68925,78fec7bf-59e0-40d5-84d4-1db615bfbe11,->,52de5aa6-f8b4-4f77-91b8-f32833e9cdf4,java/lang/String.java,equals
52de5aa6-f8b4-4f77-91b8-f32833e9cdf4,c6fe0afe-e569-4d12-82ba-72a0aee68925,78fec7bf-59e0-40d5-84d4-1db615bfbe11,->,52de5aa6-f8b4-4f77-91b8-f32833e9cdf4,javax/swing/JOptionPane.java,showMessageDialog
52de5aa6-f8b4-4f77-91b8-f32833e9cdf4,c6fe0afe-e569-4d12-82ba-72a0aee68925,78fec7bf-59e0-40d5-84d4-1db615bfbe11,->,52de5aa6-f8b4-4f77-91b8-f32833e9cdf4,javax/swing/JTextField.java,requestFocus
52de5aa6-f8b4-4f77-91b8-f32833e9cdf4,c6fe0afe-e569-4d12-82ba-72a0aee68925,78fec7bf-59e0-40d5-84d4-1db615bfbe11,->,52de5aa6-f8b4-4f77-91b8-f32833e9cdf4,javax/swing/JTextField.java,getText
52de5aa6-f8b4-4f77-91b8-f32833e9cdf4,c6fe0afe-e569-4d12-82ba-72a0aee68925,78fec7bf-59e0-40d5-84d4-1db615bfbe11,->,52de5aa6-f8b4-4f77-91b8-f32833e9cdf4,c6fe0afe-e569-4d12-82ba-72a0aee68925,4d600d7c-c320-446a-8554-efb9e9a9fd8f
52de5aa6-f8b4-4f77-91b8-f32833e9cdf4,c6fe0afe-e569-4d12-82ba-72a0aee68925,78fec7bf-59e0-40d5-84d4-1db615bfbe11,->,52de5aa6-f8b4-4f77-91b8-f32833e9cdf4,javax/swing/JOptionPane.java,showMessageDialog
52de5aa6-f8b4-4f77-91b8-f32833e9cdf4,c6fe0afe-e569-4d12-82ba-72a0aee68925,78fec7bf-59e0-40d5-84d4-1db615bfbe11,->,52de5aa6-f8b4-4f77-91b8-f32833e9cdf4,javax/swing/JTextField.java,requestFocus
52de5aa6-f8b4-4f77-91b8-f32833e9cdf4,c6fe0afe-e569-4d12-82ba-72a0aee68925,78fec7bf-59e0-40d5-84d4-1db615bfbe11,->,52de5aa6-f8b4-4f77-91b8-f32833e9cdf4,javax/swing/JTextField.java,getText
52de5aa6-f8b4-4f77-91b8-f32833e9cdf4,c6fe0afe-e569-4d12-82ba-72a0aee68925,78fec7bf-59e0-40d5-84d4-1db615bfbe11,->,52de5aa6-f8b4-4f77-91b8-f32833e9cdf4,java/lang/Integer.java,parseInt
52de5aa6-f8b4-4f77-91b8-f32833e9cdf4,c6fe0afe-e569-4d12-82ba-72a0aee68925,78fec7bf-59e0-40d5-84d4-1db615bfbe11,->,52de5aa6-f8b4-4f77-91b8-f32833e9cdf4,javax/swing/JTextField.java,getText
52de5aa6-f8b4-4f77-91b8-f32833e9cdf4,c6fe0afe-e569-4d12-82ba-72a0aee68925,78fec7bf-59e0-40d5-84d4-1db615bfbe11,->,52de5aa6-f8b4-4f77-91b8-f32833e9cdf4,java/lang/Integer.java,parseInt
52de5aa6-f8b4-4f77-91b8-f32833e9cdf4,c6fe0afe-e569-4d12-82ba-72a0aee68925,78fec7bf-59e0-40d5-84d4-1db615bfbe11,->,52de5aa6-f8b4-4f77-91b8-f32833e9cdf4,javax/swing/JOptionPane.java,showMessageDialog
52de5aa6-f8b4-4f77-91b8-f32833e9cdf4,c6fe0afe-e569-4d12-82ba-72a0aee68925,78fec7bf-59e0-40d5-84d4-1db615bfbe11,->,52de5aa6-f8b4-4f77-91b8-f32833e9cdf4,javax/swing/JTextField.java,requestFocus
52de5aa6-f8b4-4f77-91b8-f32833e9cdf4,c6fe0afe-e569-4d12-82ba-72a0aee68925,78fec7bf-59e0-40d5-84d4-1db615bfbe11,->,52de5aa6-f8b4-4f77-91b8-f32833e9cdf4,javax/swing/JOptionPane.java,showMessageDialog
52de5aa6-f8b4-4f77-91b8-f32833e9cdf4,c6fe0afe-e569-4d12-82ba-72a0aee68925,4d600d7c-c320-446a-8554-efb9e9a9fd8f,->,52de5aa6-f8b4-4f77-91b8-f32833e9cdf4,java/util/regex/Pattern.java,matches
52de5aa6-f8b4-4f77-91b8-f32833e9cdf4,c6fe0afe-e569-4d12-82ba-72a0aee68925,567638fa-1caf-497e-bcac-548f2ffe021c,->,52de5aa6-f8b4-4f77-91b8-f32833e9cdf4,javax/swing/UIManager.java,getSystemLookAndFeelClassName
52de5aa6-f8b4-4f77-91b8-f32833e9cdf4,c6fe0afe-e569-4d12-82ba-72a0aee68925,567638fa-1caf-497e-bcac-548f2ffe021c,->,52de5aa6-f8b4-4f77-91b8-f32833e9cdf4,javax/swing/UIManager.java,setLookAndFeel
52de5aa6-f8b4-4f77-91b8-f32833e9cdf4,c6fe0afe-e569-4d12-82ba-72a0aee68925,567638fa-1caf-497e-bcac-548f2ffe021c,->,52de5aa6-f8b4-4f77-91b8-f32833e9cdf4,javax/swing/SwingUtilities.java,updateComponentTreeUI
52de5aa6-f8b4-4f77-91b8-f32833e9cdf4,c6fe0afe-e569-4d12-82ba-72a0aee68925,567638fa-1caf-497e-bcac-548f2ffe021c,->,52de5aa6-f8b4-4f77-91b8-f32833e9cdf4,java/lang/StringBuilder.java,append
52de5aa6-f8b4-4f77-91b8-f32833e9cdf4,c6fe0afe-e569-4d12-82ba-72a0aee68925,567638fa-1caf-497e-bcac-548f2ffe021c,->,52de5aa6-f8b4-4f77-91b8-f32833e9cdf4,java/lang/StringBuilder.java,append
52de5aa6-f8b4-4f77-91b8-f32833e9cdf4,c6fe0afe-e569-4d12-82ba-72a0aee68925,567638fa-1caf-497e-bcac-548f2ffe021c,->,52de5aa6-f8b4-4f77-91b8-f32833e9cdf4,java/lang/StringBuilder.java,toString
52de5aa6-f8b4-4f77-91b8-f32833e9cdf4,c6fe0afe-e569-4d12-82ba-72a0aee68925,567638fa-1caf-497e-bcac-548f2ffe021c,->,52de5aa6-f8b4-4f77-91b8-f32833e9cdf4,java/io/PrintStream.java,println
52de5aa6-f8b4-4f77-91b8-f32833e9cdf4,Final/Ventana.java,access$000,->,52de5aa6-f8b4-4f77-91b8-f32833e9cdf4,c6fe0afe-e569-4d12-82ba-72a0aee68925,f755832a-47a6-42d8-84ec-b35a0f29c856
52de5aa6-f8b4-4f77-91b8-f32833e9cdf4,Final/Ventana.java,access$100,->,52de5aa6-f8b4-4f77-91b8-f32833e9cdf4,c6fe0afe-e569-4d12-82ba-72a0aee68925,4d82ec92-71ca-4950-b31c-7b5cc1415089
52de5aa6-f8b4-4f77-91b8-f32833e9cdf4,Final/Ventana.java,access$200,->,52de5aa6-f8b4-4f77-91b8-f32833e9cdf4,c6fe0afe-e569-4d12-82ba-72a0aee68925,3a61758f-718a-4fcc-9951-033fcaeb51e7
52de5aa6-f8b4-4f77-91b8-f32833e9cdf4,Final/Ventana.java,access$300,->,52de5aa6-f8b4-4f77-91b8-f32833e9cdf4,c6fe0afe-e569-4d12-82ba-72a0aee68925,20049c31-2fad-4a3e-b92c-35cb588123ef
52de5aa6-f8b4-4f77-91b8-f32833e9cdf4,Final/Ventana$CustomOutputStream1.java,write,->,52de5aa6-f8b4-4f77-91b8-f32833e9cdf4,java/lang/String.java,valueOf
52de5aa6-f8b4-4f77-91b8-f32833e9cdf4,Final/Ventana$CustomOutputStream1.java,write,->,52de5aa6-f8b4-4f77-91b8-f32833e9cdf4,javax/swing/JTextArea.java,append
52de5aa6-f8b4-4f77-91b8-f32833e9cdf4,Final/Ventana$CustomOutputStream1.java,write,->,52de5aa6-f8b4-4f77-91b8-f32833e9cdf4,javax/swing/JTextArea.java,getDocument
52de5aa6-f8b4-4f77-91b8-f32833e9cdf4,Final/Ventana$CustomOutputStream1.java,write,->,52de5aa6-f8b4-4f77-91b8-f32833e9cdf4,javax/swing/text/Document.java,getLength
52de5aa6-f8b4-4f77-91b8-f32833e9cdf4,Final/Ventana$CustomOutputStream1.java,write,->,52de5aa6-f8b4-4f77-91b8-f32833e9cdf4,javax/swing/JTextArea.java,setCaretPosition
52de5aa6-f8b4-4f77-91b8-f32833e9cdf4,4787c989-b80d-48e7-a3e5-2687901c43a0,1d960290-7519-42aa-93df-7e07bb3186c1,->,52de5aa6-f8b4-4f77-91b8-f32833e9cdf4,java/lang/Math.java,random
52de5aa6-f8b4-4f77-91b8-f32833e9cdf4,4787c989-b80d-48e7-a3e5-2687901c43a0,15b61ae5-920f-44ea-829a-89a1d0604463,->,52de5aa6-f8b4-4f77-91b8-f32833e9cdf4,java/lang/Math.java,random
52de5aa6-f8b4-4f77-91b8-f32833e9cdf4,4787c989-b80d-48e7-a3e5-2687901c43a0,b34ec84b-3dcb-4e12-863c-659c268f23f0,->,52de5aa6-f8b4-4f77-91b8-f32833e9cdf4,4787c989-b80d-48e7-a3e5-2687901c43a0,d46dfdd8-ed2f-4a89-ae26-6a3d607abfc9
52de5aa6-f8b4-4f77-91b8-f32833e9cdf4,4787c989-b80d-48e7-a3e5-2687901c43a0,b34ec84b-3dcb-4e12-863c-659c268f23f0,->,52de5aa6-f8b4-4f77-91b8-f32833e9cdf4,java/util/ArrayList.java,get
52de5aa6-f8b4-4f77-91b8-f32833e9cdf4,4787c989-b80d-48e7-a3e5-2687901c43a0,b34ec84b-3dcb-4e12-863c-659c268f23f0,->,52de5aa6-f8b4-4f77-91b8-f32833e9cdf4,java/util/ArrayList.java,get
52de5aa6-f8b4-4f77-91b8-f32833e9cdf4,4787c989-b80d-48e7-a3e5-2687901c43a0,b34ec84b-3dcb-4e12-863c-659c268f23f0,->,52de5aa6-f8b4-4f77-91b8-f32833e9cdf4,java/io/PrintStream.java,println
52de5aa6-f8b4-4f77-91b8-f32833e9cdf4,4787c989-b80d-48e7-a3e5-2687901c43a0,b34ec84b-3dcb-4e12-863c-659c268f23f0,->,52de5aa6-f8b4-4f77-91b8-f32833e9cdf4,java/util/ArrayList.java,get
52de5aa6-f8b4-4f77-91b8-f32833e9cdf4,4787c989-b80d-48e7-a3e5-2687901c43a0,b34ec84b-3dcb-4e12-863c-659c268f23f0,->,52de5aa6-f8b4-4f77-91b8-f32833e9cdf4,java/util/ArrayList.java,add
52de5aa6-f8b4-4f77-91b8-f32833e9cdf4,4787c989-b80d-48e7-a3e5-2687901c43a0,b34ec84b-3dcb-4e12-863c-659c268f23f0,->,52de5aa6-f8b4-4f77-91b8-f32833e9cdf4,java/util/ArrayList.java,remove
52de5aa6-f8b4-4f77-91b8-f32833e9cdf4,4787c989-b80d-48e7-a3e5-2687901c43a0,b34ec84b-3dcb-4e12-863c-659c268f23f0,->,52de5aa6-f8b4-4f77-91b8-f32833e9cdf4,4787c989-b80d-48e7-a3e5-2687901c43a0,1d960290-7519-42aa-93df-7e07bb3186c1
52de5aa6-f8b4-4f77-91b8-f32833e9cdf4,4787c989-b80d-48e7-a3e5-2687901c43a0,b34ec84b-3dcb-4e12-863c-659c268f23f0,->,52de5aa6-f8b4-4f77-91b8-f32833e9cdf4,java/util/ArrayList.java,add
52de5aa6-f8b4-4f77-91b8-f32833e9cdf4,4787c989-b80d-48e7-a3e5-2687901c43a0,b34ec84b-3dcb-4e12-863c-659c268f23f0,->,52de5aa6-f8b4-4f77-91b8-f32833e9cdf4,java/util/ArrayList.java,get
52de5aa6-f8b4-4f77-91b8-f32833e9cdf4,4787c989-b80d-48e7-a3e5-2687901c43a0,b34ec84b-3dcb-4e12-863c-659c268f23f0,->,52de5aa6-f8b4-4f77-91b8-f32833e9cdf4,java/util/ArrayList.java,get
52de5aa6-f8b4-4f77-91b8-f32833e9cdf4,4787c989-b80d-48e7-a3e5-2687901c43a0,b34ec84b-3dcb-4e12-863c-659c268f23f0,->,52de5aa6-f8b4-4f77-91b8-f32833e9cdf4,java/util/ArrayList.java,get
52de5aa6-f8b4-4f77-91b8-f32833e9cdf4,4787c989-b80d-48e7-a3e5-2687901c43a0,b34ec84b-3dcb-4e12-863c-659c268f23f0,->,52de5aa6-f8b4-4f77-91b8-f32833e9cdf4,4787c989-b80d-48e7-a3e5-2687901c43a0,15b61ae5-920f-44ea-829a-89a1d0604463
52de5aa6-f8b4-4f77-91b8-f32833e9cdf4,4787c989-b80d-48e7-a3e5-2687901c43a0,b34ec84b-3dcb-4e12-863c-659c268f23f0,->,52de5aa6-f8b4-4f77-91b8-f32833e9cdf4,java/util/ArrayList.java,add
52de5aa6-f8b4-4f77-91b8-f32833e9cdf4,4787c989-b80d-48e7-a3e5-2687901c43a0,b34ec84b-3dcb-4e12-863c-659c268f23f0,->,52de5aa6-f8b4-4f77-91b8-f32833e9cdf4,java/util/ArrayList.java,get
52de5aa6-f8b4-4f77-91b8-f32833e9cdf4,4787c989-b80d-48e7-a3e5-2687901c43a0,b34ec84b-3dcb-4e12-863c-659c268f23f0,->,52de5aa6-f8b4-4f77-91b8-f32833e9cdf4,java/util/ArrayList.java,get
52de5aa6-f8b4-4f77-91b8-f32833e9cdf4,4787c989-b80d-48e7-a3e5-2687901c43a0,b34ec84b-3dcb-4e12-863c-659c268f23f0,->,52de5aa6-f8b4-4f77-91b8-f32833e9cdf4,java/io/PrintStream.java,println
52de5aa6-f8b4-4f77-91b8-f32833e9cdf4,4787c989-b80d-48e7-a3e5-2687901c43a0,b34ec84b-3dcb-4e12-863c-659c268f23f0,->,52de5aa6-f8b4-4f77-91b8-f32833e9cdf4,java/util/ArrayList.java,get
52de5aa6-f8b4-4f77-91b8-f32833e9cdf4,4787c989-b80d-48e7-a3e5-2687901c43a0,b34ec84b-3dcb-4e12-863c-659c268f23f0,->,52de5aa6-f8b4-4f77-91b8-f32833e9cdf4,java/util/ArrayList.java,remove
52de5aa6-f8b4-4f77-91b8-f32833e9cdf4,4787c989-b80d-48e7-a3e5-2687901c43a0,b34ec84b-3dcb-4e12-863c-659c268f23f0,->,52de5aa6-f8b4-4f77-91b8-f32833e9cdf4,4787c989-b80d-48e7-a3e5-2687901c43a0,1d960290-7519-42aa-93df-7e07bb3186c1
52de5aa6-f8b4-4f77-91b8-f32833e9cdf4,4787c989-b80d-48e7-a3e5-2687901c43a0,b34ec84b-3dcb-4e12-863c-659c268f23f0,->,52de5aa6-f8b4-4f77-91b8-f32833e9cdf4,java/util/ArrayList.java,add
52de5aa6-f8b4-4f77-91b8-f32833e9cdf4,4787c989-b80d-48e7-a3e5-2687901c43a0,b34ec84b-3dcb-4e12-863c-659c268f23f0,->,52de5aa6-f8b4-4f77-91b8-f32833e9cdf4,java/util/ArrayList.java,get
52de5aa6-f8b4-4f77-91b8-f32833e9cdf4,4787c989-b80d-48e7-a3e5-2687901c43a0,b34ec84b-3dcb-4e12-863c-659c268f23f0,->,52de5aa6-f8b4-4f77-91b8-f32833e9cdf4,java/util/ArrayList.java,get
52de5aa6-f8b4-4f77-91b8-f32833e9cdf4,4787c989-b80d-48e7-a3e5-2687901c43a0,b34ec84b-3dcb-4e12-863c-659c268f23f0,->,52de5aa6-f8b4-4f77-91b8-f32833e9cdf4,4787c989-b80d-48e7-a3e5-2687901c43a0,d46dfdd8-ed2f-4a89-ae26-6a3d607abfc9
52de5aa6-f8b4-4f77-91b8-f32833e9cdf4,4787c989-b80d-48e7-a3e5-2687901c43a0,b34ec84b-3dcb-4e12-863c-659c268f23f0,->,52de5aa6-f8b4-4f77-91b8-f32833e9cdf4,java/util/ArrayList.java,get
52de5aa6-f8b4-4f77-91b8-f32833e9cdf4,4787c989-b80d-48e7-a3e5-2687901c43a0,b34ec84b-3dcb-4e12-863c-659c268f23f0,->,52de5aa6-f8b4-4f77-91b8-f32833e9cdf4,java/lang/StringBuilder.java,append
52de5aa6-f8b4-4f77-91b8-f32833e9cdf4,4787c989-b80d-48e7-a3e5-2687901c43a0,b34ec84b-3dcb-4e12-863c-659c268f23f0,->,52de5aa6-f8b4-4f77-91b8-f32833e9cdf4,java/util/ArrayList.java,get
52de5aa6-f8b4-4f77-91b8-f32833e9cdf4,4787c989-b80d-48e7-a3e5-2687901c43a0,b34ec84b-3dcb-4e12-863c-659c268f23f0,->,52de5aa6-f8b4-4f77-91b8-f32833e9cdf4,java/lang/StringBuilder.java,append
52de5aa6-f8b4-4f77-91b8-f32833e9cdf4,4787c989-b80d-48e7-a3e5-2687901c43a0,b34ec84b-3dcb-4e12-863c-659c268f23f0,->,52de5aa6-f8b4-4f77-91b8-f32833e9cdf4,java/lang/StringBuilder.java,toString
52de5aa6-f8b4-4f77-91b8-f32833e9cdf4,4787c989-b80d-48e7-a3e5-2687901c43a0,b34ec84b-3dcb-4e12-863c-659c268f23f0,->,52de5aa6-f8b4-4f77-91b8-f32833e9cdf4,java/io/PrintStream.java,println
52de5aa6-f8b4-4f77-91b8-f32833e9cdf4,4787c989-b80d-48e7-a3e5-2687901c43a0,b34ec84b-3dcb-4e12-863c-659c268f23f0,->,52de5aa6-f8b4-4f77-91b8-f32833e9cdf4,4787c989-b80d-48e7-a3e5-2687901c43a0,46510b23-2209-420d-936b-1ec1dc570674
52de5aa6-f8b4-4f77-91b8-f32833e9cdf4,4787c989-b80d-48e7-a3e5-2687901c43a0,b34ec84b-3dcb-4e12-863c-659c268f23f0,->,52de5aa6-f8b4-4f77-91b8-f32833e9cdf4,java/util/ArrayList.java,get
52de5aa6-f8b4-4f77-91b8-f32833e9cdf4,4787c989-b80d-48e7-a3e5-2687901c43a0,b34ec84b-3dcb-4e12-863c-659c268f23f0,->,52de5aa6-f8b4-4f77-91b8-f32833e9cdf4,java/util/ArrayList.java,remove
52de5aa6-f8b4-4f77-91b8-f32833e9cdf4,4787c989-b80d-48e7-a3e5-2687901c43a0,b34ec84b-3dcb-4e12-863c-659c268f23f0,->,52de5aa6-f8b4-4f77-91b8-f32833e9cdf4,java/util/ArrayList.java,get
52de5aa6-f8b4-4f77-91b8-f32833e9cdf4,4787c989-b80d-48e7-a3e5-2687901c43a0,b34ec84b-3dcb-4e12-863c-659c268f23f0,->,52de5aa6-f8b4-4f77-91b8-f32833e9cdf4,java/util/ArrayList.java,remove
52de5aa6-f8b4-4f77-91b8-f32833e9cdf4,4787c989-b80d-48e7-a3e5-2687901c43a0,b34ec84b-3dcb-4e12-863c-659c268f23f0,->,52de5aa6-f8b4-4f77-91b8-f32833e9cdf4,4787c989-b80d-48e7-a3e5-2687901c43a0,1d960290-7519-42aa-93df-7e07bb3186c1
52de5aa6-f8b4-4f77-91b8-f32833e9cdf4,4787c989-b80d-48e7-a3e5-2687901c43a0,b34ec84b-3dcb-4e12-863c-659c268f23f0,->,52de5aa6-f8b4-4f77-91b8-f32833e9cdf4,java/util/ArrayList.java,add
52de5aa6-f8b4-4f77-91b8-f32833e9cdf4,4787c989-b80d-48e7-a3e5-2687901c43a0,b34ec84b-3dcb-4e12-863c-659c268f23f0,->,52de5aa6-f8b4-4f77-91b8-f32833e9cdf4,java/util/ArrayList.java,get
52de5aa6-f8b4-4f77-91b8-f32833e9cdf4,4787c989-b80d-48e7-a3e5-2687901c43a0,b34ec84b-3dcb-4e12-863c-659c268f23f0,->,52de5aa6-f8b4-4f77-91b8-f32833e9cdf4,java/util/ArrayList.java,get
52de5aa6-f8b4-4f77-91b8-f32833e9cdf4,4787c989-b80d-48e7-a3e5-2687901c43a0,b34ec84b-3dcb-4e12-863c-659c268f23f0,->,52de5aa6-f8b4-4f77-91b8-f32833e9cdf4,java/util/ArrayList.java,isEmpty
52de5aa6-f8b4-4f77-91b8-f32833e9cdf4,4787c989-b80d-48e7-a3e5-2687901c43a0,0c79140a-179a-423a-a3c2-afdf5325f57c,->,52de5aa6-f8b4-4f77-91b8-f32833e9cdf4,java/io/PrintStream.java,println
52de5aa6-f8b4-4f77-91b8-f32833e9cdf4,4787c989-b80d-48e7-a3e5-2687901c43a0,0c79140a-179a-423a-a3c2-afdf5325f57c,->,52de5aa6-f8b4-4f77-91b8-f32833e9cdf4,java/util/ArrayList.java,size
52de5aa6-f8b4-4f77-91b8-f32833e9cdf4,4787c989-b80d-48e7-a3e5-2687901c43a0,0c79140a-179a-423a-a3c2-afdf5325f57c,->,52de5aa6-f8b4-4f77-91b8-f32833e9cdf4,java/lang/StringBuilder.java,append
52de5aa6-f8b4-4f77-91b8-f32833e9cdf4,4787c989-b80d-48e7-a3e5-2687901c43a0,0c79140a-179a-423a-a3c2-afdf5325f57c,->,52de5aa6-f8b4-4f77-91b8-f32833e9cdf4,java/util/ArrayList.java,get
52de5aa6-f8b4-4f77-91b8-f32833e9cdf4,4787c989-b80d-48e7-a3e5-2687901c43a0,0c79140a-179a-423a-a3c2-afdf5325f57c,->,52de5aa6-f8b4-4f77-91b8-f32833e9cdf4,java/lang/StringBuilder.java,append
52de5aa6-f8b4-4f77-91b8-f32833e9cdf4,4787c989-b80d-48e7-a3e5-2687901c43a0,0c79140a-179a-423a-a3c2-afdf5325f57c,->,52de5aa6-f8b4-4f77-91b8-f32833e9cdf4,java/lang/StringBuilder.java,append
52de5aa6-f8b4-4f77-91b8-f32833e9cdf4,4787c989-b80d-48e7-a3e5-2687901c43a0,0c79140a-179a-423a-a3c2-afdf5325f57c,->,52de5aa6-f8b4-4f77-91b8-f32833e9cdf4,java/util/ArrayList.java,get
52de5aa6-f8b4-4f77-91b8-f32833e9cdf4,4787c989-b80d-48e7-a3e5-2687901c43a0,0c79140a-179a-423a-a3c2-afdf5325f57c,->,52de5aa6-f8b4-4f77-91b8-f32833e9cdf4,java/lang/StringBuilder.java,append
52de5aa6-f8b4-4f77-91b8-f32833e9cdf4,4787c989-b80d-48e7-a3e5-2687901c43a0,0c79140a-179a-423a-a3c2-afdf5325f57c,->,52de5aa6-f8b4-4f77-91b8-f32833e9cdf4,java/lang/StringBuilder.java,append
52de5aa6-f8b4-4f77-91b8-f32833e9cdf4,4787c989-b80d-48e7-a3e5-2687901c43a0,0c79140a-179a-423a-a3c2-afdf5325f57c,->,52de5aa6-f8b4-4f77-91b8-f32833e9cdf4,java/util/ArrayList.java,get
52de5aa6-f8b4-4f77-91b8-f32833e9cdf4,4787c989-b80d-48e7-a3e5-2687901c43a0,0c79140a-179a-423a-a3c2-afdf5325f57c,->,52de5aa6-f8b4-4f77-91b8-f32833e9cdf4,java/lang/StringBuilder.java,append
52de5aa6-f8b4-4f77-91b8-f32833e9cdf4,4787c989-b80d-48e7-a3e5-2687901c43a0,0c79140a-179a-423a-a3c2-afdf5325f57c,->,52de5aa6-f8b4-4f77-91b8-f32833e9cdf4,java/lang/StringBuilder.java,append
52de5aa6-f8b4-4f77-91b8-f32833e9cdf4,4787c989-b80d-48e7-a3e5-2687901c43a0,0c79140a-179a-423a-a3c2-afdf5325f57c,->,52de5aa6-f8b4-4f77-91b8-f32833e9cdf4,java/util/ArrayList.java,get
52de5aa6-f8b4-4f77-91b8-f32833e9cdf4,4787c989-b80d-48e7-a3e5-2687901c43a0,0c79140a-179a-423a-a3c2-afdf5325f57c,->,52de5aa6-f8b4-4f77-91b8-f32833e9cdf4,java/lang/StringBuilder.java,append
52de5aa6-f8b4-4f77-91b8-f32833e9cdf4,4787c989-b80d-48e7-a3e5-2687901c43a0,0c79140a-179a-423a-a3c2-afdf5325f57c,->,52de5aa6-f8b4-4f77-91b8-f32833e9cdf4,java/lang/StringBuilder.java,append
52de5aa6-f8b4-4f77-91b8-f32833e9cdf4,4787c989-b80d-48e7-a3e5-2687901c43a0,0c79140a-179a-423a-a3c2-afdf5325f57c,->,52de5aa6-f8b4-4f77-91b8-f32833e9cdf4,java/util/ArrayList.java,get
52de5aa6-f8b4-4f77-91b8-f32833e9cdf4,4787c989-b80d-48e7-a3e5-2687901c43a0,0c79140a-179a-423a-a3c2-afdf5325f57c,->,52de5aa6-f8b4-4f77-91b8-f32833e9cdf4,java/lang/StringBuilder.java,append
52de5aa6-f8b4-4f77-91b8-f32833e9cdf4,4787c989-b80d-48e7-a3e5-2687901c43a0,0c79140a-179a-423a-a3c2-afdf5325f57c,->,52de5aa6-f8b4-4f77-91b8-f32833e9cdf4,java/lang/StringBuilder.java,toString
52de5aa6-f8b4-4f77-91b8-f32833e9cdf4,4787c989-b80d-48e7-a3e5-2687901c43a0,0c79140a-179a-423a-a3c2-afdf5325f57c,->,52de5aa6-f8b4-4f77-91b8-f32833e9cdf4,java/io/PrintStream.java,println
52de5aa6-f8b4-4f77-91b8-f32833e9cdf4,4787c989-b80d-48e7-a3e5-2687901c43a0,d46dfdd8-ed2f-4a89-ae26-6a3d607abfc9,->,52de5aa6-f8b4-4f77-91b8-f32833e9cdf4,java/util/ArrayList.java,size
52de5aa6-f8b4-4f77-91b8-f32833e9cdf4,4787c989-b80d-48e7-a3e5-2687901c43a0,d46dfdd8-ed2f-4a89-ae26-6a3d607abfc9,->,52de5aa6-f8b4-4f77-91b8-f32833e9cdf4,java/util/ArrayList.java,size
52de5aa6-f8b4-4f77-91b8-f32833e9cdf4,4787c989-b80d-48e7-a3e5-2687901c43a0,d46dfdd8-ed2f-4a89-ae26-6a3d607abfc9,->,52de5aa6-f8b4-4f77-91b8-f32833e9cdf4,java/util/ArrayList.java,get
52de5aa6-f8b4-4f77-91b8-f32833e9cdf4,4787c989-b80d-48e7-a3e5-2687901c43a0,d46dfdd8-ed2f-4a89-ae26-6a3d607abfc9,->,52de5aa6-f8b4-4f77-91b8-f32833e9cdf4,java/util/ArrayList.java,get
52de5aa6-f8b4-4f77-91b8-f32833e9cdf4,4787c989-b80d-48e7-a3e5-2687901c43a0,d46dfdd8-ed2f-4a89-ae26-6a3d607abfc9,->,52de5aa6-f8b4-4f77-91b8-f32833e9cdf4,java/util/ArrayList.java,get
52de5aa6-f8b4-4f77-91b8-f32833e9cdf4,4787c989-b80d-48e7-a3e5-2687901c43a0,d46dfdd8-ed2f-4a89-ae26-6a3d607abfc9,->,52de5aa6-f8b4-4f77-91b8-f32833e9cdf4,java/util/ArrayList.java,get
52de5aa6-f8b4-4f77-91b8-f32833e9cdf4,4787c989-b80d-48e7-a3e5-2687901c43a0,d46dfdd8-ed2f-4a89-ae26-6a3d607abfc9,->,52de5aa6-f8b4-4f77-91b8-f32833e9cdf4,java/util/ArrayList.java,set
52de5aa6-f8b4-4f77-91b8-f32833e9cdf4,4787c989-b80d-48e7-a3e5-2687901c43a0,d46dfdd8-ed2f-4a89-ae26-6a3d607abfc9,->,52de5aa6-f8b4-4f77-91b8-f32833e9cdf4,java/util/ArrayList.java,set
52de5aa6-f8b4-4f77-91b8-f32833e9cdf4,4787c989-b80d-48e7-a3e5-2687901c43a0,46510b23-2209-420d-936b-1ec1dc570674,->,52de5aa6-f8b4-4f77-91b8-f32833e9cdf4,java/io/PrintStream.java,println
52de5aa6-f8b4-4f77-91b8-f32833e9cdf4,4787c989-b80d-48e7-a3e5-2687901c43a0,46510b23-2209-420d-936b-1ec1dc570674,->,52de5aa6-f8b4-4f77-91b8-f32833e9cdf4,java/util/ArrayList.java,size
52de5aa6-f8b4-4f77-91b8-f32833e9cdf4,4787c989-b80d-48e7-a3e5-2687901c43a0,46510b23-2209-420d-936b-1ec1dc570674,->,52de5aa6-f8b4-4f77-91b8-f32833e9cdf4,java/lang/StringBuilder.java,append
52de5aa6-f8b4-4f77-91b8-f32833e9cdf4,4787c989-b80d-48e7-a3e5-2687901c43a0,46510b23-2209-420d-936b-1ec1dc570674,->,52de5aa6-f8b4-4f77-91b8-f32833e9cdf4,java/util/ArrayList.java,get
52de5aa6-f8b4-4f77-91b8-f32833e9cdf4,4787c989-b80d-48e7-a3e5-2687901c43a0,46510b23-2209-420d-936b-1ec1dc570674,->,52de5aa6-f8b4-4f77-91b8-f32833e9cdf4,java/lang/StringBuilder.java,append
52de5aa6-f8b4-4f77-91b8-f32833e9cdf4,4787c989-b80d-48e7-a3e5-2687901c43a0,46510b23-2209-420d-936b-1ec1dc570674,->,52de5aa6-f8b4-4f77-91b8-f32833e9cdf4,java/lang/StringBuilder.java,append
52de5aa6-f8b4-4f77-91b8-f32833e9cdf4,4787c989-b80d-48e7-a3e5-2687901c43a0,46510b23-2209-420d-936b-1ec1dc570674,->,52de5aa6-f8b4-4f77-91b8-f32833e9cdf4,java/util/ArrayList.java,get
52de5aa6-f8b4-4f77-91b8-f32833e9cdf4,4787c989-b80d-48e7-a3e5-2687901c43a0,46510b23-2209-420d-936b-1ec1dc570674,->,52de5aa6-f8b4-4f77-91b8-f32833e9cdf4,java/lang/StringBuilder.java,append
52de5aa6-f8b4-4f77-91b8-f32833e9cdf4,4787c989-b80d-48e7-a3e5-2687901c43a0,46510b23-2209-420d-936b-1ec1dc570674,->,52de5aa6-f8b4-4f77-91b8-f32833e9cdf4,java/lang/StringBuilder.java,toString
52de5aa6-f8b4-4f77-91b8-f32833e9cdf4,4787c989-b80d-48e7-a3e5-2687901c43a0,46510b23-2209-420d-936b-1ec1dc570674,->,52de5aa6-f8b4-4f77-91b8-f32833e9cdf4,java/io/PrintStream.java,println
52de5aa6-f8b4-4f77-91b8-f32833e9cdf4,4787c989-b80d-48e7-a3e5-2687901c43a0,46510b23-2209-420d-936b-1ec1dc570674,->,52de5aa6-f8b4-4f77-91b8-f32833e9cdf4,java/io/PrintStream.java,println
52de5aa6-f8b4-4f77-91b8-f32833e9cdf4,4787c989-b80d-48e7-a3e5-2687901c43a0,074861dc-253e-4a27-b029-7c515bfd43e3,->,52de5aa6-f8b4-4f77-91b8-f32833e9cdf4,4787c989-b80d-48e7-a3e5-2687901c43a0,b34ec84b-3dcb-4e12-863c-659c268f23f0
52de5aa6-f8b4-4f77-91b8-f32833e9cdf4,4787c989-b80d-48e7-a3e5-2687901c43a0,074861dc-253e-4a27-b029-7c515bfd43e3,->,52de5aa6-f8b4-4f77-91b8-f32833e9cdf4,4787c989-b80d-48e7-a3e5-2687901c43a0,0c79140a-179a-423a-a3c2-afdf5325f57c
52de5aa6-f8b4-4f77-91b8-f32833e9cdf4,2fc6a727-795f-437e-a827-83d855823686,09ab05bb-c0f9-46fc-ad44-24241d12c790,->,52de5aa6-f8b4-4f77-91b8-f32833e9cdf4,2fc6a727-795f-437e-a827-83d855823686,c4546a7a-2f19-421f-a0b3-f37d2c0ec791
52de5aa6-f8b4-4f77-91b8-f32833e9cdf4,2fc6a727-795f-437e-a827-83d855823686,09ab05bb-c0f9-46fc-ad44-24241d12c790,->,52de5aa6-f8b4-4f77-91b8-f32833e9cdf4,java/util/ArrayList.java,get
52de5aa6-f8b4-4f77-91b8-f32833e9cdf4,2fc6a727-795f-437e-a827-83d855823686,09ab05bb-c0f9-46fc-ad44-24241d12c790,->,52de5aa6-f8b4-4f77-91b8-f32833e9cdf4,java/util/ArrayList.java,get
52de5aa6-f8b4-4f77-91b8-f32833e9cdf4,2fc6a727-795f-437e-a827-83d855823686,09ab05bb-c0f9-46fc-ad44-24241d12c790,->,52de5aa6-f8b4-4f77-91b8-f32833e9cdf4,java/util/ArrayList.java,get
52de5aa6-f8b4-4f77-91b8-f32833e9cdf4,2fc6a727-795f-437e-a827-83d855823686,09ab05bb-c0f9-46fc-ad44-24241d12c790,->,52de5aa6-f8b4-4f77-91b8-f32833e9cdf4,111047e7-7809-4edb-81ad-44c396dde586,4a74dae9-2c12-494e-95fb-779a980395a9
52de5aa6-f8b4-4f77-91b8-f32833e9cdf4,2fc6a727-795f-437e-a827-83d855823686,09ab05bb-c0f9-46fc-ad44-24241d12c790,->,52de5aa6-f8b4-4f77-91b8-f32833e9cdf4,111047e7-7809-4edb-81ad-44c396dde586,5fabf262-f44f-4962-a8c3-af21a75252db
52de5aa6-f8b4-4f77-91b8-f32833e9cdf4,2fc6a727-795f-437e-a827-83d855823686,09ab05bb-c0f9-46fc-ad44-24241d12c790,->,52de5aa6-f8b4-4f77-91b8-f32833e9cdf4,111047e7-7809-4edb-81ad-44c396dde586,e146a6ac-5b5c-443b-a698-fcfc00b6934d
52de5aa6-f8b4-4f77-91b8-f32833e9cdf4,2fc6a727-795f-437e-a827-83d855823686,09ab05bb-c0f9-46fc-ad44-24241d12c790,->,52de5aa6-f8b4-4f77-91b8-f32833e9cdf4,java/util/ArrayList.java,add
52de5aa6-f8b4-4f77-91b8-f32833e9cdf4,2fc6a727-795f-437e-a827-83d855823686,09ab05bb-c0f9-46fc-ad44-24241d12c790,->,52de5aa6-f8b4-4f77-91b8-f32833e9cdf4,java/util/ArrayList.java,remove
52de5aa6-f8b4-4f77-91b8-f32833e9cdf4,2fc6a727-795f-437e-a827-83d855823686,09ab05bb-c0f9-46fc-ad44-24241d12c790,->,52de5aa6-f8b4-4f77-91b8-f32833e9cdf4,111047e7-7809-4edb-81ad-44c396dde586,b956bd6e-381f-418d-adac-4c10dac79e56
52de5aa6-f8b4-4f77-91b8-f32833e9cdf4,2fc6a727-795f-437e-a827-83d855823686,09ab05bb-c0f9-46fc-ad44-24241d12c790,->,52de5aa6-f8b4-4f77-91b8-f32833e9cdf4,111047e7-7809-4edb-81ad-44c396dde586,b956bd6e-381f-418d-adac-4c10dac79e56
52de5aa6-f8b4-4f77-91b8-f32833e9cdf4,2fc6a727-795f-437e-a827-83d855823686,09ab05bb-c0f9-46fc-ad44-24241d12c790,->,52de5aa6-f8b4-4f77-91b8-f32833e9cdf4,19011a94-c616-485b-adbf-7e3a8646b94e,a10bd79b-c7b0-4098-9425-ffeda07a8a7f
52de5aa6-f8b4-4f77-91b8-f32833e9cdf4,2fc6a727-795f-437e-a827-83d855823686,09ab05bb-c0f9-46fc-ad44-24241d12c790,->,52de5aa6-f8b4-4f77-91b8-f32833e9cdf4,java/util/ArrayList.java,add
52de5aa6-f8b4-4f77-91b8-f32833e9cdf4,2fc6a727-795f-437e-a827-83d855823686,09ab05bb-c0f9-46fc-ad44-24241d12c790,->,52de5aa6-f8b4-4f77-91b8-f32833e9cdf4,java/util/ArrayList.java,get
52de5aa6-f8b4-4f77-91b8-f32833e9cdf4,2fc6a727-795f-437e-a827-83d855823686,09ab05bb-c0f9-46fc-ad44-24241d12c790,->,52de5aa6-f8b4-4f77-91b8-f32833e9cdf4,java/util/ArrayList.java,get
52de5aa6-f8b4-4f77-91b8-f32833e9cdf4,2fc6a727-795f-437e-a827-83d855823686,09ab05bb-c0f9-46fc-ad44-24241d12c790,->,52de5aa6-f8b4-4f77-91b8-f32833e9cdf4,java/util/ArrayList.java,get
52de5aa6-f8b4-4f77-91b8-f32833e9cdf4,2fc6a727-795f-437e-a827-83d855823686,09ab05bb-c0f9-46fc-ad44-24241d12c790,->,52de5aa6-f8b4-4f77-91b8-f32833e9cdf4,java/util/ArrayList.java,get
52de5aa6-f8b4-4f77-91b8-f32833e9cdf4,2fc6a727-795f-437e-a827-83d855823686,09ab05bb-c0f9-46fc-ad44-24241d12c790,->,52de5aa6-f8b4-4f77-91b8-f32833e9cdf4,java/util/ArrayList.java,get
52de5aa6-f8b4-4f77-91b8-f32833e9cdf4,2fc6a727-795f-437e-a827-83d855823686,09ab05bb-c0f9-46fc-ad44-24241d12c790,->,52de5aa6-f8b4-4f77-91b8-f32833e9cdf4,java/util/ArrayList.java,get
52de5aa6-f8b4-4f77-91b8-f32833e9cdf4,2fc6a727-795f-437e-a827-83d855823686,09ab05bb-c0f9-46fc-ad44-24241d12c790,->,52de5aa6-f8b4-4f77-91b8-f32833e9cdf4,java/util/ArrayList.java,get
52de5aa6-f8b4-4f77-91b8-f32833e9cdf4,2fc6a727-795f-437e-a827-83d855823686,09ab05bb-c0f9-46fc-ad44-24241d12c790,->,52de5aa6-f8b4-4f77-91b8-f32833e9cdf4,19011a94-c616-485b-adbf-7e3a8646b94e,2470eb31-8e0b-4201-b217-a240b8cd4b82
52de5aa6-f8b4-4f77-91b8-f32833e9cdf4,2fc6a727-795f-437e-a827-83d855823686,09ab05bb-c0f9-46fc-ad44-24241d12c790,->,52de5aa6-f8b4-4f77-91b8-f32833e9cdf4,java/util/ArrayList.java,add
52de5aa6-f8b4-4f77-91b8-f32833e9cdf4,2fc6a727-795f-437e-a827-83d855823686,09ab05bb-c0f9-46fc-ad44-24241d12c790,->,52de5aa6-f8b4-4f77-91b8-f32833e9cdf4,java/util/ArrayList.java,get
52de5aa6-f8b4-4f77-91b8-f32833e9cdf4,2fc6a727-795f-437e-a827-83d855823686,09ab05bb-c0f9-46fc-ad44-24241d12c790,->,52de5aa6-f8b4-4f77-91b8-f32833e9cdf4,java/util/ArrayList.java,get
52de5aa6-f8b4-4f77-91b8-f32833e9cdf4,2fc6a727-795f-437e-a827-83d855823686,09ab05bb-c0f9-46fc-ad44-24241d12c790,->,52de5aa6-f8b4-4f77-91b8-f32833e9cdf4,java/util/ArrayList.java,get
52de5aa6-f8b4-4f77-91b8-f32833e9cdf4,2fc6a727-795f-437e-a827-83d855823686,09ab05bb-c0f9-46fc-ad44-24241d12c790,->,52de5aa6-f8b4-4f77-91b8-f32833e9cdf4,java/util/ArrayList.java,get
52de5aa6-f8b4-4f77-91b8-f32833e9cdf4,2fc6a727-795f-437e-a827-83d855823686,09ab05bb-c0f9-46fc-ad44-24241d12c790,->,52de5aa6-f8b4-4f77-91b8-f32833e9cdf4,java/util/ArrayList.java,get
52de5aa6-f8b4-4f77-91b8-f32833e9cdf4,2fc6a727-795f-437e-a827-83d855823686,09ab05bb-c0f9-46fc-ad44-24241d12c790,->,52de5aa6-f8b4-4f77-91b8-f32833e9cdf4,java/util/ArrayList.java,get
52de5aa6-f8b4-4f77-91b8-f32833e9cdf4,2fc6a727-795f-437e-a827-83d855823686,09ab05bb-c0f9-46fc-ad44-24241d12c790,->,52de5aa6-f8b4-4f77-91b8-f32833e9cdf4,java/util/ArrayList.java,get
52de5aa6-f8b4-4f77-91b8-f32833e9cdf4,2fc6a727-795f-437e-a827-83d855823686,09ab05bb-c0f9-46fc-ad44-24241d12c790,->,52de5aa6-f8b4-4f77-91b8-f32833e9cdf4,111047e7-7809-4edb-81ad-44c396dde586,0c94a9ae-2c37-4891-b19f-c0a5ce8352bb
52de5aa6-f8b4-4f77-91b8-f32833e9cdf4,2fc6a727-795f-437e-a827-83d855823686,09ab05bb-c0f9-46fc-ad44-24241d12c790,->,52de5aa6-f8b4-4f77-91b8-f32833e9cdf4,111047e7-7809-4edb-81ad-44c396dde586,0c94a9ae-2c37-4891-b19f-c0a5ce8352bb
52de5aa6-f8b4-4f77-91b8-f32833e9cdf4,2fc6a727-795f-437e-a827-83d855823686,09ab05bb-c0f9-46fc-ad44-24241d12c790,->,52de5aa6-f8b4-4f77-91b8-f32833e9cdf4,java/util/ArrayList.java,remove
52de5aa6-f8b4-4f77-91b8-f32833e9cdf4,2fc6a727-795f-437e-a827-83d855823686,09ab05bb-c0f9-46fc-ad44-24241d12c790,->,52de5aa6-f8b4-4f77-91b8-f32833e9cdf4,java/util/ArrayList.java,get
52de5aa6-f8b4-4f77-91b8-f32833e9cdf4,2fc6a727-795f-437e-a827-83d855823686,09ab05bb-c0f9-46fc-ad44-24241d12c790,->,52de5aa6-f8b4-4f77-91b8-f32833e9cdf4,java/util/ArrayList.java,get
52de5aa6-f8b4-4f77-91b8-f32833e9cdf4,2fc6a727-795f-437e-a827-83d855823686,09ab05bb-c0f9-46fc-ad44-24241d12c790,->,52de5aa6-f8b4-4f77-91b8-f32833e9cdf4,java/util/ArrayList.java,remove
52de5aa6-f8b4-4f77-91b8-f32833e9cdf4,2fc6a727-795f-437e-a827-83d855823686,09ab05bb-c0f9-46fc-ad44-24241d12c790,->,52de5aa6-f8b4-4f77-91b8-f32833e9cdf4,java/util/ArrayList.java,get
52de5aa6-f8b4-4f77-91b8-f32833e9cdf4,2fc6a727-795f-437e-a827-83d855823686,09ab05bb-c0f9-46fc-ad44-24241d12c790,->,52de5aa6-f8b4-4f77-91b8-f32833e9cdf4,java/util/ArrayList.java,get
52de5aa6-f8b4-4f77-91b8-f32833e9cdf4,2fc6a727-795f-437e-a827-83d855823686,09ab05bb-c0f9-46fc-ad44-24241d12c790,->,52de5aa6-f8b4-4f77-91b8-f32833e9cdf4,java/util/ArrayList.java,get
52de5aa6-f8b4-4f77-91b8-f32833e9cdf4,2fc6a727-795f-437e-a827-83d855823686,09ab05bb-c0f9-46fc-ad44-24241d12c790,->,52de5aa6-f8b4-4f77-91b8-f32833e9cdf4,java/util/ArrayList.java,get
52de5aa6-f8b4-4f77-91b8-f32833e9cdf4,2fc6a727-795f-437e-a827-83d855823686,09ab05bb-c0f9-46fc-ad44-24241d12c790,->,52de5aa6-f8b4-4f77-91b8-f32833e9cdf4,java/util/ArrayList.java,get
52de5aa6-f8b4-4f77-91b8-f32833e9cdf4,2fc6a727-795f-437e-a827-83d855823686,09ab05bb-c0f9-46fc-ad44-24241d12c790,->,52de5aa6-f8b4-4f77-91b8-f32833e9cdf4,111047e7-7809-4edb-81ad-44c396dde586,0c94a9ae-2c37-4891-b19f-c0a5ce8352bb
52de5aa6-f8b4-4f77-91b8-f32833e9cdf4,2fc6a727-795f-437e-a827-83d855823686,09ab05bb-c0f9-46fc-ad44-24241d12c790,->,52de5aa6-f8b4-4f77-91b8-f32833e9cdf4,111047e7-7809-4edb-81ad-44c396dde586,0c94a9ae-2c37-4891-b19f-c0a5ce8352bb
52de5aa6-f8b4-4f77-91b8-f32833e9cdf4,2fc6a727-795f-437e-a827-83d855823686,09ab05bb-c0f9-46fc-ad44-24241d12c790,->,52de5aa6-f8b4-4f77-91b8-f32833e9cdf4,java/util/ArrayList.java,remove
52de5aa6-f8b4-4f77-91b8-f32833e9cdf4,2fc6a727-795f-437e-a827-83d855823686,09ab05bb-c0f9-46fc-ad44-24241d12c790,->,52de5aa6-f8b4-4f77-91b8-f32833e9cdf4,java/util/ArrayList.java,isEmpty
52de5aa6-f8b4-4f77-91b8-f32833e9cdf4,2fc6a727-795f-437e-a827-83d855823686,e3a290a4-4f4d-4951-881a-589f25ee6e27,->,52de5aa6-f8b4-4f77-91b8-f32833e9cdf4,java/io/PrintStream.java,println
52de5aa6-f8b4-4f77-91b8-f32833e9cdf4,2fc6a727-795f-437e-a827-83d855823686,e3a290a4-4f4d-4951-881a-589f25ee6e27,->,52de5aa6-f8b4-4f77-91b8-f32833e9cdf4,java/lang/StringBuilder.java,append
52de5aa6-f8b4-4f77-91b8-f32833e9cdf4,2fc6a727-795f-437e-a827-83d855823686,e3a290a4-4f4d-4951-881a-589f25ee6e27,->,52de5aa6-f8b4-4f77-91b8-f32833e9cdf4,java/lang/StringBuilder.java,append
52de5aa6-f8b4-4f77-91b8-f32833e9cdf4,2fc6a727-795f-437e-a827-83d855823686,e3a290a4-4f4d-4951-881a-589f25ee6e27,->,52de5aa6-f8b4-4f77-91b8-f32833e9cdf4,java/lang/StringBuilder.java,toString
52de5aa6-f8b4-4f77-91b8-f32833e9cdf4,2fc6a727-795f-437e-a827-83d855823686,e3a290a4-4f4d-4951-881a-589f25ee6e27,->,52de5aa6-f8b4-4f77-91b8-f32833e9cdf4,java/io/PrintStream.java,println
52de5aa6-f8b4-4f77-91b8-f32833e9cdf4,2fc6a727-795f-437e-a827-83d855823686,e3a290a4-4f4d-4951-881a-589f25ee6e27,->,52de5aa6-f8b4-4f77-91b8-f32833e9cdf4,java/lang/StringBuilder.java,append
52de5aa6-f8b4-4f77-91b8-f32833e9cdf4,2fc6a727-795f-437e-a827-83d855823686,e3a290a4-4f4d-4951-881a-589f25ee6e27,->,52de5aa6-f8b4-4f77-91b8-f32833e9cdf4,java/lang/StringBuilder.java,append
52de5aa6-f8b4-4f77-91b8-f32833e9cdf4,2fc6a727-795f-437e-a827-83d855823686,e3a290a4-4f4d-4951-881a-589f25ee6e27,->,52de5aa6-f8b4-4f77-91b8-f32833e9cdf4,java/lang/StringBuilder.java,toString
52de5aa6-f8b4-4f77-91b8-f32833e9cdf4,2fc6a727-795f-437e-a827-83d855823686,e3a290a4-4f4d-4951-881a-589f25ee6e27,->,52de5aa6-f8b4-4f77-91b8-f32833e9cdf4,java/io/PrintStream.java,println
52de5aa6-f8b4-4f77-91b8-f32833e9cdf4,2fc6a727-795f-437e-a827-83d855823686,e3a290a4-4f4d-4951-881a-589f25ee6e27,->,52de5aa6-f8b4-4f77-91b8-f32833e9cdf4,java/lang/StringBuilder.java,append
52de5aa6-f8b4-4f77-91b8-f32833e9cdf4,2fc6a727-795f-437e-a827-83d855823686,e3a290a4-4f4d-4951-881a-589f25ee6e27,->,52de5aa6-f8b4-4f77-91b8-f32833e9cdf4,19011a94-c616-485b-adbf-7e3a8646b94e,e86c4384-a9da-4180-b528-790dab9a34bc
52de5aa6-f8b4-4f77-91b8-f32833e9cdf4,2fc6a727-795f-437e-a827-83d855823686,e3a290a4-4f4d-4951-881a-589f25ee6e27,->,52de5aa6-f8b4-4f77-91b8-f32833e9cdf4,java/lang/StringBuilder.java,append
52de5aa6-f8b4-4f77-91b8-f32833e9cdf4,2fc6a727-795f-437e-a827-83d855823686,e3a290a4-4f4d-4951-881a-589f25ee6e27,->,52de5aa6-f8b4-4f77-91b8-f32833e9cdf4,java/lang/StringBuilder.java,append
52de5aa6-f8b4-4f77-91b8-f32833e9cdf4,2fc6a727-795f-437e-a827-83d855823686,e3a290a4-4f4d-4951-881a-589f25ee6e27,->,52de5aa6-f8b4-4f77-91b8-f32833e9cdf4,java/lang/StringBuilder.java,toString
52de5aa6-f8b4-4f77-91b8-f32833e9cdf4,2fc6a727-795f-437e-a827-83d855823686,e3a290a4-4f4d-4951-881a-589f25ee6e27,->,52de5aa6-f8b4-4f77-91b8-f32833e9cdf4,java/io/PrintStream.java,println
52de5aa6-f8b4-4f77-91b8-f32833e9cdf4,2fc6a727-795f-437e-a827-83d855823686,e3a290a4-4f4d-4951-881a-589f25ee6e27,->,52de5aa6-f8b4-4f77-91b8-f32833e9cdf4,java/util/ArrayList.java,size
52de5aa6-f8b4-4f77-91b8-f32833e9cdf4,2fc6a727-795f-437e-a827-83d855823686,e3a290a4-4f4d-4951-881a-589f25ee6e27,->,52de5aa6-f8b4-4f77-91b8-f32833e9cdf4,java/util/ArrayList.java,size
52de5aa6-f8b4-4f77-91b8-f32833e9cdf4,2fc6a727-795f-437e-a827-83d855823686,e3a290a4-4f4d-4951-881a-589f25ee6e27,->,52de5aa6-f8b4-4f77-91b8-f32833e9cdf4,java/lang/StringBuilder.java,append
52de5aa6-f8b4-4f77-91b8-f32833e9cdf4,2fc6a727-795f-437e-a827-83d855823686,e3a290a4-4f4d-4951-881a-589f25ee6e27,->,52de5aa6-f8b4-4f77-91b8-f32833e9cdf4,java/util/ArrayList.java,get
52de5aa6-f8b4-4f77-91b8-f32833e9cdf4,2fc6a727-795f-437e-a827-83d855823686,e3a290a4-4f4d-4951-881a-589f25ee6e27,->,52de5aa6-f8b4-4f77-91b8-f32833e9cdf4,java/lang/StringBuilder.java,append
52de5aa6-f8b4-4f77-91b8-f32833e9cdf4,2fc6a727-795f-437e-a827-83d855823686,e3a290a4-4f4d-4951-881a-589f25ee6e27,->,52de5aa6-f8b4-4f77-91b8-f32833e9cdf4,java/lang/StringBuilder.java,append
52de5aa6-f8b4-4f77-91b8-f32833e9cdf4,2fc6a727-795f-437e-a827-83d855823686,e3a290a4-4f4d-4951-881a-589f25ee6e27,->,52de5aa6-f8b4-4f77-91b8-f32833e9cdf4,java/util/ArrayList.java,get
52de5aa6-f8b4-4f77-91b8-f32833e9cdf4,2fc6a727-795f-437e-a827-83d855823686,e3a290a4-4f4d-4951-881a-589f25ee6e27,->,52de5aa6-f8b4-4f77-91b8-f32833e9cdf4,19011a94-c616-485b-adbf-7e3a8646b94e,e86c4384-a9da-4180-b528-790dab9a34bc
52de5aa6-f8b4-4f77-91b8-f32833e9cdf4,2fc6a727-795f-437e-a827-83d855823686,e3a290a4-4f4d-4951-881a-589f25ee6e27,->,52de5aa6-f8b4-4f77-91b8-f32833e9cdf4,java/lang/StringBuilder.java,append
52de5aa6-f8b4-4f77-91b8-f32833e9cdf4,2fc6a727-795f-437e-a827-83d855823686,e3a290a4-4f4d-4951-881a-589f25ee6e27,->,52de5aa6-f8b4-4f77-91b8-f32833e9cdf4,java/lang/StringBuilder.java,append
52de5aa6-f8b4-4f77-91b8-f32833e9cdf4,2fc6a727-795f-437e-a827-83d855823686,e3a290a4-4f4d-4951-881a-589f25ee6e27,->,52de5aa6-f8b4-4f77-91b8-f32833e9cdf4,java/util/ArrayList.java,get
52de5aa6-f8b4-4f77-91b8-f32833e9cdf4,2fc6a727-795f-437e-a827-83d855823686,e3a290a4-4f4d-4951-881a-589f25ee6e27,->,52de5aa6-f8b4-4f77-91b8-f32833e9cdf4,19011a94-c616-485b-adbf-7e3a8646b94e,e86c4384-a9da-4180-b528-790dab9a34bc
52de5aa6-f8b4-4f77-91b8-f32833e9cdf4,2fc6a727-795f-437e-a827-83d855823686,e3a290a4-4f4d-4951-881a-589f25ee6e27,->,52de5aa6-f8b4-4f77-91b8-f32833e9cdf4,java/lang/StringBuilder.java,append
52de5aa6-f8b4-4f77-91b8-f32833e9cdf4,2fc6a727-795f-437e-a827-83d855823686,e3a290a4-4f4d-4951-881a-589f25ee6e27,->,52de5aa6-f8b4-4f77-91b8-f32833e9cdf4,java/lang/StringBuilder.java,append
52de5aa6-f8b4-4f77-91b8-f32833e9cdf4,2fc6a727-795f-437e-a827-83d855823686,e3a290a4-4f4d-4951-881a-589f25ee6e27,->,52de5aa6-f8b4-4f77-91b8-f32833e9cdf4,java/util/ArrayList.java,get
52de5aa6-f8b4-4f77-91b8-f32833e9cdf4,2fc6a727-795f-437e-a827-83d855823686,e3a290a4-4f4d-4951-881a-589f25ee6e27,->,52de5aa6-f8b4-4f77-91b8-f32833e9cdf4,19011a94-c616-485b-adbf-7e3a8646b94e,e86c4384-a9da-4180-b528-790dab9a34bc
52de5aa6-f8b4-4f77-91b8-f32833e9cdf4,2fc6a727-795f-437e-a827-83d855823686,e3a290a4-4f4d-4951-881a-589f25ee6e27,->,52de5aa6-f8b4-4f77-91b8-f32833e9cdf4,java/lang/StringBuilder.java,append
52de5aa6-f8b4-4f77-91b8-f32833e9cdf4,2fc6a727-795f-437e-a827-83d855823686,e3a290a4-4f4d-4951-881a-589f25ee6e27,->,52de5aa6-f8b4-4f77-91b8-f32833e9cdf4,java/lang/StringBuilder.java,append
52de5aa6-f8b4-4f77-91b8-f32833e9cdf4,2fc6a727-795f-437e-a827-83d855823686,e3a290a4-4f4d-4951-881a-589f25ee6e27,->,52de5aa6-f8b4-4f77-91b8-f32833e9cdf4,java/util/ArrayList.java,get
52de5aa6-f8b4-4f77-91b8-f32833e9cdf4,2fc6a727-795f-437e-a827-83d855823686,e3a290a4-4f4d-4951-881a-589f25ee6e27,->,52de5aa6-f8b4-4f77-91b8-f32833e9cdf4,java/lang/StringBuilder.java,append
52de5aa6-f8b4-4f77-91b8-f32833e9cdf4,2fc6a727-795f-437e-a827-83d855823686,e3a290a4-4f4d-4951-881a-589f25ee6e27,->,52de5aa6-f8b4-4f77-91b8-f32833e9cdf4,java/lang/StringBuilder.java,append
52de5aa6-f8b4-4f77-91b8-f32833e9cdf4,2fc6a727-795f-437e-a827-83d855823686,e3a290a4-4f4d-4951-881a-589f25ee6e27,->,52de5aa6-f8b4-4f77-91b8-f32833e9cdf4,java/util/ArrayList.java,get
52de5aa6-f8b4-4f77-91b8-f32833e9cdf4,2fc6a727-795f-437e-a827-83d855823686,e3a290a4-4f4d-4951-881a-589f25ee6e27,->,52de5aa6-f8b4-4f77-91b8-f32833e9cdf4,java/lang/StringBuilder.java,append
52de5aa6-f8b4-4f77-91b8-f32833e9cdf4,2fc6a727-795f-437e-a827-83d855823686,e3a290a4-4f4d-4951-881a-589f25ee6e27,->,52de5aa6-f8b4-4f77-91b8-f32833e9cdf4,java/lang/StringBuilder.java,append
52de5aa6-f8b4-4f77-91b8-f32833e9cdf4,2fc6a727-795f-437e-a827-83d855823686,e3a290a4-4f4d-4951-881a-589f25ee6e27,->,52de5aa6-f8b4-4f77-91b8-f32833e9cdf4,java/util/ArrayList.java,get
52de5aa6-f8b4-4f77-91b8-f32833e9cdf4,2fc6a727-795f-437e-a827-83d855823686,e3a290a4-4f4d-4951-881a-589f25ee6e27,->,52de5aa6-f8b4-4f77-91b8-f32833e9cdf4,java/lang/StringBuilder.java,append
52de5aa6-f8b4-4f77-91b8-f32833e9cdf4,2fc6a727-795f-437e-a827-83d855823686,e3a290a4-4f4d-4951-881a-589f25ee6e27,->,52de5aa6-f8b4-4f77-91b8-f32833e9cdf4,java/lang/StringBuilder.java,toString
52de5aa6-f8b4-4f77-91b8-f32833e9cdf4,2fc6a727-795f-437e-a827-83d855823686,e3a290a4-4f4d-4951-881a-589f25ee6e27,->,52de5aa6-f8b4-4f77-91b8-f32833e9cdf4,java/io/PrintStream.java,println
52de5aa6-f8b4-4f77-91b8-f32833e9cdf4,2fc6a727-795f-437e-a827-83d855823686,e3a290a4-4f4d-4951-881a-589f25ee6e27,->,52de5aa6-f8b4-4f77-91b8-f32833e9cdf4,java/lang/StringBuilder.java,append
52de5aa6-f8b4-4f77-91b8-f32833e9cdf4,2fc6a727-795f-437e-a827-83d855823686,e3a290a4-4f4d-4951-881a-589f25ee6e27,->,52de5aa6-f8b4-4f77-91b8-f32833e9cdf4,java/lang/Math.java,rint
52de5aa6-f8b4-4f77-91b8-f32833e9cdf4,2fc6a727-795f-437e-a827-83d855823686,e3a290a4-4f4d-4951-881a-589f25ee6e27,->,52de5aa6-f8b4-4f77-91b8-f32833e9cdf4,java/lang/StringBuilder.java,append
52de5aa6-f8b4-4f77-91b8-f32833e9cdf4,2fc6a727-795f-437e-a827-83d855823686,e3a290a4-4f4d-4951-881a-589f25ee6e27,->,52de5aa6-f8b4-4f77-91b8-f32833e9cdf4,java/lang/StringBuilder.java,toString
52de5aa6-f8b4-4f77-91b8-f32833e9cdf4,2fc6a727-795f-437e-a827-83d855823686,e3a290a4-4f4d-4951-881a-589f25ee6e27,->,52de5aa6-f8b4-4f77-91b8-f32833e9cdf4,java/io/PrintStream.java,println
52de5aa6-f8b4-4f77-91b8-f32833e9cdf4,2fc6a727-795f-437e-a827-83d855823686,e3a290a4-4f4d-4951-881a-589f25ee6e27,->,52de5aa6-f8b4-4f77-91b8-f32833e9cdf4,java/io/PrintStream.java,println
52de5aa6-f8b4-4f77-91b8-f32833e9cdf4,2fc6a727-795f-437e-a827-83d855823686,c4546a7a-2f19-421f-a0b3-f37d2c0ec791,->,52de5aa6-f8b4-4f77-91b8-f32833e9cdf4,java/util/ArrayList.java,size
52de5aa6-f8b4-4f77-91b8-f32833e9cdf4,2fc6a727-795f-437e-a827-83d855823686,c4546a7a-2f19-421f-a0b3-f37d2c0ec791,->,52de5aa6-f8b4-4f77-91b8-f32833e9cdf4,java/util/ArrayList.java,size
52de5aa6-f8b4-4f77-91b8-f32833e9cdf4,2fc6a727-795f-437e-a827-83d855823686,c4546a7a-2f19-421f-a0b3-f37d2c0ec791,->,52de5aa6-f8b4-4f77-91b8-f32833e9cdf4,java/util/ArrayList.java,get
52de5aa6-f8b4-4f77-91b8-f32833e9cdf4,2fc6a727-795f-437e-a827-83d855823686,c4546a7a-2f19-421f-a0b3-f37d2c0ec791,->,52de5aa6-f8b4-4f77-91b8-f32833e9cdf4,java/util/ArrayList.java,get
52de5aa6-f8b4-4f77-91b8-f32833e9cdf4,2fc6a727-795f-437e-a827-83d855823686,c4546a7a-2f19-421f-a0b3-f37d2c0ec791,->,52de5aa6-f8b4-4f77-91b8-f32833e9cdf4,java/util/ArrayList.java,get
52de5aa6-f8b4-4f77-91b8-f32833e9cdf4,2fc6a727-795f-437e-a827-83d855823686,c4546a7a-2f19-421f-a0b3-f37d2c0ec791,->,52de5aa6-f8b4-4f77-91b8-f32833e9cdf4,java/util/ArrayList.java,get
52de5aa6-f8b4-4f77-91b8-f32833e9cdf4,2fc6a727-795f-437e-a827-83d855823686,c4546a7a-2f19-421f-a0b3-f37d2c0ec791,->,52de5aa6-f8b4-4f77-91b8-f32833e9cdf4,java/util/ArrayList.java,set
52de5aa6-f8b4-4f77-91b8-f32833e9cdf4,2fc6a727-795f-437e-a827-83d855823686,c4546a7a-2f19-421f-a0b3-f37d2c0ec791,->,52de5aa6-f8b4-4f77-91b8-f32833e9cdf4,java/util/ArrayList.java,set
52de5aa6-f8b4-4f77-91b8-f32833e9cdf4,2fc6a727-795f-437e-a827-83d855823686,f70bb2ad-bf29-4d12-aaae-8ecd2b735393,->,52de5aa6-f8b4-4f77-91b8-f32833e9cdf4,java/io/PrintStream.java,println
52de5aa6-f8b4-4f77-91b8-f32833e9cdf4,2fc6a727-795f-437e-a827-83d855823686,f70bb2ad-bf29-4d12-aaae-8ecd2b735393,->,52de5aa6-f8b4-4f77-91b8-f32833e9cdf4,java/util/ArrayList.java,size
52de5aa6-f8b4-4f77-91b8-f32833e9cdf4,2fc6a727-795f-437e-a827-83d855823686,f70bb2ad-bf29-4d12-aaae-8ecd2b735393,->,52de5aa6-f8b4-4f77-91b8-f32833e9cdf4,java/lang/StringBuilder.java,append
52de5aa6-f8b4-4f77-91b8-f32833e9cdf4,2fc6a727-795f-437e-a827-83d855823686,f70bb2ad-bf29-4d12-aaae-8ecd2b735393,->,52de5aa6-f8b4-4f77-91b8-f32833e9cdf4,java/util/ArrayList.java,get
52de5aa6-f8b4-4f77-91b8-f32833e9cdf4,2fc6a727-795f-437e-a827-83d855823686,f70bb2ad-bf29-4d12-aaae-8ecd2b735393,->,52de5aa6-f8b4-4f77-91b8-f32833e9cdf4,java/lang/StringBuilder.java,append
52de5aa6-f8b4-4f77-91b8-f32833e9cdf4,2fc6a727-795f-437e-a827-83d855823686,f70bb2ad-bf29-4d12-aaae-8ecd2b735393,->,52de5aa6-f8b4-4f77-91b8-f32833e9cdf4,java/lang/StringBuilder.java,append
52de5aa6-f8b4-4f77-91b8-f32833e9cdf4,2fc6a727-795f-437e-a827-83d855823686,f70bb2ad-bf29-4d12-aaae-8ecd2b735393,->,52de5aa6-f8b4-4f77-91b8-f32833e9cdf4,java/util/ArrayList.java,get
52de5aa6-f8b4-4f77-91b8-f32833e9cdf4,2fc6a727-795f-437e-a827-83d855823686,f70bb2ad-bf29-4d12-aaae-8ecd2b735393,->,52de5aa6-f8b4-4f77-91b8-f32833e9cdf4,19011a94-c616-485b-adbf-7e3a8646b94e,e86c4384-a9da-4180-b528-790dab9a34bc
52de5aa6-f8b4-4f77-91b8-f32833e9cdf4,2fc6a727-795f-437e-a827-83d855823686,f70bb2ad-bf29-4d12-aaae-8ecd2b735393,->,52de5aa6-f8b4-4f77-91b8-f32833e9cdf4,java/lang/StringBuilder.java,append
52de5aa6-f8b4-4f77-91b8-f32833e9cdf4,2fc6a727-795f-437e-a827-83d855823686,f70bb2ad-bf29-4d12-aaae-8ecd2b735393,->,52de5aa6-f8b4-4f77-91b8-f32833e9cdf4,java/lang/StringBuilder.java,toString
52de5aa6-f8b4-4f77-91b8-f32833e9cdf4,2fc6a727-795f-437e-a827-83d855823686,f70bb2ad-bf29-4d12-aaae-8ecd2b735393,->,52de5aa6-f8b4-4f77-91b8-f32833e9cdf4,java/io/PrintStream.java,println
52de5aa6-f8b4-4f77-91b8-f32833e9cdf4,2fc6a727-795f-437e-a827-83d855823686,f70bb2ad-bf29-4d12-aaae-8ecd2b735393,->,52de5aa6-f8b4-4f77-91b8-f32833e9cdf4,java/io/PrintStream.java,println
52de5aa6-f8b4-4f77-91b8-f32833e9cdf4,2fc6a727-795f-437e-a827-83d855823686,a51be1ff-593e-4a5a-ae2c-2a882dfb6929,->,52de5aa6-f8b4-4f77-91b8-f32833e9cdf4,f861cc94-cf08-4813-8f41-23181a2d7483,99559056-5a5c-4fbb-8ad4-f1a51a3a116d
52de5aa6-f8b4-4f77-91b8-f32833e9cdf4,2fc6a727-795f-437e-a827-83d855823686,a51be1ff-593e-4a5a-ae2c-2a882dfb6929,->,52de5aa6-f8b4-4f77-91b8-f32833e9cdf4,f861cc94-cf08-4813-8f41-23181a2d7483,03a34274-e8b2-4107-a4ad-dc6f0ec82a2b
52de5aa6-f8b4-4f77-91b8-f32833e9cdf4,2fc6a727-795f-437e-a827-83d855823686,a51be1ff-593e-4a5a-ae2c-2a882dfb6929,->,52de5aa6-f8b4-4f77-91b8-f32833e9cdf4,f861cc94-cf08-4813-8f41-23181a2d7483,3edc851a-c86c-4e7c-9e9e-b7b1936dad17
52de5aa6-f8b4-4f77-91b8-f32833e9cdf4,2fc6a727-795f-437e-a827-83d855823686,a51be1ff-593e-4a5a-ae2c-2a882dfb6929,->,52de5aa6-f8b4-4f77-91b8-f32833e9cdf4,2fc6a727-795f-437e-a827-83d855823686,09ab05bb-c0f9-46fc-ad44-24241d12c790
52de5aa6-f8b4-4f77-91b8-f32833e9cdf4,2fc6a727-795f-437e-a827-83d855823686,a51be1ff-593e-4a5a-ae2c-2a882dfb6929,->,52de5aa6-f8b4-4f77-91b8-f32833e9cdf4,2fc6a727-795f-437e-a827-83d855823686,e3a290a4-4f4d-4951-881a-589f25ee6e27
52de5aa6-f8b4-4f77-91b8-f32833e9cdf4,69c634be-2eab-4e78-9318-ec364d81901f,2df31803-e45d-4d4a-94a9-2d095e2c92c4,->,52de5aa6-f8b4-4f77-91b8-f32833e9cdf4,69c634be-2eab-4e78-9318-ec364d81901f,b2faf649-b71a-4682-8481-4fd1d984b0c4
52de5aa6-f8b4-4f77-91b8-f32833e9cdf4,69c634be-2eab-4e78-9318-ec364d81901f,2df31803-e45d-4d4a-94a9-2d095e2c92c4,->,52de5aa6-f8b4-4f77-91b8-f32833e9cdf4,java/util/ArrayList.java,get
52de5aa6-f8b4-4f77-91b8-f32833e9cdf4,69c634be-2eab-4e78-9318-ec364d81901f,2df31803-e45d-4d4a-94a9-2d095e2c92c4,->,52de5aa6-f8b4-4f77-91b8-f32833e9cdf4,java/util/ArrayList.java,get
52de5aa6-f8b4-4f77-91b8-f32833e9cdf4,69c634be-2eab-4e78-9318-ec364d81901f,2df31803-e45d-4d4a-94a9-2d095e2c92c4,->,52de5aa6-f8b4-4f77-91b8-f32833e9cdf4,java/util/ArrayList.java,get
52de5aa6-f8b4-4f77-91b8-f32833e9cdf4,69c634be-2eab-4e78-9318-ec364d81901f,2df31803-e45d-4d4a-94a9-2d095e2c92c4,->,52de5aa6-f8b4-4f77-91b8-f32833e9cdf4,111047e7-7809-4edb-81ad-44c396dde586,4a74dae9-2c12-494e-95fb-779a980395a9
52de5aa6-f8b4-4f77-91b8-f32833e9cdf4,69c634be-2eab-4e78-9318-ec364d81901f,2df31803-e45d-4d4a-94a9-2d095e2c92c4,->,52de5aa6-f8b4-4f77-91b8-f32833e9cdf4,111047e7-7809-4edb-81ad-44c396dde586,5fabf262-f44f-4962-a8c3-af21a75252db
52de5aa6-f8b4-4f77-91b8-f32833e9cdf4,69c634be-2eab-4e78-9318-ec364d81901f,2df31803-e45d-4d4a-94a9-2d095e2c92c4,->,52de5aa6-f8b4-4f77-91b8-f32833e9cdf4,111047e7-7809-4edb-81ad-44c396dde586,e146a6ac-5b5c-443b-a698-fcfc00b6934d
52de5aa6-f8b4-4f77-91b8-f32833e9cdf4,69c634be-2eab-4e78-9318-ec364d81901f,2df31803-e45d-4d4a-94a9-2d095e2c92c4,->,52de5aa6-f8b4-4f77-91b8-f32833e9cdf4,java/util/ArrayList.java,add
52de5aa6-f8b4-4f77-91b8-f32833e9cdf4,69c634be-2eab-4e78-9318-ec364d81901f,2df31803-e45d-4d4a-94a9-2d095e2c92c4,->,52de5aa6-f8b4-4f77-91b8-f32833e9cdf4,java/util/ArrayList.java,remove
52de5aa6-f8b4-4f77-91b8-f32833e9cdf4,69c634be-2eab-4e78-9318-ec364d81901f,2df31803-e45d-4d4a-94a9-2d095e2c92c4,->,52de5aa6-f8b4-4f77-91b8-f32833e9cdf4,111047e7-7809-4edb-81ad-44c396dde586,b956bd6e-381f-418d-adac-4c10dac79e56
52de5aa6-f8b4-4f77-91b8-f32833e9cdf4,69c634be-2eab-4e78-9318-ec364d81901f,2df31803-e45d-4d4a-94a9-2d095e2c92c4,->,52de5aa6-f8b4-4f77-91b8-f32833e9cdf4,111047e7-7809-4edb-81ad-44c396dde586,b956bd6e-381f-418d-adac-4c10dac79e56
52de5aa6-f8b4-4f77-91b8-f32833e9cdf4,69c634be-2eab-4e78-9318-ec364d81901f,2df31803-e45d-4d4a-94a9-2d095e2c92c4,->,52de5aa6-f8b4-4f77-91b8-f32833e9cdf4,19011a94-c616-485b-adbf-7e3a8646b94e,a10bd79b-c7b0-4098-9425-ffeda07a8a7f
52de5aa6-f8b4-4f77-91b8-f32833e9cdf4,69c634be-2eab-4e78-9318-ec364d81901f,2df31803-e45d-4d4a-94a9-2d095e2c92c4,->,52de5aa6-f8b4-4f77-91b8-f32833e9cdf4,java/util/ArrayList.java,add
52de5aa6-f8b4-4f77-91b8-f32833e9cdf4,69c634be-2eab-4e78-9318-ec364d81901f,2df31803-e45d-4d4a-94a9-2d095e2c92c4,->,52de5aa6-f8b4-4f77-91b8-f32833e9cdf4,java/util/ArrayList.java,get
52de5aa6-f8b4-4f77-91b8-f32833e9cdf4,69c634be-2eab-4e78-9318-ec364d81901f,2df31803-e45d-4d4a-94a9-2d095e2c92c4,->,52de5aa6-f8b4-4f77-91b8-f32833e9cdf4,java/util/ArrayList.java,get
52de5aa6-f8b4-4f77-91b8-f32833e9cdf4,69c634be-2eab-4e78-9318-ec364d81901f,2df31803-e45d-4d4a-94a9-2d095e2c92c4,->,52de5aa6-f8b4-4f77-91b8-f32833e9cdf4,java/util/ArrayList.java,get
52de5aa6-f8b4-4f77-91b8-f32833e9cdf4,69c634be-2eab-4e78-9318-ec364d81901f,2df31803-e45d-4d4a-94a9-2d095e2c92c4,->,52de5aa6-f8b4-4f77-91b8-f32833e9cdf4,java/util/ArrayList.java,get
52de5aa6-f8b4-4f77-91b8-f32833e9cdf4,69c634be-2eab-4e78-9318-ec364d81901f,2df31803-e45d-4d4a-94a9-2d095e2c92c4,->,52de5aa6-f8b4-4f77-91b8-f32833e9cdf4,java/util/ArrayList.java,get
52de5aa6-f8b4-4f77-91b8-f32833e9cdf4,69c634be-2eab-4e78-9318-ec364d81901f,2df31803-e45d-4d4a-94a9-2d095e2c92c4,->,52de5aa6-f8b4-4f77-91b8-f32833e9cdf4,java/util/ArrayList.java,get
52de5aa6-f8b4-4f77-91b8-f32833e9cdf4,69c634be-2eab-4e78-9318-ec364d81901f,2df31803-e45d-4d4a-94a9-2d095e2c92c4,->,52de5aa6-f8b4-4f77-91b8-f32833e9cdf4,java/util/ArrayList.java,get
52de5aa6-f8b4-4f77-91b8-f32833e9cdf4,69c634be-2eab-4e78-9318-ec364d81901f,2df31803-e45d-4d4a-94a9-2d095e2c92c4,->,52de5aa6-f8b4-4f77-91b8-f32833e9cdf4,111047e7-7809-4edb-81ad-44c396dde586,b956bd6e-381f-418d-adac-4c10dac79e56
52de5aa6-f8b4-4f77-91b8-f32833e9cdf4,69c634be-2eab-4e78-9318-ec364d81901f,2df31803-e45d-4d4a-94a9-2d095e2c92c4,->,52de5aa6-f8b4-4f77-91b8-f32833e9cdf4,111047e7-7809-4edb-81ad-44c396dde586,b956bd6e-381f-418d-adac-4c10dac79e56
52de5aa6-f8b4-4f77-91b8-f32833e9cdf4,69c634be-2eab-4e78-9318-ec364d81901f,2df31803-e45d-4d4a-94a9-2d095e2c92c4,->,52de5aa6-f8b4-4f77-91b8-f32833e9cdf4,java/util/ArrayList.java,add
52de5aa6-f8b4-4f77-91b8-f32833e9cdf4,69c634be-2eab-4e78-9318-ec364d81901f,2df31803-e45d-4d4a-94a9-2d095e2c92c4,->,52de5aa6-f8b4-4f77-91b8-f32833e9cdf4,19011a94-c616-485b-adbf-7e3a8646b94e,2470eb31-8e0b-4201-b217-a240b8cd4b82
52de5aa6-f8b4-4f77-91b8-f32833e9cdf4,69c634be-2eab-4e78-9318-ec364d81901f,2df31803-e45d-4d4a-94a9-2d095e2c92c4,->,52de5aa6-f8b4-4f77-91b8-f32833e9cdf4,java/util/ArrayList.java,add
52de5aa6-f8b4-4f77-91b8-f32833e9cdf4,69c634be-2eab-4e78-9318-ec364d81901f,2df31803-e45d-4d4a-94a9-2d095e2c92c4,->,52de5aa6-f8b4-4f77-91b8-f32833e9cdf4,java/util/ArrayList.java,get
52de5aa6-f8b4-4f77-91b8-f32833e9cdf4,69c634be-2eab-4e78-9318-ec364d81901f,2df31803-e45d-4d4a-94a9-2d095e2c92c4,->,52de5aa6-f8b4-4f77-91b8-f32833e9cdf4,java/util/ArrayList.java,get
52de5aa6-f8b4-4f77-91b8-f32833e9cdf4,69c634be-2eab-4e78-9318-ec364d81901f,2df31803-e45d-4d4a-94a9-2d095e2c92c4,->,52de5aa6-f8b4-4f77-91b8-f32833e9cdf4,java/util/ArrayList.java,get
52de5aa6-f8b4-4f77-91b8-f32833e9cdf4,69c634be-2eab-4e78-9318-ec364d81901f,2df31803-e45d-4d4a-94a9-2d095e2c92c4,->,52de5aa6-f8b4-4f77-91b8-f32833e9cdf4,java/util/ArrayList.java,get
52de5aa6-f8b4-4f77-91b8-f32833e9cdf4,69c634be-2eab-4e78-9318-ec364d81901f,2df31803-e45d-4d4a-94a9-2d095e2c92c4,->,52de5aa6-f8b4-4f77-91b8-f32833e9cdf4,java/util/ArrayList.java,get
52de5aa6-f8b4-4f77-91b8-f32833e9cdf4,69c634be-2eab-4e78-9318-ec364d81901f,2df31803-e45d-4d4a-94a9-2d095e2c92c4,->,52de5aa6-f8b4-4f77-91b8-f32833e9cdf4,java/util/ArrayList.java,get
52de5aa6-f8b4-4f77-91b8-f32833e9cdf4,69c634be-2eab-4e78-9318-ec364d81901f,2df31803-e45d-4d4a-94a9-2d095e2c92c4,->,52de5aa6-f8b4-4f77-91b8-f32833e9cdf4,java/util/ArrayList.java,get
52de5aa6-f8b4-4f77-91b8-f32833e9cdf4,69c634be-2eab-4e78-9318-ec364d81901f,2df31803-e45d-4d4a-94a9-2d095e2c92c4,->,52de5aa6-f8b4-4f77-91b8-f32833e9cdf4,111047e7-7809-4edb-81ad-44c396dde586,0c94a9ae-2c37-4891-b19f-c0a5ce8352bb
52de5aa6-f8b4-4f77-91b8-f32833e9cdf4,69c634be-2eab-4e78-9318-ec364d81901f,2df31803-e45d-4d4a-94a9-2d095e2c92c4,->,52de5aa6-f8b4-4f77-91b8-f32833e9cdf4,111047e7-7809-4edb-81ad-44c396dde586,0c94a9ae-2c37-4891-b19f-c0a5ce8352bb
52de5aa6-f8b4-4f77-91b8-f32833e9cdf4,69c634be-2eab-4e78-9318-ec364d81901f,2df31803-e45d-4d4a-94a9-2d095e2c92c4,->,52de5aa6-f8b4-4f77-91b8-f32833e9cdf4,java/util/ArrayList.java,remove
52de5aa6-f8b4-4f77-91b8-f32833e9cdf4,69c634be-2eab-4e78-9318-ec364d81901f,2df31803-e45d-4d4a-94a9-2d095e2c92c4,->,52de5aa6-f8b4-4f77-91b8-f32833e9cdf4,java/util/ArrayList.java,get
52de5aa6-f8b4-4f77-91b8-f32833e9cdf4,69c634be-2eab-4e78-9318-ec364d81901f,2df31803-e45d-4d4a-94a9-2d095e2c92c4,->,52de5aa6-f8b4-4f77-91b8-f32833e9cdf4,java/util/ArrayList.java,remove
52de5aa6-f8b4-4f77-91b8-f32833e9cdf4,69c634be-2eab-4e78-9318-ec364d81901f,2df31803-e45d-4d4a-94a9-2d095e2c92c4,->,52de5aa6-f8b4-4f77-91b8-f32833e9cdf4,19011a94-c616-485b-adbf-7e3a8646b94e,a10bd79b-c7b0-4098-9425-ffeda07a8a7f
52de5aa6-f8b4-4f77-91b8-f32833e9cdf4,69c634be-2eab-4e78-9318-ec364d81901f,2df31803-e45d-4d4a-94a9-2d095e2c92c4,->,52de5aa6-f8b4-4f77-91b8-f32833e9cdf4,java/util/ArrayList.java,add
52de5aa6-f8b4-4f77-91b8-f32833e9cdf4,69c634be-2eab-4e78-9318-ec364d81901f,2df31803-e45d-4d4a-94a9-2d095e2c92c4,->,52de5aa6-f8b4-4f77-91b8-f32833e9cdf4,java/util/ArrayList.java,get
52de5aa6-f8b4-4f77-91b8-f32833e9cdf4,69c634be-2eab-4e78-9318-ec364d81901f,2df31803-e45d-4d4a-94a9-2d095e2c92c4,->,52de5aa6-f8b4-4f77-91b8-f32833e9cdf4,java/util/ArrayList.java,get
52de5aa6-f8b4-4f77-91b8-f32833e9cdf4,69c634be-2eab-4e78-9318-ec364d81901f,2df31803-e45d-4d4a-94a9-2d095e2c92c4,->,52de5aa6-f8b4-4f77-91b8-f32833e9cdf4,java/util/ArrayList.java,get
52de5aa6-f8b4-4f77-91b8-f32833e9cdf4,69c634be-2eab-4e78-9318-ec364d81901f,2df31803-e45d-4d4a-94a9-2d095e2c92c4,->,52de5aa6-f8b4-4f77-91b8-f32833e9cdf4,java/util/ArrayList.java,get
52de5aa6-f8b4-4f77-91b8-f32833e9cdf4,69c634be-2eab-4e78-9318-ec364d81901f,2df31803-e45d-4d4a-94a9-2d095e2c92c4,->,52de5aa6-f8b4-4f77-91b8-f32833e9cdf4,java/util/ArrayList.java,remove
52de5aa6-f8b4-4f77-91b8-f32833e9cdf4,69c634be-2eab-4e78-9318-ec364d81901f,2df31803-e45d-4d4a-94a9-2d095e2c92c4,->,52de5aa6-f8b4-4f77-91b8-f32833e9cdf4,java/util/ArrayList.java,get
52de5aa6-f8b4-4f77-91b8-f32833e9cdf4,69c634be-2eab-4e78-9318-ec364d81901f,2df31803-e45d-4d4a-94a9-2d095e2c92c4,->,52de5aa6-f8b4-4f77-91b8-f32833e9cdf4,java/util/ArrayList.java,get
52de5aa6-f8b4-4f77-91b8-f32833e9cdf4,69c634be-2eab-4e78-9318-ec364d81901f,2df31803-e45d-4d4a-94a9-2d095e2c92c4,->,52de5aa6-f8b4-4f77-91b8-f32833e9cdf4,java/util/ArrayList.java,get
52de5aa6-f8b4-4f77-91b8-f32833e9cdf4,69c634be-2eab-4e78-9318-ec364d81901f,2df31803-e45d-4d4a-94a9-2d095e2c92c4,->,52de5aa6-f8b4-4f77-91b8-f32833e9cdf4,java/util/ArrayList.java,get
52de5aa6-f8b4-4f77-91b8-f32833e9cdf4,69c634be-2eab-4e78-9318-ec364d81901f,2df31803-e45d-4d4a-94a9-2d095e2c92c4,->,52de5aa6-f8b4-4f77-91b8-f32833e9cdf4,java/util/ArrayList.java,get
52de5aa6-f8b4-4f77-91b8-f32833e9cdf4,69c634be-2eab-4e78-9318-ec364d81901f,2df31803-e45d-4d4a-94a9-2d095e2c92c4,->,52de5aa6-f8b4-4f77-91b8-f32833e9cdf4,111047e7-7809-4edb-81ad-44c396dde586,0c94a9ae-2c37-4891-b19f-c0a5ce8352bb
52de5aa6-f8b4-4f77-91b8-f32833e9cdf4,69c634be-2eab-4e78-9318-ec364d81901f,2df31803-e45d-4d4a-94a9-2d095e2c92c4,->,52de5aa6-f8b4-4f77-91b8-f32833e9cdf4,111047e7-7809-4edb-81ad-44c396dde586,0c94a9ae-2c37-4891-b19f-c0a5ce8352bb
52de5aa6-f8b4-4f77-91b8-f32833e9cdf4,69c634be-2eab-4e78-9318-ec364d81901f,2df31803-e45d-4d4a-94a9-2d095e2c92c4,->,52de5aa6-f8b4-4f77-91b8-f32833e9cdf4,java/util/ArrayList.java,remove
52de5aa6-f8b4-4f77-91b8-f32833e9cdf4,69c634be-2eab-4e78-9318-ec364d81901f,2df31803-e45d-4d4a-94a9-2d095e2c92c4,->,52de5aa6-f8b4-4f77-91b8-f32833e9cdf4,java/util/ArrayList.java,get
52de5aa6-f8b4-4f77-91b8-f32833e9cdf4,69c634be-2eab-4e78-9318-ec364d81901f,2df31803-e45d-4d4a-94a9-2d095e2c92c4,->,52de5aa6-f8b4-4f77-91b8-f32833e9cdf4,java/util/ArrayList.java,remove
52de5aa6-f8b4-4f77-91b8-f32833e9cdf4,69c634be-2eab-4e78-9318-ec364d81901f,2df31803-e45d-4d4a-94a9-2d095e2c92c4,->,52de5aa6-f8b4-4f77-91b8-f32833e9cdf4,19011a94-c616-485b-adbf-7e3a8646b94e,a10bd79b-c7b0-4098-9425-ffeda07a8a7f
52de5aa6-f8b4-4f77-91b8-f32833e9cdf4,69c634be-2eab-4e78-9318-ec364d81901f,2df31803-e45d-4d4a-94a9-2d095e2c92c4,->,52de5aa6-f8b4-4f77-91b8-f32833e9cdf4,java/util/ArrayList.java,add
52de5aa6-f8b4-4f77-91b8-f32833e9cdf4,69c634be-2eab-4e78-9318-ec364d81901f,2df31803-e45d-4d4a-94a9-2d095e2c92c4,->,52de5aa6-f8b4-4f77-91b8-f32833e9cdf4,java/util/ArrayList.java,get
52de5aa6-f8b4-4f77-91b8-f32833e9cdf4,69c634be-2eab-4e78-9318-ec364d81901f,2df31803-e45d-4d4a-94a9-2d095e2c92c4,->,52de5aa6-f8b4-4f77-91b8-f32833e9cdf4,java/util/ArrayList.java,get
52de5aa6-f8b4-4f77-91b8-f32833e9cdf4,69c634be-2eab-4e78-9318-ec364d81901f,2df31803-e45d-4d4a-94a9-2d095e2c92c4,->,52de5aa6-f8b4-4f77-91b8-f32833e9cdf4,java/util/ArrayList.java,isEmpty
52de5aa6-f8b4-4f77-91b8-f32833e9cdf4,69c634be-2eab-4e78-9318-ec364d81901f,eaef6bf7-a762-4819-ae5d-474dccd7bb4b,->,52de5aa6-f8b4-4f77-91b8-f32833e9cdf4,java/io/PrintStream.java,println
52de5aa6-f8b4-4f77-91b8-f32833e9cdf4,69c634be-2eab-4e78-9318-ec364d81901f,eaef6bf7-a762-4819-ae5d-474dccd7bb4b,->,52de5aa6-f8b4-4f77-91b8-f32833e9cdf4,java/lang/StringBuilder.java,append
52de5aa6-f8b4-4f77-91b8-f32833e9cdf4,69c634be-2eab-4e78-9318-ec364d81901f,eaef6bf7-a762-4819-ae5d-474dccd7bb4b,->,52de5aa6-f8b4-4f77-91b8-f32833e9cdf4,java/lang/StringBuilder.java,append
52de5aa6-f8b4-4f77-91b8-f32833e9cdf4,69c634be-2eab-4e78-9318-ec364d81901f,eaef6bf7-a762-4819-ae5d-474dccd7bb4b,->,52de5aa6-f8b4-4f77-91b8-f32833e9cdf4,java/lang/StringBuilder.java,toString
52de5aa6-f8b4-4f77-91b8-f32833e9cdf4,69c634be-2eab-4e78-9318-ec364d81901f,eaef6bf7-a762-4819-ae5d-474dccd7bb4b,->,52de5aa6-f8b4-4f77-91b8-f32833e9cdf4,java/io/PrintStream.java,println
52de5aa6-f8b4-4f77-91b8-f32833e9cdf4,69c634be-2eab-4e78-9318-ec364d81901f,eaef6bf7-a762-4819-ae5d-474dccd7bb4b,->,52de5aa6-f8b4-4f77-91b8-f32833e9cdf4,java/lang/StringBuilder.java,append
52de5aa6-f8b4-4f77-91b8-f32833e9cdf4,69c634be-2eab-4e78-9318-ec364d81901f,eaef6bf7-a762-4819-ae5d-474dccd7bb4b,->,52de5aa6-f8b4-4f77-91b8-f32833e9cdf4,java/lang/StringBuilder.java,append
52de5aa6-f8b4-4f77-91b8-f32833e9cdf4,69c634be-2eab-4e78-9318-ec364d81901f,eaef6bf7-a762-4819-ae5d-474dccd7bb4b,->,52de5aa6-f8b4-4f77-91b8-f32833e9cdf4,java/lang/StringBuilder.java,toString
52de5aa6-f8b4-4f77-91b8-f32833e9cdf4,69c634be-2eab-4e78-9318-ec364d81901f,eaef6bf7-a762-4819-ae5d-474dccd7bb4b,->,52de5aa6-f8b4-4f77-91b8-f32833e9cdf4,java/io/PrintStream.java,println
52de5aa6-f8b4-4f77-91b8-f32833e9cdf4,69c634be-2eab-4e78-9318-ec364d81901f,eaef6bf7-a762-4819-ae5d-474dccd7bb4b,->,52de5aa6-f8b4-4f77-91b8-f32833e9cdf4,java/lang/StringBuilder.java,append
52de5aa6-f8b4-4f77-91b8-f32833e9cdf4,69c634be-2eab-4e78-9318-ec364d81901f,eaef6bf7-a762-4819-ae5d-474dccd7bb4b,->,52de5aa6-f8b4-4f77-91b8-f32833e9cdf4,19011a94-c616-485b-adbf-7e3a8646b94e,e86c4384-a9da-4180-b528-790dab9a34bc
52de5aa6-f8b4-4f77-91b8-f32833e9cdf4,69c634be-2eab-4e78-9318-ec364d81901f,eaef6bf7-a762-4819-ae5d-474dccd7bb4b,->,52de5aa6-f8b4-4f77-91b8-f32833e9cdf4,java/lang/StringBuilder.java,append
52de5aa6-f8b4-4f77-91b8-f32833e9cdf4,69c634be-2eab-4e78-9318-ec364d81901f,eaef6bf7-a762-4819-ae5d-474dccd7bb4b,->,52de5aa6-f8b4-4f77-91b8-f32833e9cdf4,java/lang/StringBuilder.java,append
52de5aa6-f8b4-4f77-91b8-f32833e9cdf4,69c634be-2eab-4e78-9318-ec364d81901f,eaef6bf7-a762-4819-ae5d-474dccd7bb4b,->,52de5aa6-f8b4-4f77-91b8-f32833e9cdf4,java/lang/StringBuilder.java,toString
52de5aa6-f8b4-4f77-91b8-f32833e9cdf4,69c634be-2eab-4e78-9318-ec364d81901f,eaef6bf7-a762-4819-ae5d-474dccd7bb4b,->,52de5aa6-f8b4-4f77-91b8-f32833e9cdf4,java/io/PrintStream.java,println
52de5aa6-f8b4-4f77-91b8-f32833e9cdf4,69c634be-2eab-4e78-9318-ec364d81901f,eaef6bf7-a762-4819-ae5d-474dccd7bb4b,->,52de5aa6-f8b4-4f77-91b8-f32833e9cdf4,java/util/ArrayList.java,size
52de5aa6-f8b4-4f77-91b8-f32833e9cdf4,69c634be-2eab-4e78-9318-ec364d81901f,eaef6bf7-a762-4819-ae5d-474dccd7bb4b,->,52de5aa6-f8b4-4f77-91b8-f32833e9cdf4,java/util/ArrayList.java,size
52de5aa6-f8b4-4f77-91b8-f32833e9cdf4,69c634be-2eab-4e78-9318-ec364d81901f,eaef6bf7-a762-4819-ae5d-474dccd7bb4b,->,52de5aa6-f8b4-4f77-91b8-f32833e9cdf4,java/lang/StringBuilder.java,append
52de5aa6-f8b4-4f77-91b8-f32833e9cdf4,69c634be-2eab-4e78-9318-ec364d81901f,eaef6bf7-a762-4819-ae5d-474dccd7bb4b,->,52de5aa6-f8b4-4f77-91b8-f32833e9cdf4,java/util/ArrayList.java,get
52de5aa6-f8b4-4f77-91b8-f32833e9cdf4,69c634be-2eab-4e78-9318-ec364d81901f,eaef6bf7-a762-4819-ae5d-474dccd7bb4b,->,52de5aa6-f8b4-4f77-91b8-f32833e9cdf4,java/lang/StringBuilder.java,append
52de5aa6-f8b4-4f77-91b8-f32833e9cdf4,69c634be-2eab-4e78-9318-ec364d81901f,eaef6bf7-a762-4819-ae5d-474dccd7bb4b,->,52de5aa6-f8b4-4f77-91b8-f32833e9cdf4,java/lang/StringBuilder.java,append
52de5aa6-f8b4-4f77-91b8-f32833e9cdf4,69c634be-2eab-4e78-9318-ec364d81901f,eaef6bf7-a762-4819-ae5d-474dccd7bb4b,->,52de5aa6-f8b4-4f77-91b8-f32833e9cdf4,java/util/ArrayList.java,get
52de5aa6-f8b4-4f77-91b8-f32833e9cdf4,69c634be-2eab-4e78-9318-ec364d81901f,eaef6bf7-a762-4819-ae5d-474dccd7bb4b,->,52de5aa6-f8b4-4f77-91b8-f32833e9cdf4,19011a94-c616-485b-adbf-7e3a8646b94e,e86c4384-a9da-4180-b528-790dab9a34bc
52de5aa6-f8b4-4f77-91b8-f32833e9cdf4,69c634be-2eab-4e78-9318-ec364d81901f,eaef6bf7-a762-4819-ae5d-474dccd7bb4b,->,52de5aa6-f8b4-4f77-91b8-f32833e9cdf4,java/lang/StringBuilder.java,append
52de5aa6-f8b4-4f77-91b8-f32833e9cdf4,69c634be-2eab-4e78-9318-ec364d81901f,eaef6bf7-a762-4819-ae5d-474dccd7bb4b,->,52de5aa6-f8b4-4f77-91b8-f32833e9cdf4,java/lang/StringBuilder.java,append
52de5aa6-f8b4-4f77-91b8-f32833e9cdf4,69c634be-2eab-4e78-9318-ec364d81901f,eaef6bf7-a762-4819-ae5d-474dccd7bb4b,->,52de5aa6-f8b4-4f77-91b8-f32833e9cdf4,java/util/ArrayList.java,get
52de5aa6-f8b4-4f77-91b8-f32833e9cdf4,69c634be-2eab-4e78-9318-ec364d81901f,eaef6bf7-a762-4819-ae5d-474dccd7bb4b,->,52de5aa6-f8b4-4f77-91b8-f32833e9cdf4,19011a94-c616-485b-adbf-7e3a8646b94e,e86c4384-a9da-4180-b528-790dab9a34bc
52de5aa6-f8b4-4f77-91b8-f32833e9cdf4,69c634be-2eab-4e78-9318-ec364d81901f,eaef6bf7-a762-4819-ae5d-474dccd7bb4b,->,52de5aa6-f8b4-4f77-91b8-f32833e9cdf4,java/lang/StringBuilder.java,append
52de5aa6-f8b4-4f77-91b8-f32833e9cdf4,69c634be-2eab-4e78-9318-ec364d81901f,eaef6bf7-a762-4819-ae5d-474dccd7bb4b,->,52de5aa6-f8b4-4f77-91b8-f32833e9cdf4,java/lang/StringBuilder.java,append
52de5aa6-f8b4-4f77-91b8-f32833e9cdf4,69c634be-2eab-4e78-9318-ec364d81901f,eaef6bf7-a762-4819-ae5d-474dccd7bb4b,->,52de5aa6-f8b4-4f77-91b8-f32833e9cdf4,java/util/ArrayList.java,get
52de5aa6-f8b4-4f77-91b8-f32833e9cdf4,69c634be-2eab-4e78-9318-ec364d81901f,eaef6bf7-a762-4819-ae5d-474dccd7bb4b,->,52de5aa6-f8b4-4f77-91b8-f32833e9cdf4,19011a94-c616-485b-adbf-7e3a8646b94e,e86c4384-a9da-4180-b528-790dab9a34bc
52de5aa6-f8b4-4f77-91b8-f32833e9cdf4,69c634be-2eab-4e78-9318-ec364d81901f,eaef6bf7-a762-4819-ae5d-474dccd7bb4b,->,52de5aa6-f8b4-4f77-91b8-f32833e9cdf4,java/lang/StringBuilder.java,append
52de5aa6-f8b4-4f77-91b8-f32833e9cdf4,69c634be-2eab-4e78-9318-ec364d81901f,eaef6bf7-a762-4819-ae5d-474dccd7bb4b,->,52de5aa6-f8b4-4f77-91b8-f32833e9cdf4,java/lang/StringBuilder.java,append
52de5aa6-f8b4-4f77-91b8-f32833e9cdf4,69c634be-2eab-4e78-9318-ec364d81901f,eaef6bf7-a762-4819-ae5d-474dccd7bb4b,->,52de5aa6-f8b4-4f77-91b8-f32833e9cdf4,java/util/ArrayList.java,get
52de5aa6-f8b4-4f77-91b8-f32833e9cdf4,69c634be-2eab-4e78-9318-ec364d81901f,eaef6bf7-a762-4819-ae5d-474dccd7bb4b,->,52de5aa6-f8b4-4f77-91b8-f32833e9cdf4,java/lang/StringBuilder.java,append
52de5aa6-f8b4-4f77-91b8-f32833e9cdf4,69c634be-2eab-4e78-9318-ec364d81901f,eaef6bf7-a762-4819-ae5d-474dccd7bb4b,->,52de5aa6-f8b4-4f77-91b8-f32833e9cdf4,java/lang/StringBuilder.java,append
52de5aa6-f8b4-4f77-91b8-f32833e9cdf4,69c634be-2eab-4e78-9318-ec364d81901f,eaef6bf7-a762-4819-ae5d-474dccd7bb4b,->,52de5aa6-f8b4-4f77-91b8-f32833e9cdf4,java/util/ArrayList.java,get
52de5aa6-f8b4-4f77-91b8-f32833e9cdf4,69c634be-2eab-4e78-9318-ec364d81901f,eaef6bf7-a762-4819-ae5d-474dccd7bb4b,->,52de5aa6-f8b4-4f77-91b8-f32833e9cdf4,java/lang/StringBuilder.java,append
52de5aa6-f8b4-4f77-91b8-f32833e9cdf4,69c634be-2eab-4e78-9318-ec364d81901f,eaef6bf7-a762-4819-ae5d-474dccd7bb4b,->,52de5aa6-f8b4-4f77-91b8-f32833e9cdf4,java/lang/StringBuilder.java,append
52de5aa6-f8b4-4f77-91b8-f32833e9cdf4,69c634be-2eab-4e78-9318-ec364d81901f,eaef6bf7-a762-4819-ae5d-474dccd7bb4b,->,52de5aa6-f8b4-4f77-91b8-f32833e9cdf4,java/util/ArrayList.java,get
52de5aa6-f8b4-4f77-91b8-f32833e9cdf4,69c634be-2eab-4e78-9318-ec364d81901f,eaef6bf7-a762-4819-ae5d-474dccd7bb4b,->,52de5aa6-f8b4-4f77-91b8-f32833e9cdf4,java/lang/StringBuilder.java,append
52de5aa6-f8b4-4f77-91b8-f32833e9cdf4,69c634be-2eab-4e78-9318-ec364d81901f,eaef6bf7-a762-4819-ae5d-474dccd7bb4b,->,52de5aa6-f8b4-4f77-91b8-f32833e9cdf4,java/lang/StringBuilder.java,toString
52de5aa6-f8b4-4f77-91b8-f32833e9cdf4,69c634be-2eab-4e78-9318-ec364d81901f,eaef6bf7-a762-4819-ae5d-474dccd7bb4b,->,52de5aa6-f8b4-4f77-91b8-f32833e9cdf4,java/io/PrintStream.java,println
52de5aa6-f8b4-4f77-91b8-f32833e9cdf4,69c634be-2eab-4e78-9318-ec364d81901f,eaef6bf7-a762-4819-ae5d-474dccd7bb4b,->,52de5aa6-f8b4-4f77-91b8-f32833e9cdf4,java/util/ArrayList.java,get
52de5aa6-f8b4-4f77-91b8-f32833e9cdf4,69c634be-2eab-4e78-9318-ec364d81901f,eaef6bf7-a762-4819-ae5d-474dccd7bb4b,->,52de5aa6-f8b4-4f77-91b8-f32833e9cdf4,java/util/ArrayList.java,get
52de5aa6-f8b4-4f77-91b8-f32833e9cdf4,69c634be-2eab-4e78-9318-ec364d81901f,eaef6bf7-a762-4819-ae5d-474dccd7bb4b,->,52de5aa6-f8b4-4f77-91b8-f32833e9cdf4,java/util/ArrayList.java,get
52de5aa6-f8b4-4f77-91b8-f32833e9cdf4,69c634be-2eab-4e78-9318-ec364d81901f,eaef6bf7-a762-4819-ae5d-474dccd7bb4b,->,52de5aa6-f8b4-4f77-91b8-f32833e9cdf4,java/util/ArrayList.java,get
52de5aa6-f8b4-4f77-91b8-f32833e9cdf4,69c634be-2eab-4e78-9318-ec364d81901f,eaef6bf7-a762-4819-ae5d-474dccd7bb4b,->,52de5aa6-f8b4-4f77-91b8-f32833e9cdf4,java/lang/StringBuilder.java,append
52de5aa6-f8b4-4f77-91b8-f32833e9cdf4,69c634be-2eab-4e78-9318-ec364d81901f,eaef6bf7-a762-4819-ae5d-474dccd7bb4b,->,52de5aa6-f8b4-4f77-91b8-f32833e9cdf4,java/lang/Math.java,rint
52de5aa6-f8b4-4f77-91b8-f32833e9cdf4,69c634be-2eab-4e78-9318-ec364d81901f,eaef6bf7-a762-4819-ae5d-474dccd7bb4b,->,52de5aa6-f8b4-4f77-91b8-f32833e9cdf4,java/lang/StringBuilder.java,append
52de5aa6-f8b4-4f77-91b8-f32833e9cdf4,69c634be-2eab-4e78-9318-ec364d81901f,eaef6bf7-a762-4819-ae5d-474dccd7bb4b,->,52de5aa6-f8b4-4f77-91b8-f32833e9cdf4,java/lang/StringBuilder.java,toString
52de5aa6-f8b4-4f77-91b8-f32833e9cdf4,69c634be-2eab-4e78-9318-ec364d81901f,eaef6bf7-a762-4819-ae5d-474dccd7bb4b,->,52de5aa6-f8b4-4f77-91b8-f32833e9cdf4,java/io/PrintStream.java,println
52de5aa6-f8b4-4f77-91b8-f32833e9cdf4,69c634be-2eab-4e78-9318-ec364d81901f,eaef6bf7-a762-4819-ae5d-474dccd7bb4b,->,52de5aa6-f8b4-4f77-91b8-f32833e9cdf4,java/io/PrintStream.java,println
52de5aa6-f8b4-4f77-91b8-f32833e9cdf4,69c634be-2eab-4e78-9318-ec364d81901f,eaef6bf7-a762-4819-ae5d-474dccd7bb4b,->,52de5aa6-f8b4-4f77-91b8-f32833e9cdf4,java/lang/StringBuilder.java,append
52de5aa6-f8b4-4f77-91b8-f32833e9cdf4,69c634be-2eab-4e78-9318-ec364d81901f,eaef6bf7-a762-4819-ae5d-474dccd7bb4b,->,52de5aa6-f8b4-4f77-91b8-f32833e9cdf4,19011a94-c616-485b-adbf-7e3a8646b94e,e86c4384-a9da-4180-b528-790dab9a34bc
52de5aa6-f8b4-4f77-91b8-f32833e9cdf4,69c634be-2eab-4e78-9318-ec364d81901f,eaef6bf7-a762-4819-ae5d-474dccd7bb4b,->,52de5aa6-f8b4-4f77-91b8-f32833e9cdf4,java/lang/StringBuilder.java,append
52de5aa6-f8b4-4f77-91b8-f32833e9cdf4,69c634be-2eab-4e78-9318-ec364d81901f,eaef6bf7-a762-4819-ae5d-474dccd7bb4b,->,52de5aa6-f8b4-4f77-91b8-f32833e9cdf4,java/lang/StringBuilder.java,toString
52de5aa6-f8b4-4f77-91b8-f32833e9cdf4,69c634be-2eab-4e78-9318-ec364d81901f,eaef6bf7-a762-4819-ae5d-474dccd7bb4b,->,52de5aa6-f8b4-4f77-91b8-f32833e9cdf4,java/io/PrintStream.java,println
52de5aa6-f8b4-4f77-91b8-f32833e9cdf4,69c634be-2eab-4e78-9318-ec364d81901f,eaef6bf7-a762-4819-ae5d-474dccd7bb4b,->,52de5aa6-f8b4-4f77-91b8-f32833e9cdf4,java/io/PrintStream.java,println
52de5aa6-f8b4-4f77-91b8-f32833e9cdf4,69c634be-2eab-4e78-9318-ec364d81901f,b2faf649-b71a-4682-8481-4fd1d984b0c4,->,52de5aa6-f8b4-4f77-91b8-f32833e9cdf4,java/util/ArrayList.java,size
52de5aa6-f8b4-4f77-91b8-f32833e9cdf4,69c634be-2eab-4e78-9318-ec364d81901f,b2faf649-b71a-4682-8481-4fd1d984b0c4,->,52de5aa6-f8b4-4f77-91b8-f32833e9cdf4,java/util/ArrayList.java,size
52de5aa6-f8b4-4f77-91b8-f32833e9cdf4,69c634be-2eab-4e78-9318-ec364d81901f,b2faf649-b71a-4682-8481-4fd1d984b0c4,->,52de5aa6-f8b4-4f77-91b8-f32833e9cdf4,java/util/ArrayList.java,get
52de5aa6-f8b4-4f77-91b8-f32833e9cdf4,69c634be-2eab-4e78-9318-ec364d81901f,b2faf649-b71a-4682-8481-4fd1d984b0c4,->,52de5aa6-f8b4-4f77-91b8-f32833e9cdf4,java/util/ArrayList.java,get
52de5aa6-f8b4-4f77-91b8-f32833e9cdf4,69c634be-2eab-4e78-9318-ec364d81901f,b2faf649-b71a-4682-8481-4fd1d984b0c4,->,52de5aa6-f8b4-4f77-91b8-f32833e9cdf4,java/util/ArrayList.java,get
52de5aa6-f8b4-4f77-91b8-f32833e9cdf4,69c634be-2eab-4e78-9318-ec364d81901f,b2faf649-b71a-4682-8481-4fd1d984b0c4,->,52de5aa6-f8b4-4f77-91b8-f32833e9cdf4,java/util/ArrayList.java,get
52de5aa6-f8b4-4f77-91b8-f32833e9cdf4,69c634be-2eab-4e78-9318-ec364d81901f,b2faf649-b71a-4682-8481-4fd1d984b0c4,->,52de5aa6-f8b4-4f77-91b8-f32833e9cdf4,java/util/ArrayList.java,set
52de5aa6-f8b4-4f77-91b8-f32833e9cdf4,69c634be-2eab-4e78-9318-ec364d81901f,b2faf649-b71a-4682-8481-4fd1d984b0c4,->,52de5aa6-f8b4-4f77-91b8-f32833e9cdf4,java/util/ArrayList.java,set
52de5aa6-f8b4-4f77-91b8-f32833e9cdf4,69c634be-2eab-4e78-9318-ec364d81901f,59656fec-ad9d-4e12-9bb0-d8c41f76247f,->,52de5aa6-f8b4-4f77-91b8-f32833e9cdf4,java/io/PrintStream.java,println
52de5aa6-f8b4-4f77-91b8-f32833e9cdf4,69c634be-2eab-4e78-9318-ec364d81901f,59656fec-ad9d-4e12-9bb0-d8c41f76247f,->,52de5aa6-f8b4-4f77-91b8-f32833e9cdf4,java/util/ArrayList.java,size
52de5aa6-f8b4-4f77-91b8-f32833e9cdf4,69c634be-2eab-4e78-9318-ec364d81901f,59656fec-ad9d-4e12-9bb0-d8c41f76247f,->,52de5aa6-f8b4-4f77-91b8-f32833e9cdf4,java/lang/StringBuilder.java,append
52de5aa6-f8b4-4f77-91b8-f32833e9cdf4,69c634be-2eab-4e78-9318-ec364d81901f,59656fec-ad9d-4e12-9bb0-d8c41f76247f,->,52de5aa6-f8b4-4f77-91b8-f32833e9cdf4,java/util/ArrayList.java,get
52de5aa6-f8b4-4f77-91b8-f32833e9cdf4,69c634be-2eab-4e78-9318-ec364d81901f,59656fec-ad9d-4e12-9bb0-d8c41f76247f,->,52de5aa6-f8b4-4f77-91b8-f32833e9cdf4,java/lang/StringBuilder.java,append
52de5aa6-f8b4-4f77-91b8-f32833e9cdf4,69c634be-2eab-4e78-9318-ec364d81901f,59656fec-ad9d-4e12-9bb0-d8c41f76247f,->,52de5aa6-f8b4-4f77-91b8-f32833e9cdf4,java/lang/StringBuilder.java,append
52de5aa6-f8b4-4f77-91b8-f32833e9cdf4,69c634be-2eab-4e78-9318-ec364d81901f,59656fec-ad9d-4e12-9bb0-d8c41f76247f,->,52de5aa6-f8b4-4f77-91b8-f32833e9cdf4,java/util/ArrayList.java,get
52de5aa6-f8b4-4f77-91b8-f32833e9cdf4,69c634be-2eab-4e78-9318-ec364d81901f,59656fec-ad9d-4e12-9bb0-d8c41f76247f,->,52de5aa6-f8b4-4f77-91b8-f32833e9cdf4,java/lang/StringBuilder.java,append
52de5aa6-f8b4-4f77-91b8-f32833e9cdf4,69c634be-2eab-4e78-9318-ec364d81901f,59656fec-ad9d-4e12-9bb0-d8c41f76247f,->,52de5aa6-f8b4-4f77-91b8-f32833e9cdf4,java/lang/StringBuilder.java,toString
52de5aa6-f8b4-4f77-91b8-f32833e9cdf4,69c634be-2eab-4e78-9318-ec364d81901f,59656fec-ad9d-4e12-9bb0-d8c41f76247f,->,52de5aa6-f8b4-4f77-91b8-f32833e9cdf4,java/io/PrintStream.java,println
52de5aa6-f8b4-4f77-91b8-f32833e9cdf4,69c634be-2eab-4e78-9318-ec364d81901f,59656fec-ad9d-4e12-9bb0-d8c41f76247f,->,52de5aa6-f8b4-4f77-91b8-f32833e9cdf4,java/io/PrintStream.java,println
52de5aa6-f8b4-4f77-91b8-f32833e9cdf4,69c634be-2eab-4e78-9318-ec364d81901f,0d57485e-fc73-40ff-83b4-440abad4d2b3,->,52de5aa6-f8b4-4f77-91b8-f32833e9cdf4,f861cc94-cf08-4813-8f41-23181a2d7483,99559056-5a5c-4fbb-8ad4-f1a51a3a116d
52de5aa6-f8b4-4f77-91b8-f32833e9cdf4,69c634be-2eab-4e78-9318-ec364d81901f,0d57485e-fc73-40ff-83b4-440abad4d2b3,->,52de5aa6-f8b4-4f77-91b8-f32833e9cdf4,f861cc94-cf08-4813-8f41-23181a2d7483,03a34274-e8b2-4107-a4ad-dc6f0ec82a2b
52de5aa6-f8b4-4f77-91b8-f32833e9cdf4,69c634be-2eab-4e78-9318-ec364d81901f,0d57485e-fc73-40ff-83b4-440abad4d2b3,->,52de5aa6-f8b4-4f77-91b8-f32833e9cdf4,f861cc94-cf08-4813-8f41-23181a2d7483,3edc851a-c86c-4e7c-9e9e-b7b1936dad17
52de5aa6-f8b4-4f77-91b8-f32833e9cdf4,69c634be-2eab-4e78-9318-ec364d81901f,0d57485e-fc73-40ff-83b4-440abad4d2b3,->,52de5aa6-f8b4-4f77-91b8-f32833e9cdf4,69c634be-2eab-4e78-9318-ec364d81901f,2df31803-e45d-4d4a-94a9-2d095e2c92c4
52de5aa6-f8b4-4f77-91b8-f32833e9cdf4,69c634be-2eab-4e78-9318-ec364d81901f,0d57485e-fc73-40ff-83b4-440abad4d2b3,->,52de5aa6-f8b4-4f77-91b8-f32833e9cdf4,69c634be-2eab-4e78-9318-ec364d81901f,eaef6bf7-a762-4819-ae5d-474dccd7bb4b
52de5aa6-f8b4-4f77-91b8-f32833e9cdf4,b013ba96-7f71-44f3-9118-98882be4d102,f2d37bd0-e1d9-4f4a-a593-3e9afc1a8c98,->,52de5aa6-f8b4-4f77-91b8-f32833e9cdf4,java/lang/Math.java,random
52de5aa6-f8b4-4f77-91b8-f32833e9cdf4,b013ba96-7f71-44f3-9118-98882be4d102,f2d37bd0-e1d9-4f4a-a593-3e9afc1a8c98,->,52de5aa6-f8b4-4f77-91b8-f32833e9cdf4,java/lang/Math.java,log
52de5aa6-f8b4-4f77-91b8-f32833e9cdf4,b013ba96-7f71-44f3-9118-98882be4d102,0d7ecefd-2aff-4b4b-968c-cedc60a535c5,->,52de5aa6-f8b4-4f77-91b8-f32833e9cdf4,java/lang/Math.java,random
52de5aa6-f8b4-4f77-91b8-f32833e9cdf4,b013ba96-7f71-44f3-9118-98882be4d102,0d7ecefd-2aff-4b4b-968c-cedc60a535c5,->,52de5aa6-f8b4-4f77-91b8-f32833e9cdf4,java/lang/Math.java,log
52de5aa6-f8b4-4f77-91b8-f32833e9cdf4,b013ba96-7f71-44f3-9118-98882be4d102,9bffc65f-529d-4039-a3b8-dd28113f25b9,->,52de5aa6-f8b4-4f77-91b8-f32833e9cdf4,b013ba96-7f71-44f3-9118-98882be4d102,441869ea-c104-4a20-bf08-a9ce8fcb1c33
52de5aa6-f8b4-4f77-91b8-f32833e9cdf4,b013ba96-7f71-44f3-9118-98882be4d102,9bffc65f-529d-4039-a3b8-dd28113f25b9,->,52de5aa6-f8b4-4f77-91b8-f32833e9cdf4,java/util/ArrayList.java,get
52de5aa6-f8b4-4f77-91b8-f32833e9cdf4,b013ba96-7f71-44f3-9118-98882be4d102,9bffc65f-529d-4039-a3b8-dd28113f25b9,->,52de5aa6-f8b4-4f77-91b8-f32833e9cdf4,java/util/ArrayList.java,get
52de5aa6-f8b4-4f77-91b8-f32833e9cdf4,b013ba96-7f71-44f3-9118-98882be4d102,9bffc65f-529d-4039-a3b8-dd28113f25b9,->,52de5aa6-f8b4-4f77-91b8-f32833e9cdf4,java/io/PrintStream.java,println
52de5aa6-f8b4-4f77-91b8-f32833e9cdf4,b013ba96-7f71-44f3-9118-98882be4d102,9bffc65f-529d-4039-a3b8-dd28113f25b9,->,52de5aa6-f8b4-4f77-91b8-f32833e9cdf4,java/util/ArrayList.java,get
52de5aa6-f8b4-4f77-91b8-f32833e9cdf4,b013ba96-7f71-44f3-9118-98882be4d102,9bffc65f-529d-4039-a3b8-dd28113f25b9,->,52de5aa6-f8b4-4f77-91b8-f32833e9cdf4,java/util/ArrayList.java,add
52de5aa6-f8b4-4f77-91b8-f32833e9cdf4,b013ba96-7f71-44f3-9118-98882be4d102,9bffc65f-529d-4039-a3b8-dd28113f25b9,->,52de5aa6-f8b4-4f77-91b8-f32833e9cdf4,java/util/ArrayList.java,remove
52de5aa6-f8b4-4f77-91b8-f32833e9cdf4,b013ba96-7f71-44f3-9118-98882be4d102,9bffc65f-529d-4039-a3b8-dd28113f25b9,->,52de5aa6-f8b4-4f77-91b8-f32833e9cdf4,b013ba96-7f71-44f3-9118-98882be4d102,f2d37bd0-e1d9-4f4a-a593-3e9afc1a8c98
52de5aa6-f8b4-4f77-91b8-f32833e9cdf4,b013ba96-7f71-44f3-9118-98882be4d102,9bffc65f-529d-4039-a3b8-dd28113f25b9,->,52de5aa6-f8b4-4f77-91b8-f32833e9cdf4,java/util/ArrayList.java,add
52de5aa6-f8b4-4f77-91b8-f32833e9cdf4,b013ba96-7f71-44f3-9118-98882be4d102,9bffc65f-529d-4039-a3b8-dd28113f25b9,->,52de5aa6-f8b4-4f77-91b8-f32833e9cdf4,java/util/ArrayList.java,get
52de5aa6-f8b4-4f77-91b8-f32833e9cdf4,b013ba96-7f71-44f3-9118-98882be4d102,9bffc65f-529d-4039-a3b8-dd28113f25b9,->,52de5aa6-f8b4-4f77-91b8-f32833e9cdf4,java/util/ArrayList.java,get
52de5aa6-f8b4-4f77-91b8-f32833e9cdf4,b013ba96-7f71-44f3-9118-98882be4d102,9bffc65f-529d-4039-a3b8-dd28113f25b9,->,52de5aa6-f8b4-4f77-91b8-f32833e9cdf4,java/util/ArrayList.java,get
52de5aa6-f8b4-4f77-91b8-f32833e9cdf4,b013ba96-7f71-44f3-9118-98882be4d102,9bffc65f-529d-4039-a3b8-dd28113f25b9,->,52de5aa6-f8b4-4f77-91b8-f32833e9cdf4,b013ba96-7f71-44f3-9118-98882be4d102,0d7ecefd-2aff-4b4b-968c-cedc60a535c5
52de5aa6-f8b4-4f77-91b8-f32833e9cdf4,b013ba96-7f71-44f3-9118-98882be4d102,9bffc65f-529d-4039-a3b8-dd28113f25b9,->,52de5aa6-f8b4-4f77-91b8-f32833e9cdf4,java/util/ArrayList.java,add
52de5aa6-f8b4-4f77-91b8-f32833e9cdf4,b013ba96-7f71-44f3-9118-98882be4d102,9bffc65f-529d-4039-a3b8-dd28113f25b9,->,52de5aa6-f8b4-4f77-91b8-f32833e9cdf4,java/util/ArrayList.java,get
52de5aa6-f8b4-4f77-91b8-f32833e9cdf4,b013ba96-7f71-44f3-9118-98882be4d102,9bffc65f-529d-4039-a3b8-dd28113f25b9,->,52de5aa6-f8b4-4f77-91b8-f32833e9cdf4,java/util/ArrayList.java,get
52de5aa6-f8b4-4f77-91b8-f32833e9cdf4,b013ba96-7f71-44f3-9118-98882be4d102,9bffc65f-529d-4039-a3b8-dd28113f25b9,->,52de5aa6-f8b4-4f77-91b8-f32833e9cdf4,java/io/PrintStream.java,println
52de5aa6-f8b4-4f77-91b8-f32833e9cdf4,b013ba96-7f71-44f3-9118-98882be4d102,9bffc65f-529d-4039-a3b8-dd28113f25b9,->,52de5aa6-f8b4-4f77-91b8-f32833e9cdf4,java/util/ArrayList.java,get
52de5aa6-f8b4-4f77-91b8-f32833e9cdf4,b013ba96-7f71-44f3-9118-98882be4d102,9bffc65f-529d-4039-a3b8-dd28113f25b9,->,52de5aa6-f8b4-4f77-91b8-f32833e9cdf4,java/util/ArrayList.java,remove
52de5aa6-f8b4-4f77-91b8-f32833e9cdf4,b013ba96-7f71-44f3-9118-98882be4d102,9bffc65f-529d-4039-a3b8-dd28113f25b9,->,52de5aa6-f8b4-4f77-91b8-f32833e9cdf4,b013ba96-7f71-44f3-9118-98882be4d102,f2d37bd0-e1d9-4f4a-a593-3e9afc1a8c98
52de5aa6-f8b4-4f77-91b8-f32833e9cdf4,b013ba96-7f71-44f3-9118-98882be4d102,9bffc65f-529d-4039-a3b8-dd28113f25b9,->,52de5aa6-f8b4-4f77-91b8-f32833e9cdf4,java/util/ArrayList.java,add
52de5aa6-f8b4-4f77-91b8-f32833e9cdf4,b013ba96-7f71-44f3-9118-98882be4d102,9bffc65f-529d-4039-a3b8-dd28113f25b9,->,52de5aa6-f8b4-4f77-91b8-f32833e9cdf4,java/util/ArrayList.java,get
52de5aa6-f8b4-4f77-91b8-f32833e9cdf4,b013ba96-7f71-44f3-9118-98882be4d102,9bffc65f-529d-4039-a3b8-dd28113f25b9,->,52de5aa6-f8b4-4f77-91b8-f32833e9cdf4,java/util/ArrayList.java,get
52de5aa6-f8b4-4f77-91b8-f32833e9cdf4,b013ba96-7f71-44f3-9118-98882be4d102,9bffc65f-529d-4039-a3b8-dd28113f25b9,->,52de5aa6-f8b4-4f77-91b8-f32833e9cdf4,b013ba96-7f71-44f3-9118-98882be4d102,441869ea-c104-4a20-bf08-a9ce8fcb1c33
52de5aa6-f8b4-4f77-91b8-f32833e9cdf4,b013ba96-7f71-44f3-9118-98882be4d102,9bffc65f-529d-4039-a3b8-dd28113f25b9,->,52de5aa6-f8b4-4f77-91b8-f32833e9cdf4,java/util/ArrayList.java,get
52de5aa6-f8b4-4f77-91b8-f32833e9cdf4,b013ba96-7f71-44f3-9118-98882be4d102,9bffc65f-529d-4039-a3b8-dd28113f25b9,->,52de5aa6-f8b4-4f77-91b8-f32833e9cdf4,java/lang/StringBuilder.java,append
52de5aa6-f8b4-4f77-91b8-f32833e9cdf4,b013ba96-7f71-44f3-9118-98882be4d102,9bffc65f-529d-4039-a3b8-dd28113f25b9,->,52de5aa6-f8b4-4f77-91b8-f32833e9cdf4,java/util/ArrayList.java,get
52de5aa6-f8b4-4f77-91b8-f32833e9cdf4,b013ba96-7f71-44f3-9118-98882be4d102,9bffc65f-529d-4039-a3b8-dd28113f25b9,->,52de5aa6-f8b4-4f77-91b8-f32833e9cdf4,java/lang/StringBuilder.java,append
52de5aa6-f8b4-4f77-91b8-f32833e9cdf4,b013ba96-7f71-44f3-9118-98882be4d102,9bffc65f-529d-4039-a3b8-dd28113f25b9,->,52de5aa6-f8b4-4f77-91b8-f32833e9cdf4,java/lang/StringBuilder.java,toString
52de5aa6-f8b4-4f77-91b8-f32833e9cdf4,b013ba96-7f71-44f3-9118-98882be4d102,9bffc65f-529d-4039-a3b8-dd28113f25b9,->,52de5aa6-f8b4-4f77-91b8-f32833e9cdf4,java/io/PrintStream.java,println
52de5aa6-f8b4-4f77-91b8-f32833e9cdf4,b013ba96-7f71-44f3-9118-98882be4d102,9bffc65f-529d-4039-a3b8-dd28113f25b9,->,52de5aa6-f8b4-4f77-91b8-f32833e9cdf4,b013ba96-7f71-44f3-9118-98882be4d102,2c67e3b5-f217-4c9e-a992-707561fddbb3
52de5aa6-f8b4-4f77-91b8-f32833e9cdf4,b013ba96-7f71-44f3-9118-98882be4d102,9bffc65f-529d-4039-a3b8-dd28113f25b9,->,52de5aa6-f8b4-4f77-91b8-f32833e9cdf4,java/util/ArrayList.java,get
52de5aa6-f8b4-4f77-91b8-f32833e9cdf4,b013ba96-7f71-44f3-9118-98882be4d102,9bffc65f-529d-4039-a3b8-dd28113f25b9,->,52de5aa6-f8b4-4f77-91b8-f32833e9cdf4,java/util/ArrayList.java,remove
52de5aa6-f8b4-4f77-91b8-f32833e9cdf4,b013ba96-7f71-44f3-9118-98882be4d102,9bffc65f-529d-4039-a3b8-dd28113f25b9,->,52de5aa6-f8b4-4f77-91b8-f32833e9cdf4,java/util/ArrayList.java,get
52de5aa6-f8b4-4f77-91b8-f32833e9cdf4,b013ba96-7f71-44f3-9118-98882be4d102,9bffc65f-529d-4039-a3b8-dd28113f25b9,->,52de5aa6-f8b4-4f77-91b8-f32833e9cdf4,java/util/ArrayList.java,remove
52de5aa6-f8b4-4f77-91b8-f32833e9cdf4,b013ba96-7f71-44f3-9118-98882be4d102,9bffc65f-529d-4039-a3b8-dd28113f25b9,->,52de5aa6-f8b4-4f77-91b8-f32833e9cdf4,b013ba96-7f71-44f3-9118-98882be4d102,f2d37bd0-e1d9-4f4a-a593-3e9afc1a8c98
52de5aa6-f8b4-4f77-91b8-f32833e9cdf4,b013ba96-7f71-44f3-9118-98882be4d102,9bffc65f-529d-4039-a3b8-dd28113f25b9,->,52de5aa6-f8b4-4f77-91b8-f32833e9cdf4,java/util/ArrayList.java,add
52de5aa6-f8b4-4f77-91b8-f32833e9cdf4,b013ba96-7f71-44f3-9118-98882be4d102,9bffc65f-529d-4039-a3b8-dd28113f25b9,->,52de5aa6-f8b4-4f77-91b8-f32833e9cdf4,java/util/ArrayList.java,get
52de5aa6-f8b4-4f77-91b8-f32833e9cdf4,b013ba96-7f71-44f3-9118-98882be4d102,9bffc65f-529d-4039-a3b8-dd28113f25b9,->,52de5aa6-f8b4-4f77-91b8-f32833e9cdf4,java/util/ArrayList.java,get
52de5aa6-f8b4-4f77-91b8-f32833e9cdf4,b013ba96-7f71-44f3-9118-98882be4d102,9bffc65f-529d-4039-a3b8-dd28113f25b9,->,52de5aa6-f8b4-4f77-91b8-f32833e9cdf4,java/util/ArrayList.java,isEmpty
52de5aa6-f8b4-4f77-91b8-f32833e9cdf4,b013ba96-7f71-44f3-9118-98882be4d102,fb485947-b716-46e9-89f8-1d438c77b4ef,->,52de5aa6-f8b4-4f77-91b8-f32833e9cdf4,java/io/PrintStream.java,println
52de5aa6-f8b4-4f77-91b8-f32833e9cdf4,b013ba96-7f71-44f3-9118-98882be4d102,fb485947-b716-46e9-89f8-1d438c77b4ef,->,52de5aa6-f8b4-4f77-91b8-f32833e9cdf4,java/lang/StringBuilder.java,append
52de5aa6-f8b4-4f77-91b8-f32833e9cdf4,b013ba96-7f71-44f3-9118-98882be4d102,fb485947-b716-46e9-89f8-1d438c77b4ef,->,52de5aa6-f8b4-4f77-91b8-f32833e9cdf4,java/lang/StringBuilder.java,append
52de5aa6-f8b4-4f77-91b8-f32833e9cdf4,b013ba96-7f71-44f3-9118-98882be4d102,fb485947-b716-46e9-89f8-1d438c77b4ef,->,52de5aa6-f8b4-4f77-91b8-f32833e9cdf4,java/lang/StringBuilder.java,toString
52de5aa6-f8b4-4f77-91b8-f32833e9cdf4,b013ba96-7f71-44f3-9118-98882be4d102,fb485947-b716-46e9-89f8-1d438c77b4ef,->,52de5aa6-f8b4-4f77-91b8-f32833e9cdf4,java/io/PrintStream.java,println
52de5aa6-f8b4-4f77-91b8-f32833e9cdf4,b013ba96-7f71-44f3-9118-98882be4d102,fb485947-b716-46e9-89f8-1d438c77b4ef,->,52de5aa6-f8b4-4f77-91b8-f32833e9cdf4,java/lang/StringBuilder.java,append
52de5aa6-f8b4-4f77-91b8-f32833e9cdf4,b013ba96-7f71-44f3-9118-98882be4d102,fb485947-b716-46e9-89f8-1d438c77b4ef,->,52de5aa6-f8b4-4f77-91b8-f32833e9cdf4,java/lang/StringBuilder.java,append
52de5aa6-f8b4-4f77-91b8-f32833e9cdf4,b013ba96-7f71-44f3-9118-98882be4d102,fb485947-b716-46e9-89f8-1d438c77b4ef,->,52de5aa6-f8b4-4f77-91b8-f32833e9cdf4,java/lang/StringBuilder.java,append
52de5aa6-f8b4-4f77-91b8-f32833e9cdf4,b013ba96-7f71-44f3-9118-98882be4d102,fb485947-b716-46e9-89f8-1d438c77b4ef,->,52de5aa6-f8b4-4f77-91b8-f32833e9cdf4,java/lang/StringBuilder.java,toString
52de5aa6-f8b4-4f77-91b8-f32833e9cdf4,b013ba96-7f71-44f3-9118-98882be4d102,fb485947-b716-46e9-89f8-1d438c77b4ef,->,52de5aa6-f8b4-4f77-91b8-f32833e9cdf4,java/io/PrintStream.java,println
52de5aa6-f8b4-4f77-91b8-f32833e9cdf4,b013ba96-7f71-44f3-9118-98882be4d102,fb485947-b716-46e9-89f8-1d438c77b4ef,->,52de5aa6-f8b4-4f77-91b8-f32833e9cdf4,java/util/ArrayList.java,size
52de5aa6-f8b4-4f77-91b8-f32833e9cdf4,b013ba96-7f71-44f3-9118-98882be4d102,fb485947-b716-46e9-89f8-1d438c77b4ef,->,52de5aa6-f8b4-4f77-91b8-f32833e9cdf4,java/lang/StringBuilder.java,append
52de5aa6-f8b4-4f77-91b8-f32833e9cdf4,b013ba96-7f71-44f3-9118-98882be4d102,fb485947-b716-46e9-89f8-1d438c77b4ef,->,52de5aa6-f8b4-4f77-91b8-f32833e9cdf4,java/util/ArrayList.java,get
52de5aa6-f8b4-4f77-91b8-f32833e9cdf4,b013ba96-7f71-44f3-9118-98882be4d102,fb485947-b716-46e9-89f8-1d438c77b4ef,->,52de5aa6-f8b4-4f77-91b8-f32833e9cdf4,java/lang/StringBuilder.java,append
52de5aa6-f8b4-4f77-91b8-f32833e9cdf4,b013ba96-7f71-44f3-9118-98882be4d102,fb485947-b716-46e9-89f8-1d438c77b4ef,->,52de5aa6-f8b4-4f77-91b8-f32833e9cdf4,java/lang/StringBuilder.java,append
52de5aa6-f8b4-4f77-91b8-f32833e9cdf4,b013ba96-7f71-44f3-9118-98882be4d102,fb485947-b716-46e9-89f8-1d438c77b4ef,->,52de5aa6-f8b4-4f77-91b8-f32833e9cdf4,java/util/ArrayList.java,get
52de5aa6-f8b4-4f77-91b8-f32833e9cdf4,b013ba96-7f71-44f3-9118-98882be4d102,fb485947-b716-46e9-89f8-1d438c77b4ef,->,52de5aa6-f8b4-4f77-91b8-f32833e9cdf4,b013ba96-7f71-44f3-9118-98882be4d102,fbfe8be8-c918-4366-8e2f-912b55f757a9
52de5aa6-f8b4-4f77-91b8-f32833e9cdf4,b013ba96-7f71-44f3-9118-98882be4d102,fb485947-b716-46e9-89f8-1d438c77b4ef,->,52de5aa6-f8b4-4f77-91b8-f32833e9cdf4,java/lang/StringBuilder.java,append
52de5aa6-f8b4-4f77-91b8-f32833e9cdf4,b013ba96-7f71-44f3-9118-98882be4d102,fb485947-b716-46e9-89f8-1d438c77b4ef,->,52de5aa6-f8b4-4f77-91b8-f32833e9cdf4,java/lang/StringBuilder.java,append
52de5aa6-f8b4-4f77-91b8-f32833e9cdf4,b013ba96-7f71-44f3-9118-98882be4d102,fb485947-b716-46e9-89f8-1d438c77b4ef,->,52de5aa6-f8b4-4f77-91b8-f32833e9cdf4,java/util/ArrayList.java,get
52de5aa6-f8b4-4f77-91b8-f32833e9cdf4,b013ba96-7f71-44f3-9118-98882be4d102,fb485947-b716-46e9-89f8-1d438c77b4ef,->,52de5aa6-f8b4-4f77-91b8-f32833e9cdf4,b013ba96-7f71-44f3-9118-98882be4d102,fbfe8be8-c918-4366-8e2f-912b55f757a9
52de5aa6-f8b4-4f77-91b8-f32833e9cdf4,b013ba96-7f71-44f3-9118-98882be4d102,fb485947-b716-46e9-89f8-1d438c77b4ef,->,52de5aa6-f8b4-4f77-91b8-f32833e9cdf4,java/lang/StringBuilder.java,append
52de5aa6-f8b4-4f77-91b8-f32833e9cdf4,b013ba96-7f71-44f3-9118-98882be4d102,fb485947-b716-46e9-89f8-1d438c77b4ef,->,52de5aa6-f8b4-4f77-91b8-f32833e9cdf4,java/lang/StringBuilder.java,append
52de5aa6-f8b4-4f77-91b8-f32833e9cdf4,b013ba96-7f71-44f3-9118-98882be4d102,fb485947-b716-46e9-89f8-1d438c77b4ef,->,52de5aa6-f8b4-4f77-91b8-f32833e9cdf4,java/util/ArrayList.java,get
52de5aa6-f8b4-4f77-91b8-f32833e9cdf4,b013ba96-7f71-44f3-9118-98882be4d102,fb485947-b716-46e9-89f8-1d438c77b4ef,->,52de5aa6-f8b4-4f77-91b8-f32833e9cdf4,b013ba96-7f71-44f3-9118-98882be4d102,fbfe8be8-c918-4366-8e2f-912b55f757a9
52de5aa6-f8b4-4f77-91b8-f32833e9cdf4,b013ba96-7f71-44f3-9118-98882be4d102,fb485947-b716-46e9-89f8-1d438c77b4ef,->,52de5aa6-f8b4-4f77-91b8-f32833e9cdf4,java/lang/StringBuilder.java,append
52de5aa6-f8b4-4f77-91b8-f32833e9cdf4,b013ba96-7f71-44f3-9118-98882be4d102,fb485947-b716-46e9-89f8-1d438c77b4ef,->,52de5aa6-f8b4-4f77-91b8-f32833e9cdf4,java/lang/StringBuilder.java,append
52de5aa6-f8b4-4f77-91b8-f32833e9cdf4,b013ba96-7f71-44f3-9118-98882be4d102,fb485947-b716-46e9-89f8-1d438c77b4ef,->,52de5aa6-f8b4-4f77-91b8-f32833e9cdf4,java/util/ArrayList.java,get
52de5aa6-f8b4-4f77-91b8-f32833e9cdf4,b013ba96-7f71-44f3-9118-98882be4d102,fb485947-b716-46e9-89f8-1d438c77b4ef,->,52de5aa6-f8b4-4f77-91b8-f32833e9cdf4,java/lang/StringBuilder.java,append
52de5aa6-f8b4-4f77-91b8-f32833e9cdf4,b013ba96-7f71-44f3-9118-98882be4d102,fb485947-b716-46e9-89f8-1d438c77b4ef,->,52de5aa6-f8b4-4f77-91b8-f32833e9cdf4,java/lang/StringBuilder.java,toString
52de5aa6-f8b4-4f77-91b8-f32833e9cdf4,b013ba96-7f71-44f3-9118-98882be4d102,fb485947-b716-46e9-89f8-1d438c77b4ef,->,52de5aa6-f8b4-4f77-91b8-f32833e9cdf4,java/io/PrintStream.java,println
52de5aa6-f8b4-4f77-91b8-f32833e9cdf4,b013ba96-7f71-44f3-9118-98882be4d102,441869ea-c104-4a20-bf08-a9ce8fcb1c33,->,52de5aa6-f8b4-4f77-91b8-f32833e9cdf4,java/util/ArrayList.java,size
52de5aa6-f8b4-4f77-91b8-f32833e9cdf4,b013ba96-7f71-44f3-9118-98882be4d102,441869ea-c104-4a20-bf08-a9ce8fcb1c33,->,52de5aa6-f8b4-4f77-91b8-f32833e9cdf4,java/util/ArrayList.java,size
52de5aa6-f8b4-4f77-91b8-f32833e9cdf4,b013ba96-7f71-44f3-9118-98882be4d102,441869ea-c104-4a20-bf08-a9ce8fcb1c33,->,52de5aa6-f8b4-4f77-91b8-f32833e9cdf4,java/util/ArrayList.java,get
52de5aa6-f8b4-4f77-91b8-f32833e9cdf4,b013ba96-7f71-44f3-9118-98882be4d102,441869ea-c104-4a20-bf08-a9ce8fcb1c33,->,52de5aa6-f8b4-4f77-91b8-f32833e9cdf4,java/util/ArrayList.java,get
52de5aa6-f8b4-4f77-91b8-f32833e9cdf4,b013ba96-7f71-44f3-9118-98882be4d102,441869ea-c104-4a20-bf08-a9ce8fcb1c33,->,52de5aa6-f8b4-4f77-91b8-f32833e9cdf4,java/util/ArrayList.java,get
52de5aa6-f8b4-4f77-91b8-f32833e9cdf4,b013ba96-7f71-44f3-9118-98882be4d102,441869ea-c104-4a20-bf08-a9ce8fcb1c33,->,52de5aa6-f8b4-4f77-91b8-f32833e9cdf4,java/util/ArrayList.java,get
52de5aa6-f8b4-4f77-91b8-f32833e9cdf4,b013ba96-7f71-44f3-9118-98882be4d102,441869ea-c104-4a20-bf08-a9ce8fcb1c33,->,52de5aa6-f8b4-4f77-91b8-f32833e9cdf4,java/util/ArrayList.java,set
52de5aa6-f8b4-4f77-91b8-f32833e9cdf4,b013ba96-7f71-44f3-9118-98882be4d102,441869ea-c104-4a20-bf08-a9ce8fcb1c33,->,52de5aa6-f8b4-4f77-91b8-f32833e9cdf4,java/util/ArrayList.java,set
52de5aa6-f8b4-4f77-91b8-f32833e9cdf4,b013ba96-7f71-44f3-9118-98882be4d102,2c67e3b5-f217-4c9e-a992-707561fddbb3,->,52de5aa6-f8b4-4f77-91b8-f32833e9cdf4,java/io/PrintStream.java,println
52de5aa6-f8b4-4f77-91b8-f32833e9cdf4,b013ba96-7f71-44f3-9118-98882be4d102,2c67e3b5-f217-4c9e-a992-707561fddbb3,->,52de5aa6-f8b4-4f77-91b8-f32833e9cdf4,java/util/ArrayList.java,size
52de5aa6-f8b4-4f77-91b8-f32833e9cdf4,b013ba96-7f71-44f3-9118-98882be4d102,2c67e3b5-f217-4c9e-a992-707561fddbb3,->,52de5aa6-f8b4-4f77-91b8-f32833e9cdf4,java/lang/StringBuilder.java,append
52de5aa6-f8b4-4f77-91b8-f32833e9cdf4,b013ba96-7f71-44f3-9118-98882be4d102,2c67e3b5-f217-4c9e-a992-707561fddbb3,->,52de5aa6-f8b4-4f77-91b8-f32833e9cdf4,java/util/ArrayList.java,get
52de5aa6-f8b4-4f77-91b8-f32833e9cdf4,b013ba96-7f71-44f3-9118-98882be4d102,2c67e3b5-f217-4c9e-a992-707561fddbb3,->,52de5aa6-f8b4-4f77-91b8-f32833e9cdf4,java/lang/StringBuilder.java,append
52de5aa6-f8b4-4f77-91b8-f32833e9cdf4,b013ba96-7f71-44f3-9118-98882be4d102,2c67e3b5-f217-4c9e-a992-707561fddbb3,->,52de5aa6-f8b4-4f77-91b8-f32833e9cdf4,java/lang/StringBuilder.java,append
52de5aa6-f8b4-4f77-91b8-f32833e9cdf4,b013ba96-7f71-44f3-9118-98882be4d102,2c67e3b5-f217-4c9e-a992-707561fddbb3,->,52de5aa6-f8b4-4f77-91b8-f32833e9cdf4,java/util/ArrayList.java,get
52de5aa6-f8b4-4f77-91b8-f32833e9cdf4,b013ba96-7f71-44f3-9118-98882be4d102,2c67e3b5-f217-4c9e-a992-707561fddbb3,->,52de5aa6-f8b4-4f77-91b8-f32833e9cdf4,java/lang/StringBuilder.java,append
52de5aa6-f8b4-4f77-91b8-f32833e9cdf4,b013ba96-7f71-44f3-9118-98882be4d102,2c67e3b5-f217-4c9e-a992-707561fddbb3,->,52de5aa6-f8b4-4f77-91b8-f32833e9cdf4,java/lang/StringBuilder.java,toString
52de5aa6-f8b4-4f77-91b8-f32833e9cdf4,b013ba96-7f71-44f3-9118-98882be4d102,2c67e3b5-f217-4c9e-a992-707561fddbb3,->,52de5aa6-f8b4-4f77-91b8-f32833e9cdf4,java/io/PrintStream.java,println
52de5aa6-f8b4-4f77-91b8-f32833e9cdf4,b013ba96-7f71-44f3-9118-98882be4d102,2c67e3b5-f217-4c9e-a992-707561fddbb3,->,52de5aa6-f8b4-4f77-91b8-f32833e9cdf4,java/io/PrintStream.java,println
52de5aa6-f8b4-4f77-91b8-f32833e9cdf4,b013ba96-7f71-44f3-9118-98882be4d102,fbfe8be8-c918-4366-8e2f-912b55f757a9,->,52de5aa6-f8b4-4f77-91b8-f32833e9cdf4,java/lang/Integer.java,toString
52de5aa6-f8b4-4f77-91b8-f32833e9cdf4,b013ba96-7f71-44f3-9118-98882be4d102,fbfe8be8-c918-4366-8e2f-912b55f757a9,->,52de5aa6-f8b4-4f77-91b8-f32833e9cdf4,java/lang/StringBuilder.java,append
52de5aa6-f8b4-4f77-91b8-f32833e9cdf4,b013ba96-7f71-44f3-9118-98882be4d102,fbfe8be8-c918-4366-8e2f-912b55f757a9,->,52de5aa6-f8b4-4f77-91b8-f32833e9cdf4,java/lang/StringBuilder.java,append
52de5aa6-f8b4-4f77-91b8-f32833e9cdf4,b013ba96-7f71-44f3-9118-98882be4d102,fbfe8be8-c918-4366-8e2f-912b55f757a9,->,52de5aa6-f8b4-4f77-91b8-f32833e9cdf4,java/lang/Integer.java,toString
52de5aa6-f8b4-4f77-91b8-f32833e9cdf4,b013ba96-7f71-44f3-9118-98882be4d102,fbfe8be8-c918-4366-8e2f-912b55f757a9,->,52de5aa6-f8b4-4f77-91b8-f32833e9cdf4,java/lang/StringBuilder.java,append
52de5aa6-f8b4-4f77-91b8-f32833e9cdf4,b013ba96-7f71-44f3-9118-98882be4d102,fbfe8be8-c918-4366-8e2f-912b55f757a9,->,52de5aa6-f8b4-4f77-91b8-f32833e9cdf4,java/lang/StringBuilder.java,toString
52de5aa6-f8b4-4f77-91b8-f32833e9cdf4,b013ba96-7f71-44f3-9118-98882be4d102,461ecb8c-25d8-4638-82a9-6af3d1fc679b,->,52de5aa6-f8b4-4f77-91b8-f32833e9cdf4,b013ba96-7f71-44f3-9118-98882be4d102,9bffc65f-529d-4039-a3b8-dd28113f25b9
52de5aa6-f8b4-4f77-91b8-f32833e9cdf4,b013ba96-7f71-44f3-9118-98882be4d102,461ecb8c-25d8-4638-82a9-6af3d1fc679b,->,52de5aa6-f8b4-4f77-91b8-f32833e9cdf4,b013ba96-7f71-44f3-9118-98882be4d102,fb485947-b716-46e9-89f8-1d438c77b4ef
52de5aa6-f8b4-4f77-91b8-f32833e9cdf4,Final/Ventana$4.java,actionPerformed,->,52de5aa6-f8b4-4f77-91b8-f32833e9cdf4,Final/Ventana.java,access$300
52de5aa6-f8b4-4f77-91b8-f32833e9cdf4,31872989-bdcf-44a0-93eb-0f36a4e306cd,9fbabe42-d9f7-4a96-938e-1dfa20c2660a,->,52de5aa6-f8b4-4f77-91b8-f32833e9cdf4,java/lang/Math.java,random
52de5aa6-f8b4-4f77-91b8-f32833e9cdf4,31872989-bdcf-44a0-93eb-0f36a4e306cd,9fbabe42-d9f7-4a96-938e-1dfa20c2660a,->,52de5aa6-f8b4-4f77-91b8-f32833e9cdf4,java/lang/Math.java,log
52de5aa6-f8b4-4f77-91b8-f32833e9cdf4,31872989-bdcf-44a0-93eb-0f36a4e306cd,b21ed1c6-0221-4bac-a374-d1bb51c55ef6,->,52de5aa6-f8b4-4f77-91b8-f32833e9cdf4,java/lang/Math.java,random
52de5aa6-f8b4-4f77-91b8-f32833e9cdf4,31872989-bdcf-44a0-93eb-0f36a4e306cd,b21ed1c6-0221-4bac-a374-d1bb51c55ef6,->,52de5aa6-f8b4-4f77-91b8-f32833e9cdf4,java/lang/Math.java,log
52de5aa6-f8b4-4f77-91b8-f32833e9cdf4,31872989-bdcf-44a0-93eb-0f36a4e306cd,607cca05-e780-433d-8dd5-7b91f27e33b5,->,52de5aa6-f8b4-4f77-91b8-f32833e9cdf4,java/io/PrintStream.java,println
52de5aa6-f8b4-4f77-91b8-f32833e9cdf4,31872989-bdcf-44a0-93eb-0f36a4e306cd,607cca05-e780-433d-8dd5-7b91f27e33b5,->,52de5aa6-f8b4-4f77-91b8-f32833e9cdf4,31872989-bdcf-44a0-93eb-0f36a4e306cd,a5d3a539-75b2-4b4c-bb8e-1433501a4d08
52de5aa6-f8b4-4f77-91b8-f32833e9cdf4,31872989-bdcf-44a0-93eb-0f36a4e306cd,607cca05-e780-433d-8dd5-7b91f27e33b5,->,52de5aa6-f8b4-4f77-91b8-f32833e9cdf4,java/util/ArrayList.java,get
52de5aa6-f8b4-4f77-91b8-f32833e9cdf4,31872989-bdcf-44a0-93eb-0f36a4e306cd,607cca05-e780-433d-8dd5-7b91f27e33b5,->,52de5aa6-f8b4-4f77-91b8-f32833e9cdf4,java/util/ArrayList.java,get
52de5aa6-f8b4-4f77-91b8-f32833e9cdf4,31872989-bdcf-44a0-93eb-0f36a4e306cd,607cca05-e780-433d-8dd5-7b91f27e33b5,->,52de5aa6-f8b4-4f77-91b8-f32833e9cdf4,java/util/ArrayList.java,get
52de5aa6-f8b4-4f77-91b8-f32833e9cdf4,31872989-bdcf-44a0-93eb-0f36a4e306cd,607cca05-e780-433d-8dd5-7b91f27e33b5,->,52de5aa6-f8b4-4f77-91b8-f32833e9cdf4,111047e7-7809-4edb-81ad-44c396dde586,5fabf262-f44f-4962-a8c3-af21a75252db
52de5aa6-f8b4-4f77-91b8-f32833e9cdf4,31872989-bdcf-44a0-93eb-0f36a4e306cd,607cca05-e780-433d-8dd5-7b91f27e33b5,->,52de5aa6-f8b4-4f77-91b8-f32833e9cdf4,111047e7-7809-4edb-81ad-44c396dde586,e146a6ac-5b5c-443b-a698-fcfc00b6934d
52de5aa6-f8b4-4f77-91b8-f32833e9cdf4,31872989-bdcf-44a0-93eb-0f36a4e306cd,607cca05-e780-433d-8dd5-7b91f27e33b5,->,52de5aa6-f8b4-4f77-91b8-f32833e9cdf4,java/util/ArrayList.java,add
52de5aa6-f8b4-4f77-91b8-f32833e9cdf4,31872989-bdcf-44a0-93eb-0f36a4e306cd,607cca05-e780-433d-8dd5-7b91f27e33b5,->,52de5aa6-f8b4-4f77-91b8-f32833e9cdf4,java/util/ArrayList.java,remove
52de5aa6-f8b4-4f77-91b8-f32833e9cdf4,31872989-bdcf-44a0-93eb-0f36a4e306cd,607cca05-e780-433d-8dd5-7b91f27e33b5,->,52de5aa6-f8b4-4f77-91b8-f32833e9cdf4,111047e7-7809-4edb-81ad-44c396dde586,b956bd6e-381f-418d-adac-4c10dac79e56
52de5aa6-f8b4-4f77-91b8-f32833e9cdf4,31872989-bdcf-44a0-93eb-0f36a4e306cd,607cca05-e780-433d-8dd5-7b91f27e33b5,->,52de5aa6-f8b4-4f77-91b8-f32833e9cdf4,111047e7-7809-4edb-81ad-44c396dde586,b956bd6e-381f-418d-adac-4c10dac79e56
52de5aa6-f8b4-4f77-91b8-f32833e9cdf4,31872989-bdcf-44a0-93eb-0f36a4e306cd,607cca05-e780-433d-8dd5-7b91f27e33b5,->,52de5aa6-f8b4-4f77-91b8-f32833e9cdf4,31872989-bdcf-44a0-93eb-0f36a4e306cd,9fbabe42-d9f7-4a96-938e-1dfa20c2660a
52de5aa6-f8b4-4f77-91b8-f32833e9cdf4,31872989-bdcf-44a0-93eb-0f36a4e306cd,607cca05-e780-433d-8dd5-7b91f27e33b5,->,52de5aa6-f8b4-4f77-91b8-f32833e9cdf4,java/util/ArrayList.java,add
52de5aa6-f8b4-4f77-91b8-f32833e9cdf4,31872989-bdcf-44a0-93eb-0f36a4e306cd,607cca05-e780-433d-8dd5-7b91f27e33b5,->,52de5aa6-f8b4-4f77-91b8-f32833e9cdf4,java/util/ArrayList.java,get
52de5aa6-f8b4-4f77-91b8-f32833e9cdf4,31872989-bdcf-44a0-93eb-0f36a4e306cd,607cca05-e780-433d-8dd5-7b91f27e33b5,->,52de5aa6-f8b4-4f77-91b8-f32833e9cdf4,java/util/ArrayList.java,get
52de5aa6-f8b4-4f77-91b8-f32833e9cdf4,31872989-bdcf-44a0-93eb-0f36a4e306cd,607cca05-e780-433d-8dd5-7b91f27e33b5,->,52de5aa6-f8b4-4f77-91b8-f32833e9cdf4,java/util/ArrayList.java,get
52de5aa6-f8b4-4f77-91b8-f32833e9cdf4,31872989-bdcf-44a0-93eb-0f36a4e306cd,607cca05-e780-433d-8dd5-7b91f27e33b5,->,52de5aa6-f8b4-4f77-91b8-f32833e9cdf4,java/util/ArrayList.java,get
52de5aa6-f8b4-4f77-91b8-f32833e9cdf4,31872989-bdcf-44a0-93eb-0f36a4e306cd,607cca05-e780-433d-8dd5-7b91f27e33b5,->,52de5aa6-f8b4-4f77-91b8-f32833e9cdf4,java/util/ArrayList.java,get
52de5aa6-f8b4-4f77-91b8-f32833e9cdf4,31872989-bdcf-44a0-93eb-0f36a4e306cd,607cca05-e780-433d-8dd5-7b91f27e33b5,->,52de5aa6-f8b4-4f77-91b8-f32833e9cdf4,java/util/ArrayList.java,get
52de5aa6-f8b4-4f77-91b8-f32833e9cdf4,31872989-bdcf-44a0-93eb-0f36a4e306cd,607cca05-e780-433d-8dd5-7b91f27e33b5,->,52de5aa6-f8b4-4f77-91b8-f32833e9cdf4,java/util/ArrayList.java,get
52de5aa6-f8b4-4f77-91b8-f32833e9cdf4,31872989-bdcf-44a0-93eb-0f36a4e306cd,607cca05-e780-433d-8dd5-7b91f27e33b5,->,52de5aa6-f8b4-4f77-91b8-f32833e9cdf4,111047e7-7809-4edb-81ad-44c396dde586,b956bd6e-381f-418d-adac-4c10dac79e56
52de5aa6-f8b4-4f77-91b8-f32833e9cdf4,31872989-bdcf-44a0-93eb-0f36a4e306cd,607cca05-e780-433d-8dd5-7b91f27e33b5,->,52de5aa6-f8b4-4f77-91b8-f32833e9cdf4,111047e7-7809-4edb-81ad-44c396dde586,b956bd6e-381f-418d-adac-4c10dac79e56
52de5aa6-f8b4-4f77-91b8-f32833e9cdf4,31872989-bdcf-44a0-93eb-0f36a4e306cd,607cca05-e780-433d-8dd5-7b91f27e33b5,->,52de5aa6-f8b4-4f77-91b8-f32833e9cdf4,java/util/ArrayList.java,add
52de5aa6-f8b4-4f77-91b8-f32833e9cdf4,31872989-bdcf-44a0-93eb-0f36a4e306cd,607cca05-e780-433d-8dd5-7b91f27e33b5,->,52de5aa6-f8b4-4f77-91b8-f32833e9cdf4,31872989-bdcf-44a0-93eb-0f36a4e306cd,b21ed1c6-0221-4bac-a374-d1bb51c55ef6
52de5aa6-f8b4-4f77-91b8-f32833e9cdf4,31872989-bdcf-44a0-93eb-0f36a4e306cd,607cca05-e780-433d-8dd5-7b91f27e33b5,->,52de5aa6-f8b4-4f77-91b8-f32833e9cdf4,java/util/ArrayList.java,add
52de5aa6-f8b4-4f77-91b8-f32833e9cdf4,31872989-bdcf-44a0-93eb-0f36a4e306cd,607cca05-e780-433d-8dd5-7b91f27e33b5,->,52de5aa6-f8b4-4f77-91b8-f32833e9cdf4,java/util/ArrayList.java,get
52de5aa6-f8b4-4f77-91b8-f32833e9cdf4,31872989-bdcf-44a0-93eb-0f36a4e306cd,607cca05-e780-433d-8dd5-7b91f27e33b5,->,52de5aa6-f8b4-4f77-91b8-f32833e9cdf4,java/util/ArrayList.java,get
52de5aa6-f8b4-4f77-91b8-f32833e9cdf4,31872989-bdcf-44a0-93eb-0f36a4e306cd,607cca05-e780-433d-8dd5-7b91f27e33b5,->,52de5aa6-f8b4-4f77-91b8-f32833e9cdf4,java/util/ArrayList.java,get
52de5aa6-f8b4-4f77-91b8-f32833e9cdf4,31872989-bdcf-44a0-93eb-0f36a4e306cd,607cca05-e780-433d-8dd5-7b91f27e33b5,->,52de5aa6-f8b4-4f77-91b8-f32833e9cdf4,java/util/ArrayList.java,get
52de5aa6-f8b4-4f77-91b8-f32833e9cdf4,31872989-bdcf-44a0-93eb-0f36a4e306cd,607cca05-e780-433d-8dd5-7b91f27e33b5,->,52de5aa6-f8b4-4f77-91b8-f32833e9cdf4,java/util/ArrayList.java,get
52de5aa6-f8b4-4f77-91b8-f32833e9cdf4,31872989-bdcf-44a0-93eb-0f36a4e306cd,607cca05-e780-433d-8dd5-7b91f27e33b5,->,52de5aa6-f8b4-4f77-91b8-f32833e9cdf4,java/util/ArrayList.java,get
52de5aa6-f8b4-4f77-91b8-f32833e9cdf4,31872989-bdcf-44a0-93eb-0f36a4e306cd,607cca05-e780-433d-8dd5-7b91f27e33b5,->,52de5aa6-f8b4-4f77-91b8-f32833e9cdf4,java/util/ArrayList.java,get
52de5aa6-f8b4-4f77-91b8-f32833e9cdf4,31872989-bdcf-44a0-93eb-0f36a4e306cd,607cca05-e780-433d-8dd5-7b91f27e33b5,->,52de5aa6-f8b4-4f77-91b8-f32833e9cdf4,111047e7-7809-4edb-81ad-44c396dde586,0c94a9ae-2c37-4891-b19f-c0a5ce8352bb
52de5aa6-f8b4-4f77-91b8-f32833e9cdf4,31872989-bdcf-44a0-93eb-0f36a4e306cd,607cca05-e780-433d-8dd5-7b91f27e33b5,->,52de5aa6-f8b4-4f77-91b8-f32833e9cdf4,111047e7-7809-4edb-81ad-44c396dde586,0c94a9ae-2c37-4891-b19f-c0a5ce8352bb
52de5aa6-f8b4-4f77-91b8-f32833e9cdf4,31872989-bdcf-44a0-93eb-0f36a4e306cd,607cca05-e780-433d-8dd5-7b91f27e33b5,->,52de5aa6-f8b4-4f77-91b8-f32833e9cdf4,java/util/ArrayList.java,remove
52de5aa6-f8b4-4f77-91b8-f32833e9cdf4,31872989-bdcf-44a0-93eb-0f36a4e306cd,607cca05-e780-433d-8dd5-7b91f27e33b5,->,52de5aa6-f8b4-4f77-91b8-f32833e9cdf4,java/util/ArrayList.java,get
52de5aa6-f8b4-4f77-91b8-f32833e9cdf4,31872989-bdcf-44a0-93eb-0f36a4e306cd,607cca05-e780-433d-8dd5-7b91f27e33b5,->,52de5aa6-f8b4-4f77-91b8-f32833e9cdf4,java/util/ArrayList.java,remove
52de5aa6-f8b4-4f77-91b8-f32833e9cdf4,31872989-bdcf-44a0-93eb-0f36a4e306cd,607cca05-e780-433d-8dd5-7b91f27e33b5,->,52de5aa6-f8b4-4f77-91b8-f32833e9cdf4,31872989-bdcf-44a0-93eb-0f36a4e306cd,9fbabe42-d9f7-4a96-938e-1dfa20c2660a
52de5aa6-f8b4-4f77-91b8-f32833e9cdf4,31872989-bdcf-44a0-93eb-0f36a4e306cd,607cca05-e780-433d-8dd5-7b91f27e33b5,->,52de5aa6-f8b4-4f77-91b8-f32833e9cdf4,java/util/ArrayList.java,add
52de5aa6-f8b4-4f77-91b8-f32833e9cdf4,31872989-bdcf-44a0-93eb-0f36a4e306cd,607cca05-e780-433d-8dd5-7b91f27e33b5,->,52de5aa6-f8b4-4f77-91b8-f32833e9cdf4,java/util/ArrayList.java,get
52de5aa6-f8b4-4f77-91b8-f32833e9cdf4,31872989-bdcf-44a0-93eb-0f36a4e306cd,607cca05-e780-433d-8dd5-7b91f27e33b5,->,52de5aa6-f8b4-4f77-91b8-f32833e9cdf4,java/util/ArrayList.java,get
52de5aa6-f8b4-4f77-91b8-f32833e9cdf4,31872989-bdcf-44a0-93eb-0f36a4e306cd,607cca05-e780-433d-8dd5-7b91f27e33b5,->,52de5aa6-f8b4-4f77-91b8-f32833e9cdf4,java/util/ArrayList.java,get
52de5aa6-f8b4-4f77-91b8-f32833e9cdf4,31872989-bdcf-44a0-93eb-0f36a4e306cd,607cca05-e780-433d-8dd5-7b91f27e33b5,->,52de5aa6-f8b4-4f77-91b8-f32833e9cdf4,java/util/ArrayList.java,get
52de5aa6-f8b4-4f77-91b8-f32833e9cdf4,31872989-bdcf-44a0-93eb-0f36a4e306cd,607cca05-e780-433d-8dd5-7b91f27e33b5,->,52de5aa6-f8b4-4f77-91b8-f32833e9cdf4,java/util/ArrayList.java,remove
52de5aa6-f8b4-4f77-91b8-f32833e9cdf4,31872989-bdcf-44a0-93eb-0f36a4e306cd,607cca05-e780-433d-8dd5-7b91f27e33b5,->,52de5aa6-f8b4-4f77-91b8-f32833e9cdf4,java/util/ArrayList.java,get
52de5aa6-f8b4-4f77-91b8-f32833e9cdf4,31872989-bdcf-44a0-93eb-0f36a4e306cd,607cca05-e780-433d-8dd5-7b91f27e33b5,->,52de5aa6-f8b4-4f77-91b8-f32833e9cdf4,java/util/ArrayList.java,get
52de5aa6-f8b4-4f77-91b8-f32833e9cdf4,31872989-bdcf-44a0-93eb-0f36a4e306cd,607cca05-e780-433d-8dd5-7b91f27e33b5,->,52de5aa6-f8b4-4f77-91b8-f32833e9cdf4,java/util/ArrayList.java,get
52de5aa6-f8b4-4f77-91b8-f32833e9cdf4,31872989-bdcf-44a0-93eb-0f36a4e306cd,607cca05-e780-433d-8dd5-7b91f27e33b5,->,52de5aa6-f8b4-4f77-91b8-f32833e9cdf4,java/util/ArrayList.java,get
52de5aa6-f8b4-4f77-91b8-f32833e9cdf4,31872989-bdcf-44a0-93eb-0f36a4e306cd,607cca05-e780-433d-8dd5-7b91f27e33b5,->,52de5aa6-f8b4-4f77-91b8-f32833e9cdf4,java/util/ArrayList.java,get
52de5aa6-f8b4-4f77-91b8-f32833e9cdf4,31872989-bdcf-44a0-93eb-0f36a4e306cd,607cca05-e780-433d-8dd5-7b91f27e33b5,->,52de5aa6-f8b4-4f77-91b8-f32833e9cdf4,111047e7-7809-4edb-81ad-44c396dde586,0c94a9ae-2c37-4891-b19f-c0a5ce8352bb
52de5aa6-f8b4-4f77-91b8-f32833e9cdf4,31872989-bdcf-44a0-93eb-0f36a4e306cd,607cca05-e780-433d-8dd5-7b91f27e33b5,->,52de5aa6-f8b4-4f77-91b8-f32833e9cdf4,111047e7-7809-4edb-81ad-44c396dde586,0c94a9ae-2c37-4891-b19f-c0a5ce8352bb
52de5aa6-f8b4-4f77-91b8-f32833e9cdf4,31872989-bdcf-44a0-93eb-0f36a4e306cd,607cca05-e780-433d-8dd5-7b91f27e33b5,->,52de5aa6-f8b4-4f77-91b8-f32833e9cdf4,java/util/ArrayList.java,remove
52de5aa6-f8b4-4f77-91b8-f32833e9cdf4,31872989-bdcf-44a0-93eb-0f36a4e306cd,607cca05-e780-433d-8dd5-7b91f27e33b5,->,52de5aa6-f8b4-4f77-91b8-f32833e9cdf4,java/util/ArrayList.java,get
52de5aa6-f8b4-4f77-91b8-f32833e9cdf4,31872989-bdcf-44a0-93eb-0f36a4e306cd,607cca05-e780-433d-8dd5-7b91f27e33b5,->,52de5aa6-f8b4-4f77-91b8-f32833e9cdf4,java/util/ArrayList.java,remove
52de5aa6-f8b4-4f77-91b8-f32833e9cdf4,31872989-bdcf-44a0-93eb-0f36a4e306cd,607cca05-e780-433d-8dd5-7b91f27e33b5,->,52de5aa6-f8b4-4f77-91b8-f32833e9cdf4,31872989-bdcf-44a0-93eb-0f36a4e306cd,9fbabe42-d9f7-4a96-938e-1dfa20c2660a
52de5aa6-f8b4-4f77-91b8-f32833e9cdf4,31872989-bdcf-44a0-93eb-0f36a4e306cd,607cca05-e780-433d-8dd5-7b91f27e33b5,->,52de5aa6-f8b4-4f77-91b8-f32833e9cdf4,java/util/ArrayList.java,add
52de5aa6-f8b4-4f77-91b8-f32833e9cdf4,31872989-bdcf-44a0-93eb-0f36a4e306cd,607cca05-e780-433d-8dd5-7b91f27e33b5,->,52de5aa6-f8b4-4f77-91b8-f32833e9cdf4,java/util/ArrayList.java,get
52de5aa6-f8b4-4f77-91b8-f32833e9cdf4,31872989-bdcf-44a0-93eb-0f36a4e306cd,607cca05-e780-433d-8dd5-7b91f27e33b5,->,52de5aa6-f8b4-4f77-91b8-f32833e9cdf4,java/util/ArrayList.java,get
52de5aa6-f8b4-4f77-91b8-f32833e9cdf4,31872989-bdcf-44a0-93eb-0f36a4e306cd,607cca05-e780-433d-8dd5-7b91f27e33b5,->,52de5aa6-f8b4-4f77-91b8-f32833e9cdf4,java/util/ArrayList.java,isEmpty
52de5aa6-f8b4-4f77-91b8-f32833e9cdf4,31872989-bdcf-44a0-93eb-0f36a4e306cd,c367dd1b-63eb-4936-b24b-ab13b5bbbd86,->,52de5aa6-f8b4-4f77-91b8-f32833e9cdf4,java/io/PrintStream.java,println
52de5aa6-f8b4-4f77-91b8-f32833e9cdf4,31872989-bdcf-44a0-93eb-0f36a4e306cd,c367dd1b-63eb-4936-b24b-ab13b5bbbd86,->,52de5aa6-f8b4-4f77-91b8-f32833e9cdf4,java/lang/StringBuilder.java,append
52de5aa6-f8b4-4f77-91b8-f32833e9cdf4,31872989-bdcf-44a0-93eb-0f36a4e306cd,c367dd1b-63eb-4936-b24b-ab13b5bbbd86,->,52de5aa6-f8b4-4f77-91b8-f32833e9cdf4,java/lang/StringBuilder.java,append
52de5aa6-f8b4-4f77-91b8-f32833e9cdf4,31872989-bdcf-44a0-93eb-0f36a4e306cd,c367dd1b-63eb-4936-b24b-ab13b5bbbd86,->,52de5aa6-f8b4-4f77-91b8-f32833e9cdf4,java/lang/StringBuilder.java,toString
52de5aa6-f8b4-4f77-91b8-f32833e9cdf4,31872989-bdcf-44a0-93eb-0f36a4e306cd,c367dd1b-63eb-4936-b24b-ab13b5bbbd86,->,52de5aa6-f8b4-4f77-91b8-f32833e9cdf4,java/io/PrintStream.java,println
52de5aa6-f8b4-4f77-91b8-f32833e9cdf4,31872989-bdcf-44a0-93eb-0f36a4e306cd,c367dd1b-63eb-4936-b24b-ab13b5bbbd86,->,52de5aa6-f8b4-4f77-91b8-f32833e9cdf4,java/lang/StringBuilder.java,append
52de5aa6-f8b4-4f77-91b8-f32833e9cdf4,31872989-bdcf-44a0-93eb-0f36a4e306cd,c367dd1b-63eb-4936-b24b-ab13b5bbbd86,->,52de5aa6-f8b4-4f77-91b8-f32833e9cdf4,java/lang/StringBuilder.java,append
52de5aa6-f8b4-4f77-91b8-f32833e9cdf4,31872989-bdcf-44a0-93eb-0f36a4e306cd,c367dd1b-63eb-4936-b24b-ab13b5bbbd86,->,52de5aa6-f8b4-4f77-91b8-f32833e9cdf4,java/lang/StringBuilder.java,toString
52de5aa6-f8b4-4f77-91b8-f32833e9cdf4,31872989-bdcf-44a0-93eb-0f36a4e306cd,c367dd1b-63eb-4936-b24b-ab13b5bbbd86,->,52de5aa6-f8b4-4f77-91b8-f32833e9cdf4,java/io/PrintStream.java,println
52de5aa6-f8b4-4f77-91b8-f32833e9cdf4,31872989-bdcf-44a0-93eb-0f36a4e306cd,c367dd1b-63eb-4936-b24b-ab13b5bbbd86,->,52de5aa6-f8b4-4f77-91b8-f32833e9cdf4,java/util/ArrayList.java,size
52de5aa6-f8b4-4f77-91b8-f32833e9cdf4,31872989-bdcf-44a0-93eb-0f36a4e306cd,c367dd1b-63eb-4936-b24b-ab13b5bbbd86,->,52de5aa6-f8b4-4f77-91b8-f32833e9cdf4,java/util/ArrayList.java,size
52de5aa6-f8b4-4f77-91b8-f32833e9cdf4,31872989-bdcf-44a0-93eb-0f36a4e306cd,c367dd1b-63eb-4936-b24b-ab13b5bbbd86,->,52de5aa6-f8b4-4f77-91b8-f32833e9cdf4,java/lang/StringBuilder.java,append
52de5aa6-f8b4-4f77-91b8-f32833e9cdf4,31872989-bdcf-44a0-93eb-0f36a4e306cd,c367dd1b-63eb-4936-b24b-ab13b5bbbd86,->,52de5aa6-f8b4-4f77-91b8-f32833e9cdf4,java/util/ArrayList.java,get
52de5aa6-f8b4-4f77-91b8-f32833e9cdf4,31872989-bdcf-44a0-93eb-0f36a4e306cd,c367dd1b-63eb-4936-b24b-ab13b5bbbd86,->,52de5aa6-f8b4-4f77-91b8-f32833e9cdf4,java/lang/StringBuilder.java,append
52de5aa6-f8b4-4f77-91b8-f32833e9cdf4,31872989-bdcf-44a0-93eb-0f36a4e306cd,c367dd1b-63eb-4936-b24b-ab13b5bbbd86,->,52de5aa6-f8b4-4f77-91b8-f32833e9cdf4,java/lang/StringBuilder.java,append
52de5aa6-f8b4-4f77-91b8-f32833e9cdf4,31872989-bdcf-44a0-93eb-0f36a4e306cd,c367dd1b-63eb-4936-b24b-ab13b5bbbd86,->,52de5aa6-f8b4-4f77-91b8-f32833e9cdf4,java/util/ArrayList.java,get
52de5aa6-f8b4-4f77-91b8-f32833e9cdf4,31872989-bdcf-44a0-93eb-0f36a4e306cd,c367dd1b-63eb-4936-b24b-ab13b5bbbd86,->,52de5aa6-f8b4-4f77-91b8-f32833e9cdf4,31872989-bdcf-44a0-93eb-0f36a4e306cd,ce8ca9e4-4561-4030-a4fe-8e415935c798
52de5aa6-f8b4-4f77-91b8-f32833e9cdf4,31872989-bdcf-44a0-93eb-0f36a4e306cd,c367dd1b-63eb-4936-b24b-ab13b5bbbd86,->,52de5aa6-f8b4-4f77-91b8-f32833e9cdf4,java/lang/StringBuilder.java,append
52de5aa6-f8b4-4f77-91b8-f32833e9cdf4,31872989-bdcf-44a0-93eb-0f36a4e306cd,c367dd1b-63eb-4936-b24b-ab13b5bbbd86,->,52de5aa6-f8b4-4f77-91b8-f32833e9cdf4,java/lang/StringBuilder.java,append
52de5aa6-f8b4-4f77-91b8-f32833e9cdf4,31872989-bdcf-44a0-93eb-0f36a4e306cd,c367dd1b-63eb-4936-b24b-ab13b5bbbd86,->,52de5aa6-f8b4-4f77-91b8-f32833e9cdf4,java/util/ArrayList.java,get
52de5aa6-f8b4-4f77-91b8-f32833e9cdf4,31872989-bdcf-44a0-93eb-0f36a4e306cd,c367dd1b-63eb-4936-b24b-ab13b5bbbd86,->,52de5aa6-f8b4-4f77-91b8-f32833e9cdf4,31872989-bdcf-44a0-93eb-0f36a4e306cd,ce8ca9e4-4561-4030-a4fe-8e415935c798
52de5aa6-f8b4-4f77-91b8-f32833e9cdf4,31872989-bdcf-44a0-93eb-0f36a4e306cd,c367dd1b-63eb-4936-b24b-ab13b5bbbd86,->,52de5aa6-f8b4-4f77-91b8-f32833e9cdf4,java/lang/StringBuilder.java,append
52de5aa6-f8b4-4f77-91b8-f32833e9cdf4,31872989-bdcf-44a0-93eb-0f36a4e306cd,c367dd1b-63eb-4936-b24b-ab13b5bbbd86,->,52de5aa6-f8b4-4f77-91b8-f32833e9cdf4,java/lang/StringBuilder.java,append
52de5aa6-f8b4-4f77-91b8-f32833e9cdf4,31872989-bdcf-44a0-93eb-0f36a4e306cd,c367dd1b-63eb-4936-b24b-ab13b5bbbd86,->,52de5aa6-f8b4-4f77-91b8-f32833e9cdf4,java/util/ArrayList.java,get
52de5aa6-f8b4-4f77-91b8-f32833e9cdf4,31872989-bdcf-44a0-93eb-0f36a4e306cd,c367dd1b-63eb-4936-b24b-ab13b5bbbd86,->,52de5aa6-f8b4-4f77-91b8-f32833e9cdf4,31872989-bdcf-44a0-93eb-0f36a4e306cd,ce8ca9e4-4561-4030-a4fe-8e415935c798
52de5aa6-f8b4-4f77-91b8-f32833e9cdf4,31872989-bdcf-44a0-93eb-0f36a4e306cd,c367dd1b-63eb-4936-b24b-ab13b5bbbd86,->,52de5aa6-f8b4-4f77-91b8-f32833e9cdf4,java/lang/StringBuilder.java,append
52de5aa6-f8b4-4f77-91b8-f32833e9cdf4,31872989-bdcf-44a0-93eb-0f36a4e306cd,c367dd1b-63eb-4936-b24b-ab13b5bbbd86,->,52de5aa6-f8b4-4f77-91b8-f32833e9cdf4,java/lang/StringBuilder.java,append
52de5aa6-f8b4-4f77-91b8-f32833e9cdf4,31872989-bdcf-44a0-93eb-0f36a4e306cd,c367dd1b-63eb-4936-b24b-ab13b5bbbd86,->,52de5aa6-f8b4-4f77-91b8-f32833e9cdf4,java/util/ArrayList.java,get
52de5aa6-f8b4-4f77-91b8-f32833e9cdf4,31872989-bdcf-44a0-93eb-0f36a4e306cd,c367dd1b-63eb-4936-b24b-ab13b5bbbd86,->,52de5aa6-f8b4-4f77-91b8-f32833e9cdf4,java/lang/StringBuilder.java,append
52de5aa6-f8b4-4f77-91b8-f32833e9cdf4,31872989-bdcf-44a0-93eb-0f36a4e306cd,c367dd1b-63eb-4936-b24b-ab13b5bbbd86,->,52de5aa6-f8b4-4f77-91b8-f32833e9cdf4,java/lang/StringBuilder.java,append
52de5aa6-f8b4-4f77-91b8-f32833e9cdf4,31872989-bdcf-44a0-93eb-0f36a4e306cd,c367dd1b-63eb-4936-b24b-ab13b5bbbd86,->,52de5aa6-f8b4-4f77-91b8-f32833e9cdf4,java/util/ArrayList.java,get
52de5aa6-f8b4-4f77-91b8-f32833e9cdf4,31872989-bdcf-44a0-93eb-0f36a4e306cd,c367dd1b-63eb-4936-b24b-ab13b5bbbd86,->,52de5aa6-f8b4-4f77-91b8-f32833e9cdf4,java/lang/StringBuilder.java,append
52de5aa6-f8b4-4f77-91b8-f32833e9cdf4,31872989-bdcf-44a0-93eb-0f36a4e306cd,c367dd1b-63eb-4936-b24b-ab13b5bbbd86,->,52de5aa6-f8b4-4f77-91b8-f32833e9cdf4,java/lang/StringBuilder.java,append
52de5aa6-f8b4-4f77-91b8-f32833e9cdf4,31872989-bdcf-44a0-93eb-0f36a4e306cd,c367dd1b-63eb-4936-b24b-ab13b5bbbd86,->,52de5aa6-f8b4-4f77-91b8-f32833e9cdf4,java/util/ArrayList.java,get
52de5aa6-f8b4-4f77-91b8-f32833e9cdf4,31872989-bdcf-44a0-93eb-0f36a4e306cd,c367dd1b-63eb-4936-b24b-ab13b5bbbd86,->,52de5aa6-f8b4-4f77-91b8-f32833e9cdf4,java/lang/StringBuilder.java,append
52de5aa6-f8b4-4f77-91b8-f32833e9cdf4,31872989-bdcf-44a0-93eb-0f36a4e306cd,c367dd1b-63eb-4936-b24b-ab13b5bbbd86,->,52de5aa6-f8b4-4f77-91b8-f32833e9cdf4,java/lang/StringBuilder.java,toString
52de5aa6-f8b4-4f77-91b8-f32833e9cdf4,31872989-bdcf-44a0-93eb-0f36a4e306cd,c367dd1b-63eb-4936-b24b-ab13b5bbbd86,->,52de5aa6-f8b4-4f77-91b8-f32833e9cdf4,java/io/PrintStream.java,println
52de5aa6-f8b4-4f77-91b8-f32833e9cdf4,31872989-bdcf-44a0-93eb-0f36a4e306cd,c367dd1b-63eb-4936-b24b-ab13b5bbbd86,->,52de5aa6-f8b4-4f77-91b8-f32833e9cdf4,java/util/ArrayList.java,get
52de5aa6-f8b4-4f77-91b8-f32833e9cdf4,31872989-bdcf-44a0-93eb-0f36a4e306cd,c367dd1b-63eb-4936-b24b-ab13b5bbbd86,->,52de5aa6-f8b4-4f77-91b8-f32833e9cdf4,java/util/ArrayList.java,get
52de5aa6-f8b4-4f77-91b8-f32833e9cdf4,31872989-bdcf-44a0-93eb-0f36a4e306cd,c367dd1b-63eb-4936-b24b-ab13b5bbbd86,->,52de5aa6-f8b4-4f77-91b8-f32833e9cdf4,java/util/ArrayList.java,get
52de5aa6-f8b4-4f77-91b8-f32833e9cdf4,31872989-bdcf-44a0-93eb-0f36a4e306cd,c367dd1b-63eb-4936-b24b-ab13b5bbbd86,->,52de5aa6-f8b4-4f77-91b8-f32833e9cdf4,java/util/ArrayList.java,get
52de5aa6-f8b4-4f77-91b8-f32833e9cdf4,31872989-bdcf-44a0-93eb-0f36a4e306cd,c367dd1b-63eb-4936-b24b-ab13b5bbbd86,->,52de5aa6-f8b4-4f77-91b8-f32833e9cdf4,java/lang/StringBuilder.java,append
52de5aa6-f8b4-4f77-91b8-f32833e9cdf4,31872989-bdcf-44a0-93eb-0f36a4e306cd,c367dd1b-63eb-4936-b24b-ab13b5bbbd86,->,52de5aa6-f8b4-4f77-91b8-f32833e9cdf4,java/lang/Math.java,rint
52de5aa6-f8b4-4f77-91b8-f32833e9cdf4,31872989-bdcf-44a0-93eb-0f36a4e306cd,c367dd1b-63eb-4936-b24b-ab13b5bbbd86,->,52de5aa6-f8b4-4f77-91b8-f32833e9cdf4,java/lang/StringBuilder.java,append
52de5aa6-f8b4-4f77-91b8-f32833e9cdf4,31872989-bdcf-44a0-93eb-0f36a4e306cd,c367dd1b-63eb-4936-b24b-ab13b5bbbd86,->,52de5aa6-f8b4-4f77-91b8-f32833e9cdf4,java/lang/StringBuilder.java,toString
52de5aa6-f8b4-4f77-91b8-f32833e9cdf4,31872989-bdcf-44a0-93eb-0f36a4e306cd,c367dd1b-63eb-4936-b24b-ab13b5bbbd86,->,52de5aa6-f8b4-4f77-91b8-f32833e9cdf4,java/io/PrintStream.java,println
52de5aa6-f8b4-4f77-91b8-f32833e9cdf4,31872989-bdcf-44a0-93eb-0f36a4e306cd,c367dd1b-63eb-4936-b24b-ab13b5bbbd86,->,52de5aa6-f8b4-4f77-91b8-f32833e9cdf4,java/lang/StringBuilder.java,append
52de5aa6-f8b4-4f77-91b8-f32833e9cdf4,31872989-bdcf-44a0-93eb-0f36a4e306cd,c367dd1b-63eb-4936-b24b-ab13b5bbbd86,->,52de5aa6-f8b4-4f77-91b8-f32833e9cdf4,31872989-bdcf-44a0-93eb-0f36a4e306cd,ce8ca9e4-4561-4030-a4fe-8e415935c798
52de5aa6-f8b4-4f77-91b8-f32833e9cdf4,31872989-bdcf-44a0-93eb-0f36a4e306cd,c367dd1b-63eb-4936-b24b-ab13b5bbbd86,->,52de5aa6-f8b4-4f77-91b8-f32833e9cdf4,java/lang/StringBuilder.java,append
52de5aa6-f8b4-4f77-91b8-f32833e9cdf4,31872989-bdcf-44a0-93eb-0f36a4e306cd,c367dd1b-63eb-4936-b24b-ab13b5bbbd86,->,52de5aa6-f8b4-4f77-91b8-f32833e9cdf4,java/lang/StringBuilder.java,toString
52de5aa6-f8b4-4f77-91b8-f32833e9cdf4,31872989-bdcf-44a0-93eb-0f36a4e306cd,c367dd1b-63eb-4936-b24b-ab13b5bbbd86,->,52de5aa6-f8b4-4f77-91b8-f32833e9cdf4,java/io/PrintStream.java,println
52de5aa6-f8b4-4f77-91b8-f32833e9cdf4,31872989-bdcf-44a0-93eb-0f36a4e306cd,a5d3a539-75b2-4b4c-bb8e-1433501a4d08,->,52de5aa6-f8b4-4f77-91b8-f32833e9cdf4,java/util/ArrayList.java,size
52de5aa6-f8b4-4f77-91b8-f32833e9cdf4,31872989-bdcf-44a0-93eb-0f36a4e306cd,a5d3a539-75b2-4b4c-bb8e-1433501a4d08,->,52de5aa6-f8b4-4f77-91b8-f32833e9cdf4,java/util/ArrayList.java,size
52de5aa6-f8b4-4f77-91b8-f32833e9cdf4,31872989-bdcf-44a0-93eb-0f36a4e306cd,a5d3a539-75b2-4b4c-bb8e-1433501a4d08,->,52de5aa6-f8b4-4f77-91b8-f32833e9cdf4,java/util/ArrayList.java,get
52de5aa6-f8b4-4f77-91b8-f32833e9cdf4,31872989-bdcf-44a0-93eb-0f36a4e306cd,a5d3a539-75b2-4b4c-bb8e-1433501a4d08,->,52de5aa6-f8b4-4f77-91b8-f32833e9cdf4,java/util/ArrayList.java,get
52de5aa6-f8b4-4f77-91b8-f32833e9cdf4,31872989-bdcf-44a0-93eb-0f36a4e306cd,a5d3a539-75b2-4b4c-bb8e-1433501a4d08,->,52de5aa6-f8b4-4f77-91b8-f32833e9cdf4,java/util/ArrayList.java,get
52de5aa6-f8b4-4f77-91b8-f32833e9cdf4,31872989-bdcf-44a0-93eb-0f36a4e306cd,a5d3a539-75b2-4b4c-bb8e-1433501a4d08,->,52de5aa6-f8b4-4f77-91b8-f32833e9cdf4,java/util/ArrayList.java,get
52de5aa6-f8b4-4f77-91b8-f32833e9cdf4,31872989-bdcf-44a0-93eb-0f36a4e306cd,a5d3a539-75b2-4b4c-bb8e-1433501a4d08,->,52de5aa6-f8b4-4f77-91b8-f32833e9cdf4,java/util/ArrayList.java,set
52de5aa6-f8b4-4f77-91b8-f32833e9cdf4,31872989-bdcf-44a0-93eb-0f36a4e306cd,a5d3a539-75b2-4b4c-bb8e-1433501a4d08,->,52de5aa6-f8b4-4f77-91b8-f32833e9cdf4,java/util/ArrayList.java,set
52de5aa6-f8b4-4f77-91b8-f32833e9cdf4,31872989-bdcf-44a0-93eb-0f36a4e306cd,f65cdb67-7092-4a33-9441-a35a1023008c,->,52de5aa6-f8b4-4f77-91b8-f32833e9cdf4,java/io/PrintStream.java,println
52de5aa6-f8b4-4f77-91b8-f32833e9cdf4,31872989-bdcf-44a0-93eb-0f36a4e306cd,f65cdb67-7092-4a33-9441-a35a1023008c,->,52de5aa6-f8b4-4f77-91b8-f32833e9cdf4,java/util/ArrayList.java,size
52de5aa6-f8b4-4f77-91b8-f32833e9cdf4,31872989-bdcf-44a0-93eb-0f36a4e306cd,f65cdb67-7092-4a33-9441-a35a1023008c,->,52de5aa6-f8b4-4f77-91b8-f32833e9cdf4,java/lang/StringBuilder.java,append
52de5aa6-f8b4-4f77-91b8-f32833e9cdf4,31872989-bdcf-44a0-93eb-0f36a4e306cd,f65cdb67-7092-4a33-9441-a35a1023008c,->,52de5aa6-f8b4-4f77-91b8-f32833e9cdf4,java/util/ArrayList.java,get
52de5aa6-f8b4-4f77-91b8-f32833e9cdf4,31872989-bdcf-44a0-93eb-0f36a4e306cd,f65cdb67-7092-4a33-9441-a35a1023008c,->,52de5aa6-f8b4-4f77-91b8-f32833e9cdf4,java/lang/StringBuilder.java,append
52de5aa6-f8b4-4f77-91b8-f32833e9cdf4,31872989-bdcf-44a0-93eb-0f36a4e306cd,f65cdb67-7092-4a33-9441-a35a1023008c,->,52de5aa6-f8b4-4f77-91b8-f32833e9cdf4,java/lang/StringBuilder.java,append
52de5aa6-f8b4-4f77-91b8-f32833e9cdf4,31872989-bdcf-44a0-93eb-0f36a4e306cd,f65cdb67-7092-4a33-9441-a35a1023008c,->,52de5aa6-f8b4-4f77-91b8-f32833e9cdf4,java/util/ArrayList.java,get
52de5aa6-f8b4-4f77-91b8-f32833e9cdf4,31872989-bdcf-44a0-93eb-0f36a4e306cd,f65cdb67-7092-4a33-9441-a35a1023008c,->,52de5aa6-f8b4-4f77-91b8-f32833e9cdf4,java/lang/StringBuilder.java,append
52de5aa6-f8b4-4f77-91b8-f32833e9cdf4,31872989-bdcf-44a0-93eb-0f36a4e306cd,f65cdb67-7092-4a33-9441-a35a1023008c,->,52de5aa6-f8b4-4f77-91b8-f32833e9cdf4,java/lang/StringBuilder.java,toString
52de5aa6-f8b4-4f77-91b8-f32833e9cdf4,31872989-bdcf-44a0-93eb-0f36a4e306cd,f65cdb67-7092-4a33-9441-a35a1023008c,->,52de5aa6-f8b4-4f77-91b8-f32833e9cdf4,java/io/PrintStream.java,println
52de5aa6-f8b4-4f77-91b8-f32833e9cdf4,31872989-bdcf-44a0-93eb-0f36a4e306cd,f65cdb67-7092-4a33-9441-a35a1023008c,->,52de5aa6-f8b4-4f77-91b8-f32833e9cdf4,java/io/PrintStream.java,println
52de5aa6-f8b4-4f77-91b8-f32833e9cdf4,31872989-bdcf-44a0-93eb-0f36a4e306cd,ce8ca9e4-4561-4030-a4fe-8e415935c798,->,52de5aa6-f8b4-4f77-91b8-f32833e9cdf4,java/lang/StringBuilder.java,append
52de5aa6-f8b4-4f77-91b8-f32833e9cdf4,31872989-bdcf-44a0-93eb-0f36a4e306cd,ce8ca9e4-4561-4030-a4fe-8e415935c798,->,52de5aa6-f8b4-4f77-91b8-f32833e9cdf4,java/lang/Integer.java,toString
52de5aa6-f8b4-4f77-91b8-f32833e9cdf4,31872989-bdcf-44a0-93eb-0f36a4e306cd,ce8ca9e4-4561-4030-a4fe-8e415935c798,->,52de5aa6-f8b4-4f77-91b8-f32833e9cdf4,java/lang/StringBuilder.java,append
52de5aa6-f8b4-4f77-91b8-f32833e9cdf4,31872989-bdcf-44a0-93eb-0f36a4e306cd,ce8ca9e4-4561-4030-a4fe-8e415935c798,->,52de5aa6-f8b4-4f77-91b8-f32833e9cdf4,java/lang/StringBuilder.java,toString
52de5aa6-f8b4-4f77-91b8-f32833e9cdf4,31872989-bdcf-44a0-93eb-0f36a4e306cd,ce8ca9e4-4561-4030-a4fe-8e415935c798,->,52de5aa6-f8b4-4f77-91b8-f32833e9cdf4,java/lang/Integer.java,toString
52de5aa6-f8b4-4f77-91b8-f32833e9cdf4,31872989-bdcf-44a0-93eb-0f36a4e306cd,ce8ca9e4-4561-4030-a4fe-8e415935c798,->,52de5aa6-f8b4-4f77-91b8-f32833e9cdf4,java/lang/StringBuilder.java,append
52de5aa6-f8b4-4f77-91b8-f32833e9cdf4,31872989-bdcf-44a0-93eb-0f36a4e306cd,ce8ca9e4-4561-4030-a4fe-8e415935c798,->,52de5aa6-f8b4-4f77-91b8-f32833e9cdf4,java/lang/Integer.java,toString
52de5aa6-f8b4-4f77-91b8-f32833e9cdf4,31872989-bdcf-44a0-93eb-0f36a4e306cd,ce8ca9e4-4561-4030-a4fe-8e415935c798,->,52de5aa6-f8b4-4f77-91b8-f32833e9cdf4,java/lang/StringBuilder.java,append
52de5aa6-f8b4-4f77-91b8-f32833e9cdf4,31872989-bdcf-44a0-93eb-0f36a4e306cd,ce8ca9e4-4561-4030-a4fe-8e415935c798,->,52de5aa6-f8b4-4f77-91b8-f32833e9cdf4,java/lang/StringBuilder.java,toString
52de5aa6-f8b4-4f77-91b8-f32833e9cdf4,31872989-bdcf-44a0-93eb-0f36a4e306cd,ce8ca9e4-4561-4030-a4fe-8e415935c798,->,52de5aa6-f8b4-4f77-91b8-f32833e9cdf4,java/lang/Integer.java,toString
52de5aa6-f8b4-4f77-91b8-f32833e9cdf4,31872989-bdcf-44a0-93eb-0f36a4e306cd,ce8ca9e4-4561-4030-a4fe-8e415935c798,->,52de5aa6-f8b4-4f77-91b8-f32833e9cdf4,java/lang/StringBuilder.java,append
52de5aa6-f8b4-4f77-91b8-f32833e9cdf4,31872989-bdcf-44a0-93eb-0f36a4e306cd,ce8ca9e4-4561-4030-a4fe-8e415935c798,->,52de5aa6-f8b4-4f77-91b8-f32833e9cdf4,java/lang/StringBuilder.java,append
52de5aa6-f8b4-4f77-91b8-f32833e9cdf4,31872989-bdcf-44a0-93eb-0f36a4e306cd,ce8ca9e4-4561-4030-a4fe-8e415935c798,->,52de5aa6-f8b4-4f77-91b8-f32833e9cdf4,java/lang/StringBuilder.java,append
52de5aa6-f8b4-4f77-91b8-f32833e9cdf4,31872989-bdcf-44a0-93eb-0f36a4e306cd,ce8ca9e4-4561-4030-a4fe-8e415935c798,->,52de5aa6-f8b4-4f77-91b8-f32833e9cdf4,java/lang/StringBuilder.java,toString
52de5aa6-f8b4-4f77-91b8-f32833e9cdf4,31872989-bdcf-44a0-93eb-0f36a4e306cd,29213496-e626-4c42-83f2-f67f076f194e,->,52de5aa6-f8b4-4f77-91b8-f32833e9cdf4,f861cc94-cf08-4813-8f41-23181a2d7483,99559056-5a5c-4fbb-8ad4-f1a51a3a116d
52de5aa6-f8b4-4f77-91b8-f32833e9cdf4,31872989-bdcf-44a0-93eb-0f36a4e306cd,29213496-e626-4c42-83f2-f67f076f194e,->,52de5aa6-f8b4-4f77-91b8-f32833e9cdf4,f861cc94-cf08-4813-8f41-23181a2d7483,03a34274-e8b2-4107-a4ad-dc6f0ec82a2b
52de5aa6-f8b4-4f77-91b8-f32833e9cdf4,31872989-bdcf-44a0-93eb-0f36a4e306cd,29213496-e626-4c42-83f2-f67f076f194e,->,52de5aa6-f8b4-4f77-91b8-f32833e9cdf4,31872989-bdcf-44a0-93eb-0f36a4e306cd,607cca05-e780-433d-8dd5-7b91f27e33b5
52de5aa6-f8b4-4f77-91b8-f32833e9cdf4,31872989-bdcf-44a0-93eb-0f36a4e306cd,29213496-e626-4c42-83f2-f67f076f194e,->,52de5aa6-f8b4-4f77-91b8-f32833e9cdf4,31872989-bdcf-44a0-93eb-0f36a4e306cd,c367dd1b-63eb-4936-b24b-ab13b5bbbd86
52de5aa6-f8b4-4f77-91b8-f32833e9cdf4,Final/Ventana$3.java,actionPerformed,->,52de5aa6-f8b4-4f77-91b8-f32833e9cdf4,Final/Ventana.java,access$200
52de5aa6-f8b4-4f77-91b8-f32833e9cdf4,111047e7-7809-4edb-81ad-44c396dde586,5fabf262-f44f-4962-a8c3-af21a75252db,->,52de5aa6-f8b4-4f77-91b8-f32833e9cdf4,java/lang/Math.java,random
52de5aa6-f8b4-4f77-91b8-f32833e9cdf4,111047e7-7809-4edb-81ad-44c396dde586,5fabf262-f44f-4962-a8c3-af21a75252db,->,52de5aa6-f8b4-4f77-91b8-f32833e9cdf4,java/util/ArrayList.java,get
52de5aa6-f8b4-4f77-91b8-f32833e9cdf4,111047e7-7809-4edb-81ad-44c396dde586,5fabf262-f44f-4962-a8c3-af21a75252db,->,52de5aa6-f8b4-4f77-91b8-f32833e9cdf4,Final/Conmutador$Telefono.java,access$000
52de5aa6-f8b4-4f77-91b8-f32833e9cdf4,111047e7-7809-4edb-81ad-44c396dde586,5fabf262-f44f-4962-a8c3-af21a75252db,->,52de5aa6-f8b4-4f77-91b8-f32833e9cdf4,java/util/ArrayList.java,get
52de5aa6-f8b4-4f77-91b8-f32833e9cdf4,111047e7-7809-4edb-81ad-44c396dde586,5fabf262-f44f-4962-a8c3-af21a75252db,->,52de5aa6-f8b4-4f77-91b8-f32833e9cdf4,Final/Conmutador$Telefono.java,access$100
52de5aa6-f8b4-4f77-91b8-f32833e9cdf4,111047e7-7809-4edb-81ad-44c396dde586,e146a6ac-5b5c-443b-a698-fcfc00b6934d,->,52de5aa6-f8b4-4f77-91b8-f32833e9cdf4,java/lang/Math.java,random
52de5aa6-f8b4-4f77-91b8-f32833e9cdf4,111047e7-7809-4edb-81ad-44c396dde586,e146a6ac-5b5c-443b-a698-fcfc00b6934d,->,52de5aa6-f8b4-4f77-91b8-f32833e9cdf4,java/util/ArrayList.java,get
52de5aa6-f8b4-4f77-91b8-f32833e9cdf4,111047e7-7809-4edb-81ad-44c396dde586,e146a6ac-5b5c-443b-a698-fcfc00b6934d,->,52de5aa6-f8b4-4f77-91b8-f32833e9cdf4,Final/Conmutador$Telefono.java,access$100
52de5aa6-f8b4-4f77-91b8-f32833e9cdf4,111047e7-7809-4edb-81ad-44c396dde586,e146a6ac-5b5c-443b-a698-fcfc00b6934d,->,52de5aa6-f8b4-4f77-91b8-f32833e9cdf4,java/util/ArrayList.java,get
52de5aa6-f8b4-4f77-91b8-f32833e9cdf4,111047e7-7809-4edb-81ad-44c396dde586,e146a6ac-5b5c-443b-a698-fcfc00b6934d,->,52de5aa6-f8b4-4f77-91b8-f32833e9cdf4,Final/Conmutador$Telefono.java,getEstadoTelefono
52de5aa6-f8b4-4f77-91b8-f32833e9cdf4,111047e7-7809-4edb-81ad-44c396dde586,e146a6ac-5b5c-443b-a698-fcfc00b6934d,->,52de5aa6-f8b4-4f77-91b8-f32833e9cdf4,java/util/ArrayList.java,get
52de5aa6-f8b4-4f77-91b8-f32833e9cdf4,111047e7-7809-4edb-81ad-44c396dde586,e146a6ac-5b5c-443b-a698-fcfc00b6934d,->,52de5aa6-f8b4-4f77-91b8-f32833e9cdf4,Final/Conmutador$Telefono.java,access$100
52de5aa6-f8b4-4f77-91b8-f32833e9cdf4,111047e7-7809-4edb-81ad-44c396dde586,e146a6ac-5b5c-443b-a698-fcfc00b6934d,->,52de5aa6-f8b4-4f77-91b8-f32833e9cdf4,java/util/ArrayList.java,get
52de5aa6-f8b4-4f77-91b8-f32833e9cdf4,111047e7-7809-4edb-81ad-44c396dde586,e146a6ac-5b5c-443b-a698-fcfc00b6934d,->,52de5aa6-f8b4-4f77-91b8-f32833e9cdf4,Final/Conmutador$Telefono.java,access$100
52de5aa6-f8b4-4f77-91b8-f32833e9cdf4,111047e7-7809-4edb-81ad-44c396dde586,7b28c6d2-c930-4d12-923e-e040a14d8cd0,->,52de5aa6-f8b4-4f77-91b8-f32833e9cdf4,java/io/PrintStream.java,println
52de5aa6-f8b4-4f77-91b8-f32833e9cdf4,111047e7-7809-4edb-81ad-44c396dde586,7b28c6d2-c930-4d12-923e-e040a14d8cd0,->,52de5aa6-f8b4-4f77-91b8-f32833e9cdf4,java/lang/StringBuilder.java,append
52de5aa6-f8b4-4f77-91b8-f32833e9cdf4,111047e7-7809-4edb-81ad-44c396dde586,7b28c6d2-c930-4d12-923e-e040a14d8cd0,->,52de5aa6-f8b4-4f77-91b8-f32833e9cdf4,java/util/ArrayList.java,get
52de5aa6-f8b4-4f77-91b8-f32833e9cdf4,111047e7-7809-4edb-81ad-44c396dde586,7b28c6d2-c930-4d12-923e-e040a14d8cd0,->,52de5aa6-f8b4-4f77-91b8-f32833e9cdf4,Final/Conmutador$Telefono.java,getNroTelefono
52de5aa6-f8b4-4f77-91b8-f32833e9cdf4,111047e7-7809-4edb-81ad-44c396dde586,7b28c6d2-c930-4d12-923e-e040a14d8cd0,->,52de5aa6-f8b4-4f77-91b8-f32833e9cdf4,java/lang/StringBuilder.java,append
52de5aa6-f8b4-4f77-91b8-f32833e9cdf4,111047e7-7809-4edb-81ad-44c396dde586,7b28c6d2-c930-4d12-923e-e040a14d8cd0,->,52de5aa6-f8b4-4f77-91b8-f32833e9cdf4,java/lang/StringBuilder.java,append
52de5aa6-f8b4-4f77-91b8-f32833e9cdf4,111047e7-7809-4edb-81ad-44c396dde586,7b28c6d2-c930-4d12-923e-e040a14d8cd0,->,52de5aa6-f8b4-4f77-91b8-f32833e9cdf4,java/util/ArrayList.java,get
52de5aa6-f8b4-4f77-91b8-f32833e9cdf4,111047e7-7809-4edb-81ad-44c396dde586,7b28c6d2-c930-4d12-923e-e040a14d8cd0,->,52de5aa6-f8b4-4f77-91b8-f32833e9cdf4,Final/Conmutador$Telefono.java,getEstadoTelefono
52de5aa6-f8b4-4f77-91b8-f32833e9cdf4,111047e7-7809-4edb-81ad-44c396dde586,7b28c6d2-c930-4d12-923e-e040a14d8cd0,->,52de5aa6-f8b4-4f77-91b8-f32833e9cdf4,java/lang/StringBuilder.java,append
52de5aa6-f8b4-4f77-91b8-f32833e9cdf4,111047e7-7809-4edb-81ad-44c396dde586,7b28c6d2-c930-4d12-923e-e040a14d8cd0,->,52de5aa6-f8b4-4f77-91b8-f32833e9cdf4,java/lang/StringBuilder.java,toString
52de5aa6-f8b4-4f77-91b8-f32833e9cdf4,111047e7-7809-4edb-81ad-44c396dde586,7b28c6d2-c930-4d12-923e-e040a14d8cd0,->,52de5aa6-f8b4-4f77-91b8-f32833e9cdf4,java/io/PrintStream.java,println
52de5aa6-f8b4-4f77-91b8-f32833e9cdf4,111047e7-7809-4edb-81ad-44c396dde586,0c94a9ae-2c37-4891-b19f-c0a5ce8352bb,->,52de5aa6-f8b4-4f77-91b8-f32833e9cdf4,java/util/ArrayList.java,get
52de5aa6-f8b4-4f77-91b8-f32833e9cdf4,111047e7-7809-4edb-81ad-44c396dde586,0c94a9ae-2c37-4891-b19f-c0a5ce8352bb,->,52de5aa6-f8b4-4f77-91b8-f32833e9cdf4,Final/Conmutador$Telefono.java,setEstadoTelefono
52de5aa6-f8b4-4f77-91b8-f32833e9cdf4,111047e7-7809-4edb-81ad-44c396dde586,b956bd6e-381f-418d-adac-4c10dac79e56,->,52de5aa6-f8b4-4f77-91b8-f32833e9cdf4,java/util/ArrayList.java,get
52de5aa6-f8b4-4f77-91b8-f32833e9cdf4,111047e7-7809-4edb-81ad-44c396dde586,b956bd6e-381f-418d-adac-4c10dac79e56,->,52de5aa6-f8b4-4f77-91b8-f32833e9cdf4,Final/Conmutador$Telefono.java,setEstadoTelefono
52de5aa6-f8b4-4f77-91b8-f32833e9cdf4,111047e7-7809-4edb-81ad-44c396dde586,4a74dae9-2c12-494e-95fb-779a980395a9,->,52de5aa6-f8b4-4f77-91b8-f32833e9cdf4,java/util/ArrayList.java,get
52de5aa6-f8b4-4f77-91b8-f32833e9cdf4,111047e7-7809-4edb-81ad-44c396dde586,4a74dae9-2c12-494e-95fb-779a980395a9,->,52de5aa6-f8b4-4f77-91b8-f32833e9cdf4,Final/Conmutador$Telefono.java,access$000
52de5aa6-f8b4-4f77-91b8-f32833e9cdf4,111047e7-7809-4edb-81ad-44c396dde586,56162ce3-c584-4c8b-a8b3-5e26e771262c,->,52de5aa6-f8b4-4f77-91b8-f32833e9cdf4,111047e7-7809-4edb-81ad-44c396dde586,5fabf262-f44f-4962-a8c3-af21a75252db
52de5aa6-f8b4-4f77-91b8-f32833e9cdf4,111047e7-7809-4edb-81ad-44c396dde586,56162ce3-c584-4c8b-a8b3-5e26e771262c,->,52de5aa6-f8b4-4f77-91b8-f32833e9cdf4,111047e7-7809-4edb-81ad-44c396dde586,e146a6ac-5b5c-443b-a698-fcfc00b6934d
52de5aa6-f8b4-4f77-91b8-f32833e9cdf4,111047e7-7809-4edb-81ad-44c396dde586,56162ce3-c584-4c8b-a8b3-5e26e771262c,->,52de5aa6-f8b4-4f77-91b8-f32833e9cdf4,java/lang/StringBuilder.java,append
52de5aa6-f8b4-4f77-91b8-f32833e9cdf4,111047e7-7809-4edb-81ad-44c396dde586,56162ce3-c584-4c8b-a8b3-5e26e771262c,->,52de5aa6-f8b4-4f77-91b8-f32833e9cdf4,java/lang/StringBuilder.java,append
52de5aa6-f8b4-4f77-91b8-f32833e9cdf4,111047e7-7809-4edb-81ad-44c396dde586,56162ce3-c584-4c8b-a8b3-5e26e771262c,->,52de5aa6-f8b4-4f77-91b8-f32833e9cdf4,java/lang/StringBuilder.java,toString
52de5aa6-f8b4-4f77-91b8-f32833e9cdf4,111047e7-7809-4edb-81ad-44c396dde586,56162ce3-c584-4c8b-a8b3-5e26e771262c,->,52de5aa6-f8b4-4f77-91b8-f32833e9cdf4,java/io/PrintStream.java,println
52de5aa6-f8b4-4f77-91b8-f32833e9cdf4,111047e7-7809-4edb-81ad-44c396dde586,56162ce3-c584-4c8b-a8b3-5e26e771262c,->,52de5aa6-f8b4-4f77-91b8-f32833e9cdf4,java/lang/StringBuilder.java,append
52de5aa6-f8b4-4f77-91b8-f32833e9cdf4,111047e7-7809-4edb-81ad-44c396dde586,56162ce3-c584-4c8b-a8b3-5e26e771262c,->,52de5aa6-f8b4-4f77-91b8-f32833e9cdf4,java/lang/StringBuilder.java,append
52de5aa6-f8b4-4f77-91b8-f32833e9cdf4,111047e7-7809-4edb-81ad-44c396dde586,56162ce3-c584-4c8b-a8b3-5e26e771262c,->,52de5aa6-f8b4-4f77-91b8-f32833e9cdf4,java/lang/StringBuilder.java,toString
52de5aa6-f8b4-4f77-91b8-f32833e9cdf4,111047e7-7809-4edb-81ad-44c396dde586,56162ce3-c584-4c8b-a8b3-5e26e771262c,->,52de5aa6-f8b4-4f77-91b8-f32833e9cdf4,java/io/PrintStream.java,println
52de5aa6-f8b4-4f77-91b8-f32833e9cdf4,111047e7-7809-4edb-81ad-44c396dde586,56162ce3-c584-4c8b-a8b3-5e26e771262c,->,52de5aa6-f8b4-4f77-91b8-f32833e9cdf4,java/lang/StringBuilder.java,append
52de5aa6-f8b4-4f77-91b8-f32833e9cdf4,111047e7-7809-4edb-81ad-44c396dde586,56162ce3-c584-4c8b-a8b3-5e26e771262c,->,52de5aa6-f8b4-4f77-91b8-f32833e9cdf4,111047e7-7809-4edb-81ad-44c396dde586,4a74dae9-2c12-494e-95fb-779a980395a9
52de5aa6-f8b4-4f77-91b8-f32833e9cdf4,111047e7-7809-4edb-81ad-44c396dde586,56162ce3-c584-4c8b-a8b3-5e26e771262c,->,52de5aa6-f8b4-4f77-91b8-f32833e9cdf4,java/lang/StringBuilder.java,append
52de5aa6-f8b4-4f77-91b8-f32833e9cdf4,111047e7-7809-4edb-81ad-44c396dde586,56162ce3-c584-4c8b-a8b3-5e26e771262c,->,52de5aa6-f8b4-4f77-91b8-f32833e9cdf4,java/lang/StringBuilder.java,toString
52de5aa6-f8b4-4f77-91b8-f32833e9cdf4,111047e7-7809-4edb-81ad-44c396dde586,56162ce3-c584-4c8b-a8b3-5e26e771262c,->,52de5aa6-f8b4-4f77-91b8-f32833e9cdf4,java/io/PrintStream.java,println
52de5aa6-f8b4-4f77-91b8-f32833e9cdf4,111047e7-7809-4edb-81ad-44c396dde586,56162ce3-c584-4c8b-a8b3-5e26e771262c,->,52de5aa6-f8b4-4f77-91b8-f32833e9cdf4,111047e7-7809-4edb-81ad-44c396dde586,7b28c6d2-c930-4d12-923e-e040a14d8cd0
52de5aa6-f8b4-4f77-91b8-f32833e9cdf4,111047e7-7809-4edb-81ad-44c396dde586,56162ce3-c584-4c8b-a8b3-5e26e771262c,->,52de5aa6-f8b4-4f77-91b8-f32833e9cdf4,java/util/ArrayList.java,get
52de5aa6-f8b4-4f77-91b8-f32833e9cdf4,111047e7-7809-4edb-81ad-44c396dde586,56162ce3-c584-4c8b-a8b3-5e26e771262c,->,52de5aa6-f8b4-4f77-91b8-f32833e9cdf4,Final/Conmutador$Telefono.java,setEstadoTelefono
52de5aa6-f8b4-4f77-91b8-f32833e9cdf4,111047e7-7809-4edb-81ad-44c396dde586,56162ce3-c584-4c8b-a8b3-5e26e771262c,->,52de5aa6-f8b4-4f77-91b8-f32833e9cdf4,java/lang/StringBuilder.java,append
52de5aa6-f8b4-4f77-91b8-f32833e9cdf4,111047e7-7809-4edb-81ad-44c396dde586,56162ce3-c584-4c8b-a8b3-5e26e771262c,->,52de5aa6-f8b4-4f77-91b8-f32833e9cdf4,111047e7-7809-4edb-81ad-44c396dde586,4a74dae9-2c12-494e-95fb-779a980395a9
52de5aa6-f8b4-4f77-91b8-f32833e9cdf4,111047e7-7809-4edb-81ad-44c396dde586,56162ce3-c584-4c8b-a8b3-5e26e771262c,->,52de5aa6-f8b4-4f77-91b8-f32833e9cdf4,java/lang/StringBuilder.java,append
52de5aa6-f8b4-4f77-91b8-f32833e9cdf4,111047e7-7809-4edb-81ad-44c396dde586,56162ce3-c584-4c8b-a8b3-5e26e771262c,->,52de5aa6-f8b4-4f77-91b8-f32833e9cdf4,java/lang/StringBuilder.java,toString
52de5aa6-f8b4-4f77-91b8-f32833e9cdf4,111047e7-7809-4edb-81ad-44c396dde586,56162ce3-c584-4c8b-a8b3-5e26e771262c,->,52de5aa6-f8b4-4f77-91b8-f32833e9cdf4,java/io/PrintStream.java,println
52de5aa6-f8b4-4f77-91b8-f32833e9cdf4,5a380dca-3715-4dd8-aba9-e1cb2901319d,3044e4a8-c2aa-4b0c-8cad-8368340e1e80,->,52de5aa6-f8b4-4f77-91b8-f32833e9cdf4,java/lang/Math.java,random
52de5aa6-f8b4-4f77-91b8-f32833e9cdf4,5a380dca-3715-4dd8-aba9-e1cb2901319d,3044e4a8-c2aa-4b0c-8cad-8368340e1e80,->,52de5aa6-f8b4-4f77-91b8-f32833e9cdf4,java/lang/Math.java,log
52de5aa6-f8b4-4f77-91b8-f32833e9cdf4,5a380dca-3715-4dd8-aba9-e1cb2901319d,0313c60a-f7ba-44d0-ad26-fde147e10469,->,52de5aa6-f8b4-4f77-91b8-f32833e9cdf4,java/lang/Math.java,random
52de5aa6-f8b4-4f77-91b8-f32833e9cdf4,5a380dca-3715-4dd8-aba9-e1cb2901319d,0313c60a-f7ba-44d0-ad26-fde147e10469,->,52de5aa6-f8b4-4f77-91b8-f32833e9cdf4,java/lang/Math.java,log
52de5aa6-f8b4-4f77-91b8-f32833e9cdf4,5a380dca-3715-4dd8-aba9-e1cb2901319d,e4a8ec18-0df8-4762-9940-9f055a1bc062,->,52de5aa6-f8b4-4f77-91b8-f32833e9cdf4,java/io/PrintStream.java,println
52de5aa6-f8b4-4f77-91b8-f32833e9cdf4,5a380dca-3715-4dd8-aba9-e1cb2901319d,e4a8ec18-0df8-4762-9940-9f055a1bc062,->,52de5aa6-f8b4-4f77-91b8-f32833e9cdf4,5a380dca-3715-4dd8-aba9-e1cb2901319d,de48c25e-957c-4b28-a089-da3db4612a4a
52de5aa6-f8b4-4f77-91b8-f32833e9cdf4,5a380dca-3715-4dd8-aba9-e1cb2901319d,e4a8ec18-0df8-4762-9940-9f055a1bc062,->,52de5aa6-f8b4-4f77-91b8-f32833e9cdf4,java/util/ArrayList.java,get
52de5aa6-f8b4-4f77-91b8-f32833e9cdf4,5a380dca-3715-4dd8-aba9-e1cb2901319d,e4a8ec18-0df8-4762-9940-9f055a1bc062,->,52de5aa6-f8b4-4f77-91b8-f32833e9cdf4,java/util/ArrayList.java,get
52de5aa6-f8b4-4f77-91b8-f32833e9cdf4,5a380dca-3715-4dd8-aba9-e1cb2901319d,e4a8ec18-0df8-4762-9940-9f055a1bc062,->,52de5aa6-f8b4-4f77-91b8-f32833e9cdf4,java/util/ArrayList.java,get
52de5aa6-f8b4-4f77-91b8-f32833e9cdf4,5a380dca-3715-4dd8-aba9-e1cb2901319d,e4a8ec18-0df8-4762-9940-9f055a1bc062,->,52de5aa6-f8b4-4f77-91b8-f32833e9cdf4,111047e7-7809-4edb-81ad-44c396dde586,5fabf262-f44f-4962-a8c3-af21a75252db
52de5aa6-f8b4-4f77-91b8-f32833e9cdf4,5a380dca-3715-4dd8-aba9-e1cb2901319d,e4a8ec18-0df8-4762-9940-9f055a1bc062,->,52de5aa6-f8b4-4f77-91b8-f32833e9cdf4,111047e7-7809-4edb-81ad-44c396dde586,e146a6ac-5b5c-443b-a698-fcfc00b6934d
52de5aa6-f8b4-4f77-91b8-f32833e9cdf4,5a380dca-3715-4dd8-aba9-e1cb2901319d,e4a8ec18-0df8-4762-9940-9f055a1bc062,->,52de5aa6-f8b4-4f77-91b8-f32833e9cdf4,java/util/ArrayList.java,add
52de5aa6-f8b4-4f77-91b8-f32833e9cdf4,5a380dca-3715-4dd8-aba9-e1cb2901319d,e4a8ec18-0df8-4762-9940-9f055a1bc062,->,52de5aa6-f8b4-4f77-91b8-f32833e9cdf4,java/util/ArrayList.java,remove
52de5aa6-f8b4-4f77-91b8-f32833e9cdf4,5a380dca-3715-4dd8-aba9-e1cb2901319d,e4a8ec18-0df8-4762-9940-9f055a1bc062,->,52de5aa6-f8b4-4f77-91b8-f32833e9cdf4,111047e7-7809-4edb-81ad-44c396dde586,b956bd6e-381f-418d-adac-4c10dac79e56
52de5aa6-f8b4-4f77-91b8-f32833e9cdf4,5a380dca-3715-4dd8-aba9-e1cb2901319d,e4a8ec18-0df8-4762-9940-9f055a1bc062,->,52de5aa6-f8b4-4f77-91b8-f32833e9cdf4,111047e7-7809-4edb-81ad-44c396dde586,b956bd6e-381f-418d-adac-4c10dac79e56
52de5aa6-f8b4-4f77-91b8-f32833e9cdf4,5a380dca-3715-4dd8-aba9-e1cb2901319d,e4a8ec18-0df8-4762-9940-9f055a1bc062,->,52de5aa6-f8b4-4f77-91b8-f32833e9cdf4,5a380dca-3715-4dd8-aba9-e1cb2901319d,3044e4a8-c2aa-4b0c-8cad-8368340e1e80
52de5aa6-f8b4-4f77-91b8-f32833e9cdf4,5a380dca-3715-4dd8-aba9-e1cb2901319d,e4a8ec18-0df8-4762-9940-9f055a1bc062,->,52de5aa6-f8b4-4f77-91b8-f32833e9cdf4,java/util/ArrayList.java,add
52de5aa6-f8b4-4f77-91b8-f32833e9cdf4,5a380dca-3715-4dd8-aba9-e1cb2901319d,e4a8ec18-0df8-4762-9940-9f055a1bc062,->,52de5aa6-f8b4-4f77-91b8-f32833e9cdf4,java/util/ArrayList.java,get
52de5aa6-f8b4-4f77-91b8-f32833e9cdf4,5a380dca-3715-4dd8-aba9-e1cb2901319d,e4a8ec18-0df8-4762-9940-9f055a1bc062,->,52de5aa6-f8b4-4f77-91b8-f32833e9cdf4,java/util/ArrayList.java,get
52de5aa6-f8b4-4f77-91b8-f32833e9cdf4,5a380dca-3715-4dd8-aba9-e1cb2901319d,e4a8ec18-0df8-4762-9940-9f055a1bc062,->,52de5aa6-f8b4-4f77-91b8-f32833e9cdf4,java/util/ArrayList.java,get
52de5aa6-f8b4-4f77-91b8-f32833e9cdf4,5a380dca-3715-4dd8-aba9-e1cb2901319d,e4a8ec18-0df8-4762-9940-9f055a1bc062,->,52de5aa6-f8b4-4f77-91b8-f32833e9cdf4,java/util/ArrayList.java,get
52de5aa6-f8b4-4f77-91b8-f32833e9cdf4,5a380dca-3715-4dd8-aba9-e1cb2901319d,e4a8ec18-0df8-4762-9940-9f055a1bc062,->,52de5aa6-f8b4-4f77-91b8-f32833e9cdf4,java/util/ArrayList.java,get
52de5aa6-f8b4-4f77-91b8-f32833e9cdf4,5a380dca-3715-4dd8-aba9-e1cb2901319d,e4a8ec18-0df8-4762-9940-9f055a1bc062,->,52de5aa6-f8b4-4f77-91b8-f32833e9cdf4,java/util/ArrayList.java,get
52de5aa6-f8b4-4f77-91b8-f32833e9cdf4,5a380dca-3715-4dd8-aba9-e1cb2901319d,e4a8ec18-0df8-4762-9940-9f055a1bc062,->,52de5aa6-f8b4-4f77-91b8-f32833e9cdf4,java/util/ArrayList.java,get
52de5aa6-f8b4-4f77-91b8-f32833e9cdf4,5a380dca-3715-4dd8-aba9-e1cb2901319d,e4a8ec18-0df8-4762-9940-9f055a1bc062,->,52de5aa6-f8b4-4f77-91b8-f32833e9cdf4,5a380dca-3715-4dd8-aba9-e1cb2901319d,0313c60a-f7ba-44d0-ad26-fde147e10469
52de5aa6-f8b4-4f77-91b8-f32833e9cdf4,5a380dca-3715-4dd8-aba9-e1cb2901319d,e4a8ec18-0df8-4762-9940-9f055a1bc062,->,52de5aa6-f8b4-4f77-91b8-f32833e9cdf4,java/util/ArrayList.java,add
52de5aa6-f8b4-4f77-91b8-f32833e9cdf4,5a380dca-3715-4dd8-aba9-e1cb2901319d,e4a8ec18-0df8-4762-9940-9f055a1bc062,->,52de5aa6-f8b4-4f77-91b8-f32833e9cdf4,java/util/ArrayList.java,get
52de5aa6-f8b4-4f77-91b8-f32833e9cdf4,5a380dca-3715-4dd8-aba9-e1cb2901319d,e4a8ec18-0df8-4762-9940-9f055a1bc062,->,52de5aa6-f8b4-4f77-91b8-f32833e9cdf4,java/util/ArrayList.java,get
52de5aa6-f8b4-4f77-91b8-f32833e9cdf4,5a380dca-3715-4dd8-aba9-e1cb2901319d,e4a8ec18-0df8-4762-9940-9f055a1bc062,->,52de5aa6-f8b4-4f77-91b8-f32833e9cdf4,java/util/ArrayList.java,get
52de5aa6-f8b4-4f77-91b8-f32833e9cdf4,5a380dca-3715-4dd8-aba9-e1cb2901319d,e4a8ec18-0df8-4762-9940-9f055a1bc062,->,52de5aa6-f8b4-4f77-91b8-f32833e9cdf4,java/util/ArrayList.java,get
52de5aa6-f8b4-4f77-91b8-f32833e9cdf4,5a380dca-3715-4dd8-aba9-e1cb2901319d,e4a8ec18-0df8-4762-9940-9f055a1bc062,->,52de5aa6-f8b4-4f77-91b8-f32833e9cdf4,java/util/ArrayList.java,get
52de5aa6-f8b4-4f77-91b8-f32833e9cdf4,5a380dca-3715-4dd8-aba9-e1cb2901319d,e4a8ec18-0df8-4762-9940-9f055a1bc062,->,52de5aa6-f8b4-4f77-91b8-f32833e9cdf4,java/util/ArrayList.java,get
52de5aa6-f8b4-4f77-91b8-f32833e9cdf4,5a380dca-3715-4dd8-aba9-e1cb2901319d,e4a8ec18-0df8-4762-9940-9f055a1bc062,->,52de5aa6-f8b4-4f77-91b8-f32833e9cdf4,java/util/ArrayList.java,get
52de5aa6-f8b4-4f77-91b8-f32833e9cdf4,5a380dca-3715-4dd8-aba9-e1cb2901319d,e4a8ec18-0df8-4762-9940-9f055a1bc062,->,52de5aa6-f8b4-4f77-91b8-f32833e9cdf4,111047e7-7809-4edb-81ad-44c396dde586,0c94a9ae-2c37-4891-b19f-c0a5ce8352bb
52de5aa6-f8b4-4f77-91b8-f32833e9cdf4,5a380dca-3715-4dd8-aba9-e1cb2901319d,e4a8ec18-0df8-4762-9940-9f055a1bc062,->,52de5aa6-f8b4-4f77-91b8-f32833e9cdf4,111047e7-7809-4edb-81ad-44c396dde586,0c94a9ae-2c37-4891-b19f-c0a5ce8352bb
52de5aa6-f8b4-4f77-91b8-f32833e9cdf4,5a380dca-3715-4dd8-aba9-e1cb2901319d,e4a8ec18-0df8-4762-9940-9f055a1bc062,->,52de5aa6-f8b4-4f77-91b8-f32833e9cdf4,java/util/ArrayList.java,remove
52de5aa6-f8b4-4f77-91b8-f32833e9cdf4,5a380dca-3715-4dd8-aba9-e1cb2901319d,e4a8ec18-0df8-4762-9940-9f055a1bc062,->,52de5aa6-f8b4-4f77-91b8-f32833e9cdf4,java/util/ArrayList.java,get
52de5aa6-f8b4-4f77-91b8-f32833e9cdf4,5a380dca-3715-4dd8-aba9-e1cb2901319d,e4a8ec18-0df8-4762-9940-9f055a1bc062,->,52de5aa6-f8b4-4f77-91b8-f32833e9cdf4,java/util/ArrayList.java,get
52de5aa6-f8b4-4f77-91b8-f32833e9cdf4,5a380dca-3715-4dd8-aba9-e1cb2901319d,e4a8ec18-0df8-4762-9940-9f055a1bc062,->,52de5aa6-f8b4-4f77-91b8-f32833e9cdf4,java/util/ArrayList.java,remove
52de5aa6-f8b4-4f77-91b8-f32833e9cdf4,5a380dca-3715-4dd8-aba9-e1cb2901319d,e4a8ec18-0df8-4762-9940-9f055a1bc062,->,52de5aa6-f8b4-4f77-91b8-f32833e9cdf4,java/util/ArrayList.java,get
52de5aa6-f8b4-4f77-91b8-f32833e9cdf4,5a380dca-3715-4dd8-aba9-e1cb2901319d,e4a8ec18-0df8-4762-9940-9f055a1bc062,->,52de5aa6-f8b4-4f77-91b8-f32833e9cdf4,java/util/ArrayList.java,get
52de5aa6-f8b4-4f77-91b8-f32833e9cdf4,5a380dca-3715-4dd8-aba9-e1cb2901319d,e4a8ec18-0df8-4762-9940-9f055a1bc062,->,52de5aa6-f8b4-4f77-91b8-f32833e9cdf4,java/util/ArrayList.java,get
52de5aa6-f8b4-4f77-91b8-f32833e9cdf4,5a380dca-3715-4dd8-aba9-e1cb2901319d,e4a8ec18-0df8-4762-9940-9f055a1bc062,->,52de5aa6-f8b4-4f77-91b8-f32833e9cdf4,java/util/ArrayList.java,get
52de5aa6-f8b4-4f77-91b8-f32833e9cdf4,5a380dca-3715-4dd8-aba9-e1cb2901319d,e4a8ec18-0df8-4762-9940-9f055a1bc062,->,52de5aa6-f8b4-4f77-91b8-f32833e9cdf4,java/util/ArrayList.java,get
52de5aa6-f8b4-4f77-91b8-f32833e9cdf4,5a380dca-3715-4dd8-aba9-e1cb2901319d,e4a8ec18-0df8-4762-9940-9f055a1bc062,->,52de5aa6-f8b4-4f77-91b8-f32833e9cdf4,111047e7-7809-4edb-81ad-44c396dde586,0c94a9ae-2c37-4891-b19f-c0a5ce8352bb
52de5aa6-f8b4-4f77-91b8-f32833e9cdf4,5a380dca-3715-4dd8-aba9-e1cb2901319d,e4a8ec18-0df8-4762-9940-9f055a1bc062,->,52de5aa6-f8b4-4f77-91b8-f32833e9cdf4,111047e7-7809-4edb-81ad-44c396dde586,0c94a9ae-2c37-4891-b19f-c0a5ce8352bb
52de5aa6-f8b4-4f77-91b8-f32833e9cdf4,5a380dca-3715-4dd8-aba9-e1cb2901319d,e4a8ec18-0df8-4762-9940-9f055a1bc062,->,52de5aa6-f8b4-4f77-91b8-f32833e9cdf4,java/util/ArrayList.java,remove
52de5aa6-f8b4-4f77-91b8-f32833e9cdf4,5a380dca-3715-4dd8-aba9-e1cb2901319d,e4a8ec18-0df8-4762-9940-9f055a1bc062,->,52de5aa6-f8b4-4f77-91b8-f32833e9cdf4,java/util/ArrayList.java,isEmpty
52de5aa6-f8b4-4f77-91b8-f32833e9cdf4,5a380dca-3715-4dd8-aba9-e1cb2901319d,4bc0de5e-590b-42b3-be23-4b3cf25ba97f,->,52de5aa6-f8b4-4f77-91b8-f32833e9cdf4,java/io/PrintStream.java,println
52de5aa6-f8b4-4f77-91b8-f32833e9cdf4,5a380dca-3715-4dd8-aba9-e1cb2901319d,4bc0de5e-590b-42b3-be23-4b3cf25ba97f,->,52de5aa6-f8b4-4f77-91b8-f32833e9cdf4,java/lang/StringBuilder.java,append
52de5aa6-f8b4-4f77-91b8-f32833e9cdf4,5a380dca-3715-4dd8-aba9-e1cb2901319d,4bc0de5e-590b-42b3-be23-4b3cf25ba97f,->,52de5aa6-f8b4-4f77-91b8-f32833e9cdf4,java/lang/StringBuilder.java,append
52de5aa6-f8b4-4f77-91b8-f32833e9cdf4,5a380dca-3715-4dd8-aba9-e1cb2901319d,4bc0de5e-590b-42b3-be23-4b3cf25ba97f,->,52de5aa6-f8b4-4f77-91b8-f32833e9cdf4,java/lang/StringBuilder.java,toString
52de5aa6-f8b4-4f77-91b8-f32833e9cdf4,5a380dca-3715-4dd8-aba9-e1cb2901319d,4bc0de5e-590b-42b3-be23-4b3cf25ba97f,->,52de5aa6-f8b4-4f77-91b8-f32833e9cdf4,java/io/PrintStream.java,println
52de5aa6-f8b4-4f77-91b8-f32833e9cdf4,5a380dca-3715-4dd8-aba9-e1cb2901319d,4bc0de5e-590b-42b3-be23-4b3cf25ba97f,->,52de5aa6-f8b4-4f77-91b8-f32833e9cdf4,java/lang/StringBuilder.java,append
52de5aa6-f8b4-4f77-91b8-f32833e9cdf4,5a380dca-3715-4dd8-aba9-e1cb2901319d,4bc0de5e-590b-42b3-be23-4b3cf25ba97f,->,52de5aa6-f8b4-4f77-91b8-f32833e9cdf4,java/lang/StringBuilder.java,append
52de5aa6-f8b4-4f77-91b8-f32833e9cdf4,5a380dca-3715-4dd8-aba9-e1cb2901319d,4bc0de5e-590b-42b3-be23-4b3cf25ba97f,->,52de5aa6-f8b4-4f77-91b8-f32833e9cdf4,java/lang/StringBuilder.java,toString
52de5aa6-f8b4-4f77-91b8-f32833e9cdf4,5a380dca-3715-4dd8-aba9-e1cb2901319d,4bc0de5e-590b-42b3-be23-4b3cf25ba97f,->,52de5aa6-f8b4-4f77-91b8-f32833e9cdf4,java/io/PrintStream.java,println
52de5aa6-f8b4-4f77-91b8-f32833e9cdf4,5a380dca-3715-4dd8-aba9-e1cb2901319d,4bc0de5e-590b-42b3-be23-4b3cf25ba97f,->,52de5aa6-f8b4-4f77-91b8-f32833e9cdf4,java/util/ArrayList.java,size
52de5aa6-f8b4-4f77-91b8-f32833e9cdf4,5a380dca-3715-4dd8-aba9-e1cb2901319d,4bc0de5e-590b-42b3-be23-4b3cf25ba97f,->,52de5aa6-f8b4-4f77-91b8-f32833e9cdf4,java/lang/StringBuilder.java,append
52de5aa6-f8b4-4f77-91b8-f32833e9cdf4,5a380dca-3715-4dd8-aba9-e1cb2901319d,4bc0de5e-590b-42b3-be23-4b3cf25ba97f,->,52de5aa6-f8b4-4f77-91b8-f32833e9cdf4,java/lang/Math.java,rint
52de5aa6-f8b4-4f77-91b8-f32833e9cdf4,5a380dca-3715-4dd8-aba9-e1cb2901319d,4bc0de5e-590b-42b3-be23-4b3cf25ba97f,->,52de5aa6-f8b4-4f77-91b8-f32833e9cdf4,java/lang/StringBuilder.java,append
52de5aa6-f8b4-4f77-91b8-f32833e9cdf4,5a380dca-3715-4dd8-aba9-e1cb2901319d,4bc0de5e-590b-42b3-be23-4b3cf25ba97f,->,52de5aa6-f8b4-4f77-91b8-f32833e9cdf4,java/lang/StringBuilder.java,append
52de5aa6-f8b4-4f77-91b8-f32833e9cdf4,5a380dca-3715-4dd8-aba9-e1cb2901319d,4bc0de5e-590b-42b3-be23-4b3cf25ba97f,->,52de5aa6-f8b4-4f77-91b8-f32833e9cdf4,java/lang/StringBuilder.java,toString
52de5aa6-f8b4-4f77-91b8-f32833e9cdf4,5a380dca-3715-4dd8-aba9-e1cb2901319d,4bc0de5e-590b-42b3-be23-4b3cf25ba97f,->,52de5aa6-f8b4-4f77-91b8-f32833e9cdf4,java/io/PrintStream.java,println
52de5aa6-f8b4-4f77-91b8-f32833e9cdf4,5a380dca-3715-4dd8-aba9-e1cb2901319d,4bc0de5e-590b-42b3-be23-4b3cf25ba97f,->,52de5aa6-f8b4-4f77-91b8-f32833e9cdf4,java/util/ArrayList.java,size
52de5aa6-f8b4-4f77-91b8-f32833e9cdf4,5a380dca-3715-4dd8-aba9-e1cb2901319d,4bc0de5e-590b-42b3-be23-4b3cf25ba97f,->,52de5aa6-f8b4-4f77-91b8-f32833e9cdf4,java/lang/StringBuilder.java,append
52de5aa6-f8b4-4f77-91b8-f32833e9cdf4,5a380dca-3715-4dd8-aba9-e1cb2901319d,4bc0de5e-590b-42b3-be23-4b3cf25ba97f,->,52de5aa6-f8b4-4f77-91b8-f32833e9cdf4,java/util/ArrayList.java,get
52de5aa6-f8b4-4f77-91b8-f32833e9cdf4,5a380dca-3715-4dd8-aba9-e1cb2901319d,4bc0de5e-590b-42b3-be23-4b3cf25ba97f,->,52de5aa6-f8b4-4f77-91b8-f32833e9cdf4,java/lang/StringBuilder.java,append
52de5aa6-f8b4-4f77-91b8-f32833e9cdf4,5a380dca-3715-4dd8-aba9-e1cb2901319d,4bc0de5e-590b-42b3-be23-4b3cf25ba97f,->,52de5aa6-f8b4-4f77-91b8-f32833e9cdf4,java/lang/StringBuilder.java,append
52de5aa6-f8b4-4f77-91b8-f32833e9cdf4,5a380dca-3715-4dd8-aba9-e1cb2901319d,4bc0de5e-590b-42b3-be23-4b3cf25ba97f,->,52de5aa6-f8b4-4f77-91b8-f32833e9cdf4,java/util/ArrayList.java,get
52de5aa6-f8b4-4f77-91b8-f32833e9cdf4,5a380dca-3715-4dd8-aba9-e1cb2901319d,4bc0de5e-590b-42b3-be23-4b3cf25ba97f,->,52de5aa6-f8b4-4f77-91b8-f32833e9cdf4,5a380dca-3715-4dd8-aba9-e1cb2901319d,fcb76ce1-ac7e-428c-8d49-98e4baa3eaa3
52de5aa6-f8b4-4f77-91b8-f32833e9cdf4,5a380dca-3715-4dd8-aba9-e1cb2901319d,4bc0de5e-590b-42b3-be23-4b3cf25ba97f,->,52de5aa6-f8b4-4f77-91b8-f32833e9cdf4,java/lang/StringBuilder.java,append
52de5aa6-f8b4-4f77-91b8-f32833e9cdf4,5a380dca-3715-4dd8-aba9-e1cb2901319d,4bc0de5e-590b-42b3-be23-4b3cf25ba97f,->,52de5aa6-f8b4-4f77-91b8-f32833e9cdf4,java/lang/StringBuilder.java,append
52de5aa6-f8b4-4f77-91b8-f32833e9cdf4,5a380dca-3715-4dd8-aba9-e1cb2901319d,4bc0de5e-590b-42b3-be23-4b3cf25ba97f,->,52de5aa6-f8b4-4f77-91b8-f32833e9cdf4,java/util/ArrayList.java,get
52de5aa6-f8b4-4f77-91b8-f32833e9cdf4,5a380dca-3715-4dd8-aba9-e1cb2901319d,4bc0de5e-590b-42b3-be23-4b3cf25ba97f,->,52de5aa6-f8b4-4f77-91b8-f32833e9cdf4,5a380dca-3715-4dd8-aba9-e1cb2901319d,fcb76ce1-ac7e-428c-8d49-98e4baa3eaa3
52de5aa6-f8b4-4f77-91b8-f32833e9cdf4,5a380dca-3715-4dd8-aba9-e1cb2901319d,4bc0de5e-590b-42b3-be23-4b3cf25ba97f,->,52de5aa6-f8b4-4f77-91b8-f32833e9cdf4,java/lang/StringBuilder.java,append
52de5aa6-f8b4-4f77-91b8-f32833e9cdf4,5a380dca-3715-4dd8-aba9-e1cb2901319d,4bc0de5e-590b-42b3-be23-4b3cf25ba97f,->,52de5aa6-f8b4-4f77-91b8-f32833e9cdf4,java/lang/StringBuilder.java,append
52de5aa6-f8b4-4f77-91b8-f32833e9cdf4,5a380dca-3715-4dd8-aba9-e1cb2901319d,4bc0de5e-590b-42b3-be23-4b3cf25ba97f,->,52de5aa6-f8b4-4f77-91b8-f32833e9cdf4,java/util/ArrayList.java,get
52de5aa6-f8b4-4f77-91b8-f32833e9cdf4,5a380dca-3715-4dd8-aba9-e1cb2901319d,4bc0de5e-590b-42b3-be23-4b3cf25ba97f,->,52de5aa6-f8b4-4f77-91b8-f32833e9cdf4,5a380dca-3715-4dd8-aba9-e1cb2901319d,fcb76ce1-ac7e-428c-8d49-98e4baa3eaa3
52de5aa6-f8b4-4f77-91b8-f32833e9cdf4,5a380dca-3715-4dd8-aba9-e1cb2901319d,4bc0de5e-590b-42b3-be23-4b3cf25ba97f,->,52de5aa6-f8b4-4f77-91b8-f32833e9cdf4,java/lang/StringBuilder.java,append
52de5aa6-f8b4-4f77-91b8-f32833e9cdf4,5a380dca-3715-4dd8-aba9-e1cb2901319d,4bc0de5e-590b-42b3-be23-4b3cf25ba97f,->,52de5aa6-f8b4-4f77-91b8-f32833e9cdf4,java/lang/StringBuilder.java,append
52de5aa6-f8b4-4f77-91b8-f32833e9cdf4,5a380dca-3715-4dd8-aba9-e1cb2901319d,4bc0de5e-590b-42b3-be23-4b3cf25ba97f,->,52de5aa6-f8b4-4f77-91b8-f32833e9cdf4,java/util/ArrayList.java,get
52de5aa6-f8b4-4f77-91b8-f32833e9cdf4,5a380dca-3715-4dd8-aba9-e1cb2901319d,4bc0de5e-590b-42b3-be23-4b3cf25ba97f,->,52de5aa6-f8b4-4f77-91b8-f32833e9cdf4,java/lang/StringBuilder.java,append
52de5aa6-f8b4-4f77-91b8-f32833e9cdf4,5a380dca-3715-4dd8-aba9-e1cb2901319d,4bc0de5e-590b-42b3-be23-4b3cf25ba97f,->,52de5aa6-f8b4-4f77-91b8-f32833e9cdf4,java/lang/StringBuilder.java,append
52de5aa6-f8b4-4f77-91b8-f32833e9cdf4,5a380dca-3715-4dd8-aba9-e1cb2901319d,4bc0de5e-590b-42b3-be23-4b3cf25ba97f,->,52de5aa6-f8b4-4f77-91b8-f32833e9cdf4,java/util/ArrayList.java,get
52de5aa6-f8b4-4f77-91b8-f32833e9cdf4,5a380dca-3715-4dd8-aba9-e1cb2901319d,4bc0de5e-590b-42b3-be23-4b3cf25ba97f,->,52de5aa6-f8b4-4f77-91b8-f32833e9cdf4,java/lang/StringBuilder.java,append
52de5aa6-f8b4-4f77-91b8-f32833e9cdf4,5a380dca-3715-4dd8-aba9-e1cb2901319d,4bc0de5e-590b-42b3-be23-4b3cf25ba97f,->,52de5aa6-f8b4-4f77-91b8-f32833e9cdf4,java/lang/StringBuilder.java,append
52de5aa6-f8b4-4f77-91b8-f32833e9cdf4,5a380dca-3715-4dd8-aba9-e1cb2901319d,4bc0de5e-590b-42b3-be23-4b3cf25ba97f,->,52de5aa6-f8b4-4f77-91b8-f32833e9cdf4,java/util/ArrayList.java,get
52de5aa6-f8b4-4f77-91b8-f32833e9cdf4,5a380dca-3715-4dd8-aba9-e1cb2901319d,4bc0de5e-590b-42b3-be23-4b3cf25ba97f,->,52de5aa6-f8b4-4f77-91b8-f32833e9cdf4,java/lang/StringBuilder.java,append
52de5aa6-f8b4-4f77-91b8-f32833e9cdf4,5a380dca-3715-4dd8-aba9-e1cb2901319d,4bc0de5e-590b-42b3-be23-4b3cf25ba97f,->,52de5aa6-f8b4-4f77-91b8-f32833e9cdf4,java/lang/StringBuilder.java,toString
52de5aa6-f8b4-4f77-91b8-f32833e9cdf4,5a380dca-3715-4dd8-aba9-e1cb2901319d,4bc0de5e-590b-42b3-be23-4b3cf25ba97f,->,52de5aa6-f8b4-4f77-91b8-f32833e9cdf4,java/io/PrintStream.java,println
52de5aa6-f8b4-4f77-91b8-f32833e9cdf4,5a380dca-3715-4dd8-aba9-e1cb2901319d,4bc0de5e-590b-42b3-be23-4b3cf25ba97f,->,52de5aa6-f8b4-4f77-91b8-f32833e9cdf4,java/lang/StringBuilder.java,append
52de5aa6-f8b4-4f77-91b8-f32833e9cdf4,5a380dca-3715-4dd8-aba9-e1cb2901319d,4bc0de5e-590b-42b3-be23-4b3cf25ba97f,->,52de5aa6-f8b4-4f77-91b8-f32833e9cdf4,java/lang/Math.java,rint
52de5aa6-f8b4-4f77-91b8-f32833e9cdf4,5a380dca-3715-4dd8-aba9-e1cb2901319d,4bc0de5e-590b-42b3-be23-4b3cf25ba97f,->,52de5aa6-f8b4-4f77-91b8-f32833e9cdf4,java/lang/StringBuilder.java,append
52de5aa6-f8b4-4f77-91b8-f32833e9cdf4,5a380dca-3715-4dd8-aba9-e1cb2901319d,4bc0de5e-590b-42b3-be23-4b3cf25ba97f,->,52de5aa6-f8b4-4f77-91b8-f32833e9cdf4,java/lang/StringBuilder.java,append
52de5aa6-f8b4-4f77-91b8-f32833e9cdf4,5a380dca-3715-4dd8-aba9-e1cb2901319d,4bc0de5e-590b-42b3-be23-4b3cf25ba97f,->,52de5aa6-f8b4-4f77-91b8-f32833e9cdf4,java/lang/StringBuilder.java,toString
52de5aa6-f8b4-4f77-91b8-f32833e9cdf4,5a380dca-3715-4dd8-aba9-e1cb2901319d,4bc0de5e-590b-42b3-be23-4b3cf25ba97f,->,52de5aa6-f8b4-4f77-91b8-f32833e9cdf4,java/io/PrintStream.java,println
52de5aa6-f8b4-4f77-91b8-f32833e9cdf4,5a380dca-3715-4dd8-aba9-e1cb2901319d,de48c25e-957c-4b28-a089-da3db4612a4a,->,52de5aa6-f8b4-4f77-91b8-f32833e9cdf4,java/util/ArrayList.java,size
52de5aa6-f8b4-4f77-91b8-f32833e9cdf4,5a380dca-3715-4dd8-aba9-e1cb2901319d,de48c25e-957c-4b28-a089-da3db4612a4a,->,52de5aa6-f8b4-4f77-91b8-f32833e9cdf4,java/util/ArrayList.java,size
52de5aa6-f8b4-4f77-91b8-f32833e9cdf4,5a380dca-3715-4dd8-aba9-e1cb2901319d,de48c25e-957c-4b28-a089-da3db4612a4a,->,52de5aa6-f8b4-4f77-91b8-f32833e9cdf4,java/util/ArrayList.java,get
52de5aa6-f8b4-4f77-91b8-f32833e9cdf4,5a380dca-3715-4dd8-aba9-e1cb2901319d,de48c25e-957c-4b28-a089-da3db4612a4a,->,52de5aa6-f8b4-4f77-91b8-f32833e9cdf4,java/util/ArrayList.java,get
52de5aa6-f8b4-4f77-91b8-f32833e9cdf4,5a380dca-3715-4dd8-aba9-e1cb2901319d,de48c25e-957c-4b28-a089-da3db4612a4a,->,52de5aa6-f8b4-4f77-91b8-f32833e9cdf4,java/util/ArrayList.java,get
52de5aa6-f8b4-4f77-91b8-f32833e9cdf4,5a380dca-3715-4dd8-aba9-e1cb2901319d,de48c25e-957c-4b28-a089-da3db4612a4a,->,52de5aa6-f8b4-4f77-91b8-f32833e9cdf4,java/util/ArrayList.java,get
52de5aa6-f8b4-4f77-91b8-f32833e9cdf4,5a380dca-3715-4dd8-aba9-e1cb2901319d,de48c25e-957c-4b28-a089-da3db4612a4a,->,52de5aa6-f8b4-4f77-91b8-f32833e9cdf4,java/util/ArrayList.java,set
52de5aa6-f8b4-4f77-91b8-f32833e9cdf4,5a380dca-3715-4dd8-aba9-e1cb2901319d,de48c25e-957c-4b28-a089-da3db4612a4a,->,52de5aa6-f8b4-4f77-91b8-f32833e9cdf4,java/util/ArrayList.java,set
52de5aa6-f8b4-4f77-91b8-f32833e9cdf4,5a380dca-3715-4dd8-aba9-e1cb2901319d,fe3354ef-42de-493c-b57c-028c35a8fc8f,->,52de5aa6-f8b4-4f77-91b8-f32833e9cdf4,java/io/PrintStream.java,println
52de5aa6-f8b4-4f77-91b8-f32833e9cdf4,5a380dca-3715-4dd8-aba9-e1cb2901319d,fe3354ef-42de-493c-b57c-028c35a8fc8f,->,52de5aa6-f8b4-4f77-91b8-f32833e9cdf4,java/util/ArrayList.java,size
52de5aa6-f8b4-4f77-91b8-f32833e9cdf4,5a380dca-3715-4dd8-aba9-e1cb2901319d,fe3354ef-42de-493c-b57c-028c35a8fc8f,->,52de5aa6-f8b4-4f77-91b8-f32833e9cdf4,java/lang/StringBuilder.java,append
52de5aa6-f8b4-4f77-91b8-f32833e9cdf4,5a380dca-3715-4dd8-aba9-e1cb2901319d,fe3354ef-42de-493c-b57c-028c35a8fc8f,->,52de5aa6-f8b4-4f77-91b8-f32833e9cdf4,java/util/ArrayList.java,get
52de5aa6-f8b4-4f77-91b8-f32833e9cdf4,5a380dca-3715-4dd8-aba9-e1cb2901319d,fe3354ef-42de-493c-b57c-028c35a8fc8f,->,52de5aa6-f8b4-4f77-91b8-f32833e9cdf4,java/lang/StringBuilder.java,append
52de5aa6-f8b4-4f77-91b8-f32833e9cdf4,5a380dca-3715-4dd8-aba9-e1cb2901319d,fe3354ef-42de-493c-b57c-028c35a8fc8f,->,52de5aa6-f8b4-4f77-91b8-f32833e9cdf4,java/lang/StringBuilder.java,append
52de5aa6-f8b4-4f77-91b8-f32833e9cdf4,5a380dca-3715-4dd8-aba9-e1cb2901319d,fe3354ef-42de-493c-b57c-028c35a8fc8f,->,52de5aa6-f8b4-4f77-91b8-f32833e9cdf4,java/util/ArrayList.java,get
52de5aa6-f8b4-4f77-91b8-f32833e9cdf4,5a380dca-3715-4dd8-aba9-e1cb2901319d,fe3354ef-42de-493c-b57c-028c35a8fc8f,->,52de5aa6-f8b4-4f77-91b8-f32833e9cdf4,java/lang/StringBuilder.java,append
52de5aa6-f8b4-4f77-91b8-f32833e9cdf4,5a380dca-3715-4dd8-aba9-e1cb2901319d,fe3354ef-42de-493c-b57c-028c35a8fc8f,->,52de5aa6-f8b4-4f77-91b8-f32833e9cdf4,java/lang/StringBuilder.java,toString
52de5aa6-f8b4-4f77-91b8-f32833e9cdf4,5a380dca-3715-4dd8-aba9-e1cb2901319d,fe3354ef-42de-493c-b57c-028c35a8fc8f,->,52de5aa6-f8b4-4f77-91b8-f32833e9cdf4,java/io/PrintStream.java,println
52de5aa6-f8b4-4f77-91b8-f32833e9cdf4,5a380dca-3715-4dd8-aba9-e1cb2901319d,fe3354ef-42de-493c-b57c-028c35a8fc8f,->,52de5aa6-f8b4-4f77-91b8-f32833e9cdf4,java/io/PrintStream.java,println
52de5aa6-f8b4-4f77-91b8-f32833e9cdf4,5a380dca-3715-4dd8-aba9-e1cb2901319d,fcb76ce1-ac7e-428c-8d49-98e4baa3eaa3,->,52de5aa6-f8b4-4f77-91b8-f32833e9cdf4,java/lang/StringBuilder.java,append
52de5aa6-f8b4-4f77-91b8-f32833e9cdf4,5a380dca-3715-4dd8-aba9-e1cb2901319d,fcb76ce1-ac7e-428c-8d49-98e4baa3eaa3,->,52de5aa6-f8b4-4f77-91b8-f32833e9cdf4,java/lang/Integer.java,toString
52de5aa6-f8b4-4f77-91b8-f32833e9cdf4,5a380dca-3715-4dd8-aba9-e1cb2901319d,fcb76ce1-ac7e-428c-8d49-98e4baa3eaa3,->,52de5aa6-f8b4-4f77-91b8-f32833e9cdf4,java/lang/StringBuilder.java,append
52de5aa6-f8b4-4f77-91b8-f32833e9cdf4,5a380dca-3715-4dd8-aba9-e1cb2901319d,fcb76ce1-ac7e-428c-8d49-98e4baa3eaa3,->,52de5aa6-f8b4-4f77-91b8-f32833e9cdf4,java/lang/StringBuilder.java,toString
52de5aa6-f8b4-4f77-91b8-f32833e9cdf4,5a380dca-3715-4dd8-aba9-e1cb2901319d,fcb76ce1-ac7e-428c-8d49-98e4baa3eaa3,->,52de5aa6-f8b4-4f77-91b8-f32833e9cdf4,java/lang/Integer.java,toString
52de5aa6-f8b4-4f77-91b8-f32833e9cdf4,5a380dca-3715-4dd8-aba9-e1cb2901319d,fcb76ce1-ac7e-428c-8d49-98e4baa3eaa3,->,52de5aa6-f8b4-4f77-91b8-f32833e9cdf4,java/lang/StringBuilder.java,append
52de5aa6-f8b4-4f77-91b8-f32833e9cdf4,5a380dca-3715-4dd8-aba9-e1cb2901319d,fcb76ce1-ac7e-428c-8d49-98e4baa3eaa3,->,52de5aa6-f8b4-4f77-91b8-f32833e9cdf4,java/lang/Integer.java,toString
52de5aa6-f8b4-4f77-91b8-f32833e9cdf4,5a380dca-3715-4dd8-aba9-e1cb2901319d,fcb76ce1-ac7e-428c-8d49-98e4baa3eaa3,->,52de5aa6-f8b4-4f77-91b8-f32833e9cdf4,java/lang/StringBuilder.java,append
52de5aa6-f8b4-4f77-91b8-f32833e9cdf4,5a380dca-3715-4dd8-aba9-e1cb2901319d,fcb76ce1-ac7e-428c-8d49-98e4baa3eaa3,->,52de5aa6-f8b4-4f77-91b8-f32833e9cdf4,java/lang/StringBuilder.java,toString
52de5aa6-f8b4-4f77-91b8-f32833e9cdf4,5a380dca-3715-4dd8-aba9-e1cb2901319d,fcb76ce1-ac7e-428c-8d49-98e4baa3eaa3,->,52de5aa6-f8b4-4f77-91b8-f32833e9cdf4,java/lang/Integer.java,toString
52de5aa6-f8b4-4f77-91b8-f32833e9cdf4,5a380dca-3715-4dd8-aba9-e1cb2901319d,fcb76ce1-ac7e-428c-8d49-98e4baa3eaa3,->,52de5aa6-f8b4-4f77-91b8-f32833e9cdf4,java/lang/StringBuilder.java,append
52de5aa6-f8b4-4f77-91b8-f32833e9cdf4,5a380dca-3715-4dd8-aba9-e1cb2901319d,fcb76ce1-ac7e-428c-8d49-98e4baa3eaa3,->,52de5aa6-f8b4-4f77-91b8-f32833e9cdf4,java/lang/StringBuilder.java,append
52de5aa6-f8b4-4f77-91b8-f32833e9cdf4,5a380dca-3715-4dd8-aba9-e1cb2901319d,fcb76ce1-ac7e-428c-8d49-98e4baa3eaa3,->,52de5aa6-f8b4-4f77-91b8-f32833e9cdf4,java/lang/StringBuilder.java,append
52de5aa6-f8b4-4f77-91b8-f32833e9cdf4,5a380dca-3715-4dd8-aba9-e1cb2901319d,fcb76ce1-ac7e-428c-8d49-98e4baa3eaa3,->,52de5aa6-f8b4-4f77-91b8-f32833e9cdf4,java/lang/StringBuilder.java,toString
52de5aa6-f8b4-4f77-91b8-f32833e9cdf4,5a380dca-3715-4dd8-aba9-e1cb2901319d,b5490e40-a2d8-41a9-9980-fe0a8c99500d,->,52de5aa6-f8b4-4f77-91b8-f32833e9cdf4,f861cc94-cf08-4813-8f41-23181a2d7483,99559056-5a5c-4fbb-8ad4-f1a51a3a116d
52de5aa6-f8b4-4f77-91b8-f32833e9cdf4,5a380dca-3715-4dd8-aba9-e1cb2901319d,b5490e40-a2d8-41a9-9980-fe0a8c99500d,->,52de5aa6-f8b4-4f77-91b8-f32833e9cdf4,f861cc94-cf08-4813-8f41-23181a2d7483,03a34274-e8b2-4107-a4ad-dc6f0ec82a2b
52de5aa6-f8b4-4f77-91b8-f32833e9cdf4,5a380dca-3715-4dd8-aba9-e1cb2901319d,b5490e40-a2d8-41a9-9980-fe0a8c99500d,->,52de5aa6-f8b4-4f77-91b8-f32833e9cdf4,5a380dca-3715-4dd8-aba9-e1cb2901319d,e4a8ec18-0df8-4762-9940-9f055a1bc062
52de5aa6-f8b4-4f77-91b8-f32833e9cdf4,5a380dca-3715-4dd8-aba9-e1cb2901319d,b5490e40-a2d8-41a9-9980-fe0a8c99500d,->,52de5aa6-f8b4-4f77-91b8-f32833e9cdf4,5a380dca-3715-4dd8-aba9-e1cb2901319d,4bc0de5e-590b-42b3-be23-4b3cf25ba97f
52de5aa6-f8b4-4f77-91b8-f32833e9cdf4,Final/Ventana$1.java,actionPerformed,->,52de5aa6-f8b4-4f77-91b8-f32833e9cdf4,Final/Ventana.java,access$000
52de5aa6-f8b4-4f77-91b8-f32833e9cdf4,Final/Ventana$2.java,actionPerformed,->,52de5aa6-f8b4-4f77-91b8-f32833e9cdf4,Final/Ventana.java,access$100
52de5aa6-f8b4-4f77-91b8-f32833e9cdf4,946ba5d4-d6e4-482b-9c7f-db01b2b97828,d6c4f8e3-ca6a-4f37-8654-8915ffbaabde,->,52de5aa6-f8b4-4f77-91b8-f32833e9cdf4,java/lang/Math.java,random
52de5aa6-f8b4-4f77-91b8-f32833e9cdf4,946ba5d4-d6e4-482b-9c7f-db01b2b97828,bbb327af-457f-4c72-822a-85bc63498cd6,->,52de5aa6-f8b4-4f77-91b8-f32833e9cdf4,java/lang/Math.java,random
52de5aa6-f8b4-4f77-91b8-f32833e9cdf4,946ba5d4-d6e4-482b-9c7f-db01b2b97828,71990d74-58f2-4882-bedf-4aa7bfd4e6e9,->,52de5aa6-f8b4-4f77-91b8-f32833e9cdf4,946ba5d4-d6e4-482b-9c7f-db01b2b97828,e7f5da97-8fc3-419c-adf6-6b2e1a60a086
52de5aa6-f8b4-4f77-91b8-f32833e9cdf4,946ba5d4-d6e4-482b-9c7f-db01b2b97828,71990d74-58f2-4882-bedf-4aa7bfd4e6e9,->,52de5aa6-f8b4-4f77-91b8-f32833e9cdf4,java/util/ArrayList.java,get
52de5aa6-f8b4-4f77-91b8-f32833e9cdf4,946ba5d4-d6e4-482b-9c7f-db01b2b97828,71990d74-58f2-4882-bedf-4aa7bfd4e6e9,->,52de5aa6-f8b4-4f77-91b8-f32833e9cdf4,java/util/ArrayList.java,get
52de5aa6-f8b4-4f77-91b8-f32833e9cdf4,946ba5d4-d6e4-482b-9c7f-db01b2b97828,71990d74-58f2-4882-bedf-4aa7bfd4e6e9,->,52de5aa6-f8b4-4f77-91b8-f32833e9cdf4,java/io/PrintStream.java,println
52de5aa6-f8b4-4f77-91b8-f32833e9cdf4,946ba5d4-d6e4-482b-9c7f-db01b2b97828,71990d74-58f2-4882-bedf-4aa7bfd4e6e9,->,52de5aa6-f8b4-4f77-91b8-f32833e9cdf4,java/util/ArrayList.java,get
52de5aa6-f8b4-4f77-91b8-f32833e9cdf4,946ba5d4-d6e4-482b-9c7f-db01b2b97828,71990d74-58f2-4882-bedf-4aa7bfd4e6e9,->,52de5aa6-f8b4-4f77-91b8-f32833e9cdf4,java/util/ArrayList.java,add
52de5aa6-f8b4-4f77-91b8-f32833e9cdf4,946ba5d4-d6e4-482b-9c7f-db01b2b97828,71990d74-58f2-4882-bedf-4aa7bfd4e6e9,->,52de5aa6-f8b4-4f77-91b8-f32833e9cdf4,java/util/ArrayList.java,remove
52de5aa6-f8b4-4f77-91b8-f32833e9cdf4,946ba5d4-d6e4-482b-9c7f-db01b2b97828,71990d74-58f2-4882-bedf-4aa7bfd4e6e9,->,52de5aa6-f8b4-4f77-91b8-f32833e9cdf4,946ba5d4-d6e4-482b-9c7f-db01b2b97828,d6c4f8e3-ca6a-4f37-8654-8915ffbaabde
52de5aa6-f8b4-4f77-91b8-f32833e9cdf4,946ba5d4-d6e4-482b-9c7f-db01b2b97828,71990d74-58f2-4882-bedf-4aa7bfd4e6e9,->,52de5aa6-f8b4-4f77-91b8-f32833e9cdf4,java/util/ArrayList.java,add
52de5aa6-f8b4-4f77-91b8-f32833e9cdf4,946ba5d4-d6e4-482b-9c7f-db01b2b97828,71990d74-58f2-4882-bedf-4aa7bfd4e6e9,->,52de5aa6-f8b4-4f77-91b8-f32833e9cdf4,java/util/ArrayList.java,get
52de5aa6-f8b4-4f77-91b8-f32833e9cdf4,946ba5d4-d6e4-482b-9c7f-db01b2b97828,71990d74-58f2-4882-bedf-4aa7bfd4e6e9,->,52de5aa6-f8b4-4f77-91b8-f32833e9cdf4,java/util/ArrayList.java,get
52de5aa6-f8b4-4f77-91b8-f32833e9cdf4,946ba5d4-d6e4-482b-9c7f-db01b2b97828,71990d74-58f2-4882-bedf-4aa7bfd4e6e9,->,52de5aa6-f8b4-4f77-91b8-f32833e9cdf4,java/util/ArrayList.java,get
52de5aa6-f8b4-4f77-91b8-f32833e9cdf4,946ba5d4-d6e4-482b-9c7f-db01b2b97828,71990d74-58f2-4882-bedf-4aa7bfd4e6e9,->,52de5aa6-f8b4-4f77-91b8-f32833e9cdf4,946ba5d4-d6e4-482b-9c7f-db01b2b97828,bbb327af-457f-4c72-822a-85bc63498cd6
52de5aa6-f8b4-4f77-91b8-f32833e9cdf4,946ba5d4-d6e4-482b-9c7f-db01b2b97828,71990d74-58f2-4882-bedf-4aa7bfd4e6e9,->,52de5aa6-f8b4-4f77-91b8-f32833e9cdf4,java/util/ArrayList.java,add
52de5aa6-f8b4-4f77-91b8-f32833e9cdf4,946ba5d4-d6e4-482b-9c7f-db01b2b97828,71990d74-58f2-4882-bedf-4aa7bfd4e6e9,->,52de5aa6-f8b4-4f77-91b8-f32833e9cdf4,java/util/ArrayList.java,get
52de5aa6-f8b4-4f77-91b8-f32833e9cdf4,946ba5d4-d6e4-482b-9c7f-db01b2b97828,71990d74-58f2-4882-bedf-4aa7bfd4e6e9,->,52de5aa6-f8b4-4f77-91b8-f32833e9cdf4,java/util/ArrayList.java,get
52de5aa6-f8b4-4f77-91b8-f32833e9cdf4,946ba5d4-d6e4-482b-9c7f-db01b2b97828,71990d74-58f2-4882-bedf-4aa7bfd4e6e9,->,52de5aa6-f8b4-4f77-91b8-f32833e9cdf4,java/io/PrintStream.java,println
52de5aa6-f8b4-4f77-91b8-f32833e9cdf4,946ba5d4-d6e4-482b-9c7f-db01b2b97828,71990d74-58f2-4882-bedf-4aa7bfd4e6e9,->,52de5aa6-f8b4-4f77-91b8-f32833e9cdf4,java/util/ArrayList.java,get
52de5aa6-f8b4-4f77-91b8-f32833e9cdf4,946ba5d4-d6e4-482b-9c7f-db01b2b97828,71990d74-58f2-4882-bedf-4aa7bfd4e6e9,->,52de5aa6-f8b4-4f77-91b8-f32833e9cdf4,java/util/ArrayList.java,remove
52de5aa6-f8b4-4f77-91b8-f32833e9cdf4,946ba5d4-d6e4-482b-9c7f-db01b2b97828,71990d74-58f2-4882-bedf-4aa7bfd4e6e9,->,52de5aa6-f8b4-4f77-91b8-f32833e9cdf4,946ba5d4-d6e4-482b-9c7f-db01b2b97828,d6c4f8e3-ca6a-4f37-8654-8915ffbaabde
52de5aa6-f8b4-4f77-91b8-f32833e9cdf4,946ba5d4-d6e4-482b-9c7f-db01b2b97828,71990d74-58f2-4882-bedf-4aa7bfd4e6e9,->,52de5aa6-f8b4-4f77-91b8-f32833e9cdf4,java/util/ArrayList.java,add
52de5aa6-f8b4-4f77-91b8-f32833e9cdf4,946ba5d4-d6e4-482b-9c7f-db01b2b97828,71990d74-58f2-4882-bedf-4aa7bfd4e6e9,->,52de5aa6-f8b4-4f77-91b8-f32833e9cdf4,java/util/ArrayList.java,get
52de5aa6-f8b4-4f77-91b8-f32833e9cdf4,946ba5d4-d6e4-482b-9c7f-db01b2b97828,71990d74-58f2-4882-bedf-4aa7bfd4e6e9,->,52de5aa6-f8b4-4f77-91b8-f32833e9cdf4,java/util/ArrayList.java,get
52de5aa6-f8b4-4f77-91b8-f32833e9cdf4,946ba5d4-d6e4-482b-9c7f-db01b2b97828,71990d74-58f2-4882-bedf-4aa7bfd4e6e9,->,52de5aa6-f8b4-4f77-91b8-f32833e9cdf4,946ba5d4-d6e4-482b-9c7f-db01b2b97828,e7f5da97-8fc3-419c-adf6-6b2e1a60a086
52de5aa6-f8b4-4f77-91b8-f32833e9cdf4,946ba5d4-d6e4-482b-9c7f-db01b2b97828,71990d74-58f2-4882-bedf-4aa7bfd4e6e9,->,52de5aa6-f8b4-4f77-91b8-f32833e9cdf4,java/util/ArrayList.java,get
52de5aa6-f8b4-4f77-91b8-f32833e9cdf4,946ba5d4-d6e4-482b-9c7f-db01b2b97828,71990d74-58f2-4882-bedf-4aa7bfd4e6e9,->,52de5aa6-f8b4-4f77-91b8-f32833e9cdf4,java/io/PrintStream.java,println
52de5aa6-f8b4-4f77-91b8-f32833e9cdf4,946ba5d4-d6e4-482b-9c7f-db01b2b97828,71990d74-58f2-4882-bedf-4aa7bfd4e6e9,->,52de5aa6-f8b4-4f77-91b8-f32833e9cdf4,java/util/ArrayList.java,get
52de5aa6-f8b4-4f77-91b8-f32833e9cdf4,946ba5d4-d6e4-482b-9c7f-db01b2b97828,71990d74-58f2-4882-bedf-4aa7bfd4e6e9,->,52de5aa6-f8b4-4f77-91b8-f32833e9cdf4,java/util/ArrayList.java,remove
52de5aa6-f8b4-4f77-91b8-f32833e9cdf4,946ba5d4-d6e4-482b-9c7f-db01b2b97828,71990d74-58f2-4882-bedf-4aa7bfd4e6e9,->,52de5aa6-f8b4-4f77-91b8-f32833e9cdf4,946ba5d4-d6e4-482b-9c7f-db01b2b97828,d6c4f8e3-ca6a-4f37-8654-8915ffbaabde
52de5aa6-f8b4-4f77-91b8-f32833e9cdf4,946ba5d4-d6e4-482b-9c7f-db01b2b97828,71990d74-58f2-4882-bedf-4aa7bfd4e6e9,->,52de5aa6-f8b4-4f77-91b8-f32833e9cdf4,java/util/ArrayList.java,add
52de5aa6-f8b4-4f77-91b8-f32833e9cdf4,946ba5d4-d6e4-482b-9c7f-db01b2b97828,71990d74-58f2-4882-bedf-4aa7bfd4e6e9,->,52de5aa6-f8b4-4f77-91b8-f32833e9cdf4,java/util/ArrayList.java,get
52de5aa6-f8b4-4f77-91b8-f32833e9cdf4,946ba5d4-d6e4-482b-9c7f-db01b2b97828,71990d74-58f2-4882-bedf-4aa7bfd4e6e9,->,52de5aa6-f8b4-4f77-91b8-f32833e9cdf4,java/util/ArrayList.java,get
52de5aa6-f8b4-4f77-91b8-f32833e9cdf4,946ba5d4-d6e4-482b-9c7f-db01b2b97828,71990d74-58f2-4882-bedf-4aa7bfd4e6e9,->,52de5aa6-f8b4-4f77-91b8-f32833e9cdf4,java/util/ArrayList.java,get
52de5aa6-f8b4-4f77-91b8-f32833e9cdf4,946ba5d4-d6e4-482b-9c7f-db01b2b97828,71990d74-58f2-4882-bedf-4aa7bfd4e6e9,->,52de5aa6-f8b4-4f77-91b8-f32833e9cdf4,java/io/PrintStream.java,println
52de5aa6-f8b4-4f77-91b8-f32833e9cdf4,946ba5d4-d6e4-482b-9c7f-db01b2b97828,71990d74-58f2-4882-bedf-4aa7bfd4e6e9,->,52de5aa6-f8b4-4f77-91b8-f32833e9cdf4,java/lang/Math.java,max
52de5aa6-f8b4-4f77-91b8-f32833e9cdf4,946ba5d4-d6e4-482b-9c7f-db01b2b97828,1629b475-ef79-41ae-a814-69bf703e1cc8,->,52de5aa6-f8b4-4f77-91b8-f32833e9cdf4,java/io/PrintStream.java,println
52de5aa6-f8b4-4f77-91b8-f32833e9cdf4,946ba5d4-d6e4-482b-9c7f-db01b2b97828,1629b475-ef79-41ae-a814-69bf703e1cc8,->,52de5aa6-f8b4-4f77-91b8-f32833e9cdf4,java/util/ArrayList.java,size
52de5aa6-f8b4-4f77-91b8-f32833e9cdf4,946ba5d4-d6e4-482b-9c7f-db01b2b97828,1629b475-ef79-41ae-a814-69bf703e1cc8,->,52de5aa6-f8b4-4f77-91b8-f32833e9cdf4,java/lang/StringBuilder.java,append
52de5aa6-f8b4-4f77-91b8-f32833e9cdf4,946ba5d4-d6e4-482b-9c7f-db01b2b97828,1629b475-ef79-41ae-a814-69bf703e1cc8,->,52de5aa6-f8b4-4f77-91b8-f32833e9cdf4,java/util/ArrayList.java,get
52de5aa6-f8b4-4f77-91b8-f32833e9cdf4,946ba5d4-d6e4-482b-9c7f-db01b2b97828,1629b475-ef79-41ae-a814-69bf703e1cc8,->,52de5aa6-f8b4-4f77-91b8-f32833e9cdf4,java/lang/StringBuilder.java,append
52de5aa6-f8b4-4f77-91b8-f32833e9cdf4,946ba5d4-d6e4-482b-9c7f-db01b2b97828,1629b475-ef79-41ae-a814-69bf703e1cc8,->,52de5aa6-f8b4-4f77-91b8-f32833e9cdf4,java/lang/StringBuilder.java,append
52de5aa6-f8b4-4f77-91b8-f32833e9cdf4,946ba5d4-d6e4-482b-9c7f-db01b2b97828,1629b475-ef79-41ae-a814-69bf703e1cc8,->,52de5aa6-f8b4-4f77-91b8-f32833e9cdf4,java/util/ArrayList.java,get
52de5aa6-f8b4-4f77-91b8-f32833e9cdf4,946ba5d4-d6e4-482b-9c7f-db01b2b97828,1629b475-ef79-41ae-a814-69bf703e1cc8,->,52de5aa6-f8b4-4f77-91b8-f32833e9cdf4,java/lang/StringBuilder.java,append
52de5aa6-f8b4-4f77-91b8-f32833e9cdf4,946ba5d4-d6e4-482b-9c7f-db01b2b97828,1629b475-ef79-41ae-a814-69bf703e1cc8,->,52de5aa6-f8b4-4f77-91b8-f32833e9cdf4,java/lang/StringBuilder.java,append
52de5aa6-f8b4-4f77-91b8-f32833e9cdf4,946ba5d4-d6e4-482b-9c7f-db01b2b97828,1629b475-ef79-41ae-a814-69bf703e1cc8,->,52de5aa6-f8b4-4f77-91b8-f32833e9cdf4,java/util/ArrayList.java,get
52de5aa6-f8b4-4f77-91b8-f32833e9cdf4,946ba5d4-d6e4-482b-9c7f-db01b2b97828,1629b475-ef79-41ae-a814-69bf703e1cc8,->,52de5aa6-f8b4-4f77-91b8-f32833e9cdf4,java/lang/StringBuilder.java,append
52de5aa6-f8b4-4f77-91b8-f32833e9cdf4,946ba5d4-d6e4-482b-9c7f-db01b2b97828,1629b475-ef79-41ae-a814-69bf703e1cc8,->,52de5aa6-f8b4-4f77-91b8-f32833e9cdf4,java/lang/StringBuilder.java,append
52de5aa6-f8b4-4f77-91b8-f32833e9cdf4,946ba5d4-d6e4-482b-9c7f-db01b2b97828,1629b475-ef79-41ae-a814-69bf703e1cc8,->,52de5aa6-f8b4-4f77-91b8-f32833e9cdf4,java/util/ArrayList.java,get
52de5aa6-f8b4-4f77-91b8-f32833e9cdf4,946ba5d4-d6e4-482b-9c7f-db01b2b97828,1629b475-ef79-41ae-a814-69bf703e1cc8,->,52de5aa6-f8b4-4f77-91b8-f32833e9cdf4,java/lang/StringBuilder.java,append
52de5aa6-f8b4-4f77-91b8-f32833e9cdf4,946ba5d4-d6e4-482b-9c7f-db01b2b97828,1629b475-ef79-41ae-a814-69bf703e1cc8,->,52de5aa6-f8b4-4f77-91b8-f32833e9cdf4,java/lang/StringBuilder.java,append
52de5aa6-f8b4-4f77-91b8-f32833e9cdf4,946ba5d4-d6e4-482b-9c7f-db01b2b97828,1629b475-ef79-41ae-a814-69bf703e1cc8,->,52de5aa6-f8b4-4f77-91b8-f32833e9cdf4,java/util/ArrayList.java,get
52de5aa6-f8b4-4f77-91b8-f32833e9cdf4,946ba5d4-d6e4-482b-9c7f-db01b2b97828,1629b475-ef79-41ae-a814-69bf703e1cc8,->,52de5aa6-f8b4-4f77-91b8-f32833e9cdf4,java/lang/StringBuilder.java,append
52de5aa6-f8b4-4f77-91b8-f32833e9cdf4,946ba5d4-d6e4-482b-9c7f-db01b2b97828,1629b475-ef79-41ae-a814-69bf703e1cc8,->,52de5aa6-f8b4-4f77-91b8-f32833e9cdf4,java/lang/StringBuilder.java,toString
52de5aa6-f8b4-4f77-91b8-f32833e9cdf4,946ba5d4-d6e4-482b-9c7f-db01b2b97828,1629b475-ef79-41ae-a814-69bf703e1cc8,->,52de5aa6-f8b4-4f77-91b8-f32833e9cdf4,java/io/PrintStream.java,println
52de5aa6-f8b4-4f77-91b8-f32833e9cdf4,946ba5d4-d6e4-482b-9c7f-db01b2b97828,e7f5da97-8fc3-419c-adf6-6b2e1a60a086,->,52de5aa6-f8b4-4f77-91b8-f32833e9cdf4,java/util/ArrayList.java,size
52de5aa6-f8b4-4f77-91b8-f32833e9cdf4,946ba5d4-d6e4-482b-9c7f-db01b2b97828,e7f5da97-8fc3-419c-adf6-6b2e1a60a086,->,52de5aa6-f8b4-4f77-91b8-f32833e9cdf4,java/util/ArrayList.java,size
52de5aa6-f8b4-4f77-91b8-f32833e9cdf4,946ba5d4-d6e4-482b-9c7f-db01b2b97828,e7f5da97-8fc3-419c-adf6-6b2e1a60a086,->,52de5aa6-f8b4-4f77-91b8-f32833e9cdf4,java/util/ArrayList.java,get
52de5aa6-f8b4-4f77-91b8-f32833e9cdf4,946ba5d4-d6e4-482b-9c7f-db01b2b97828,e7f5da97-8fc3-419c-adf6-6b2e1a60a086,->,52de5aa6-f8b4-4f77-91b8-f32833e9cdf4,java/util/ArrayList.java,get
52de5aa6-f8b4-4f77-91b8-f32833e9cdf4,946ba5d4-d6e4-482b-9c7f-db01b2b97828,e7f5da97-8fc3-419c-adf6-6b2e1a60a086,->,52de5aa6-f8b4-4f77-91b8-f32833e9cdf4,java/util/ArrayList.java,get
52de5aa6-f8b4-4f77-91b8-f32833e9cdf4,946ba5d4-d6e4-482b-9c7f-db01b2b97828,e7f5da97-8fc3-419c-adf6-6b2e1a60a086,->,52de5aa6-f8b4-4f77-91b8-f32833e9cdf4,java/util/ArrayList.java,get
52de5aa6-f8b4-4f77-91b8-f32833e9cdf4,946ba5d4-d6e4-482b-9c7f-db01b2b97828,e7f5da97-8fc3-419c-adf6-6b2e1a60a086,->,52de5aa6-f8b4-4f77-91b8-f32833e9cdf4,java/util/ArrayList.java,set
52de5aa6-f8b4-4f77-91b8-f32833e9cdf4,946ba5d4-d6e4-482b-9c7f-db01b2b97828,e7f5da97-8fc3-419c-adf6-6b2e1a60a086,->,52de5aa6-f8b4-4f77-91b8-f32833e9cdf4,java/util/ArrayList.java,set
52de5aa6-f8b4-4f77-91b8-f32833e9cdf4,946ba5d4-d6e4-482b-9c7f-db01b2b97828,e5155dfb-bfc4-4ac6-9b8a-a9e7f7eba72e,->,52de5aa6-f8b4-4f77-91b8-f32833e9cdf4,java/io/PrintStream.java,println
52de5aa6-f8b4-4f77-91b8-f32833e9cdf4,946ba5d4-d6e4-482b-9c7f-db01b2b97828,e5155dfb-bfc4-4ac6-9b8a-a9e7f7eba72e,->,52de5aa6-f8b4-4f77-91b8-f32833e9cdf4,java/util/ArrayList.java,size
52de5aa6-f8b4-4f77-91b8-f32833e9cdf4,946ba5d4-d6e4-482b-9c7f-db01b2b97828,e5155dfb-bfc4-4ac6-9b8a-a9e7f7eba72e,->,52de5aa6-f8b4-4f77-91b8-f32833e9cdf4,java/lang/StringBuilder.java,append
52de5aa6-f8b4-4f77-91b8-f32833e9cdf4,946ba5d4-d6e4-482b-9c7f-db01b2b97828,e5155dfb-bfc4-4ac6-9b8a-a9e7f7eba72e,->,52de5aa6-f8b4-4f77-91b8-f32833e9cdf4,java/util/ArrayList.java,get
52de5aa6-f8b4-4f77-91b8-f32833e9cdf4,946ba5d4-d6e4-482b-9c7f-db01b2b97828,e5155dfb-bfc4-4ac6-9b8a-a9e7f7eba72e,->,52de5aa6-f8b4-4f77-91b8-f32833e9cdf4,java/lang/StringBuilder.java,append
52de5aa6-f8b4-4f77-91b8-f32833e9cdf4,946ba5d4-d6e4-482b-9c7f-db01b2b97828,e5155dfb-bfc4-4ac6-9b8a-a9e7f7eba72e,->,52de5aa6-f8b4-4f77-91b8-f32833e9cdf4,java/lang/StringBuilder.java,toString
52de5aa6-f8b4-4f77-91b8-f32833e9cdf4,946ba5d4-d6e4-482b-9c7f-db01b2b97828,e5155dfb-bfc4-4ac6-9b8a-a9e7f7eba72e,->,52de5aa6-f8b4-4f77-91b8-f32833e9cdf4,java/io/PrintStream.java,println
52de5aa6-f8b4-4f77-91b8-f32833e9cdf4,946ba5d4-d6e4-482b-9c7f-db01b2b97828,e5155dfb-bfc4-4ac6-9b8a-a9e7f7eba72e,->,52de5aa6-f8b4-4f77-91b8-f32833e9cdf4,java/io/PrintStream.java,println
52de5aa6-f8b4-4f77-91b8-f32833e9cdf4,946ba5d4-d6e4-482b-9c7f-db01b2b97828,808d6944-c2d7-4d9f-83cf-8decdb005c36,->,52de5aa6-f8b4-4f77-91b8-f32833e9cdf4,946ba5d4-d6e4-482b-9c7f-db01b2b97828,71990d74-58f2-4882-bedf-4aa7bfd4e6e9
52de5aa6-f8b4-4f77-91b8-f32833e9cdf4,946ba5d4-d6e4-482b-9c7f-db01b2b97828,808d6944-c2d7-4d9f-83cf-8decdb005c36,->,52de5aa6-f8b4-4f77-91b8-f32833e9cdf4,946ba5d4-d6e4-482b-9c7f-db01b2b97828,1629b475-ef79-41ae-a814-69bf703e1cc8
52de5aa6-f8b4-4f77-91b8-f32833e9cdf4,Final/Ventana$5.java,run,->,52de5aa6-f8b4-4f77-91b8-f32833e9cdf4,Final/Ventana.java,setVisible
52de5aa6-f8b4-4f77-91b8-f32833e9cdf4,9608b095-9d54-445c-a2b5-5ca3a4a3fd59,58b9b55c-dfca-47dd-ab26-a57ab70684af,->,52de5aa6-f8b4-4f77-91b8-f32833e9cdf4,java/io/PrintStream.java,print
52de5aa6-f8b4-4f77-91b8-f32833e9cdf4,9608b095-9d54-445c-a2b5-5ca3a4a3fd59,58b9b55c-dfca-47dd-ab26-a57ab70684af,->,52de5aa6-f8b4-4f77-91b8-f32833e9cdf4,java/util/Scanner.java,nextInt
52de5aa6-f8b4-4f77-91b8-f32833e9cdf4,9608b095-9d54-445c-a2b5-5ca3a4a3fd59,58b9b55c-dfca-47dd-ab26-a57ab70684af,->,52de5aa6-f8b4-4f77-91b8-f32833e9cdf4,java/io/PrintStream.java,print
52de5aa6-f8b4-4f77-91b8-f32833e9cdf4,9608b095-9d54-445c-a2b5-5ca3a4a3fd59,58b9b55c-dfca-47dd-ab26-a57ab70684af,->,52de5aa6-f8b4-4f77-91b8-f32833e9cdf4,java/util/Scanner.java,nextDouble
52de5aa6-f8b4-4f77-91b8-f32833e9cdf4,9608b095-9d54-445c-a2b5-5ca3a4a3fd59,58b9b55c-dfca-47dd-ab26-a57ab70684af,->,52de5aa6-f8b4-4f77-91b8-f32833e9cdf4,java/io/PrintStream.java,print
52de5aa6-f8b4-4f77-91b8-f32833e9cdf4,9608b095-9d54-445c-a2b5-5ca3a4a3fd59,58b9b55c-dfca-47dd-ab26-a57ab70684af,->,52de5aa6-f8b4-4f77-91b8-f32833e9cdf4,java/io/PrintStream.java,println
52de5aa6-f8b4-4f77-91b8-f32833e9cdf4,9608b095-9d54-445c-a2b5-5ca3a4a3fd59,58b9b55c-dfca-47dd-ab26-a57ab70684af,->,52de5aa6-f8b4-4f77-91b8-f32833e9cdf4,java/io/PrintStream.java,print
52de5aa6-f8b4-4f77-91b8-f32833e9cdf4,9608b095-9d54-445c-a2b5-5ca3a4a3fd59,58b9b55c-dfca-47dd-ab26-a57ab70684af,->,52de5aa6-f8b4-4f77-91b8-f32833e9cdf4,java/io/PrintStream.java,print
52de5aa6-f8b4-4f77-91b8-f32833e9cdf4,9608b095-9d54-445c-a2b5-5ca3a4a3fd59,58b9b55c-dfca-47dd-ab26-a57ab70684af,->,52de5aa6-f8b4-4f77-91b8-f32833e9cdf4,java/io/PrintStream.java,println
52de5aa6-f8b4-4f77-91b8-f32833e9cdf4,9608b095-9d54-445c-a2b5-5ca3a4a3fd59,58b9b55c-dfca-47dd-ab26-a57ab70684af,->,52de5aa6-f8b4-4f77-91b8-f32833e9cdf4,java/lang/StringBuilder.java,append
52de5aa6-f8b4-4f77-91b8-f32833e9cdf4,9608b095-9d54-445c-a2b5-5ca3a4a3fd59,58b9b55c-dfca-47dd-ab26-a57ab70684af,->,52de5aa6-f8b4-4f77-91b8-f32833e9cdf4,java/lang/StringBuilder.java,append
52de5aa6-f8b4-4f77-91b8-f32833e9cdf4,9608b095-9d54-445c-a2b5-5ca3a4a3fd59,58b9b55c-dfca-47dd-ab26-a57ab70684af,->,52de5aa6-f8b4-4f77-91b8-f32833e9cdf4,java/lang/StringBuilder.java,toString
52de5aa6-f8b4-4f77-91b8-f32833e9cdf4,9608b095-9d54-445c-a2b5-5ca3a4a3fd59,58b9b55c-dfca-47dd-ab26-a57ab70684af,->,52de5aa6-f8b4-4f77-91b8-f32833e9cdf4,java/io/PrintStream.java,println
52de5aa6-f8b4-4f77-91b8-f32833e9cdf4,19011a94-c616-485b-adbf-7e3a8646b94e,a10bd79b-c7b0-4098-9425-ffeda07a8a7f,->,52de5aa6-f8b4-4f77-91b8-f32833e9cdf4,java/lang/Math.java,random
52de5aa6-f8b4-4f77-91b8-f32833e9cdf4,19011a94-c616-485b-adbf-7e3a8646b94e,a10bd79b-c7b0-4098-9425-ffeda07a8a7f,->,52de5aa6-f8b4-4f77-91b8-f32833e9cdf4,java/lang/Math.java,log
52de5aa6-f8b4-4f77-91b8-f32833e9cdf4,19011a94-c616-485b-adbf-7e3a8646b94e,2470eb31-8e0b-4201-b217-a240b8cd4b82,->,52de5aa6-f8b4-4f77-91b8-f32833e9cdf4,java/lang/Math.java,random
52de5aa6-f8b4-4f77-91b8-f32833e9cdf4,19011a94-c616-485b-adbf-7e3a8646b94e,2470eb31-8e0b-4201-b217-a240b8cd4b82,->,52de5aa6-f8b4-4f77-91b8-f32833e9cdf4,java/lang/Math.java,log
52de5aa6-f8b4-4f77-91b8-f32833e9cdf4,19011a94-c616-485b-adbf-7e3a8646b94e,e86c4384-a9da-4180-b528-790dab9a34bc,->,52de5aa6-f8b4-4f77-91b8-f32833e9cdf4,java/lang/StringBuilder.java,append
52de5aa6-f8b4-4f77-91b8-f32833e9cdf4,19011a94-c616-485b-adbf-7e3a8646b94e,e86c4384-a9da-4180-b528-790dab9a34bc,->,52de5aa6-f8b4-4f77-91b8-f32833e9cdf4,java/lang/Integer.java,toString
52de5aa6-f8b4-4f77-91b8-f32833e9cdf4,19011a94-c616-485b-adbf-7e3a8646b94e,e86c4384-a9da-4180-b528-790dab9a34bc,->,52de5aa6-f8b4-4f77-91b8-f32833e9cdf4,java/lang/StringBuilder.java,append
52de5aa6-f8b4-4f77-91b8-f32833e9cdf4,19011a94-c616-485b-adbf-7e3a8646b94e,e86c4384-a9da-4180-b528-790dab9a34bc,->,52de5aa6-f8b4-4f77-91b8-f32833e9cdf4,java/lang/StringBuilder.java,toString
52de5aa6-f8b4-4f77-91b8-f32833e9cdf4,19011a94-c616-485b-adbf-7e3a8646b94e,e86c4384-a9da-4180-b528-790dab9a34bc,->,52de5aa6-f8b4-4f77-91b8-f32833e9cdf4,java/lang/Integer.java,toString
52de5aa6-f8b4-4f77-91b8-f32833e9cdf4,19011a94-c616-485b-adbf-7e3a8646b94e,e86c4384-a9da-4180-b528-790dab9a34bc,->,52de5aa6-f8b4-4f77-91b8-f32833e9cdf4,java/lang/StringBuilder.java,append
52de5aa6-f8b4-4f77-91b8-f32833e9cdf4,19011a94-c616-485b-adbf-7e3a8646b94e,e86c4384-a9da-4180-b528-790dab9a34bc,->,52de5aa6-f8b4-4f77-91b8-f32833e9cdf4,java/lang/Integer.java,toString
52de5aa6-f8b4-4f77-91b8-f32833e9cdf4,19011a94-c616-485b-adbf-7e3a8646b94e,e86c4384-a9da-4180-b528-790dab9a34bc,->,52de5aa6-f8b4-4f77-91b8-f32833e9cdf4,java/lang/StringBuilder.java,append
52de5aa6-f8b4-4f77-91b8-f32833e9cdf4,19011a94-c616-485b-adbf-7e3a8646b94e,e86c4384-a9da-4180-b528-790dab9a34bc,->,52de5aa6-f8b4-4f77-91b8-f32833e9cdf4,java/lang/StringBuilder.java,toString
52de5aa6-f8b4-4f77-91b8-f32833e9cdf4,19011a94-c616-485b-adbf-7e3a8646b94e,e86c4384-a9da-4180-b528-790dab9a34bc,->,52de5aa6-f8b4-4f77-91b8-f32833e9cdf4,java/lang/Integer.java,toString
52de5aa6-f8b4-4f77-91b8-f32833e9cdf4,19011a94-c616-485b-adbf-7e3a8646b94e,e86c4384-a9da-4180-b528-790dab9a34bc,->,52de5aa6-f8b4-4f77-91b8-f32833e9cdf4,java/lang/StringBuilder.java,append
52de5aa6-f8b4-4f77-91b8-f32833e9cdf4,19011a94-c616-485b-adbf-7e3a8646b94e,e86c4384-a9da-4180-b528-790dab9a34bc,->,52de5aa6-f8b4-4f77-91b8-f32833e9cdf4,java/lang/Integer.java,toString
52de5aa6-f8b4-4f77-91b8-f32833e9cdf4,19011a94-c616-485b-adbf-7e3a8646b94e,e86c4384-a9da-4180-b528-790dab9a34bc,->,52de5aa6-f8b4-4f77-91b8-f32833e9cdf4,java/lang/StringBuilder.java,append
52de5aa6-f8b4-4f77-91b8-f32833e9cdf4,19011a94-c616-485b-adbf-7e3a8646b94e,e86c4384-a9da-4180-b528-790dab9a34bc,->,52de5aa6-f8b4-4f77-91b8-f32833e9cdf4,java/lang/StringBuilder.java,toString
52de5aa6-f8b4-4f77-91b8-f32833e9cdf4,19011a94-c616-485b-adbf-7e3a8646b94e,e86c4384-a9da-4180-b528-790dab9a34bc,->,52de5aa6-f8b4-4f77-91b8-f32833e9cdf4,java/lang/Integer.java,toString
52de5aa6-f8b4-4f77-91b8-f32833e9cdf4,19011a94-c616-485b-adbf-7e3a8646b94e,e86c4384-a9da-4180-b528-790dab9a34bc,->,52de5aa6-f8b4-4f77-91b8-f32833e9cdf4,java/lang/StringBuilder.java,append
52de5aa6-f8b4-4f77-91b8-f32833e9cdf4,19011a94-c616-485b-adbf-7e3a8646b94e,e86c4384-a9da-4180-b528-790dab9a34bc,->,52de5aa6-f8b4-4f77-91b8-f32833e9cdf4,java/lang/StringBuilder.java,append
52de5aa6-f8b4-4f77-91b8-f32833e9cdf4,19011a94-c616-485b-adbf-7e3a8646b94e,e86c4384-a9da-4180-b528-790dab9a34bc,->,52de5aa6-f8b4-4f77-91b8-f32833e9cdf4,java/lang/StringBuilder.java,append
52de5aa6-f8b4-4f77-91b8-f32833e9cdf4,19011a94-c616-485b-adbf-7e3a8646b94e,e86c4384-a9da-4180-b528-790dab9a34bc,->,52de5aa6-f8b4-4f77-91b8-f32833e9cdf4,java/lang/StringBuilder.java,append
52de5aa6-f8b4-4f77-91b8-f32833e9cdf4,19011a94-c616-485b-adbf-7e3a8646b94e,e86c4384-a9da-4180-b528-790dab9a34bc,->,52de5aa6-f8b4-4f77-91b8-f32833e9cdf4,java/lang/StringBuilder.java,append
52de5aa6-f8b4-4f77-91b8-f32833e9cdf4,19011a94-c616-485b-adbf-7e3a8646b94e,e86c4384-a9da-4180-b528-790dab9a34bc,->,52de5aa6-f8b4-4f77-91b8-f32833e9cdf4,java/lang/StringBuilder.java,toString
52de5aa6-f8b4-4f77-91b8-f32833e9cdf4,19011a94-c616-485b-adbf-7e3a8646b94e,cb9f0aff-9119-42f7-a5fd-f8ee827f17ea,->,52de5aa6-f8b4-4f77-91b8-f32833e9cdf4,19011a94-c616-485b-adbf-7e3a8646b94e,2470eb31-8e0b-4201-b217-a240b8cd4b82
52de5aa6-f8b4-4f77-91b8-f32833e9cdf4,19011a94-c616-485b-adbf-7e3a8646b94e,cb9f0aff-9119-42f7-a5fd-f8ee827f17ea,->,52de5aa6-f8b4-4f77-91b8-f32833e9cdf4,java/io/PrintStream.java,println
52de5aa6-f8b4-4f77-91b8-f32833e9cdf4,19011a94-c616-485b-adbf-7e3a8646b94e,cb9f0aff-9119-42f7-a5fd-f8ee827f17ea,->,52de5aa6-f8b4-4f77-91b8-f32833e9cdf4,19011a94-c616-485b-adbf-7e3a8646b94e,e86c4384-a9da-4180-b528-790dab9a34bc
52de5aa6-f8b4-4f77-91b8-f32833e9cdf4,19011a94-c616-485b-adbf-7e3a8646b94e,cb9f0aff-9119-42f7-a5fd-f8ee827f17ea,->,52de5aa6-f8b4-4f77-91b8-f32833e9cdf4,java/io/PrintStream.java,println
52de5aa6-f8b4-4f77-91b8-f32833e9cdf4,f861cc94-cf08-4813-8f41-23181a2d7483,99559056-5a5c-4fbb-8ad4-f1a51a3a116d,->,52de5aa6-f8b4-4f77-91b8-f32833e9cdf4,java/io/PrintStream.java,print
52de5aa6-f8b4-4f77-91b8-f32833e9cdf4,f861cc94-cf08-4813-8f41-23181a2d7483,99559056-5a5c-4fbb-8ad4-f1a51a3a116d,->,52de5aa6-f8b4-4f77-91b8-f32833e9cdf4,java/util/Scanner.java,next
52de5aa6-f8b4-4f77-91b8-f32833e9cdf4,f861cc94-cf08-4813-8f41-23181a2d7483,99559056-5a5c-4fbb-8ad4-f1a51a3a116d,->,52de5aa6-f8b4-4f77-91b8-f32833e9cdf4,java/util/regex/Pattern.java,matches
52de5aa6-f8b4-4f77-91b8-f32833e9cdf4,f861cc94-cf08-4813-8f41-23181a2d7483,99559056-5a5c-4fbb-8ad4-f1a51a3a116d,->,52de5aa6-f8b4-4f77-91b8-f32833e9cdf4,java/lang/Integer.java,parseInt
52de5aa6-f8b4-4f77-91b8-f32833e9cdf4,f861cc94-cf08-4813-8f41-23181a2d7483,03a34274-e8b2-4107-a4ad-dc6f0ec82a2b,->,52de5aa6-f8b4-4f77-91b8-f32833e9cdf4,java/io/PrintStream.java,print
52de5aa6-f8b4-4f77-91b8-f32833e9cdf4,f861cc94-cf08-4813-8f41-23181a2d7483,03a34274-e8b2-4107-a4ad-dc6f0ec82a2b,->,52de5aa6-f8b4-4f77-91b8-f32833e9cdf4,java/util/Scanner.java,next
52de5aa6-f8b4-4f77-91b8-f32833e9cdf4,f861cc94-cf08-4813-8f41-23181a2d7483,03a34274-e8b2-4107-a4ad-dc6f0ec82a2b,->,52de5aa6-f8b4-4f77-91b8-f32833e9cdf4,java/util/regex/Pattern.java,matches
52de5aa6-f8b4-4f77-91b8-f32833e9cdf4,f861cc94-cf08-4813-8f41-23181a2d7483,03a34274-e8b2-4107-a4ad-dc6f0ec82a2b,->,52de5aa6-f8b4-4f77-91b8-f32833e9cdf4,java/lang/Integer.java,parseInt
52de5aa6-f8b4-4f77-91b8-f32833e9cdf4,f861cc94-cf08-4813-8f41-23181a2d7483,3edc851a-c86c-4e7c-9e9e-b7b1936dad17,->,52de5aa6-f8b4-4f77-91b8-f32833e9cdf4,java/io/PrintStream.java,print
52de5aa6-f8b4-4f77-91b8-f32833e9cdf4,f861cc94-cf08-4813-8f41-23181a2d7483,3edc851a-c86c-4e7c-9e9e-b7b1936dad17,->,52de5aa6-f8b4-4f77-91b8-f32833e9cdf4,java/util/Scanner.java,next
52de5aa6-f8b4-4f77-91b8-f32833e9cdf4,f861cc94-cf08-4813-8f41-23181a2d7483,3edc851a-c86c-4e7c-9e9e-b7b1936dad17,->,52de5aa6-f8b4-4f77-91b8-f32833e9cdf4,java/util/regex/Pattern.java,matches
52de5aa6-f8b4-4f77-91b8-f32833e9cdf4,f861cc94-cf08-4813-8f41-23181a2d7483,3edc851a-c86c-4e7c-9e9e-b7b1936dad17,->,52de5aa6-f8b4-4f77-91b8-f32833e9cdf4,java/lang/Integer.java,parseInt
52de5aa6-f8b4-4f77-91b8-f32833e9cdf4,f861cc94-cf08-4813-8f41-23181a2d7483,f64ae27b-0e62-4856-b305-e39100f8778b,->,52de5aa6-f8b4-4f77-91b8-f32833e9cdf4,java/lang/StringBuilder.java,append
52de5aa6-f8b4-4f77-91b8-f32833e9cdf4,f861cc94-cf08-4813-8f41-23181a2d7483,f64ae27b-0e62-4856-b305-e39100f8778b,->,52de5aa6-f8b4-4f77-91b8-f32833e9cdf4,f861cc94-cf08-4813-8f41-23181a2d7483,99559056-5a5c-4fbb-8ad4-f1a51a3a116d
52de5aa6-f8b4-4f77-91b8-f32833e9cdf4,f861cc94-cf08-4813-8f41-23181a2d7483,f64ae27b-0e62-4856-b305-e39100f8778b,->,52de5aa6-f8b4-4f77-91b8-f32833e9cdf4,java/lang/StringBuilder.java,append
52de5aa6-f8b4-4f77-91b8-f32833e9cdf4,f861cc94-cf08-4813-8f41-23181a2d7483,f64ae27b-0e62-4856-b305-e39100f8778b,->,52de5aa6-f8b4-4f77-91b8-f32833e9cdf4,java/lang/StringBuilder.java,toString
52de5aa6-f8b4-4f77-91b8-f32833e9cdf4,f861cc94-cf08-4813-8f41-23181a2d7483,f64ae27b-0e62-4856-b305-e39100f8778b,->,52de5aa6-f8b4-4f77-91b8-f32833e9cdf4,java/io/PrintStream.java,println
52de5aa6-f8b4-4f77-91b8-f32833e9cdf4,f861cc94-cf08-4813-8f41-23181a2d7483,f64ae27b-0e62-4856-b305-e39100f8778b,->,52de5aa6-f8b4-4f77-91b8-f32833e9cdf4,java/lang/StringBuilder.java,append
52de5aa6-f8b4-4f77-91b8-f32833e9cdf4,f861cc94-cf08-4813-8f41-23181a2d7483,f64ae27b-0e62-4856-b305-e39100f8778b,->,52de5aa6-f8b4-4f77-91b8-f32833e9cdf4,f861cc94-cf08-4813-8f41-23181a2d7483,03a34274-e8b2-4107-a4ad-dc6f0ec82a2b
52de5aa6-f8b4-4f77-91b8-f32833e9cdf4,f861cc94-cf08-4813-8f41-23181a2d7483,f64ae27b-0e62-4856-b305-e39100f8778b,->,52de5aa6-f8b4-4f77-91b8-f32833e9cdf4,java/lang/StringBuilder.java,append
52de5aa6-f8b4-4f77-91b8-f32833e9cdf4,f861cc94-cf08-4813-8f41-23181a2d7483,f64ae27b-0e62-4856-b305-e39100f8778b,->,52de5aa6-f8b4-4f77-91b8-f32833e9cdf4,java/lang/StringBuilder.java,toString
52de5aa6-f8b4-4f77-91b8-f32833e9cdf4,f861cc94-cf08-4813-8f41-23181a2d7483,f64ae27b-0e62-4856-b305-e39100f8778b,->,52de5aa6-f8b4-4f77-91b8-f32833e9cdf4,java/io/PrintStream.java,println
52de5aa6-f8b4-4f77-91b8-f32833e9cdf4,f861cc94-cf08-4813-8f41-23181a2d7483,f64ae27b-0e62-4856-b305-e39100f8778b,->,52de5aa6-f8b4-4f77-91b8-f32833e9cdf4,java/lang/StringBuilder.java,append
52de5aa6-f8b4-4f77-91b8-f32833e9cdf4,f861cc94-cf08-4813-8f41-23181a2d7483,f64ae27b-0e62-4856-b305-e39100f8778b,->,52de5aa6-f8b4-4f77-91b8-f32833e9cdf4,f861cc94-cf08-4813-8f41-23181a2d7483,3edc851a-c86c-4e7c-9e9e-b7b1936dad17
52de5aa6-f8b4-4f77-91b8-f32833e9cdf4,f861cc94-cf08-4813-8f41-23181a2d7483,f64ae27b-0e62-4856-b305-e39100f8778b,->,52de5aa6-f8b4-4f77-91b8-f32833e9cdf4,java/lang/StringBuilder.java,append
52de5aa6-f8b4-4f77-91b8-f32833e9cdf4,f861cc94-cf08-4813-8f41-23181a2d7483,f64ae27b-0e62-4856-b305-e39100f8778b,->,52de5aa6-f8b4-4f77-91b8-f32833e9cdf4,java/lang/StringBuilder.java,toString
52de5aa6-f8b4-4f77-91b8-f32833e9cdf4,f861cc94-cf08-4813-8f41-23181a2d7483,f64ae27b-0e62-4856-b305-e39100f8778b,->,52de5aa6-f8b4-4f77-91b8-f32833e9cdf4,java/io/PrintStream.java,println
52de5aa6-f8b4-4f77-91b8-f32833e9cdf4,24fdd467-9aae-4278-9d66-902b575ccf7b,abc887e4-584c-4576-8c96-cdf068aae852,->,52de5aa6-f8b4-4f77-91b8-f32833e9cdf4,java/lang/Math.java,random
52de5aa6-f8b4-4f77-91b8-f32833e9cdf4,24fdd467-9aae-4278-9d66-902b575ccf7b,abc887e4-584c-4576-8c96-cdf068aae852,->,52de5aa6-f8b4-4f77-91b8-f32833e9cdf4,java/lang/Math.java,floor
52de5aa6-f8b4-4f77-91b8-f32833e9cdf4,24fdd467-9aae-4278-9d66-902b575ccf7b,e8e89c7b-7561-476f-860c-c79128756a15,->,52de5aa6-f8b4-4f77-91b8-f32833e9cdf4,java/lang/Math.java,random
52de5aa6-f8b4-4f77-91b8-f32833e9cdf4,24fdd467-9aae-4278-9d66-902b575ccf7b,e8e89c7b-7561-476f-860c-c79128756a15,->,52de5aa6-f8b4-4f77-91b8-f32833e9cdf4,java/lang/Math.java,floor
52de5aa6-f8b4-4f77-91b8-f32833e9cdf4,24fdd467-9aae-4278-9d66-902b575ccf7b,a5c4bea9-de6e-46ec-a99e-67c713099526,->,52de5aa6-f8b4-4f77-91b8-f32833e9cdf4,java/io/PrintStream.java,println
52de5aa6-f8b4-4f77-91b8-f32833e9cdf4,24fdd467-9aae-4278-9d66-902b575ccf7b,a5c4bea9-de6e-46ec-a99e-67c713099526,->,52de5aa6-f8b4-4f77-91b8-f32833e9cdf4,java/lang/StringBuilder.java,append
52de5aa6-f8b4-4f77-91b8-f32833e9cdf4,24fdd467-9aae-4278-9d66-902b575ccf7b,a5c4bea9-de6e-46ec-a99e-67c713099526,->,52de5aa6-f8b4-4f77-91b8-f32833e9cdf4,java/lang/StringBuilder.java,append
52de5aa6-f8b4-4f77-91b8-f32833e9cdf4,24fdd467-9aae-4278-9d66-902b575ccf7b,a5c4bea9-de6e-46ec-a99e-67c713099526,->,52de5aa6-f8b4-4f77-91b8-f32833e9cdf4,java/lang/StringBuilder.java,toString
52de5aa6-f8b4-4f77-91b8-f32833e9cdf4,24fdd467-9aae-4278-9d66-902b575ccf7b,a5c4bea9-de6e-46ec-a99e-67c713099526,->,52de5aa6-f8b4-4f77-91b8-f32833e9cdf4,java/io/PrintStream.java,print
52de5aa6-f8b4-4f77-91b8-f32833e9cdf4,24fdd467-9aae-4278-9d66-902b575ccf7b,66c2ec0c-473a-4d31-84bb-1a8bbe357e14,->,52de5aa6-f8b4-4f77-91b8-f32833e9cdf4,java/lang/StringBuilder.java,append
52de5aa6-f8b4-4f77-91b8-f32833e9cdf4,24fdd467-9aae-4278-9d66-902b575ccf7b,66c2ec0c-473a-4d31-84bb-1a8bbe357e14,->,52de5aa6-f8b4-4f77-91b8-f32833e9cdf4,java/lang/StringBuilder.java,append
52de5aa6-f8b4-4f77-91b8-f32833e9cdf4,24fdd467-9aae-4278-9d66-902b575ccf7b,66c2ec0c-473a-4d31-84bb-1a8bbe357e14,->,52de5aa6-f8b4-4f77-91b8-f32833e9cdf4,java/lang/StringBuilder.java,toString
52de5aa6-f8b4-4f77-91b8-f32833e9cdf4,24fdd467-9aae-4278-9d66-902b575ccf7b,66c2ec0c-473a-4d31-84bb-1a8bbe357e14,->,52de5aa6-f8b4-4f77-91b8-f32833e9cdf4,java/io/PrintStream.java,println
52de5aa6-f8b4-4f77-91b8-f32833e9cdf4,24fdd467-9aae-4278-9d66-902b575ccf7b,66c2ec0c-473a-4d31-84bb-1a8bbe357e14,->,52de5aa6-f8b4-4f77-91b8-f32833e9cdf4,java/lang/StringBuilder.java,append
52de5aa6-f8b4-4f77-91b8-f32833e9cdf4,24fdd467-9aae-4278-9d66-902b575ccf7b,66c2ec0c-473a-4d31-84bb-1a8bbe357e14,->,52de5aa6-f8b4-4f77-91b8-f32833e9cdf4,java/lang/StringBuilder.java,append
52de5aa6-f8b4-4f77-91b8-f32833e9cdf4,24fdd467-9aae-4278-9d66-902b575ccf7b,66c2ec0c-473a-4d31-84bb-1a8bbe357e14,->,52de5aa6-f8b4-4f77-91b8-f32833e9cdf4,java/lang/StringBuilder.java,append
52de5aa6-f8b4-4f77-91b8-f32833e9cdf4,24fdd467-9aae-4278-9d66-902b575ccf7b,66c2ec0c-473a-4d31-84bb-1a8bbe357e14,->,52de5aa6-f8b4-4f77-91b8-f32833e9cdf4,java/lang/StringBuilder.java,toString
52de5aa6-f8b4-4f77-91b8-f32833e9cdf4,24fdd467-9aae-4278-9d66-902b575ccf7b,66c2ec0c-473a-4d31-84bb-1a8bbe357e14,->,52de5aa6-f8b4-4f77-91b8-f32833e9cdf4,java/io/PrintStream.java,println
52de5aa6-f8b4-4f77-91b8-f32833e9cdf4,24fdd467-9aae-4278-9d66-902b575ccf7b,66c2ec0c-473a-4d31-84bb-1a8bbe357e14,->,52de5aa6-f8b4-4f77-91b8-f32833e9cdf4,24fdd467-9aae-4278-9d66-902b575ccf7b,abc887e4-584c-4576-8c96-cdf068aae852
52de5aa6-f8b4-4f77-91b8-f32833e9cdf4,24fdd467-9aae-4278-9d66-902b575ccf7b,66c2ec0c-473a-4d31-84bb-1a8bbe357e14,->,52de5aa6-f8b4-4f77-91b8-f32833e9cdf4,24fdd467-9aae-4278-9d66-902b575ccf7b,83ab6d53-6d5d-4a62-b1ef-051bc89e2545
52de5aa6-f8b4-4f77-91b8-f32833e9cdf4,24fdd467-9aae-4278-9d66-902b575ccf7b,66c2ec0c-473a-4d31-84bb-1a8bbe357e14,->,52de5aa6-f8b4-4f77-91b8-f32833e9cdf4,24fdd467-9aae-4278-9d66-902b575ccf7b,a5c4bea9-de6e-46ec-a99e-67c713099526
52de5aa6-f8b4-4f77-91b8-f32833e9cdf4,24fdd467-9aae-4278-9d66-902b575ccf7b,66c2ec0c-473a-4d31-84bb-1a8bbe357e14,->,52de5aa6-f8b4-4f77-91b8-f32833e9cdf4,24fdd467-9aae-4278-9d66-902b575ccf7b,e8e89c7b-7561-476f-860c-c79128756a15
52de5aa6-f8b4-4f77-91b8-f32833e9cdf4,24fdd467-9aae-4278-9d66-902b575ccf7b,66c2ec0c-473a-4d31-84bb-1a8bbe357e14,->,52de5aa6-f8b4-4f77-91b8-f32833e9cdf4,24fdd467-9aae-4278-9d66-902b575ccf7b,e8e89c7b-7561-476f-860c-c79128756a15
52de5aa6-f8b4-4f77-91b8-f32833e9cdf4,24fdd467-9aae-4278-9d66-902b575ccf7b,66c2ec0c-473a-4d31-84bb-1a8bbe357e14,->,52de5aa6-f8b4-4f77-91b8-f32833e9cdf4,java/lang/StringBuilder.java,append
52de5aa6-f8b4-4f77-91b8-f32833e9cdf4,24fdd467-9aae-4278-9d66-902b575ccf7b,66c2ec0c-473a-4d31-84bb-1a8bbe357e14,->,52de5aa6-f8b4-4f77-91b8-f32833e9cdf4,java/lang/StringBuilder.java,append
52de5aa6-f8b4-4f77-91b8-f32833e9cdf4,24fdd467-9aae-4278-9d66-902b575ccf7b,66c2ec0c-473a-4d31-84bb-1a8bbe357e14,->,52de5aa6-f8b4-4f77-91b8-f32833e9cdf4,java/lang/StringBuilder.java,append
52de5aa6-f8b4-4f77-91b8-f32833e9cdf4,24fdd467-9aae-4278-9d66-902b575ccf7b,66c2ec0c-473a-4d31-84bb-1a8bbe357e14,->,52de5aa6-f8b4-4f77-91b8-f32833e9cdf4,java/lang/StringBuilder.java,toString
52de5aa6-f8b4-4f77-91b8-f32833e9cdf4,24fdd467-9aae-4278-9d66-902b575ccf7b,66c2ec0c-473a-4d31-84bb-1a8bbe357e14,->,52de5aa6-f8b4-4f77-91b8-f32833e9cdf4,java/io/PrintStream.java,print
52de5aa6-f8b4-4f77-91b8-f32833e9cdf4,24fdd467-9aae-4278-9d66-902b575ccf7b,66c2ec0c-473a-4d31-84bb-1a8bbe357e14,->,52de5aa6-f8b4-4f77-91b8-f32833e9cdf4,java/lang/StringBuilder.java,append
52de5aa6-f8b4-4f77-91b8-f32833e9cdf4,24fdd467-9aae-4278-9d66-902b575ccf7b,66c2ec0c-473a-4d31-84bb-1a8bbe357e14,->,52de5aa6-f8b4-4f77-91b8-f32833e9cdf4,java/lang/StringBuilder.java,append
52de5aa6-f8b4-4f77-91b8-f32833e9cdf4,24fdd467-9aae-4278-9d66-902b575ccf7b,66c2ec0c-473a-4d31-84bb-1a8bbe357e14,->,52de5aa6-f8b4-4f77-91b8-f32833e9cdf4,java/lang/StringBuilder.java,append
52de5aa6-f8b4-4f77-91b8-f32833e9cdf4,24fdd467-9aae-4278-9d66-902b575ccf7b,66c2ec0c-473a-4d31-84bb-1a8bbe357e14,->,52de5aa6-f8b4-4f77-91b8-f32833e9cdf4,java/lang/StringBuilder.java,toString
52de5aa6-f8b4-4f77-91b8-f32833e9cdf4,24fdd467-9aae-4278-9d66-902b575ccf7b,66c2ec0c-473a-4d31-84bb-1a8bbe357e14,->,52de5aa6-f8b4-4f77-91b8-f32833e9cdf4,java/io/PrintStream.java,print
52de5aa6-f8b4-4f77-91b8-f32833e9cdf4,24fdd467-9aae-4278-9d66-902b575ccf7b,e37afa4d-5a8c-4029-8d4b-6a8aec4f1ee9,->,52de5aa6-f8b4-4f77-91b8-f32833e9cdf4,24fdd467-9aae-4278-9d66-902b575ccf7b,66c2ec0c-473a-4d31-84bb-1a8bbe357e14
52de5aa6-f8b4-4f77-91b8-f32833e9cdf4,1f853f9f-0231-49b7-b346-0e05e1afb3af,ed634002-1ed5-4196-8d50-bd34bd25f513,->,52de5aa6-f8b4-4f77-91b8-f32833e9cdf4,java/lang/Math.java,random
52de5aa6-f8b4-4f77-91b8-f32833e9cdf4,1f853f9f-0231-49b7-b346-0e05e1afb3af,ed634002-1ed5-4196-8d50-bd34bd25f513,->,52de5aa6-f8b4-4f77-91b8-f32833e9cdf4,java/lang/Math.java,log10
52de5aa6-f8b4-4f77-91b8-f32833e9cdf4,1f853f9f-0231-49b7-b346-0e05e1afb3af,ed634002-1ed5-4196-8d50-bd34bd25f513,->,52de5aa6-f8b4-4f77-91b8-f32833e9cdf4,java/lang/Math.java,random
52de5aa6-f8b4-4f77-91b8-f32833e9cdf4,1f853f9f-0231-49b7-b346-0e05e1afb3af,ed634002-1ed5-4196-8d50-bd34bd25f513,->,52de5aa6-f8b4-4f77-91b8-f32833e9cdf4,java/lang/Math.java,pow
52de5aa6-f8b4-4f77-91b8-f32833e9cdf4,1f853f9f-0231-49b7-b346-0e05e1afb3af,ed634002-1ed5-4196-8d50-bd34bd25f513,->,52de5aa6-f8b4-4f77-91b8-f32833e9cdf4,java/lang/Math.java,pow
52de5aa6-f8b4-4f77-91b8-f32833e9cdf4,1f853f9f-0231-49b7-b346-0e05e1afb3af,ed634002-1ed5-4196-8d50-bd34bd25f513,->,52de5aa6-f8b4-4f77-91b8-f32833e9cdf4,java/io/PrintStream.java,println
52de5aa6-f8b4-4f77-91b8-f32833e9cdf4,1f853f9f-0231-49b7-b346-0e05e1afb3af,ed634002-1ed5-4196-8d50-bd34bd25f513,->,52de5aa6-f8b4-4f77-91b8-f32833e9cdf4,java/io/PrintStream.java,println
52de5aa6-f8b4-4f77-91b8-f32833e9cdf4,1f853f9f-0231-49b7-b346-0e05e1afb3af,819e1447-080c-4790-b80a-cc7e69dc766c,->,52de5aa6-f8b4-4f77-91b8-f32833e9cdf4,java/lang/Math.java,random
52de5aa6-f8b4-4f77-91b8-f32833e9cdf4,1f853f9f-0231-49b7-b346-0e05e1afb3af,b16822a1-8b22-4b58-8a71-ed20d1ca0741,->,52de5aa6-f8b4-4f77-91b8-f32833e9cdf4,java/lang/Math.java,random
52de5aa6-f8b4-4f77-91b8-f32833e9cdf4,1f853f9f-0231-49b7-b346-0e05e1afb3af,5cfc3c33-fd31-40af-b4fd-029d1cf96255,->,52de5aa6-f8b4-4f77-91b8-f32833e9cdf4,1f853f9f-0231-49b7-b346-0e05e1afb3af,819e1447-080c-4790-b80a-cc7e69dc766c
52de5aa6-f8b4-4f77-91b8-f32833e9cdf4,1f853f9f-0231-49b7-b346-0e05e1afb3af,5cfc3c33-fd31-40af-b4fd-029d1cf96255,->,52de5aa6-f8b4-4f77-91b8-f32833e9cdf4,1f853f9f-0231-49b7-b346-0e05e1afb3af,b16822a1-8b22-4b58-8a71-ed20d1ca0741
52de5aa6-f8b4-4f77-91b8-f32833e9cdf4,1f853f9f-0231-49b7-b346-0e05e1afb3af,5cfc3c33-fd31-40af-b4fd-029d1cf96255,->,52de5aa6-f8b4-4f77-91b8-f32833e9cdf4,java/util/ArrayList.java,add
52de5aa6-f8b4-4f77-91b8-f32833e9cdf4,1f853f9f-0231-49b7-b346-0e05e1afb3af,5cfc3c33-fd31-40af-b4fd-029d1cf96255,->,52de5aa6-f8b4-4f77-91b8-f32833e9cdf4,1f853f9f-0231-49b7-b346-0e05e1afb3af,819e1447-080c-4790-b80a-cc7e69dc766c
52de5aa6-f8b4-4f77-91b8-f32833e9cdf4,1f853f9f-0231-49b7-b346-0e05e1afb3af,5cfc3c33-fd31-40af-b4fd-029d1cf96255,->,52de5aa6-f8b4-4f77-91b8-f32833e9cdf4,java/util/ArrayList.java,get
52de5aa6-f8b4-4f77-91b8-f32833e9cdf4,1f853f9f-0231-49b7-b346-0e05e1afb3af,5cfc3c33-fd31-40af-b4fd-029d1cf96255,->,52de5aa6-f8b4-4f77-91b8-f32833e9cdf4,java/io/PrintStream.java,println
52de5aa6-f8b4-4f77-91b8-f32833e9cdf4,1f853f9f-0231-49b7-b346-0e05e1afb3af,5cfc3c33-fd31-40af-b4fd-029d1cf96255,->,52de5aa6-f8b4-4f77-91b8-f32833e9cdf4,java/util/ArrayList.java,get
52de5aa6-f8b4-4f77-91b8-f32833e9cdf4,1f853f9f-0231-49b7-b346-0e05e1afb3af,5cfc3c33-fd31-40af-b4fd-029d1cf96255,->,52de5aa6-f8b4-4f77-91b8-f32833e9cdf4,1f853f9f-0231-49b7-b346-0e05e1afb3af,819e1447-080c-4790-b80a-cc7e69dc766c
52de5aa6-f8b4-4f77-91b8-f32833e9cdf4,1f853f9f-0231-49b7-b346-0e05e1afb3af,5cfc3c33-fd31-40af-b4fd-029d1cf96255,->,52de5aa6-f8b4-4f77-91b8-f32833e9cdf4,java/io/PrintStream.java,println
52de5aa6-f8b4-4f77-91b8-f32833e9cdf4,1f853f9f-0231-49b7-b346-0e05e1afb3af,5cfc3c33-fd31-40af-b4fd-029d1cf96255,->,52de5aa6-f8b4-4f77-91b8-f32833e9cdf4,java/lang/Math.java,max
52de5aa6-f8b4-4f77-91b8-f32833e9cdf4,1f853f9f-0231-49b7-b346-0e05e1afb3af,a2d40599-ff98-43dc-8d1a-991e02296972,->,52de5aa6-f8b4-4f77-91b8-f32833e9cdf4,java/lang/StringBuilder.java,append
52de5aa6-f8b4-4f77-91b8-f32833e9cdf4,1f853f9f-0231-49b7-b346-0e05e1afb3af,a2d40599-ff98-43dc-8d1a-991e02296972,->,52de5aa6-f8b4-4f77-91b8-f32833e9cdf4,java/lang/StringBuilder.java,append
52de5aa6-f8b4-4f77-91b8-f32833e9cdf4,1f853f9f-0231-49b7-b346-0e05e1afb3af,a2d40599-ff98-43dc-8d1a-991e02296972,->,52de5aa6-f8b4-4f77-91b8-f32833e9cdf4,java/lang/StringBuilder.java,toString
52de5aa6-f8b4-4f77-91b8-f32833e9cdf4,1f853f9f-0231-49b7-b346-0e05e1afb3af,a2d40599-ff98-43dc-8d1a-991e02296972,->,52de5aa6-f8b4-4f77-91b8-f32833e9cdf4,java/io/PrintStream.java,println
52de5aa6-f8b4-4f77-91b8-f32833e9cdf4,1f853f9f-0231-49b7-b346-0e05e1afb3af,a2d40599-ff98-43dc-8d1a-991e02296972,->,52de5aa6-f8b4-4f77-91b8-f32833e9cdf4,java/lang/StringBuilder.java,append
52de5aa6-f8b4-4f77-91b8-f32833e9cdf4,1f853f9f-0231-49b7-b346-0e05e1afb3af,a2d40599-ff98-43dc-8d1a-991e02296972,->,52de5aa6-f8b4-4f77-91b8-f32833e9cdf4,java/lang/StringBuilder.java,append
52de5aa6-f8b4-4f77-91b8-f32833e9cdf4,1f853f9f-0231-49b7-b346-0e05e1afb3af,a2d40599-ff98-43dc-8d1a-991e02296972,->,52de5aa6-f8b4-4f77-91b8-f32833e9cdf4,java/lang/StringBuilder.java,toString
52de5aa6-f8b4-4f77-91b8-f32833e9cdf4,1f853f9f-0231-49b7-b346-0e05e1afb3af,a2d40599-ff98-43dc-8d1a-991e02296972,->,52de5aa6-f8b4-4f77-91b8-f32833e9cdf4,java/io/PrintStream.java,println
52de5aa6-f8b4-4f77-91b8-f32833e9cdf4,1f853f9f-0231-49b7-b346-0e05e1afb3af,a2d40599-ff98-43dc-8d1a-991e02296972,->,52de5aa6-f8b4-4f77-91b8-f32833e9cdf4,java/lang/StringBuilder.java,append
52de5aa6-f8b4-4f77-91b8-f32833e9cdf4,1f853f9f-0231-49b7-b346-0e05e1afb3af,a2d40599-ff98-43dc-8d1a-991e02296972,->,52de5aa6-f8b4-4f77-91b8-f32833e9cdf4,java/lang/StringBuilder.java,append
52de5aa6-f8b4-4f77-91b8-f32833e9cdf4,1f853f9f-0231-49b7-b346-0e05e1afb3af,a2d40599-ff98-43dc-8d1a-991e02296972,->,52de5aa6-f8b4-4f77-91b8-f32833e9cdf4,java/lang/StringBuilder.java,toString
52de5aa6-f8b4-4f77-91b8-f32833e9cdf4,1f853f9f-0231-49b7-b346-0e05e1afb3af,a2d40599-ff98-43dc-8d1a-991e02296972,->,52de5aa6-f8b4-4f77-91b8-f32833e9cdf4,java/io/PrintStream.java,println
52de5aa6-f8b4-4f77-91b8-f32833e9cdf4,1f853f9f-0231-49b7-b346-0e05e1afb3af,a2d40599-ff98-43dc-8d1a-991e02296972,->,52de5aa6-f8b4-4f77-91b8-f32833e9cdf4,java/lang/StringBuilder.java,append
52de5aa6-f8b4-4f77-91b8-f32833e9cdf4,1f853f9f-0231-49b7-b346-0e05e1afb3af,a2d40599-ff98-43dc-8d1a-991e02296972,->,52de5aa6-f8b4-4f77-91b8-f32833e9cdf4,java/lang/StringBuilder.java,append
52de5aa6-f8b4-4f77-91b8-f32833e9cdf4,1f853f9f-0231-49b7-b346-0e05e1afb3af,a2d40599-ff98-43dc-8d1a-991e02296972,->,52de5aa6-f8b4-4f77-91b8-f32833e9cdf4,java/lang/StringBuilder.java,toString
52de5aa6-f8b4-4f77-91b8-f32833e9cdf4,1f853f9f-0231-49b7-b346-0e05e1afb3af,a2d40599-ff98-43dc-8d1a-991e02296972,->,52de5aa6-f8b4-4f77-91b8-f32833e9cdf4,java/io/PrintStream.java,println
52de5aa6-f8b4-4f77-91b8-f32833e9cdf4,1f853f9f-0231-49b7-b346-0e05e1afb3af,a2d40599-ff98-43dc-8d1a-991e02296972,->,52de5aa6-f8b4-4f77-91b8-f32833e9cdf4,java/lang/StringBuilder.java,append
52de5aa6-f8b4-4f77-91b8-f32833e9cdf4,1f853f9f-0231-49b7-b346-0e05e1afb3af,a2d40599-ff98-43dc-8d1a-991e02296972,->,52de5aa6-f8b4-4f77-91b8-f32833e9cdf4,java/lang/StringBuilder.java,append
52de5aa6-f8b4-4f77-91b8-f32833e9cdf4,1f853f9f-0231-49b7-b346-0e05e1afb3af,a2d40599-ff98-43dc-8d1a-991e02296972,->,52de5aa6-f8b4-4f77-91b8-f32833e9cdf4,java/lang/StringBuilder.java,toString
52de5aa6-f8b4-4f77-91b8-f32833e9cdf4,1f853f9f-0231-49b7-b346-0e05e1afb3af,a2d40599-ff98-43dc-8d1a-991e02296972,->,52de5aa6-f8b4-4f77-91b8-f32833e9cdf4,java/io/PrintStream.java,println
52de5aa6-f8b4-4f77-91b8-f32833e9cdf4,1f853f9f-0231-49b7-b346-0e05e1afb3af,a2d40599-ff98-43dc-8d1a-991e02296972,->,52de5aa6-f8b4-4f77-91b8-f32833e9cdf4,java/lang/StringBuilder.java,append
52de5aa6-f8b4-4f77-91b8-f32833e9cdf4,1f853f9f-0231-49b7-b346-0e05e1afb3af,a2d40599-ff98-43dc-8d1a-991e02296972,->,52de5aa6-f8b4-4f77-91b8-f32833e9cdf4,java/lang/StringBuilder.java,append
52de5aa6-f8b4-4f77-91b8-f32833e9cdf4,1f853f9f-0231-49b7-b346-0e05e1afb3af,a2d40599-ff98-43dc-8d1a-991e02296972,->,52de5aa6-f8b4-4f77-91b8-f32833e9cdf4,java/lang/StringBuilder.java,toString
52de5aa6-f8b4-4f77-91b8-f32833e9cdf4,1f853f9f-0231-49b7-b346-0e05e1afb3af,a2d40599-ff98-43dc-8d1a-991e02296972,->,52de5aa6-f8b4-4f77-91b8-f32833e9cdf4,java/io/PrintStream.java,println
52de5aa6-f8b4-4f77-91b8-f32833e9cdf4,1f853f9f-0231-49b7-b346-0e05e1afb3af,a2d40599-ff98-43dc-8d1a-991e02296972,->,52de5aa6-f8b4-4f77-91b8-f32833e9cdf4,java/lang/StringBuilder.java,append
52de5aa6-f8b4-4f77-91b8-f32833e9cdf4,1f853f9f-0231-49b7-b346-0e05e1afb3af,a2d40599-ff98-43dc-8d1a-991e02296972,->,52de5aa6-f8b4-4f77-91b8-f32833e9cdf4,java/lang/StringBuilder.java,append
52de5aa6-f8b4-4f77-91b8-f32833e9cdf4,1f853f9f-0231-49b7-b346-0e05e1afb3af,a2d40599-ff98-43dc-8d1a-991e02296972,->,52de5aa6-f8b4-4f77-91b8-f32833e9cdf4,java/lang/StringBuilder.java,toString
52de5aa6-f8b4-4f77-91b8-f32833e9cdf4,1f853f9f-0231-49b7-b346-0e05e1afb3af,a2d40599-ff98-43dc-8d1a-991e02296972,->,52de5aa6-f8b4-4f77-91b8-f32833e9cdf4,java/io/PrintStream.java,println
52de5aa6-f8b4-4f77-91b8-f32833e9cdf4,1f853f9f-0231-49b7-b346-0e05e1afb3af,a2d40599-ff98-43dc-8d1a-991e02296972,->,52de5aa6-f8b4-4f77-91b8-f32833e9cdf4,java/lang/StringBuilder.java,append
52de5aa6-f8b4-4f77-91b8-f32833e9cdf4,1f853f9f-0231-49b7-b346-0e05e1afb3af,a2d40599-ff98-43dc-8d1a-991e02296972,->,52de5aa6-f8b4-4f77-91b8-f32833e9cdf4,java/lang/StringBuilder.java,append
52de5aa6-f8b4-4f77-91b8-f32833e9cdf4,1f853f9f-0231-49b7-b346-0e05e1afb3af,a2d40599-ff98-43dc-8d1a-991e02296972,->,52de5aa6-f8b4-4f77-91b8-f32833e9cdf4,java/lang/StringBuilder.java,toString
52de5aa6-f8b4-4f77-91b8-f32833e9cdf4,1f853f9f-0231-49b7-b346-0e05e1afb3af,a2d40599-ff98-43dc-8d1a-991e02296972,->,52de5aa6-f8b4-4f77-91b8-f32833e9cdf4,java/io/PrintStream.java,println
52de5aa6-f8b4-4f77-91b8-f32833e9cdf4,1f853f9f-0231-49b7-b346-0e05e1afb3af,a2d40599-ff98-43dc-8d1a-991e02296972,->,52de5aa6-f8b4-4f77-91b8-f32833e9cdf4,java/io/PrintStream.java,println
52de5aa6-f8b4-4f77-91b8-f32833e9cdf4,1f853f9f-0231-49b7-b346-0e05e1afb3af,a2d40599-ff98-43dc-8d1a-991e02296972,->,52de5aa6-f8b4-4f77-91b8-f32833e9cdf4,java/util/ArrayList.java,size
52de5aa6-f8b4-4f77-91b8-f32833e9cdf4,1f853f9f-0231-49b7-b346-0e05e1afb3af,a2d40599-ff98-43dc-8d1a-991e02296972,->,52de5aa6-f8b4-4f77-91b8-f32833e9cdf4,java/lang/StringBuilder.java,append
52de5aa6-f8b4-4f77-91b8-f32833e9cdf4,1f853f9f-0231-49b7-b346-0e05e1afb3af,a2d40599-ff98-43dc-8d1a-991e02296972,->,52de5aa6-f8b4-4f77-91b8-f32833e9cdf4,java/util/ArrayList.java,get
52de5aa6-f8b4-4f77-91b8-f32833e9cdf4,1f853f9f-0231-49b7-b346-0e05e1afb3af,a2d40599-ff98-43dc-8d1a-991e02296972,->,52de5aa6-f8b4-4f77-91b8-f32833e9cdf4,java/lang/StringBuilder.java,append
52de5aa6-f8b4-4f77-91b8-f32833e9cdf4,1f853f9f-0231-49b7-b346-0e05e1afb3af,a2d40599-ff98-43dc-8d1a-991e02296972,->,52de5aa6-f8b4-4f77-91b8-f32833e9cdf4,java/lang/StringBuilder.java,append
52de5aa6-f8b4-4f77-91b8-f32833e9cdf4,1f853f9f-0231-49b7-b346-0e05e1afb3af,a2d40599-ff98-43dc-8d1a-991e02296972,->,52de5aa6-f8b4-4f77-91b8-f32833e9cdf4,java/util/ArrayList.java,get
52de5aa6-f8b4-4f77-91b8-f32833e9cdf4,1f853f9f-0231-49b7-b346-0e05e1afb3af,a2d40599-ff98-43dc-8d1a-991e02296972,->,52de5aa6-f8b4-4f77-91b8-f32833e9cdf4,java/lang/StringBuilder.java,append
52de5aa6-f8b4-4f77-91b8-f32833e9cdf4,1f853f9f-0231-49b7-b346-0e05e1afb3af,a2d40599-ff98-43dc-8d1a-991e02296972,->,52de5aa6-f8b4-4f77-91b8-f32833e9cdf4,java/lang/StringBuilder.java,append
52de5aa6-f8b4-4f77-91b8-f32833e9cdf4,1f853f9f-0231-49b7-b346-0e05e1afb3af,a2d40599-ff98-43dc-8d1a-991e02296972,->,52de5aa6-f8b4-4f77-91b8-f32833e9cdf4,java/util/ArrayList.java,get
52de5aa6-f8b4-4f77-91b8-f32833e9cdf4,1f853f9f-0231-49b7-b346-0e05e1afb3af,a2d40599-ff98-43dc-8d1a-991e02296972,->,52de5aa6-f8b4-4f77-91b8-f32833e9cdf4,java/lang/StringBuilder.java,append
52de5aa6-f8b4-4f77-91b8-f32833e9cdf4,1f853f9f-0231-49b7-b346-0e05e1afb3af,a2d40599-ff98-43dc-8d1a-991e02296972,->,52de5aa6-f8b4-4f77-91b8-f32833e9cdf4,java/lang/StringBuilder.java,toString
52de5aa6-f8b4-4f77-91b8-f32833e9cdf4,1f853f9f-0231-49b7-b346-0e05e1afb3af,a2d40599-ff98-43dc-8d1a-991e02296972,->,52de5aa6-f8b4-4f77-91b8-f32833e9cdf4,java/io/PrintStream.java,println
52de5aa6-f8b4-4f77-91b8-f32833e9cdf4,1f853f9f-0231-49b7-b346-0e05e1afb3af,6275bc17-41bd-4c8e-b95a-3b07bf614b48,->,52de5aa6-f8b4-4f77-91b8-f32833e9cdf4,1f853f9f-0231-49b7-b346-0e05e1afb3af,5cfc3c33-fd31-40af-b4fd-029d1cf96255
52de5aa6-f8b4-4f77-91b8-f32833e9cdf4,1f853f9f-0231-49b7-b346-0e05e1afb3af,6275bc17-41bd-4c8e-b95a-3b07bf614b48,->,52de5aa6-f8b4-4f77-91b8-f32833e9cdf4,1f853f9f-0231-49b7-b346-0e05e1afb3af,a2d40599-ff98-43dc-8d1a-991e02296972
52de5aa6-f8b4-4f77-91b8-f32833e9cdf4,b3a75112-d9c2-4c29-b5fd-3075f960a03e,62bec244-6548-4d3c-9835-e0c71070d38f,->,52de5aa6-f8b4-4f77-91b8-f32833e9cdf4,java/lang/Math.java,random
52de5aa6-f8b4-4f77-91b8-f32833e9cdf4,b3a75112-d9c2-4c29-b5fd-3075f960a03e,ba82d266-36a6-4c6d-885a-2a0d32541b52,->,52de5aa6-f8b4-4f77-91b8-f32833e9cdf4,java/lang/Math.java,random
52de5aa6-f8b4-4f77-91b8-f32833e9cdf4,b3a75112-d9c2-4c29-b5fd-3075f960a03e,69499ef0-4a22-4338-802b-afb95a110413,->,52de5aa6-f8b4-4f77-91b8-f32833e9cdf4,b3a75112-d9c2-4c29-b5fd-3075f960a03e,ba82d266-36a6-4c6d-885a-2a0d32541b52
52de5aa6-f8b4-4f77-91b8-f32833e9cdf4,b3a75112-d9c2-4c29-b5fd-3075f960a03e,69499ef0-4a22-4338-802b-afb95a110413,->,52de5aa6-f8b4-4f77-91b8-f32833e9cdf4,b3a75112-d9c2-4c29-b5fd-3075f960a03e,ba82d266-36a6-4c6d-885a-2a0d32541b52
52de5aa6-f8b4-4f77-91b8-f32833e9cdf4,b3a75112-d9c2-4c29-b5fd-3075f960a03e,69499ef0-4a22-4338-802b-afb95a110413,->,52de5aa6-f8b4-4f77-91b8-f32833e9cdf4,b3a75112-d9c2-4c29-b5fd-3075f960a03e,62bec244-6548-4d3c-9835-e0c71070d38f
52de5aa6-f8b4-4f77-91b8-f32833e9cdf4,b3a75112-d9c2-4c29-b5fd-3075f960a03e,69499ef0-4a22-4338-802b-afb95a110413,->,52de5aa6-f8b4-4f77-91b8-f32833e9cdf4,java/lang/Math.java,min
52de5aa6-f8b4-4f77-91b8-f32833e9cdf4,b3a75112-d9c2-4c29-b5fd-3075f960a03e,69499ef0-4a22-4338-802b-afb95a110413,->,52de5aa6-f8b4-4f77-91b8-f32833e9cdf4,b3a75112-d9c2-4c29-b5fd-3075f960a03e,ba82d266-36a6-4c6d-885a-2a0d32541b52
52de5aa6-f8b4-4f77-91b8-f32833e9cdf4,b3a75112-d9c2-4c29-b5fd-3075f960a03e,925a4b9a-1182-4e86-bc6a-d7f20b0768aa,->,52de5aa6-f8b4-4f77-91b8-f32833e9cdf4,java/lang/StringBuilder.java,append
52de5aa6-f8b4-4f77-91b8-f32833e9cdf4,b3a75112-d9c2-4c29-b5fd-3075f960a03e,925a4b9a-1182-4e86-bc6a-d7f20b0768aa,->,52de5aa6-f8b4-4f77-91b8-f32833e9cdf4,java/lang/StringBuilder.java,append
52de5aa6-f8b4-4f77-91b8-f32833e9cdf4,b3a75112-d9c2-4c29-b5fd-3075f960a03e,925a4b9a-1182-4e86-bc6a-d7f20b0768aa,->,52de5aa6-f8b4-4f77-91b8-f32833e9cdf4,java/lang/StringBuilder.java,toString
52de5aa6-f8b4-4f77-91b8-f32833e9cdf4,b3a75112-d9c2-4c29-b5fd-3075f960a03e,925a4b9a-1182-4e86-bc6a-d7f20b0768aa,->,52de5aa6-f8b4-4f77-91b8-f32833e9cdf4,java/io/PrintStream.java,println
52de5aa6-f8b4-4f77-91b8-f32833e9cdf4,b3a75112-d9c2-4c29-b5fd-3075f960a03e,925a4b9a-1182-4e86-bc6a-d7f20b0768aa,->,52de5aa6-f8b4-4f77-91b8-f32833e9cdf4,java/lang/StringBuilder.java,append
52de5aa6-f8b4-4f77-91b8-f32833e9cdf4,b3a75112-d9c2-4c29-b5fd-3075f960a03e,925a4b9a-1182-4e86-bc6a-d7f20b0768aa,->,52de5aa6-f8b4-4f77-91b8-f32833e9cdf4,java/lang/StringBuilder.java,append
52de5aa6-f8b4-4f77-91b8-f32833e9cdf4,b3a75112-d9c2-4c29-b5fd-3075f960a03e,925a4b9a-1182-4e86-bc6a-d7f20b0768aa,->,52de5aa6-f8b4-4f77-91b8-f32833e9cdf4,java/lang/StringBuilder.java,toString
52de5aa6-f8b4-4f77-91b8-f32833e9cdf4,b3a75112-d9c2-4c29-b5fd-3075f960a03e,925a4b9a-1182-4e86-bc6a-d7f20b0768aa,->,52de5aa6-f8b4-4f77-91b8-f32833e9cdf4,java/io/PrintStream.java,println
52de5aa6-f8b4-4f77-91b8-f32833e9cdf4,b3a75112-d9c2-4c29-b5fd-3075f960a03e,925a4b9a-1182-4e86-bc6a-d7f20b0768aa,->,52de5aa6-f8b4-4f77-91b8-f32833e9cdf4,java/lang/StringBuilder.java,append
52de5aa6-f8b4-4f77-91b8-f32833e9cdf4,b3a75112-d9c2-4c29-b5fd-3075f960a03e,925a4b9a-1182-4e86-bc6a-d7f20b0768aa,->,52de5aa6-f8b4-4f77-91b8-f32833e9cdf4,java/lang/StringBuilder.java,append
52de5aa6-f8b4-4f77-91b8-f32833e9cdf4,b3a75112-d9c2-4c29-b5fd-3075f960a03e,925a4b9a-1182-4e86-bc6a-d7f20b0768aa,->,52de5aa6-f8b4-4f77-91b8-f32833e9cdf4,java/lang/StringBuilder.java,toString
52de5aa6-f8b4-4f77-91b8-f32833e9cdf4,b3a75112-d9c2-4c29-b5fd-3075f960a03e,925a4b9a-1182-4e86-bc6a-d7f20b0768aa,->,52de5aa6-f8b4-4f77-91b8-f32833e9cdf4,java/io/PrintStream.java,println
52de5aa6-f8b4-4f77-91b8-f32833e9cdf4,b3a75112-d9c2-4c29-b5fd-3075f960a03e,925a4b9a-1182-4e86-bc6a-d7f20b0768aa,->,52de5aa6-f8b4-4f77-91b8-f32833e9cdf4,java/lang/StringBuilder.java,append
52de5aa6-f8b4-4f77-91b8-f32833e9cdf4,b3a75112-d9c2-4c29-b5fd-3075f960a03e,925a4b9a-1182-4e86-bc6a-d7f20b0768aa,->,52de5aa6-f8b4-4f77-91b8-f32833e9cdf4,java/lang/StringBuilder.java,append
52de5aa6-f8b4-4f77-91b8-f32833e9cdf4,b3a75112-d9c2-4c29-b5fd-3075f960a03e,925a4b9a-1182-4e86-bc6a-d7f20b0768aa,->,52de5aa6-f8b4-4f77-91b8-f32833e9cdf4,java/lang/StringBuilder.java,toString
52de5aa6-f8b4-4f77-91b8-f32833e9cdf4,b3a75112-d9c2-4c29-b5fd-3075f960a03e,925a4b9a-1182-4e86-bc6a-d7f20b0768aa,->,52de5aa6-f8b4-4f77-91b8-f32833e9cdf4,java/io/PrintStream.java,println
52de5aa6-f8b4-4f77-91b8-f32833e9cdf4,b3a75112-d9c2-4c29-b5fd-3075f960a03e,925a4b9a-1182-4e86-bc6a-d7f20b0768aa,->,52de5aa6-f8b4-4f77-91b8-f32833e9cdf4,java/lang/StringBuilder.java,append
52de5aa6-f8b4-4f77-91b8-f32833e9cdf4,b3a75112-d9c2-4c29-b5fd-3075f960a03e,925a4b9a-1182-4e86-bc6a-d7f20b0768aa,->,52de5aa6-f8b4-4f77-91b8-f32833e9cdf4,java/lang/StringBuilder.java,append
52de5aa6-f8b4-4f77-91b8-f32833e9cdf4,b3a75112-d9c2-4c29-b5fd-3075f960a03e,925a4b9a-1182-4e86-bc6a-d7f20b0768aa,->,52de5aa6-f8b4-4f77-91b8-f32833e9cdf4,java/lang/StringBuilder.java,toString
52de5aa6-f8b4-4f77-91b8-f32833e9cdf4,b3a75112-d9c2-4c29-b5fd-3075f960a03e,925a4b9a-1182-4e86-bc6a-d7f20b0768aa,->,52de5aa6-f8b4-4f77-91b8-f32833e9cdf4,java/io/PrintStream.java,println
52de5aa6-f8b4-4f77-91b8-f32833e9cdf4,b3a75112-d9c2-4c29-b5fd-3075f960a03e,c8ffe766-6fec-452f-abd7-43614703772f,->,52de5aa6-f8b4-4f77-91b8-f32833e9cdf4,b3a75112-d9c2-4c29-b5fd-3075f960a03e,69499ef0-4a22-4338-802b-afb95a110413
52de5aa6-f8b4-4f77-91b8-f32833e9cdf4,b3a75112-d9c2-4c29-b5fd-3075f960a03e,c8ffe766-6fec-452f-abd7-43614703772f,->,52de5aa6-f8b4-4f77-91b8-f32833e9cdf4,b3a75112-d9c2-4c29-b5fd-3075f960a03e,925a4b9a-1182-4e86-bc6a-d7f20b0768aa
52de5aa6-f8b4-4f77-91b8-f32833e9cdf4,9486c090-3801-4c5d-90aa-d9ae04b9d4eb,18b662e7-1bce-43ba-af2c-d8b99dec4dc9,->,52de5aa6-f8b4-4f77-91b8-f32833e9cdf4,java/lang/Math.java,random
52de5aa6-f8b4-4f77-91b8-f32833e9cdf4,9486c090-3801-4c5d-90aa-d9ae04b9d4eb,c00a72db-5934-4e08-8ace-065365c4d6af,->,52de5aa6-f8b4-4f77-91b8-f32833e9cdf4,java/lang/Math.java,random
52de5aa6-f8b4-4f77-91b8-f32833e9cdf4,9486c090-3801-4c5d-90aa-d9ae04b9d4eb,c4070cae-4c83-48bd-ad7f-d03242064336,->,52de5aa6-f8b4-4f77-91b8-f32833e9cdf4,java/lang/Math.java,min
52de5aa6-f8b4-4f77-91b8-f32833e9cdf4,9486c090-3801-4c5d-90aa-d9ae04b9d4eb,c4070cae-4c83-48bd-ad7f-d03242064336,->,52de5aa6-f8b4-4f77-91b8-f32833e9cdf4,java/lang/Math.java,min
52de5aa6-f8b4-4f77-91b8-f32833e9cdf4,9486c090-3801-4c5d-90aa-d9ae04b9d4eb,c4070cae-4c83-48bd-ad7f-d03242064336,->,52de5aa6-f8b4-4f77-91b8-f32833e9cdf4,java/io/PrintStream.java,println
52de5aa6-f8b4-4f77-91b8-f32833e9cdf4,9486c090-3801-4c5d-90aa-d9ae04b9d4eb,c4070cae-4c83-48bd-ad7f-d03242064336,->,52de5aa6-f8b4-4f77-91b8-f32833e9cdf4,9486c090-3801-4c5d-90aa-d9ae04b9d4eb,c00a72db-5934-4e08-8ace-065365c4d6af
52de5aa6-f8b4-4f77-91b8-f32833e9cdf4,9486c090-3801-4c5d-90aa-d9ae04b9d4eb,c4070cae-4c83-48bd-ad7f-d03242064336,->,52de5aa6-f8b4-4f77-91b8-f32833e9cdf4,java/util/ArrayList.java,add
52de5aa6-f8b4-4f77-91b8-f32833e9cdf4,9486c090-3801-4c5d-90aa-d9ae04b9d4eb,c4070cae-4c83-48bd-ad7f-d03242064336,->,52de5aa6-f8b4-4f77-91b8-f32833e9cdf4,java/util/ArrayList.java,get
52de5aa6-f8b4-4f77-91b8-f32833e9cdf4,9486c090-3801-4c5d-90aa-d9ae04b9d4eb,c4070cae-4c83-48bd-ad7f-d03242064336,->,52de5aa6-f8b4-4f77-91b8-f32833e9cdf4,java/lang/Integer.java,intValue
52de5aa6-f8b4-4f77-91b8-f32833e9cdf4,9486c090-3801-4c5d-90aa-d9ae04b9d4eb,c4070cae-4c83-48bd-ad7f-d03242064336,->,52de5aa6-f8b4-4f77-91b8-f32833e9cdf4,java/util/ArrayList.java,get
52de5aa6-f8b4-4f77-91b8-f32833e9cdf4,9486c090-3801-4c5d-90aa-d9ae04b9d4eb,c4070cae-4c83-48bd-ad7f-d03242064336,->,52de5aa6-f8b4-4f77-91b8-f32833e9cdf4,java/lang/Integer.java,intValue
52de5aa6-f8b4-4f77-91b8-f32833e9cdf4,9486c090-3801-4c5d-90aa-d9ae04b9d4eb,c4070cae-4c83-48bd-ad7f-d03242064336,->,52de5aa6-f8b4-4f77-91b8-f32833e9cdf4,java/util/ArrayList.java,get
52de5aa6-f8b4-4f77-91b8-f32833e9cdf4,9486c090-3801-4c5d-90aa-d9ae04b9d4eb,c4070cae-4c83-48bd-ad7f-d03242064336,->,52de5aa6-f8b4-4f77-91b8-f32833e9cdf4,java/lang/Integer.java,intValue
52de5aa6-f8b4-4f77-91b8-f32833e9cdf4,9486c090-3801-4c5d-90aa-d9ae04b9d4eb,c4070cae-4c83-48bd-ad7f-d03242064336,->,52de5aa6-f8b4-4f77-91b8-f32833e9cdf4,java/lang/Integer.java,valueOf
52de5aa6-f8b4-4f77-91b8-f32833e9cdf4,9486c090-3801-4c5d-90aa-d9ae04b9d4eb,c4070cae-4c83-48bd-ad7f-d03242064336,->,52de5aa6-f8b4-4f77-91b8-f32833e9cdf4,java/util/ArrayList.java,set
52de5aa6-f8b4-4f77-91b8-f32833e9cdf4,9486c090-3801-4c5d-90aa-d9ae04b9d4eb,c4070cae-4c83-48bd-ad7f-d03242064336,->,52de5aa6-f8b4-4f77-91b8-f32833e9cdf4,java/lang/Integer.java,valueOf
52de5aa6-f8b4-4f77-91b8-f32833e9cdf4,9486c090-3801-4c5d-90aa-d9ae04b9d4eb,c4070cae-4c83-48bd-ad7f-d03242064336,->,52de5aa6-f8b4-4f77-91b8-f32833e9cdf4,java/util/ArrayList.java,set
52de5aa6-f8b4-4f77-91b8-f32833e9cdf4,9486c090-3801-4c5d-90aa-d9ae04b9d4eb,c4070cae-4c83-48bd-ad7f-d03242064336,->,52de5aa6-f8b4-4f77-91b8-f32833e9cdf4,java/lang/Integer.java,valueOf
52de5aa6-f8b4-4f77-91b8-f32833e9cdf4,9486c090-3801-4c5d-90aa-d9ae04b9d4eb,c4070cae-4c83-48bd-ad7f-d03242064336,->,52de5aa6-f8b4-4f77-91b8-f32833e9cdf4,java/util/ArrayList.java,set
52de5aa6-f8b4-4f77-91b8-f32833e9cdf4,9486c090-3801-4c5d-90aa-d9ae04b9d4eb,c4070cae-4c83-48bd-ad7f-d03242064336,->,52de5aa6-f8b4-4f77-91b8-f32833e9cdf4,9486c090-3801-4c5d-90aa-d9ae04b9d4eb,18b662e7-1bce-43ba-af2c-d8b99dec4dc9
52de5aa6-f8b4-4f77-91b8-f32833e9cdf4,9486c090-3801-4c5d-90aa-d9ae04b9d4eb,c4070cae-4c83-48bd-ad7f-d03242064336,->,52de5aa6-f8b4-4f77-91b8-f32833e9cdf4,java/util/ArrayList.java,get
52de5aa6-f8b4-4f77-91b8-f32833e9cdf4,9486c090-3801-4c5d-90aa-d9ae04b9d4eb,c4070cae-4c83-48bd-ad7f-d03242064336,->,52de5aa6-f8b4-4f77-91b8-f32833e9cdf4,java/lang/Integer.java,intValue
52de5aa6-f8b4-4f77-91b8-f32833e9cdf4,9486c090-3801-4c5d-90aa-d9ae04b9d4eb,c4070cae-4c83-48bd-ad7f-d03242064336,->,52de5aa6-f8b4-4f77-91b8-f32833e9cdf4,java/util/ArrayList.java,get
52de5aa6-f8b4-4f77-91b8-f32833e9cdf4,9486c090-3801-4c5d-90aa-d9ae04b9d4eb,c4070cae-4c83-48bd-ad7f-d03242064336,->,52de5aa6-f8b4-4f77-91b8-f32833e9cdf4,java/lang/Integer.java,intValue
52de5aa6-f8b4-4f77-91b8-f32833e9cdf4,9486c090-3801-4c5d-90aa-d9ae04b9d4eb,c4070cae-4c83-48bd-ad7f-d03242064336,->,52de5aa6-f8b4-4f77-91b8-f32833e9cdf4,java/util/ArrayList.java,get
52de5aa6-f8b4-4f77-91b8-f32833e9cdf4,9486c090-3801-4c5d-90aa-d9ae04b9d4eb,c4070cae-4c83-48bd-ad7f-d03242064336,->,52de5aa6-f8b4-4f77-91b8-f32833e9cdf4,java/lang/Integer.java,intValue
52de5aa6-f8b4-4f77-91b8-f32833e9cdf4,9486c090-3801-4c5d-90aa-d9ae04b9d4eb,c4070cae-4c83-48bd-ad7f-d03242064336,->,52de5aa6-f8b4-4f77-91b8-f32833e9cdf4,java/lang/Integer.java,valueOf
52de5aa6-f8b4-4f77-91b8-f32833e9cdf4,9486c090-3801-4c5d-90aa-d9ae04b9d4eb,c4070cae-4c83-48bd-ad7f-d03242064336,->,52de5aa6-f8b4-4f77-91b8-f32833e9cdf4,java/util/ArrayList.java,set
52de5aa6-f8b4-4f77-91b8-f32833e9cdf4,9486c090-3801-4c5d-90aa-d9ae04b9d4eb,c4070cae-4c83-48bd-ad7f-d03242064336,->,52de5aa6-f8b4-4f77-91b8-f32833e9cdf4,java/lang/Integer.java,valueOf
52de5aa6-f8b4-4f77-91b8-f32833e9cdf4,9486c090-3801-4c5d-90aa-d9ae04b9d4eb,c4070cae-4c83-48bd-ad7f-d03242064336,->,52de5aa6-f8b4-4f77-91b8-f32833e9cdf4,java/util/ArrayList.java,set
52de5aa6-f8b4-4f77-91b8-f32833e9cdf4,9486c090-3801-4c5d-90aa-d9ae04b9d4eb,c4070cae-4c83-48bd-ad7f-d03242064336,->,52de5aa6-f8b4-4f77-91b8-f32833e9cdf4,9486c090-3801-4c5d-90aa-d9ae04b9d4eb,18b662e7-1bce-43ba-af2c-d8b99dec4dc9
52de5aa6-f8b4-4f77-91b8-f32833e9cdf4,9486c090-3801-4c5d-90aa-d9ae04b9d4eb,c4070cae-4c83-48bd-ad7f-d03242064336,->,52de5aa6-f8b4-4f77-91b8-f32833e9cdf4,java/util/ArrayList.java,get
52de5aa6-f8b4-4f77-91b8-f32833e9cdf4,9486c090-3801-4c5d-90aa-d9ae04b9d4eb,c4070cae-4c83-48bd-ad7f-d03242064336,->,52de5aa6-f8b4-4f77-91b8-f32833e9cdf4,java/lang/Integer.java,intValue
52de5aa6-f8b4-4f77-91b8-f32833e9cdf4,9486c090-3801-4c5d-90aa-d9ae04b9d4eb,c4070cae-4c83-48bd-ad7f-d03242064336,->,52de5aa6-f8b4-4f77-91b8-f32833e9cdf4,java/util/ArrayList.java,get
52de5aa6-f8b4-4f77-91b8-f32833e9cdf4,9486c090-3801-4c5d-90aa-d9ae04b9d4eb,c4070cae-4c83-48bd-ad7f-d03242064336,->,52de5aa6-f8b4-4f77-91b8-f32833e9cdf4,java/lang/Integer.java,intValue
52de5aa6-f8b4-4f77-91b8-f32833e9cdf4,9486c090-3801-4c5d-90aa-d9ae04b9d4eb,c4070cae-4c83-48bd-ad7f-d03242064336,->,52de5aa6-f8b4-4f77-91b8-f32833e9cdf4,java/util/ArrayList.java,get
52de5aa6-f8b4-4f77-91b8-f32833e9cdf4,9486c090-3801-4c5d-90aa-d9ae04b9d4eb,c4070cae-4c83-48bd-ad7f-d03242064336,->,52de5aa6-f8b4-4f77-91b8-f32833e9cdf4,java/lang/Integer.java,intValue
52de5aa6-f8b4-4f77-91b8-f32833e9cdf4,9486c090-3801-4c5d-90aa-d9ae04b9d4eb,c4070cae-4c83-48bd-ad7f-d03242064336,->,52de5aa6-f8b4-4f77-91b8-f32833e9cdf4,java/lang/Integer.java,valueOf
52de5aa6-f8b4-4f77-91b8-f32833e9cdf4,9486c090-3801-4c5d-90aa-d9ae04b9d4eb,c4070cae-4c83-48bd-ad7f-d03242064336,->,52de5aa6-f8b4-4f77-91b8-f32833e9cdf4,java/util/ArrayList.java,set
52de5aa6-f8b4-4f77-91b8-f32833e9cdf4,9486c090-3801-4c5d-90aa-d9ae04b9d4eb,c4070cae-4c83-48bd-ad7f-d03242064336,->,52de5aa6-f8b4-4f77-91b8-f32833e9cdf4,java/lang/Integer.java,valueOf
52de5aa6-f8b4-4f77-91b8-f32833e9cdf4,9486c090-3801-4c5d-90aa-d9ae04b9d4eb,c4070cae-4c83-48bd-ad7f-d03242064336,->,52de5aa6-f8b4-4f77-91b8-f32833e9cdf4,java/util/ArrayList.java,set
52de5aa6-f8b4-4f77-91b8-f32833e9cdf4,9486c090-3801-4c5d-90aa-d9ae04b9d4eb,c4070cae-4c83-48bd-ad7f-d03242064336,->,52de5aa6-f8b4-4f77-91b8-f32833e9cdf4,9486c090-3801-4c5d-90aa-d9ae04b9d4eb,18b662e7-1bce-43ba-af2c-d8b99dec4dc9
52de5aa6-f8b4-4f77-91b8-f32833e9cdf4,9486c090-3801-4c5d-90aa-d9ae04b9d4eb,c4070cae-4c83-48bd-ad7f-d03242064336,->,52de5aa6-f8b4-4f77-91b8-f32833e9cdf4,java/util/ArrayList.java,get
52de5aa6-f8b4-4f77-91b8-f32833e9cdf4,9486c090-3801-4c5d-90aa-d9ae04b9d4eb,c4070cae-4c83-48bd-ad7f-d03242064336,->,52de5aa6-f8b4-4f77-91b8-f32833e9cdf4,java/lang/Integer.java,intValue
52de5aa6-f8b4-4f77-91b8-f32833e9cdf4,9486c090-3801-4c5d-90aa-d9ae04b9d4eb,c4070cae-4c83-48bd-ad7f-d03242064336,->,52de5aa6-f8b4-4f77-91b8-f32833e9cdf4,java/util/ArrayList.java,get
52de5aa6-f8b4-4f77-91b8-f32833e9cdf4,9486c090-3801-4c5d-90aa-d9ae04b9d4eb,c4070cae-4c83-48bd-ad7f-d03242064336,->,52de5aa6-f8b4-4f77-91b8-f32833e9cdf4,java/lang/Integer.java,intValue
52de5aa6-f8b4-4f77-91b8-f32833e9cdf4,9486c090-3801-4c5d-90aa-d9ae04b9d4eb,c4070cae-4c83-48bd-ad7f-d03242064336,->,52de5aa6-f8b4-4f77-91b8-f32833e9cdf4,java/lang/Integer.java,valueOf
52de5aa6-f8b4-4f77-91b8-f32833e9cdf4,9486c090-3801-4c5d-90aa-d9ae04b9d4eb,c4070cae-4c83-48bd-ad7f-d03242064336,->,52de5aa6-f8b4-4f77-91b8-f32833e9cdf4,java/util/ArrayList.java,set
52de5aa6-f8b4-4f77-91b8-f32833e9cdf4,9486c090-3801-4c5d-90aa-d9ae04b9d4eb,c4070cae-4c83-48bd-ad7f-d03242064336,->,52de5aa6-f8b4-4f77-91b8-f32833e9cdf4,java/lang/Integer.java,valueOf
52de5aa6-f8b4-4f77-91b8-f32833e9cdf4,9486c090-3801-4c5d-90aa-d9ae04b9d4eb,c4070cae-4c83-48bd-ad7f-d03242064336,->,52de5aa6-f8b4-4f77-91b8-f32833e9cdf4,java/util/ArrayList.java,add
52de5aa6-f8b4-4f77-91b8-f32833e9cdf4,9486c090-3801-4c5d-90aa-d9ae04b9d4eb,c4070cae-4c83-48bd-ad7f-d03242064336,->,52de5aa6-f8b4-4f77-91b8-f32833e9cdf4,java/io/PrintStream.java,println
52de5aa6-f8b4-4f77-91b8-f32833e9cdf4,9486c090-3801-4c5d-90aa-d9ae04b9d4eb,c4070cae-4c83-48bd-ad7f-d03242064336,->,52de5aa6-f8b4-4f77-91b8-f32833e9cdf4,java/util/ArrayList.java,get
52de5aa6-f8b4-4f77-91b8-f32833e9cdf4,9486c090-3801-4c5d-90aa-d9ae04b9d4eb,c4070cae-4c83-48bd-ad7f-d03242064336,->,52de5aa6-f8b4-4f77-91b8-f32833e9cdf4,java/lang/Integer.java,intValue
52de5aa6-f8b4-4f77-91b8-f32833e9cdf4,9486c090-3801-4c5d-90aa-d9ae04b9d4eb,c4070cae-4c83-48bd-ad7f-d03242064336,->,52de5aa6-f8b4-4f77-91b8-f32833e9cdf4,java/util/ArrayList.java,get
52de5aa6-f8b4-4f77-91b8-f32833e9cdf4,9486c090-3801-4c5d-90aa-d9ae04b9d4eb,c4070cae-4c83-48bd-ad7f-d03242064336,->,52de5aa6-f8b4-4f77-91b8-f32833e9cdf4,java/util/ArrayList.java,get
52de5aa6-f8b4-4f77-91b8-f32833e9cdf4,9486c090-3801-4c5d-90aa-d9ae04b9d4eb,c4070cae-4c83-48bd-ad7f-d03242064336,->,52de5aa6-f8b4-4f77-91b8-f32833e9cdf4,java/lang/Integer.java,intValue
52de5aa6-f8b4-4f77-91b8-f32833e9cdf4,9486c090-3801-4c5d-90aa-d9ae04b9d4eb,c4070cae-4c83-48bd-ad7f-d03242064336,->,52de5aa6-f8b4-4f77-91b8-f32833e9cdf4,java/lang/Integer.java,valueOf
52de5aa6-f8b4-4f77-91b8-f32833e9cdf4,9486c090-3801-4c5d-90aa-d9ae04b9d4eb,c4070cae-4c83-48bd-ad7f-d03242064336,->,52de5aa6-f8b4-4f77-91b8-f32833e9cdf4,java/util/ArrayList.java,set
52de5aa6-f8b4-4f77-91b8-f32833e9cdf4,9486c090-3801-4c5d-90aa-d9ae04b9d4eb,c4070cae-4c83-48bd-ad7f-d03242064336,->,52de5aa6-f8b4-4f77-91b8-f32833e9cdf4,java/lang/Integer.java,valueOf
52de5aa6-f8b4-4f77-91b8-f32833e9cdf4,9486c090-3801-4c5d-90aa-d9ae04b9d4eb,c4070cae-4c83-48bd-ad7f-d03242064336,->,52de5aa6-f8b4-4f77-91b8-f32833e9cdf4,java/util/ArrayList.java,set
52de5aa6-f8b4-4f77-91b8-f32833e9cdf4,9486c090-3801-4c5d-90aa-d9ae04b9d4eb,c4070cae-4c83-48bd-ad7f-d03242064336,->,52de5aa6-f8b4-4f77-91b8-f32833e9cdf4,java/lang/Integer.java,valueOf
52de5aa6-f8b4-4f77-91b8-f32833e9cdf4,9486c090-3801-4c5d-90aa-d9ae04b9d4eb,c4070cae-4c83-48bd-ad7f-d03242064336,->,52de5aa6-f8b4-4f77-91b8-f32833e9cdf4,java/util/ArrayList.java,set
52de5aa6-f8b4-4f77-91b8-f32833e9cdf4,9486c090-3801-4c5d-90aa-d9ae04b9d4eb,c4070cae-4c83-48bd-ad7f-d03242064336,->,52de5aa6-f8b4-4f77-91b8-f32833e9cdf4,java/util/ArrayList.java,get
52de5aa6-f8b4-4f77-91b8-f32833e9cdf4,9486c090-3801-4c5d-90aa-d9ae04b9d4eb,c4070cae-4c83-48bd-ad7f-d03242064336,->,52de5aa6-f8b4-4f77-91b8-f32833e9cdf4,java/lang/Integer.java,intValue
52de5aa6-f8b4-4f77-91b8-f32833e9cdf4,9486c090-3801-4c5d-90aa-d9ae04b9d4eb,c4070cae-4c83-48bd-ad7f-d03242064336,->,52de5aa6-f8b4-4f77-91b8-f32833e9cdf4,java/lang/Integer.java,valueOf
52de5aa6-f8b4-4f77-91b8-f32833e9cdf4,9486c090-3801-4c5d-90aa-d9ae04b9d4eb,c4070cae-4c83-48bd-ad7f-d03242064336,->,52de5aa6-f8b4-4f77-91b8-f32833e9cdf4,java/util/ArrayList.java,set
52de5aa6-f8b4-4f77-91b8-f32833e9cdf4,9486c090-3801-4c5d-90aa-d9ae04b9d4eb,c4070cae-4c83-48bd-ad7f-d03242064336,->,52de5aa6-f8b4-4f77-91b8-f32833e9cdf4,java/lang/Integer.java,valueOf
52de5aa6-f8b4-4f77-91b8-f32833e9cdf4,9486c090-3801-4c5d-90aa-d9ae04b9d4eb,c4070cae-4c83-48bd-ad7f-d03242064336,->,52de5aa6-f8b4-4f77-91b8-f32833e9cdf4,java/util/ArrayList.java,set
52de5aa6-f8b4-4f77-91b8-f32833e9cdf4,9486c090-3801-4c5d-90aa-d9ae04b9d4eb,c4070cae-4c83-48bd-ad7f-d03242064336,->,52de5aa6-f8b4-4f77-91b8-f32833e9cdf4,java/util/ArrayList.java,get
52de5aa6-f8b4-4f77-91b8-f32833e9cdf4,9486c090-3801-4c5d-90aa-d9ae04b9d4eb,c4070cae-4c83-48bd-ad7f-d03242064336,->,52de5aa6-f8b4-4f77-91b8-f32833e9cdf4,java/lang/Integer.java,intValue
52de5aa6-f8b4-4f77-91b8-f32833e9cdf4,9486c090-3801-4c5d-90aa-d9ae04b9d4eb,c4070cae-4c83-48bd-ad7f-d03242064336,->,52de5aa6-f8b4-4f77-91b8-f32833e9cdf4,java/util/ArrayList.java,get
52de5aa6-f8b4-4f77-91b8-f32833e9cdf4,9486c090-3801-4c5d-90aa-d9ae04b9d4eb,c4070cae-4c83-48bd-ad7f-d03242064336,->,52de5aa6-f8b4-4f77-91b8-f32833e9cdf4,java/lang/Integer.java,intValue
52de5aa6-f8b4-4f77-91b8-f32833e9cdf4,9486c090-3801-4c5d-90aa-d9ae04b9d4eb,c4070cae-4c83-48bd-ad7f-d03242064336,->,52de5aa6-f8b4-4f77-91b8-f32833e9cdf4,java/lang/Integer.java,valueOf
52de5aa6-f8b4-4f77-91b8-f32833e9cdf4,9486c090-3801-4c5d-90aa-d9ae04b9d4eb,c4070cae-4c83-48bd-ad7f-d03242064336,->,52de5aa6-f8b4-4f77-91b8-f32833e9cdf4,java/util/ArrayList.java,set
52de5aa6-f8b4-4f77-91b8-f32833e9cdf4,9486c090-3801-4c5d-90aa-d9ae04b9d4eb,c4070cae-4c83-48bd-ad7f-d03242064336,->,52de5aa6-f8b4-4f77-91b8-f32833e9cdf4,java/util/ArrayList.java,get
52de5aa6-f8b4-4f77-91b8-f32833e9cdf4,9486c090-3801-4c5d-90aa-d9ae04b9d4eb,c4070cae-4c83-48bd-ad7f-d03242064336,->,52de5aa6-f8b4-4f77-91b8-f32833e9cdf4,java/util/ArrayList.java,set
52de5aa6-f8b4-4f77-91b8-f32833e9cdf4,9486c090-3801-4c5d-90aa-d9ae04b9d4eb,c4070cae-4c83-48bd-ad7f-d03242064336,->,52de5aa6-f8b4-4f77-91b8-f32833e9cdf4,java/util/ArrayList.java,remove
52de5aa6-f8b4-4f77-91b8-f32833e9cdf4,9486c090-3801-4c5d-90aa-d9ae04b9d4eb,c4070cae-4c83-48bd-ad7f-d03242064336,->,52de5aa6-f8b4-4f77-91b8-f32833e9cdf4,9486c090-3801-4c5d-90aa-d9ae04b9d4eb,18b662e7-1bce-43ba-af2c-d8b99dec4dc9
52de5aa6-f8b4-4f77-91b8-f32833e9cdf4,9486c090-3801-4c5d-90aa-d9ae04b9d4eb,c4070cae-4c83-48bd-ad7f-d03242064336,->,52de5aa6-f8b4-4f77-91b8-f32833e9cdf4,java/io/PrintStream.java,println
52de5aa6-f8b4-4f77-91b8-f32833e9cdf4,9486c090-3801-4c5d-90aa-d9ae04b9d4eb,c4070cae-4c83-48bd-ad7f-d03242064336,->,52de5aa6-f8b4-4f77-91b8-f32833e9cdf4,java/util/ArrayList.java,get
52de5aa6-f8b4-4f77-91b8-f32833e9cdf4,9486c090-3801-4c5d-90aa-d9ae04b9d4eb,c4070cae-4c83-48bd-ad7f-d03242064336,->,52de5aa6-f8b4-4f77-91b8-f32833e9cdf4,java/lang/Integer.java,intValue
52de5aa6-f8b4-4f77-91b8-f32833e9cdf4,9486c090-3801-4c5d-90aa-d9ae04b9d4eb,c4070cae-4c83-48bd-ad7f-d03242064336,->,52de5aa6-f8b4-4f77-91b8-f32833e9cdf4,java/util/ArrayList.java,get
52de5aa6-f8b4-4f77-91b8-f32833e9cdf4,9486c090-3801-4c5d-90aa-d9ae04b9d4eb,c4070cae-4c83-48bd-ad7f-d03242064336,->,52de5aa6-f8b4-4f77-91b8-f32833e9cdf4,java/util/ArrayList.java,get
52de5aa6-f8b4-4f77-91b8-f32833e9cdf4,9486c090-3801-4c5d-90aa-d9ae04b9d4eb,c4070cae-4c83-48bd-ad7f-d03242064336,->,52de5aa6-f8b4-4f77-91b8-f32833e9cdf4,java/lang/Integer.java,intValue
52de5aa6-f8b4-4f77-91b8-f32833e9cdf4,9486c090-3801-4c5d-90aa-d9ae04b9d4eb,c4070cae-4c83-48bd-ad7f-d03242064336,->,52de5aa6-f8b4-4f77-91b8-f32833e9cdf4,java/lang/Integer.java,valueOf
52de5aa6-f8b4-4f77-91b8-f32833e9cdf4,9486c090-3801-4c5d-90aa-d9ae04b9d4eb,c4070cae-4c83-48bd-ad7f-d03242064336,->,52de5aa6-f8b4-4f77-91b8-f32833e9cdf4,java/util/ArrayList.java,set
52de5aa6-f8b4-4f77-91b8-f32833e9cdf4,9486c090-3801-4c5d-90aa-d9ae04b9d4eb,c4070cae-4c83-48bd-ad7f-d03242064336,->,52de5aa6-f8b4-4f77-91b8-f32833e9cdf4,java/lang/Integer.java,valueOf
52de5aa6-f8b4-4f77-91b8-f32833e9cdf4,9486c090-3801-4c5d-90aa-d9ae04b9d4eb,c4070cae-4c83-48bd-ad7f-d03242064336,->,52de5aa6-f8b4-4f77-91b8-f32833e9cdf4,java/util/ArrayList.java,set
52de5aa6-f8b4-4f77-91b8-f32833e9cdf4,9486c090-3801-4c5d-90aa-d9ae04b9d4eb,c4070cae-4c83-48bd-ad7f-d03242064336,->,52de5aa6-f8b4-4f77-91b8-f32833e9cdf4,java/lang/Integer.java,valueOf
52de5aa6-f8b4-4f77-91b8-f32833e9cdf4,9486c090-3801-4c5d-90aa-d9ae04b9d4eb,c4070cae-4c83-48bd-ad7f-d03242064336,->,52de5aa6-f8b4-4f77-91b8-f32833e9cdf4,java/util/ArrayList.java,set
52de5aa6-f8b4-4f77-91b8-f32833e9cdf4,9486c090-3801-4c5d-90aa-d9ae04b9d4eb,c4070cae-4c83-48bd-ad7f-d03242064336,->,52de5aa6-f8b4-4f77-91b8-f32833e9cdf4,java/util/ArrayList.java,get
52de5aa6-f8b4-4f77-91b8-f32833e9cdf4,9486c090-3801-4c5d-90aa-d9ae04b9d4eb,c4070cae-4c83-48bd-ad7f-d03242064336,->,52de5aa6-f8b4-4f77-91b8-f32833e9cdf4,java/lang/Integer.java,intValue
52de5aa6-f8b4-4f77-91b8-f32833e9cdf4,9486c090-3801-4c5d-90aa-d9ae04b9d4eb,c4070cae-4c83-48bd-ad7f-d03242064336,->,52de5aa6-f8b4-4f77-91b8-f32833e9cdf4,java/lang/Integer.java,valueOf
52de5aa6-f8b4-4f77-91b8-f32833e9cdf4,9486c090-3801-4c5d-90aa-d9ae04b9d4eb,c4070cae-4c83-48bd-ad7f-d03242064336,->,52de5aa6-f8b4-4f77-91b8-f32833e9cdf4,java/util/ArrayList.java,set
52de5aa6-f8b4-4f77-91b8-f32833e9cdf4,9486c090-3801-4c5d-90aa-d9ae04b9d4eb,c4070cae-4c83-48bd-ad7f-d03242064336,->,52de5aa6-f8b4-4f77-91b8-f32833e9cdf4,java/lang/Integer.java,valueOf
52de5aa6-f8b4-4f77-91b8-f32833e9cdf4,9486c090-3801-4c5d-90aa-d9ae04b9d4eb,c4070cae-4c83-48bd-ad7f-d03242064336,->,52de5aa6-f8b4-4f77-91b8-f32833e9cdf4,java/util/ArrayList.java,set
52de5aa6-f8b4-4f77-91b8-f32833e9cdf4,9486c090-3801-4c5d-90aa-d9ae04b9d4eb,c4070cae-4c83-48bd-ad7f-d03242064336,->,52de5aa6-f8b4-4f77-91b8-f32833e9cdf4,java/util/ArrayList.java,get
52de5aa6-f8b4-4f77-91b8-f32833e9cdf4,9486c090-3801-4c5d-90aa-d9ae04b9d4eb,c4070cae-4c83-48bd-ad7f-d03242064336,->,52de5aa6-f8b4-4f77-91b8-f32833e9cdf4,java/lang/Integer.java,intValue
52de5aa6-f8b4-4f77-91b8-f32833e9cdf4,9486c090-3801-4c5d-90aa-d9ae04b9d4eb,c4070cae-4c83-48bd-ad7f-d03242064336,->,52de5aa6-f8b4-4f77-91b8-f32833e9cdf4,java/util/ArrayList.java,get
52de5aa6-f8b4-4f77-91b8-f32833e9cdf4,9486c090-3801-4c5d-90aa-d9ae04b9d4eb,c4070cae-4c83-48bd-ad7f-d03242064336,->,52de5aa6-f8b4-4f77-91b8-f32833e9cdf4,java/lang/Integer.java,intValue
52de5aa6-f8b4-4f77-91b8-f32833e9cdf4,9486c090-3801-4c5d-90aa-d9ae04b9d4eb,c4070cae-4c83-48bd-ad7f-d03242064336,->,52de5aa6-f8b4-4f77-91b8-f32833e9cdf4,java/lang/Integer.java,valueOf
52de5aa6-f8b4-4f77-91b8-f32833e9cdf4,9486c090-3801-4c5d-90aa-d9ae04b9d4eb,c4070cae-4c83-48bd-ad7f-d03242064336,->,52de5aa6-f8b4-4f77-91b8-f32833e9cdf4,java/util/ArrayList.java,set
52de5aa6-f8b4-4f77-91b8-f32833e9cdf4,9486c090-3801-4c5d-90aa-d9ae04b9d4eb,c4070cae-4c83-48bd-ad7f-d03242064336,->,52de5aa6-f8b4-4f77-91b8-f32833e9cdf4,java/util/ArrayList.java,get
52de5aa6-f8b4-4f77-91b8-f32833e9cdf4,9486c090-3801-4c5d-90aa-d9ae04b9d4eb,c4070cae-4c83-48bd-ad7f-d03242064336,->,52de5aa6-f8b4-4f77-91b8-f32833e9cdf4,java/util/ArrayList.java,set
52de5aa6-f8b4-4f77-91b8-f32833e9cdf4,9486c090-3801-4c5d-90aa-d9ae04b9d4eb,c4070cae-4c83-48bd-ad7f-d03242064336,->,52de5aa6-f8b4-4f77-91b8-f32833e9cdf4,java/util/ArrayList.java,remove
52de5aa6-f8b4-4f77-91b8-f32833e9cdf4,9486c090-3801-4c5d-90aa-d9ae04b9d4eb,c4070cae-4c83-48bd-ad7f-d03242064336,->,52de5aa6-f8b4-4f77-91b8-f32833e9cdf4,9486c090-3801-4c5d-90aa-d9ae04b9d4eb,18b662e7-1bce-43ba-af2c-d8b99dec4dc9
52de5aa6-f8b4-4f77-91b8-f32833e9cdf4,9486c090-3801-4c5d-90aa-d9ae04b9d4eb,c4070cae-4c83-48bd-ad7f-d03242064336,->,52de5aa6-f8b4-4f77-91b8-f32833e9cdf4,java/lang/StringBuilder.java,append
52de5aa6-f8b4-4f77-91b8-f32833e9cdf4,9486c090-3801-4c5d-90aa-d9ae04b9d4eb,c4070cae-4c83-48bd-ad7f-d03242064336,->,52de5aa6-f8b4-4f77-91b8-f32833e9cdf4,java/lang/StringBuilder.java,append
52de5aa6-f8b4-4f77-91b8-f32833e9cdf4,9486c090-3801-4c5d-90aa-d9ae04b9d4eb,c4070cae-4c83-48bd-ad7f-d03242064336,->,52de5aa6-f8b4-4f77-91b8-f32833e9cdf4,java/lang/StringBuilder.java,toString
52de5aa6-f8b4-4f77-91b8-f32833e9cdf4,9486c090-3801-4c5d-90aa-d9ae04b9d4eb,c4070cae-4c83-48bd-ad7f-d03242064336,->,52de5aa6-f8b4-4f77-91b8-f32833e9cdf4,java/io/PrintStream.java,print
52de5aa6-f8b4-4f77-91b8-f32833e9cdf4,9486c090-3801-4c5d-90aa-d9ae04b9d4eb,c4070cae-4c83-48bd-ad7f-d03242064336,->,52de5aa6-f8b4-4f77-91b8-f32833e9cdf4,java/lang/StringBuilder.java,append
52de5aa6-f8b4-4f77-91b8-f32833e9cdf4,9486c090-3801-4c5d-90aa-d9ae04b9d4eb,c4070cae-4c83-48bd-ad7f-d03242064336,->,52de5aa6-f8b4-4f77-91b8-f32833e9cdf4,java/util/ArrayList.java,get
52de5aa6-f8b4-4f77-91b8-f32833e9cdf4,9486c090-3801-4c5d-90aa-d9ae04b9d4eb,c4070cae-4c83-48bd-ad7f-d03242064336,->,52de5aa6-f8b4-4f77-91b8-f32833e9cdf4,java/lang/StringBuilder.java,append
52de5aa6-f8b4-4f77-91b8-f32833e9cdf4,9486c090-3801-4c5d-90aa-d9ae04b9d4eb,c4070cae-4c83-48bd-ad7f-d03242064336,->,52de5aa6-f8b4-4f77-91b8-f32833e9cdf4,java/lang/StringBuilder.java,toString
52de5aa6-f8b4-4f77-91b8-f32833e9cdf4,9486c090-3801-4c5d-90aa-d9ae04b9d4eb,c4070cae-4c83-48bd-ad7f-d03242064336,->,52de5aa6-f8b4-4f77-91b8-f32833e9cdf4,java/io/PrintStream.java,print
52de5aa6-f8b4-4f77-91b8-f32833e9cdf4,9486c090-3801-4c5d-90aa-d9ae04b9d4eb,c4070cae-4c83-48bd-ad7f-d03242064336,->,52de5aa6-f8b4-4f77-91b8-f32833e9cdf4,java/lang/StringBuilder.java,append
52de5aa6-f8b4-4f77-91b8-f32833e9cdf4,9486c090-3801-4c5d-90aa-d9ae04b9d4eb,c4070cae-4c83-48bd-ad7f-d03242064336,->,52de5aa6-f8b4-4f77-91b8-f32833e9cdf4,java/util/ArrayList.java,get
52de5aa6-f8b4-4f77-91b8-f32833e9cdf4,9486c090-3801-4c5d-90aa-d9ae04b9d4eb,c4070cae-4c83-48bd-ad7f-d03242064336,->,52de5aa6-f8b4-4f77-91b8-f32833e9cdf4,java/lang/StringBuilder.java,append
52de5aa6-f8b4-4f77-91b8-f32833e9cdf4,9486c090-3801-4c5d-90aa-d9ae04b9d4eb,c4070cae-4c83-48bd-ad7f-d03242064336,->,52de5aa6-f8b4-4f77-91b8-f32833e9cdf4,java/lang/StringBuilder.java,toString
52de5aa6-f8b4-4f77-91b8-f32833e9cdf4,9486c090-3801-4c5d-90aa-d9ae04b9d4eb,c4070cae-4c83-48bd-ad7f-d03242064336,->,52de5aa6-f8b4-4f77-91b8-f32833e9cdf4,java/io/PrintStream.java,print
52de5aa6-f8b4-4f77-91b8-f32833e9cdf4,9486c090-3801-4c5d-90aa-d9ae04b9d4eb,c4070cae-4c83-48bd-ad7f-d03242064336,->,52de5aa6-f8b4-4f77-91b8-f32833e9cdf4,java/lang/StringBuilder.java,append
52de5aa6-f8b4-4f77-91b8-f32833e9cdf4,9486c090-3801-4c5d-90aa-d9ae04b9d4eb,c4070cae-4c83-48bd-ad7f-d03242064336,->,52de5aa6-f8b4-4f77-91b8-f32833e9cdf4,java/util/ArrayList.java,get
52de5aa6-f8b4-4f77-91b8-f32833e9cdf4,9486c090-3801-4c5d-90aa-d9ae04b9d4eb,c4070cae-4c83-48bd-ad7f-d03242064336,->,52de5aa6-f8b4-4f77-91b8-f32833e9cdf4,java/lang/StringBuilder.java,append
52de5aa6-f8b4-4f77-91b8-f32833e9cdf4,9486c090-3801-4c5d-90aa-d9ae04b9d4eb,c4070cae-4c83-48bd-ad7f-d03242064336,->,52de5aa6-f8b4-4f77-91b8-f32833e9cdf4,java/lang/StringBuilder.java,toString
52de5aa6-f8b4-4f77-91b8-f32833e9cdf4,9486c090-3801-4c5d-90aa-d9ae04b9d4eb,c4070cae-4c83-48bd-ad7f-d03242064336,->,52de5aa6-f8b4-4f77-91b8-f32833e9cdf4,java/io/PrintStream.java,println
52de5aa6-f8b4-4f77-91b8-f32833e9cdf4,9486c090-3801-4c5d-90aa-d9ae04b9d4eb,828e862f-e701-4872-9b8e-b656b26623c0,->,52de5aa6-f8b4-4f77-91b8-f32833e9cdf4,9486c090-3801-4c5d-90aa-d9ae04b9d4eb,c4070cae-4c83-48bd-ad7f-d03242064336
52de5aa6-f8b4-4f77-91b8-f32833e9cdf4,9486c090-3801-4c5d-90aa-d9ae04b9d4eb,828e862f-e701-4872-9b8e-b656b26623c0,->,52de5aa6-f8b4-4f77-91b8-f32833e9cdf4,9486c090-3801-4c5d-90aa-d9ae04b9d4eb,ebd7b662-94fe-4206-af39-d3e1dc02ea68
52de5aa6-f8b4-4f77-91b8-f32833e9cdf4,9486c090-3801-4c5d-90aa-d9ae04b9d4eb,ebd7b662-94fe-4206-af39-d3e1dc02ea68,->,52de5aa6-f8b4-4f77-91b8-f32833e9cdf4,java/lang/StringBuilder.java,append
52de5aa6-f8b4-4f77-91b8-f32833e9cdf4,9486c090-3801-4c5d-90aa-d9ae04b9d4eb,ebd7b662-94fe-4206-af39-d3e1dc02ea68,->,52de5aa6-f8b4-4f77-91b8-f32833e9cdf4,java/lang/StringBuilder.java,append
52de5aa6-f8b4-4f77-91b8-f32833e9cdf4,9486c090-3801-4c5d-90aa-d9ae04b9d4eb,ebd7b662-94fe-4206-af39-d3e1dc02ea68,->,52de5aa6-f8b4-4f77-91b8-f32833e9cdf4,java/lang/StringBuilder.java,toString
52de5aa6-f8b4-4f77-91b8-f32833e9cdf4,9486c090-3801-4c5d-90aa-d9ae04b9d4eb,ebd7b662-94fe-4206-af39-d3e1dc02ea68,->,52de5aa6-f8b4-4f77-91b8-f32833e9cdf4,java/io/PrintStream.java,println
52de5aa6-f8b4-4f77-91b8-f32833e9cdf4,9486c090-3801-4c5d-90aa-d9ae04b9d4eb,ebd7b662-94fe-4206-af39-d3e1dc02ea68,->,52de5aa6-f8b4-4f77-91b8-f32833e9cdf4,java/lang/StringBuilder.java,append
52de5aa6-f8b4-4f77-91b8-f32833e9cdf4,9486c090-3801-4c5d-90aa-d9ae04b9d4eb,ebd7b662-94fe-4206-af39-d3e1dc02ea68,->,52de5aa6-f8b4-4f77-91b8-f32833e9cdf4,java/lang/StringBuilder.java,append
52de5aa6-f8b4-4f77-91b8-f32833e9cdf4,9486c090-3801-4c5d-90aa-d9ae04b9d4eb,ebd7b662-94fe-4206-af39-d3e1dc02ea68,->,52de5aa6-f8b4-4f77-91b8-f32833e9cdf4,java/lang/StringBuilder.java,toString
52de5aa6-f8b4-4f77-91b8-f32833e9cdf4,9486c090-3801-4c5d-90aa-d9ae04b9d4eb,ebd7b662-94fe-4206-af39-d3e1dc02ea68,->,52de5aa6-f8b4-4f77-91b8-f32833e9cdf4,java/io/PrintStream.java,println
52de5aa6-f8b4-4f77-91b8-f32833e9cdf4,9486c090-3801-4c5d-90aa-d9ae04b9d4eb,ebd7b662-94fe-4206-af39-d3e1dc02ea68,->,52de5aa6-f8b4-4f77-91b8-f32833e9cdf4,java/lang/StringBuilder.java,append
52de5aa6-f8b4-4f77-91b8-f32833e9cdf4,9486c090-3801-4c5d-90aa-d9ae04b9d4eb,ebd7b662-94fe-4206-af39-d3e1dc02ea68,->,52de5aa6-f8b4-4f77-91b8-f32833e9cdf4,java/lang/StringBuilder.java,append
52de5aa6-f8b4-4f77-91b8-f32833e9cdf4,9486c090-3801-4c5d-90aa-d9ae04b9d4eb,ebd7b662-94fe-4206-af39-d3e1dc02ea68,->,52de5aa6-f8b4-4f77-91b8-f32833e9cdf4,java/lang/StringBuilder.java,toString
52de5aa6-f8b4-4f77-91b8-f32833e9cdf4,9486c090-3801-4c5d-90aa-d9ae04b9d4eb,ebd7b662-94fe-4206-af39-d3e1dc02ea68,->,52de5aa6-f8b4-4f77-91b8-f32833e9cdf4,java/io/PrintStream.java,println
52de5aa6-f8b4-4f77-91b8-f32833e9cdf4,9486c090-3801-4c5d-90aa-d9ae04b9d4eb,ebd7b662-94fe-4206-af39-d3e1dc02ea68,->,52de5aa6-f8b4-4f77-91b8-f32833e9cdf4,java/lang/StringBuilder.java,append
52de5aa6-f8b4-4f77-91b8-f32833e9cdf4,9486c090-3801-4c5d-90aa-d9ae04b9d4eb,ebd7b662-94fe-4206-af39-d3e1dc02ea68,->,52de5aa6-f8b4-4f77-91b8-f32833e9cdf4,java/lang/StringBuilder.java,append
52de5aa6-f8b4-4f77-91b8-f32833e9cdf4,9486c090-3801-4c5d-90aa-d9ae04b9d4eb,ebd7b662-94fe-4206-af39-d3e1dc02ea68,->,52de5aa6-f8b4-4f77-91b8-f32833e9cdf4,java/lang/StringBuilder.java,toString
52de5aa6-f8b4-4f77-91b8-f32833e9cdf4,9486c090-3801-4c5d-90aa-d9ae04b9d4eb,ebd7b662-94fe-4206-af39-d3e1dc02ea68,->,52de5aa6-f8b4-4f77-91b8-f32833e9cdf4,java/io/PrintStream.java,println
52de5aa6-f8b4-4f77-91b8-f32833e9cdf4,9486c090-3801-4c5d-90aa-d9ae04b9d4eb,ebd7b662-94fe-4206-af39-d3e1dc02ea68,->,52de5aa6-f8b4-4f77-91b8-f32833e9cdf4,java/lang/StringBuilder.java,append
52de5aa6-f8b4-4f77-91b8-f32833e9cdf4,9486c090-3801-4c5d-90aa-d9ae04b9d4eb,ebd7b662-94fe-4206-af39-d3e1dc02ea68,->,52de5aa6-f8b4-4f77-91b8-f32833e9cdf4,java/lang/StringBuilder.java,append
52de5aa6-f8b4-4f77-91b8-f32833e9cdf4,9486c090-3801-4c5d-90aa-d9ae04b9d4eb,ebd7b662-94fe-4206-af39-d3e1dc02ea68,->,52de5aa6-f8b4-4f77-91b8-f32833e9cdf4,java/lang/StringBuilder.java,toString
52de5aa6-f8b4-4f77-91b8-f32833e9cdf4,9486c090-3801-4c5d-90aa-d9ae04b9d4eb,ebd7b662-94fe-4206-af39-d3e1dc02ea68,->,52de5aa6-f8b4-4f77-91b8-f32833e9cdf4,java/io/PrintStream.java,println
52de5aa6-f8b4-4f77-91b8-f32833e9cdf4,9486c090-3801-4c5d-90aa-d9ae04b9d4eb,ebd7b662-94fe-4206-af39-d3e1dc02ea68,->,52de5aa6-f8b4-4f77-91b8-f32833e9cdf4,java/io/PrintStream.java,println
52de5aa6-f8b4-4f77-91b8-f32833e9cdf4,9486c090-3801-4c5d-90aa-d9ae04b9d4eb,ebd7b662-94fe-4206-af39-d3e1dc02ea68,->,52de5aa6-f8b4-4f77-91b8-f32833e9cdf4,java/util/ArrayList.java,size
52de5aa6-f8b4-4f77-91b8-f32833e9cdf4,9486c090-3801-4c5d-90aa-d9ae04b9d4eb,ebd7b662-94fe-4206-af39-d3e1dc02ea68,->,52de5aa6-f8b4-4f77-91b8-f32833e9cdf4,java/lang/StringBuilder.java,append
52de5aa6-f8b4-4f77-91b8-f32833e9cdf4,9486c090-3801-4c5d-90aa-d9ae04b9d4eb,ebd7b662-94fe-4206-af39-d3e1dc02ea68,->,52de5aa6-f8b4-4f77-91b8-f32833e9cdf4,java/util/ArrayList.java,get
52de5aa6-f8b4-4f77-91b8-f32833e9cdf4,9486c090-3801-4c5d-90aa-d9ae04b9d4eb,ebd7b662-94fe-4206-af39-d3e1dc02ea68,->,52de5aa6-f8b4-4f77-91b8-f32833e9cdf4,java/lang/StringBuilder.java,append
52de5aa6-f8b4-4f77-91b8-f32833e9cdf4,9486c090-3801-4c5d-90aa-d9ae04b9d4eb,ebd7b662-94fe-4206-af39-d3e1dc02ea68,->,52de5aa6-f8b4-4f77-91b8-f32833e9cdf4,java/lang/StringBuilder.java,append
52de5aa6-f8b4-4f77-91b8-f32833e9cdf4,9486c090-3801-4c5d-90aa-d9ae04b9d4eb,ebd7b662-94fe-4206-af39-d3e1dc02ea68,->,52de5aa6-f8b4-4f77-91b8-f32833e9cdf4,java/util/ArrayList.java,get
52de5aa6-f8b4-4f77-91b8-f32833e9cdf4,9486c090-3801-4c5d-90aa-d9ae04b9d4eb,ebd7b662-94fe-4206-af39-d3e1dc02ea68,->,52de5aa6-f8b4-4f77-91b8-f32833e9cdf4,java/lang/StringBuilder.java,append
52de5aa6-f8b4-4f77-91b8-f32833e9cdf4,9486c090-3801-4c5d-90aa-d9ae04b9d4eb,ebd7b662-94fe-4206-af39-d3e1dc02ea68,->,52de5aa6-f8b4-4f77-91b8-f32833e9cdf4,java/lang/StringBuilder.java,append
52de5aa6-f8b4-4f77-91b8-f32833e9cdf4,9486c090-3801-4c5d-90aa-d9ae04b9d4eb,ebd7b662-94fe-4206-af39-d3e1dc02ea68,->,52de5aa6-f8b4-4f77-91b8-f32833e9cdf4,java/util/ArrayList.java,get
52de5aa6-f8b4-4f77-91b8-f32833e9cdf4,9486c090-3801-4c5d-90aa-d9ae04b9d4eb,ebd7b662-94fe-4206-af39-d3e1dc02ea68,->,52de5aa6-f8b4-4f77-91b8-f32833e9cdf4,java/lang/StringBuilder.java,append
52de5aa6-f8b4-4f77-91b8-f32833e9cdf4,9486c090-3801-4c5d-90aa-d9ae04b9d4eb,ebd7b662-94fe-4206-af39-d3e1dc02ea68,->,52de5aa6-f8b4-4f77-91b8-f32833e9cdf4,java/lang/StringBuilder.java,toString
52de5aa6-f8b4-4f77-91b8-f32833e9cdf4,9486c090-3801-4c5d-90aa-d9ae04b9d4eb,ebd7b662-94fe-4206-af39-d3e1dc02ea68,->,52de5aa6-f8b4-4f77-91b8-f32833e9cdf4,java/io/PrintStream.java,println
52de5aa6-f8b4-4f77-91b8-f32833e9cdf4,b2d77d7e-651d-4eb4-b8c2-418a7b1da536,dd4c7991-9ab7-463b-b5d6-f82ef58bb160,->,52de5aa6-f8b4-4f77-91b8-f32833e9cdf4,java/lang/Math.java,min
52de5aa6-f8b4-4f77-91b8-f32833e9cdf4,b2d77d7e-651d-4eb4-b8c2-418a7b1da536,dd4c7991-9ab7-463b-b5d6-f82ef58bb160,->,52de5aa6-f8b4-4f77-91b8-f32833e9cdf4,java/lang/Math.java,min
52de5aa6-f8b4-4f77-91b8-f32833e9cdf4,b2d77d7e-651d-4eb4-b8c2-418a7b1da536,dd4c7991-9ab7-463b-b5d6-f82ef58bb160,->,52de5aa6-f8b4-4f77-91b8-f32833e9cdf4,Simulacion/Simulacion2ServSerie.java,generarTE
52de5aa6-f8b4-4f77-91b8-f32833e9cdf4,b2d77d7e-651d-4eb4-b8c2-418a7b1da536,dd4c7991-9ab7-463b-b5d6-f82ef58bb160,->,52de5aa6-f8b4-4f77-91b8-f32833e9cdf4,Simulacion/Simulacion2ServSerie.java,generarTS
52de5aa6-f8b4-4f77-91b8-f32833e9cdf4,b2d77d7e-651d-4eb4-b8c2-418a7b1da536,dd4c7991-9ab7-463b-b5d6-f82ef58bb160,->,52de5aa6-f8b4-4f77-91b8-f32833e9cdf4,java/util/ArrayList.java,add
52de5aa6-f8b4-4f77-91b8-f32833e9cdf4,b2d77d7e-651d-4eb4-b8c2-418a7b1da536,dd4c7991-9ab7-463b-b5d6-f82ef58bb160,->,52de5aa6-f8b4-4f77-91b8-f32833e9cdf4,Simulacion/Simulacion2ServSerie.java,generarTS
52de5aa6-f8b4-4f77-91b8-f32833e9cdf4,b2d77d7e-651d-4eb4-b8c2-418a7b1da536,dd4c7991-9ab7-463b-b5d6-f82ef58bb160,->,52de5aa6-f8b4-4f77-91b8-f32833e9cdf4,Simulacion/Simulacion2ServSerie.java,generarTS
52de5aa6-f8b4-4f77-91b8-f32833e9cdf4,b2d77d7e-651d-4eb4-b8c2-418a7b1da536,dd4c7991-9ab7-463b-b5d6-f82ef58bb160,->,52de5aa6-f8b4-4f77-91b8-f32833e9cdf4,java/util/ArrayList.java,get
52de5aa6-f8b4-4f77-91b8-f32833e9cdf4,b2d77d7e-651d-4eb4-b8c2-418a7b1da536,dd4c7991-9ab7-463b-b5d6-f82ef58bb160,->,52de5aa6-f8b4-4f77-91b8-f32833e9cdf4,Simulacion/Simulacion2ServSerie.java,generarTS
52de5aa6-f8b4-4f77-91b8-f32833e9cdf4,b2d77d7e-651d-4eb4-b8c2-418a7b1da536,dd4c7991-9ab7-463b-b5d6-f82ef58bb160,->,52de5aa6-f8b4-4f77-91b8-f32833e9cdf4,java/util/ArrayList.java,get
52de5aa6-f8b4-4f77-91b8-f32833e9cdf4,b2d77d7e-651d-4eb4-b8c2-418a7b1da536,3f55c8ba-b79c-4a65-ba30-cbb5106396e4,->,52de5aa6-f8b4-4f77-91b8-f32833e9cdf4,b2d77d7e-651d-4eb4-b8c2-418a7b1da536,dd4c7991-9ab7-463b-b5d6-f82ef58bb160
52de5aa6-f8b4-4f77-91b8-f32833e9cdf4,b2d77d7e-651d-4eb4-b8c2-418a7b1da536,3f55c8ba-b79c-4a65-ba30-cbb5106396e4,->,52de5aa6-f8b4-4f77-91b8-f32833e9cdf4,b2d77d7e-651d-4eb4-b8c2-418a7b1da536,6e8c377c-fc49-4cdc-bee1-bd1e720d45ad
52de5aa6-f8b4-4f77-91b8-f32833e9cdf4,b2d77d7e-651d-4eb4-b8c2-418a7b1da536,6e8c377c-fc49-4cdc-bee1-bd1e720d45ad,->,52de5aa6-f8b4-4f77-91b8-f32833e9cdf4,java/lang/StringBuilder.java,append
52de5aa6-f8b4-4f77-91b8-f32833e9cdf4,b2d77d7e-651d-4eb4-b8c2-418a7b1da536,6e8c377c-fc49-4cdc-bee1-bd1e720d45ad,->,52de5aa6-f8b4-4f77-91b8-f32833e9cdf4,java/lang/StringBuilder.java,append
52de5aa6-f8b4-4f77-91b8-f32833e9cdf4,b2d77d7e-651d-4eb4-b8c2-418a7b1da536,6e8c377c-fc49-4cdc-bee1-bd1e720d45ad,->,52de5aa6-f8b4-4f77-91b8-f32833e9cdf4,java/lang/StringBuilder.java,toString
52de5aa6-f8b4-4f77-91b8-f32833e9cdf4,b2d77d7e-651d-4eb4-b8c2-418a7b1da536,6e8c377c-fc49-4cdc-bee1-bd1e720d45ad,->,52de5aa6-f8b4-4f77-91b8-f32833e9cdf4,java/io/PrintStream.java,println
52de5aa6-f8b4-4f77-91b8-f32833e9cdf4,b2d77d7e-651d-4eb4-b8c2-418a7b1da536,6e8c377c-fc49-4cdc-bee1-bd1e720d45ad,->,52de5aa6-f8b4-4f77-91b8-f32833e9cdf4,java/lang/StringBuilder.java,append
52de5aa6-f8b4-4f77-91b8-f32833e9cdf4,b2d77d7e-651d-4eb4-b8c2-418a7b1da536,6e8c377c-fc49-4cdc-bee1-bd1e720d45ad,->,52de5aa6-f8b4-4f77-91b8-f32833e9cdf4,java/lang/StringBuilder.java,append
52de5aa6-f8b4-4f77-91b8-f32833e9cdf4,b2d77d7e-651d-4eb4-b8c2-418a7b1da536,6e8c377c-fc49-4cdc-bee1-bd1e720d45ad,->,52de5aa6-f8b4-4f77-91b8-f32833e9cdf4,java/lang/StringBuilder.java,toString
52de5aa6-f8b4-4f77-91b8-f32833e9cdf4,b2d77d7e-651d-4eb4-b8c2-418a7b1da536,6e8c377c-fc49-4cdc-bee1-bd1e720d45ad,->,52de5aa6-f8b4-4f77-91b8-f32833e9cdf4,java/io/PrintStream.java,println
52de5aa6-f8b4-4f77-91b8-f32833e9cdf4,b2d77d7e-651d-4eb4-b8c2-418a7b1da536,6e8c377c-fc49-4cdc-bee1-bd1e720d45ad,->,52de5aa6-f8b4-4f77-91b8-f32833e9cdf4,java/lang/StringBuilder.java,append
52de5aa6-f8b4-4f77-91b8-f32833e9cdf4,b2d77d7e-651d-4eb4-b8c2-418a7b1da536,6e8c377c-fc49-4cdc-bee1-bd1e720d45ad,->,52de5aa6-f8b4-4f77-91b8-f32833e9cdf4,java/lang/StringBuilder.java,append
52de5aa6-f8b4-4f77-91b8-f32833e9cdf4,b2d77d7e-651d-4eb4-b8c2-418a7b1da536,6e8c377c-fc49-4cdc-bee1-bd1e720d45ad,->,52de5aa6-f8b4-4f77-91b8-f32833e9cdf4,java/lang/StringBuilder.java,toString
52de5aa6-f8b4-4f77-91b8-f32833e9cdf4,b2d77d7e-651d-4eb4-b8c2-418a7b1da536,6e8c377c-fc49-4cdc-bee1-bd1e720d45ad,->,52de5aa6-f8b4-4f77-91b8-f32833e9cdf4,java/io/PrintStream.java,println
52de5aa6-f8b4-4f77-91b8-f32833e9cdf4,b2d77d7e-651d-4eb4-b8c2-418a7b1da536,6e8c377c-fc49-4cdc-bee1-bd1e720d45ad,->,52de5aa6-f8b4-4f77-91b8-f32833e9cdf4,java/lang/StringBuilder.java,append
52de5aa6-f8b4-4f77-91b8-f32833e9cdf4,b2d77d7e-651d-4eb4-b8c2-418a7b1da536,6e8c377c-fc49-4cdc-bee1-bd1e720d45ad,->,52de5aa6-f8b4-4f77-91b8-f32833e9cdf4,java/lang/StringBuilder.java,append
52de5aa6-f8b4-4f77-91b8-f32833e9cdf4,b2d77d7e-651d-4eb4-b8c2-418a7b1da536,6e8c377c-fc49-4cdc-bee1-bd1e720d45ad,->,52de5aa6-f8b4-4f77-91b8-f32833e9cdf4,java/lang/StringBuilder.java,toString
52de5aa6-f8b4-4f77-91b8-f32833e9cdf4,b2d77d7e-651d-4eb4-b8c2-418a7b1da536,6e8c377c-fc49-4cdc-bee1-bd1e720d45ad,->,52de5aa6-f8b4-4f77-91b8-f32833e9cdf4,java/io/PrintStream.java,println
52de5aa6-f8b4-4f77-91b8-f32833e9cdf4,b2d77d7e-651d-4eb4-b8c2-418a7b1da536,6e8c377c-fc49-4cdc-bee1-bd1e720d45ad,->,52de5aa6-f8b4-4f77-91b8-f32833e9cdf4,java/lang/StringBuilder.java,append
52de5aa6-f8b4-4f77-91b8-f32833e9cdf4,b2d77d7e-651d-4eb4-b8c2-418a7b1da536,6e8c377c-fc49-4cdc-bee1-bd1e720d45ad,->,52de5aa6-f8b4-4f77-91b8-f32833e9cdf4,java/lang/StringBuilder.java,append
52de5aa6-f8b4-4f77-91b8-f32833e9cdf4,b2d77d7e-651d-4eb4-b8c2-418a7b1da536,6e8c377c-fc49-4cdc-bee1-bd1e720d45ad,->,52de5aa6-f8b4-4f77-91b8-f32833e9cdf4,java/lang/StringBuilder.java,toString
52de5aa6-f8b4-4f77-91b8-f32833e9cdf4,b2d77d7e-651d-4eb4-b8c2-418a7b1da536,6e8c377c-fc49-4cdc-bee1-bd1e720d45ad,->,52de5aa6-f8b4-4f77-91b8-f32833e9cdf4,java/io/PrintStream.java,println
52de5aa6-f8b4-4f77-91b8-f32833e9cdf4,b2d77d7e-651d-4eb4-b8c2-418a7b1da536,6e8c377c-fc49-4cdc-bee1-bd1e720d45ad,->,52de5aa6-f8b4-4f77-91b8-f32833e9cdf4,java/lang/StringBuilder.java,append
52de5aa6-f8b4-4f77-91b8-f32833e9cdf4,b2d77d7e-651d-4eb4-b8c2-418a7b1da536,6e8c377c-fc49-4cdc-bee1-bd1e720d45ad,->,52de5aa6-f8b4-4f77-91b8-f32833e9cdf4,java/lang/StringBuilder.java,append
52de5aa6-f8b4-4f77-91b8-f32833e9cdf4,b2d77d7e-651d-4eb4-b8c2-418a7b1da536,6e8c377c-fc49-4cdc-bee1-bd1e720d45ad,->,52de5aa6-f8b4-4f77-91b8-f32833e9cdf4,java/lang/StringBuilder.java,toString
52de5aa6-f8b4-4f77-91b8-f32833e9cdf4,b2d77d7e-651d-4eb4-b8c2-418a7b1da536,6e8c377c-fc49-4cdc-bee1-bd1e720d45ad,->,52de5aa6-f8b4-4f77-91b8-f32833e9cdf4,java/io/PrintStream.java,println
52de5aa6-f8b4-4f77-91b8-f32833e9cdf4,b2d77d7e-651d-4eb4-b8c2-418a7b1da536,6e8c377c-fc49-4cdc-bee1-bd1e720d45ad,->,52de5aa6-f8b4-4f77-91b8-f32833e9cdf4,java/io/PrintStream.java,println
52de5aa6-f8b4-4f77-91b8-f32833e9cdf4,b2d77d7e-651d-4eb4-b8c2-418a7b1da536,6e8c377c-fc49-4cdc-bee1-bd1e720d45ad,->,52de5aa6-f8b4-4f77-91b8-f32833e9cdf4,java/util/ArrayList.java,size
52de5aa6-f8b4-4f77-91b8-f32833e9cdf4,b2d77d7e-651d-4eb4-b8c2-418a7b1da536,6e8c377c-fc49-4cdc-bee1-bd1e720d45ad,->,52de5aa6-f8b4-4f77-91b8-f32833e9cdf4,java/lang/StringBuilder.java,append
52de5aa6-f8b4-4f77-91b8-f32833e9cdf4,b2d77d7e-651d-4eb4-b8c2-418a7b1da536,6e8c377c-fc49-4cdc-bee1-bd1e720d45ad,->,52de5aa6-f8b4-4f77-91b8-f32833e9cdf4,java/util/ArrayList.java,get
52de5aa6-f8b4-4f77-91b8-f32833e9cdf4,b2d77d7e-651d-4eb4-b8c2-418a7b1da536,6e8c377c-fc49-4cdc-bee1-bd1e720d45ad,->,52de5aa6-f8b4-4f77-91b8-f32833e9cdf4,java/lang/StringBuilder.java,append
52de5aa6-f8b4-4f77-91b8-f32833e9cdf4,b2d77d7e-651d-4eb4-b8c2-418a7b1da536,6e8c377c-fc49-4cdc-bee1-bd1e720d45ad,->,52de5aa6-f8b4-4f77-91b8-f32833e9cdf4,java/lang/StringBuilder.java,append
52de5aa6-f8b4-4f77-91b8-f32833e9cdf4,b2d77d7e-651d-4eb4-b8c2-418a7b1da536,6e8c377c-fc49-4cdc-bee1-bd1e720d45ad,->,52de5aa6-f8b4-4f77-91b8-f32833e9cdf4,java/util/ArrayList.java,get
52de5aa6-f8b4-4f77-91b8-f32833e9cdf4,b2d77d7e-651d-4eb4-b8c2-418a7b1da536,6e8c377c-fc49-4cdc-bee1-bd1e720d45ad,->,52de5aa6-f8b4-4f77-91b8-f32833e9cdf4,java/lang/StringBuilder.java,append
52de5aa6-f8b4-4f77-91b8-f32833e9cdf4,b2d77d7e-651d-4eb4-b8c2-418a7b1da536,6e8c377c-fc49-4cdc-bee1-bd1e720d45ad,->,52de5aa6-f8b4-4f77-91b8-f32833e9cdf4,java/lang/StringBuilder.java,append
52de5aa6-f8b4-4f77-91b8-f32833e9cdf4,b2d77d7e-651d-4eb4-b8c2-418a7b1da536,6e8c377c-fc49-4cdc-bee1-bd1e720d45ad,->,52de5aa6-f8b4-4f77-91b8-f32833e9cdf4,java/util/ArrayList.java,get
52de5aa6-f8b4-4f77-91b8-f32833e9cdf4,b2d77d7e-651d-4eb4-b8c2-418a7b1da536,6e8c377c-fc49-4cdc-bee1-bd1e720d45ad,->,52de5aa6-f8b4-4f77-91b8-f32833e9cdf4,java/lang/StringBuilder.java,append
52de5aa6-f8b4-4f77-91b8-f32833e9cdf4,b2d77d7e-651d-4eb4-b8c2-418a7b1da536,6e8c377c-fc49-4cdc-bee1-bd1e720d45ad,->,52de5aa6-f8b4-4f77-91b8-f32833e9cdf4,java/lang/StringBuilder.java,append
52de5aa6-f8b4-4f77-91b8-f32833e9cdf4,b2d77d7e-651d-4eb4-b8c2-418a7b1da536,6e8c377c-fc49-4cdc-bee1-bd1e720d45ad,->,52de5aa6-f8b4-4f77-91b8-f32833e9cdf4,java/util/ArrayList.java,get
52de5aa6-f8b4-4f77-91b8-f32833e9cdf4,b2d77d7e-651d-4eb4-b8c2-418a7b1da536,6e8c377c-fc49-4cdc-bee1-bd1e720d45ad,->,52de5aa6-f8b4-4f77-91b8-f32833e9cdf4,java/lang/StringBuilder.java,append
52de5aa6-f8b4-4f77-91b8-f32833e9cdf4,b2d77d7e-651d-4eb4-b8c2-418a7b1da536,6e8c377c-fc49-4cdc-bee1-bd1e720d45ad,->,52de5aa6-f8b4-4f77-91b8-f32833e9cdf4,java/lang/StringBuilder.java,toString
52de5aa6-f8b4-4f77-91b8-f32833e9cdf4,b2d77d7e-651d-4eb4-b8c2-418a7b1da536,6e8c377c-fc49-4cdc-bee1-bd1e720d45ad,->,52de5aa6-f8b4-4f77-91b8-f32833e9cdf4,java/io/PrintStream.java,println
52de5aa6-f8b4-4f77-91b8-f32833e9cdf4,717fe5ae-41b6-4fcd-8d9b-1c3f1c3d6307,06960826-1e1e-4137-8f6c-402d11dbcb40,->,52de5aa6-f8b4-4f77-91b8-f32833e9cdf4,java/lang/Math.java,random
52de5aa6-f8b4-4f77-91b8-f32833e9cdf4,717fe5ae-41b6-4fcd-8d9b-1c3f1c3d6307,06960826-1e1e-4137-8f6c-402d11dbcb40,->,52de5aa6-f8b4-4f77-91b8-f32833e9cdf4,java/lang/Math.java,log10
52de5aa6-f8b4-4f77-91b8-f32833e9cdf4,717fe5ae-41b6-4fcd-8d9b-1c3f1c3d6307,06960826-1e1e-4137-8f6c-402d11dbcb40,->,52de5aa6-f8b4-4f77-91b8-f32833e9cdf4,java/lang/Math.java,random
52de5aa6-f8b4-4f77-91b8-f32833e9cdf4,717fe5ae-41b6-4fcd-8d9b-1c3f1c3d6307,06960826-1e1e-4137-8f6c-402d11dbcb40,->,52de5aa6-f8b4-4f77-91b8-f32833e9cdf4,java/lang/Math.java,pow
52de5aa6-f8b4-4f77-91b8-f32833e9cdf4,717fe5ae-41b6-4fcd-8d9b-1c3f1c3d6307,06960826-1e1e-4137-8f6c-402d11dbcb40,->,52de5aa6-f8b4-4f77-91b8-f32833e9cdf4,java/lang/Math.java,pow
52de5aa6-f8b4-4f77-91b8-f32833e9cdf4,717fe5ae-41b6-4fcd-8d9b-1c3f1c3d6307,06960826-1e1e-4137-8f6c-402d11dbcb40,->,52de5aa6-f8b4-4f77-91b8-f32833e9cdf4,java/io/PrintStream.java,println
52de5aa6-f8b4-4f77-91b8-f32833e9cdf4,717fe5ae-41b6-4fcd-8d9b-1c3f1c3d6307,06960826-1e1e-4137-8f6c-402d11dbcb40,->,52de5aa6-f8b4-4f77-91b8-f32833e9cdf4,java/io/PrintStream.java,println
52de5aa6-f8b4-4f77-91b8-f32833e9cdf4,717fe5ae-41b6-4fcd-8d9b-1c3f1c3d6307,66535498-9e8e-49c6-9218-cb741c6a53ed,->,52de5aa6-f8b4-4f77-91b8-f32833e9cdf4,java/lang/Math.java,random
52de5aa6-f8b4-4f77-91b8-f32833e9cdf4,717fe5ae-41b6-4fcd-8d9b-1c3f1c3d6307,04cbd635-38f0-465e-907a-b186c3d8630c,->,52de5aa6-f8b4-4f77-91b8-f32833e9cdf4,java/lang/Math.java,random
52de5aa6-f8b4-4f77-91b8-f32833e9cdf4,717fe5ae-41b6-4fcd-8d9b-1c3f1c3d6307,7de53f81-5666-4286-a54d-728c0feb6f08,->,52de5aa6-f8b4-4f77-91b8-f32833e9cdf4,717fe5ae-41b6-4fcd-8d9b-1c3f1c3d6307,66535498-9e8e-49c6-9218-cb741c6a53ed
52de5aa6-f8b4-4f77-91b8-f32833e9cdf4,717fe5ae-41b6-4fcd-8d9b-1c3f1c3d6307,7de53f81-5666-4286-a54d-728c0feb6f08,->,52de5aa6-f8b4-4f77-91b8-f32833e9cdf4,717fe5ae-41b6-4fcd-8d9b-1c3f1c3d6307,04cbd635-38f0-465e-907a-b186c3d8630c
52de5aa6-f8b4-4f77-91b8-f32833e9cdf4,717fe5ae-41b6-4fcd-8d9b-1c3f1c3d6307,7de53f81-5666-4286-a54d-728c0feb6f08,->,52de5aa6-f8b4-4f77-91b8-f32833e9cdf4,java/util/ArrayList.java,add
52de5aa6-f8b4-4f77-91b8-f32833e9cdf4,717fe5ae-41b6-4fcd-8d9b-1c3f1c3d6307,7de53f81-5666-4286-a54d-728c0feb6f08,->,52de5aa6-f8b4-4f77-91b8-f32833e9cdf4,717fe5ae-41b6-4fcd-8d9b-1c3f1c3d6307,66535498-9e8e-49c6-9218-cb741c6a53ed
52de5aa6-f8b4-4f77-91b8-f32833e9cdf4,717fe5ae-41b6-4fcd-8d9b-1c3f1c3d6307,7de53f81-5666-4286-a54d-728c0feb6f08,->,52de5aa6-f8b4-4f77-91b8-f32833e9cdf4,java/util/ArrayList.java,get
52de5aa6-f8b4-4f77-91b8-f32833e9cdf4,717fe5ae-41b6-4fcd-8d9b-1c3f1c3d6307,7de53f81-5666-4286-a54d-728c0feb6f08,->,52de5aa6-f8b4-4f77-91b8-f32833e9cdf4,java/io/PrintStream.java,println
52de5aa6-f8b4-4f77-91b8-f32833e9cdf4,717fe5ae-41b6-4fcd-8d9b-1c3f1c3d6307,7de53f81-5666-4286-a54d-728c0feb6f08,->,52de5aa6-f8b4-4f77-91b8-f32833e9cdf4,java/util/ArrayList.java,get
52de5aa6-f8b4-4f77-91b8-f32833e9cdf4,717fe5ae-41b6-4fcd-8d9b-1c3f1c3d6307,7de53f81-5666-4286-a54d-728c0feb6f08,->,52de5aa6-f8b4-4f77-91b8-f32833e9cdf4,717fe5ae-41b6-4fcd-8d9b-1c3f1c3d6307,66535498-9e8e-49c6-9218-cb741c6a53ed
52de5aa6-f8b4-4f77-91b8-f32833e9cdf4,717fe5ae-41b6-4fcd-8d9b-1c3f1c3d6307,7de53f81-5666-4286-a54d-728c0feb6f08,->,52de5aa6-f8b4-4f77-91b8-f32833e9cdf4,java/io/PrintStream.java,println
52de5aa6-f8b4-4f77-91b8-f32833e9cdf4,717fe5ae-41b6-4fcd-8d9b-1c3f1c3d6307,7de53f81-5666-4286-a54d-728c0feb6f08,->,52de5aa6-f8b4-4f77-91b8-f32833e9cdf4,java/lang/Math.java,max
52de5aa6-f8b4-4f77-91b8-f32833e9cdf4,717fe5ae-41b6-4fcd-8d9b-1c3f1c3d6307,5621fe82-f382-48b7-98c9-5f107df23d2a,->,52de5aa6-f8b4-4f77-91b8-f32833e9cdf4,java/lang/StringBuilder.java,append
52de5aa6-f8b4-4f77-91b8-f32833e9cdf4,717fe5ae-41b6-4fcd-8d9b-1c3f1c3d6307,5621fe82-f382-48b7-98c9-5f107df23d2a,->,52de5aa6-f8b4-4f77-91b8-f32833e9cdf4,java/lang/StringBuilder.java,append
52de5aa6-f8b4-4f77-91b8-f32833e9cdf4,717fe5ae-41b6-4fcd-8d9b-1c3f1c3d6307,5621fe82-f382-48b7-98c9-5f107df23d2a,->,52de5aa6-f8b4-4f77-91b8-f32833e9cdf4,java/lang/StringBuilder.java,toString
52de5aa6-f8b4-4f77-91b8-f32833e9cdf4,717fe5ae-41b6-4fcd-8d9b-1c3f1c3d6307,5621fe82-f382-48b7-98c9-5f107df23d2a,->,52de5aa6-f8b4-4f77-91b8-f32833e9cdf4,java/io/PrintStream.java,println
52de5aa6-f8b4-4f77-91b8-f32833e9cdf4,717fe5ae-41b6-4fcd-8d9b-1c3f1c3d6307,5621fe82-f382-48b7-98c9-5f107df23d2a,->,52de5aa6-f8b4-4f77-91b8-f32833e9cdf4,java/lang/StringBuilder.java,append
52de5aa6-f8b4-4f77-91b8-f32833e9cdf4,717fe5ae-41b6-4fcd-8d9b-1c3f1c3d6307,5621fe82-f382-48b7-98c9-5f107df23d2a,->,52de5aa6-f8b4-4f77-91b8-f32833e9cdf4,java/lang/StringBuilder.java,append
52de5aa6-f8b4-4f77-91b8-f32833e9cdf4,717fe5ae-41b6-4fcd-8d9b-1c3f1c3d6307,5621fe82-f382-48b7-98c9-5f107df23d2a,->,52de5aa6-f8b4-4f77-91b8-f32833e9cdf4,java/lang/StringBuilder.java,toString
52de5aa6-f8b4-4f77-91b8-f32833e9cdf4,717fe5ae-41b6-4fcd-8d9b-1c3f1c3d6307,5621fe82-f382-48b7-98c9-5f107df23d2a,->,52de5aa6-f8b4-4f77-91b8-f32833e9cdf4,java/io/PrintStream.java,println
52de5aa6-f8b4-4f77-91b8-f32833e9cdf4,717fe5ae-41b6-4fcd-8d9b-1c3f1c3d6307,5621fe82-f382-48b7-98c9-5f107df23d2a,->,52de5aa6-f8b4-4f77-91b8-f32833e9cdf4,java/lang/StringBuilder.java,append
52de5aa6-f8b4-4f77-91b8-f32833e9cdf4,717fe5ae-41b6-4fcd-8d9b-1c3f1c3d6307,5621fe82-f382-48b7-98c9-5f107df23d2a,->,52de5aa6-f8b4-4f77-91b8-f32833e9cdf4,java/lang/StringBuilder.java,append
52de5aa6-f8b4-4f77-91b8-f32833e9cdf4,717fe5ae-41b6-4fcd-8d9b-1c3f1c3d6307,5621fe82-f382-48b7-98c9-5f107df23d2a,->,52de5aa6-f8b4-4f77-91b8-f32833e9cdf4,java/lang/StringBuilder.java,toString
52de5aa6-f8b4-4f77-91b8-f32833e9cdf4,717fe5ae-41b6-4fcd-8d9b-1c3f1c3d6307,5621fe82-f382-48b7-98c9-5f107df23d2a,->,52de5aa6-f8b4-4f77-91b8-f32833e9cdf4,java/io/PrintStream.java,println
52de5aa6-f8b4-4f77-91b8-f32833e9cdf4,717fe5ae-41b6-4fcd-8d9b-1c3f1c3d6307,5621fe82-f382-48b7-98c9-5f107df23d2a,->,52de5aa6-f8b4-4f77-91b8-f32833e9cdf4,java/lang/StringBuilder.java,append
52de5aa6-f8b4-4f77-91b8-f32833e9cdf4,717fe5ae-41b6-4fcd-8d9b-1c3f1c3d6307,5621fe82-f382-48b7-98c9-5f107df23d2a,->,52de5aa6-f8b4-4f77-91b8-f32833e9cdf4,java/lang/StringBuilder.java,append
52de5aa6-f8b4-4f77-91b8-f32833e9cdf4,717fe5ae-41b6-4fcd-8d9b-1c3f1c3d6307,5621fe82-f382-48b7-98c9-5f107df23d2a,->,52de5aa6-f8b4-4f77-91b8-f32833e9cdf4,java/lang/StringBuilder.java,toString
52de5aa6-f8b4-4f77-91b8-f32833e9cdf4,717fe5ae-41b6-4fcd-8d9b-1c3f1c3d6307,5621fe82-f382-48b7-98c9-5f107df23d2a,->,52de5aa6-f8b4-4f77-91b8-f32833e9cdf4,java/io/PrintStream.java,println
52de5aa6-f8b4-4f77-91b8-f32833e9cdf4,717fe5ae-41b6-4fcd-8d9b-1c3f1c3d6307,5621fe82-f382-48b7-98c9-5f107df23d2a,->,52de5aa6-f8b4-4f77-91b8-f32833e9cdf4,java/lang/StringBuilder.java,append
52de5aa6-f8b4-4f77-91b8-f32833e9cdf4,717fe5ae-41b6-4fcd-8d9b-1c3f1c3d6307,5621fe82-f382-48b7-98c9-5f107df23d2a,->,52de5aa6-f8b4-4f77-91b8-f32833e9cdf4,java/lang/StringBuilder.java,append
52de5aa6-f8b4-4f77-91b8-f32833e9cdf4,717fe5ae-41b6-4fcd-8d9b-1c3f1c3d6307,5621fe82-f382-48b7-98c9-5f107df23d2a,->,52de5aa6-f8b4-4f77-91b8-f32833e9cdf4,java/lang/StringBuilder.java,toString
52de5aa6-f8b4-4f77-91b8-f32833e9cdf4,717fe5ae-41b6-4fcd-8d9b-1c3f1c3d6307,5621fe82-f382-48b7-98c9-5f107df23d2a,->,52de5aa6-f8b4-4f77-91b8-f32833e9cdf4,java/io/PrintStream.java,println
52de5aa6-f8b4-4f77-91b8-f32833e9cdf4,717fe5ae-41b6-4fcd-8d9b-1c3f1c3d6307,5621fe82-f382-48b7-98c9-5f107df23d2a,->,52de5aa6-f8b4-4f77-91b8-f32833e9cdf4,java/lang/StringBuilder.java,append
52de5aa6-f8b4-4f77-91b8-f32833e9cdf4,717fe5ae-41b6-4fcd-8d9b-1c3f1c3d6307,5621fe82-f382-48b7-98c9-5f107df23d2a,->,52de5aa6-f8b4-4f77-91b8-f32833e9cdf4,java/lang/StringBuilder.java,append
52de5aa6-f8b4-4f77-91b8-f32833e9cdf4,717fe5ae-41b6-4fcd-8d9b-1c3f1c3d6307,5621fe82-f382-48b7-98c9-5f107df23d2a,->,52de5aa6-f8b4-4f77-91b8-f32833e9cdf4,java/lang/StringBuilder.java,toString
52de5aa6-f8b4-4f77-91b8-f32833e9cdf4,717fe5ae-41b6-4fcd-8d9b-1c3f1c3d6307,5621fe82-f382-48b7-98c9-5f107df23d2a,->,52de5aa6-f8b4-4f77-91b8-f32833e9cdf4,java/io/PrintStream.java,println
52de5aa6-f8b4-4f77-91b8-f32833e9cdf4,717fe5ae-41b6-4fcd-8d9b-1c3f1c3d6307,5621fe82-f382-48b7-98c9-5f107df23d2a,->,52de5aa6-f8b4-4f77-91b8-f32833e9cdf4,java/lang/StringBuilder.java,append
52de5aa6-f8b4-4f77-91b8-f32833e9cdf4,717fe5ae-41b6-4fcd-8d9b-1c3f1c3d6307,5621fe82-f382-48b7-98c9-5f107df23d2a,->,52de5aa6-f8b4-4f77-91b8-f32833e9cdf4,java/lang/StringBuilder.java,append
52de5aa6-f8b4-4f77-91b8-f32833e9cdf4,717fe5ae-41b6-4fcd-8d9b-1c3f1c3d6307,5621fe82-f382-48b7-98c9-5f107df23d2a,->,52de5aa6-f8b4-4f77-91b8-f32833e9cdf4,java/lang/StringBuilder.java,toString
52de5aa6-f8b4-4f77-91b8-f32833e9cdf4,717fe5ae-41b6-4fcd-8d9b-1c3f1c3d6307,5621fe82-f382-48b7-98c9-5f107df23d2a,->,52de5aa6-f8b4-4f77-91b8-f32833e9cdf4,java/io/PrintStream.java,println
52de5aa6-f8b4-4f77-91b8-f32833e9cdf4,717fe5ae-41b6-4fcd-8d9b-1c3f1c3d6307,5621fe82-f382-48b7-98c9-5f107df23d2a,->,52de5aa6-f8b4-4f77-91b8-f32833e9cdf4,java/lang/StringBuilder.java,append
52de5aa6-f8b4-4f77-91b8-f32833e9cdf4,717fe5ae-41b6-4fcd-8d9b-1c3f1c3d6307,5621fe82-f382-48b7-98c9-5f107df23d2a,->,52de5aa6-f8b4-4f77-91b8-f32833e9cdf4,java/lang/StringBuilder.java,append
52de5aa6-f8b4-4f77-91b8-f32833e9cdf4,717fe5ae-41b6-4fcd-8d9b-1c3f1c3d6307,5621fe82-f382-48b7-98c9-5f107df23d2a,->,52de5aa6-f8b4-4f77-91b8-f32833e9cdf4,java/lang/StringBuilder.java,toString
52de5aa6-f8b4-4f77-91b8-f32833e9cdf4,717fe5ae-41b6-4fcd-8d9b-1c3f1c3d6307,5621fe82-f382-48b7-98c9-5f107df23d2a,->,52de5aa6-f8b4-4f77-91b8-f32833e9cdf4,java/io/PrintStream.java,println
52de5aa6-f8b4-4f77-91b8-f32833e9cdf4,717fe5ae-41b6-4fcd-8d9b-1c3f1c3d6307,5621fe82-f382-48b7-98c9-5f107df23d2a,->,52de5aa6-f8b4-4f77-91b8-f32833e9cdf4,java/io/PrintStream.java,println
52de5aa6-f8b4-4f77-91b8-f32833e9cdf4,717fe5ae-41b6-4fcd-8d9b-1c3f1c3d6307,5621fe82-f382-48b7-98c9-5f107df23d2a,->,52de5aa6-f8b4-4f77-91b8-f32833e9cdf4,java/util/ArrayList.java,size
52de5aa6-f8b4-4f77-91b8-f32833e9cdf4,717fe5ae-41b6-4fcd-8d9b-1c3f1c3d6307,5621fe82-f382-48b7-98c9-5f107df23d2a,->,52de5aa6-f8b4-4f77-91b8-f32833e9cdf4,java/lang/StringBuilder.java,append
52de5aa6-f8b4-4f77-91b8-f32833e9cdf4,717fe5ae-41b6-4fcd-8d9b-1c3f1c3d6307,5621fe82-f382-48b7-98c9-5f107df23d2a,->,52de5aa6-f8b4-4f77-91b8-f32833e9cdf4,java/util/ArrayList.java,get
52de5aa6-f8b4-4f77-91b8-f32833e9cdf4,717fe5ae-41b6-4fcd-8d9b-1c3f1c3d6307,5621fe82-f382-48b7-98c9-5f107df23d2a,->,52de5aa6-f8b4-4f77-91b8-f32833e9cdf4,java/lang/StringBuilder.java,append
52de5aa6-f8b4-4f77-91b8-f32833e9cdf4,717fe5ae-41b6-4fcd-8d9b-1c3f1c3d6307,5621fe82-f382-48b7-98c9-5f107df23d2a,->,52de5aa6-f8b4-4f77-91b8-f32833e9cdf4,java/lang/StringBuilder.java,append
52de5aa6-f8b4-4f77-91b8-f32833e9cdf4,717fe5ae-41b6-4fcd-8d9b-1c3f1c3d6307,5621fe82-f382-48b7-98c9-5f107df23d2a,->,52de5aa6-f8b4-4f77-91b8-f32833e9cdf4,java/util/ArrayList.java,get
52de5aa6-f8b4-4f77-91b8-f32833e9cdf4,717fe5ae-41b6-4fcd-8d9b-1c3f1c3d6307,5621fe82-f382-48b7-98c9-5f107df23d2a,->,52de5aa6-f8b4-4f77-91b8-f32833e9cdf4,java/lang/StringBuilder.java,append
52de5aa6-f8b4-4f77-91b8-f32833e9cdf4,717fe5ae-41b6-4fcd-8d9b-1c3f1c3d6307,5621fe82-f382-48b7-98c9-5f107df23d2a,->,52de5aa6-f8b4-4f77-91b8-f32833e9cdf4,java/lang/StringBuilder.java,append
52de5aa6-f8b4-4f77-91b8-f32833e9cdf4,717fe5ae-41b6-4fcd-8d9b-1c3f1c3d6307,5621fe82-f382-48b7-98c9-5f107df23d2a,->,52de5aa6-f8b4-4f77-91b8-f32833e9cdf4,java/util/ArrayList.java,get
52de5aa6-f8b4-4f77-91b8-f32833e9cdf4,717fe5ae-41b6-4fcd-8d9b-1c3f1c3d6307,5621fe82-f382-48b7-98c9-5f107df23d2a,->,52de5aa6-f8b4-4f77-91b8-f32833e9cdf4,java/lang/StringBuilder.java,append
52de5aa6-f8b4-4f77-91b8-f32833e9cdf4,717fe5ae-41b6-4fcd-8d9b-1c3f1c3d6307,5621fe82-f382-48b7-98c9-5f107df23d2a,->,52de5aa6-f8b4-4f77-91b8-f32833e9cdf4,java/lang/StringBuilder.java,toString
52de5aa6-f8b4-4f77-91b8-f32833e9cdf4,717fe5ae-41b6-4fcd-8d9b-1c3f1c3d6307,5621fe82-f382-48b7-98c9-5f107df23d2a,->,52de5aa6-f8b4-4f77-91b8-f32833e9cdf4,java/io/PrintStream.java,println
52de5aa6-f8b4-4f77-91b8-f32833e9cdf4,717fe5ae-41b6-4fcd-8d9b-1c3f1c3d6307,7ceb2727-2118-4deb-890c-71ec3d11bc15,->,52de5aa6-f8b4-4f77-91b8-f32833e9cdf4,717fe5ae-41b6-4fcd-8d9b-1c3f1c3d6307,7de53f81-5666-4286-a54d-728c0feb6f08
52de5aa6-f8b4-4f77-91b8-f32833e9cdf4,717fe5ae-41b6-4fcd-8d9b-1c3f1c3d6307,7ceb2727-2118-4deb-890c-71ec3d11bc15,->,52de5aa6-f8b4-4f77-91b8-f32833e9cdf4,717fe5ae-41b6-4fcd-8d9b-1c3f1c3d6307,5621fe82-f382-48b7-98c9-5f107df23d2a
52de5aa6-f8b4-4f77-91b8-f32833e9cdf4,d0b84e8d-5833-4414-bd6c-6a650b1ffcf4,9d51669d-75af-41ea-9204-b7541d2922d2,->,52de5aa6-f8b4-4f77-91b8-f32833e9cdf4,java/lang/Math.java,random
52de5aa6-f8b4-4f77-91b8-f32833e9cdf4,d0b84e8d-5833-4414-bd6c-6a650b1ffcf4,a6a878fd-0113-49df-93d7-315e3ce96396,->,52de5aa6-f8b4-4f77-91b8-f32833e9cdf4,java/lang/Math.java,random
52de5aa6-f8b4-4f77-91b8-f32833e9cdf4,d0b84e8d-5833-4414-bd6c-6a650b1ffcf4,81fd2d80-b663-4cca-8a94-609c160075ed,->,52de5aa6-f8b4-4f77-91b8-f32833e9cdf4,d0b84e8d-5833-4414-bd6c-6a650b1ffcf4,9d51669d-75af-41ea-9204-b7541d2922d2
52de5aa6-f8b4-4f77-91b8-f32833e9cdf4,d0b84e8d-5833-4414-bd6c-6a650b1ffcf4,81fd2d80-b663-4cca-8a94-609c160075ed,->,52de5aa6-f8b4-4f77-91b8-f32833e9cdf4,d0b84e8d-5833-4414-bd6c-6a650b1ffcf4,a6a878fd-0113-49df-93d7-315e3ce96396
52de5aa6-f8b4-4f77-91b8-f32833e9cdf4,d0b84e8d-5833-4414-bd6c-6a650b1ffcf4,81fd2d80-b663-4cca-8a94-609c160075ed,->,52de5aa6-f8b4-4f77-91b8-f32833e9cdf4,d0b84e8d-5833-4414-bd6c-6a650b1ffcf4,9d51669d-75af-41ea-9204-b7541d2922d2
52de5aa6-f8b4-4f77-91b8-f32833e9cdf4,d0b84e8d-5833-4414-bd6c-6a650b1ffcf4,a337ee66-0690-4e69-aa83-4e8c8bf1cc61,->,52de5aa6-f8b4-4f77-91b8-f32833e9cdf4,java/io/PrintStream.java,println
52de5aa6-f8b4-4f77-91b8-f32833e9cdf4,d0b84e8d-5833-4414-bd6c-6a650b1ffcf4,a337ee66-0690-4e69-aa83-4e8c8bf1cc61,->,52de5aa6-f8b4-4f77-91b8-f32833e9cdf4,java/io/PrintStream.java,println
52de5aa6-f8b4-4f77-91b8-f32833e9cdf4,d0b84e8d-5833-4414-bd6c-6a650b1ffcf4,7a0f4bf7-4027-46d8-ad57-c6bb8e8a2cfe,->,52de5aa6-f8b4-4f77-91b8-f32833e9cdf4,d0b84e8d-5833-4414-bd6c-6a650b1ffcf4,81fd2d80-b663-4cca-8a94-609c160075ed
52de5aa6-f8b4-4f77-91b8-f32833e9cdf4,d0b84e8d-5833-4414-bd6c-6a650b1ffcf4,7a0f4bf7-4027-46d8-ad57-c6bb8e8a2cfe,->,52de5aa6-f8b4-4f77-91b8-f32833e9cdf4,d0b84e8d-5833-4414-bd6c-6a650b1ffcf4,a337ee66-0690-4e69-aa83-4e8c8bf1cc61
52de5aa6-f8b4-4f77-91b8-f32833e9cdf4,87abe33a-b3db-4232-be0e-64ba4c0b34e6,b5c2584d-2cef-4863-9716-a6c7e16090ab,->,52de5aa6-f8b4-4f77-91b8-f32833e9cdf4,717fe5ae-41b6-4fcd-8d9b-1c3f1c3d6307,06960826-1e1e-4137-8f6c-402d11dbcb40
52de5aa6-f8b4-4f77-91b8-f32833e9cdf4,ce387b9f-2952-4741-8d60-55b75c08406c,fd812f82-ed44-43c8-8ca0-f3898bcd32bd,->,52de5aa6-f8b4-4f77-91b8-f32833e9cdf4,java/util/Vector.java,elements
52de5aa6-f8b4-4f77-91b8-f32833e9cdf4,ce387b9f-2952-4741-8d60-55b75c08406c,fd812f82-ed44-43c8-8ca0-f3898bcd32bd,->,52de5aa6-f8b4-4f77-91b8-f32833e9cdf4,java/util/Enumeration.java,hasMoreElements
52de5aa6-f8b4-4f77-91b8-f32833e9cdf4,ce387b9f-2952-4741-8d60-55b75c08406c,fd812f82-ed44-43c8-8ca0-f3898bcd32bd,->,52de5aa6-f8b4-4f77-91b8-f32833e9cdf4,java/util/Enumeration.java,nextElement
52de5aa6-f8b4-4f77-91b8-f32833e9cdf4,ce387b9f-2952-4741-8d60-55b75c08406c,fd812f82-ed44-43c8-8ca0-f3898bcd32bd,->,52de5aa6-f8b4-4f77-91b8-f32833e9cdf4,2ea1c150-ac26-4a74-977e-2d97af81a103,b85ab5b3-ac26-414c-b564-6bedc532f3bc
52de5aa6-f8b4-4f77-91b8-f32833e9cdf4,a0da4412-b41e-4844-bbbd-eff19e7da32b,7da8c99f-0869-4961-bd43-b12071afa1fa,->,52de5aa6-f8b4-4f77-91b8-f32833e9cdf4,java/io/PrintStream.java,println
52de5aa6-f8b4-4f77-91b8-f32833e9cdf4,a0da4412-b41e-4844-bbbd-eff19e7da32b,7da8c99f-0869-4961-bd43-b12071afa1fa,->,52de5aa6-f8b4-4f77-91b8-f32833e9cdf4,java/awt/Frame.java,add
52de5aa6-f8b4-4f77-91b8-f32833e9cdf4,a0da4412-b41e-4844-bbbd-eff19e7da32b,7da8c99f-0869-4961-bd43-b12071afa1fa,->,52de5aa6-f8b4-4f77-91b8-f32833e9cdf4,java/awt/Frame.java,pack
52de5aa6-f8b4-4f77-91b8-f32833e9cdf4,a0da4412-b41e-4844-bbbd-eff19e7da32b,7da8c99f-0869-4961-bd43-b12071afa1fa,->,52de5aa6-f8b4-4f77-91b8-f32833e9cdf4,java/awt/Frame.java,setSize
52de5aa6-f8b4-4f77-91b8-f32833e9cdf4,a0da4412-b41e-4844-bbbd-eff19e7da32b,7da8c99f-0869-4961-bd43-b12071afa1fa,->,52de5aa6-f8b4-4f77-91b8-f32833e9cdf4,75bf4352-dbc2-49a2-9019-84a96613d7fb,66becdc3-9057-431a-be8f-f5be9338cf3e
52de5aa6-f8b4-4f77-91b8-f32833e9cdf4,a0da4412-b41e-4844-bbbd-eff19e7da32b,7da8c99f-0869-4961-bd43-b12071afa1fa,->,52de5aa6-f8b4-4f77-91b8-f32833e9cdf4,java/lang/StringBuilder.java,append
52de5aa6-f8b4-4f77-91b8-f32833e9cdf4,a0da4412-b41e-4844-bbbd-eff19e7da32b,7da8c99f-0869-4961-bd43-b12071afa1fa,->,52de5aa6-f8b4-4f77-91b8-f32833e9cdf4,java/lang/StringBuilder.java,append
52de5aa6-f8b4-4f77-91b8-f32833e9cdf4,a0da4412-b41e-4844-bbbd-eff19e7da32b,7da8c99f-0869-4961-bd43-b12071afa1fa,->,52de5aa6-f8b4-4f77-91b8-f32833e9cdf4,java/lang/StringBuilder.java,append
52de5aa6-f8b4-4f77-91b8-f32833e9cdf4,a0da4412-b41e-4844-bbbd-eff19e7da32b,7da8c99f-0869-4961-bd43-b12071afa1fa,->,52de5aa6-f8b4-4f77-91b8-f32833e9cdf4,colaSim/Cola.java,size
52de5aa6-f8b4-4f77-91b8-f32833e9cdf4,a0da4412-b41e-4844-bbbd-eff19e7da32b,7da8c99f-0869-4961-bd43-b12071afa1fa,->,52de5aa6-f8b4-4f77-91b8-f32833e9cdf4,java/lang/StringBuilder.java,append
52de5aa6-f8b4-4f77-91b8-f32833e9cdf4,a0da4412-b41e-4844-bbbd-eff19e7da32b,7da8c99f-0869-4961-bd43-b12071afa1fa,->,52de5aa6-f8b4-4f77-91b8-f32833e9cdf4,java/lang/StringBuilder.java,toString
52de5aa6-f8b4-4f77-91b8-f32833e9cdf4,a0da4412-b41e-4844-bbbd-eff19e7da32b,7da8c99f-0869-4961-bd43-b12071afa1fa,->,52de5aa6-f8b4-4f77-91b8-f32833e9cdf4,java/io/PrintStream.java,println
52de5aa6-f8b4-4f77-91b8-f32833e9cdf4,a0da4412-b41e-4844-bbbd-eff19e7da32b,7da8c99f-0869-4961-bd43-b12071afa1fa,->,52de5aa6-f8b4-4f77-91b8-f32833e9cdf4,75bf4352-dbc2-49a2-9019-84a96613d7fb,bd904ef9-adcd-49c9-b136-c41dcc95a4a0
52de5aa6-f8b4-4f77-91b8-f32833e9cdf4,a0da4412-b41e-4844-bbbd-eff19e7da32b,7da8c99f-0869-4961-bd43-b12071afa1fa,->,52de5aa6-f8b4-4f77-91b8-f32833e9cdf4,75bf4352-dbc2-49a2-9019-84a96613d7fb,f7d34c60-7f12-40fa-ae75-0340e8977882
52de5aa6-f8b4-4f77-91b8-f32833e9cdf4,a0da4412-b41e-4844-bbbd-eff19e7da32b,7da8c99f-0869-4961-bd43-b12071afa1fa,->,52de5aa6-f8b4-4f77-91b8-f32833e9cdf4,java/lang/Math.java,max
52de5aa6-f8b4-4f77-91b8-f32833e9cdf4,a0da4412-b41e-4844-bbbd-eff19e7da32b,7da8c99f-0869-4961-bd43-b12071afa1fa,->,52de5aa6-f8b4-4f77-91b8-f32833e9cdf4,java/lang/StringBuilder.java,append
52de5aa6-f8b4-4f77-91b8-f32833e9cdf4,a0da4412-b41e-4844-bbbd-eff19e7da32b,7da8c99f-0869-4961-bd43-b12071afa1fa,->,52de5aa6-f8b4-4f77-91b8-f32833e9cdf4,java/lang/StringBuilder.java,append
52de5aa6-f8b4-4f77-91b8-f32833e9cdf4,a0da4412-b41e-4844-bbbd-eff19e7da32b,7da8c99f-0869-4961-bd43-b12071afa1fa,->,52de5aa6-f8b4-4f77-91b8-f32833e9cdf4,java/lang/StringBuilder.java,toString
52de5aa6-f8b4-4f77-91b8-f32833e9cdf4,a0da4412-b41e-4844-bbbd-eff19e7da32b,7da8c99f-0869-4961-bd43-b12071afa1fa,->,52de5aa6-f8b4-4f77-91b8-f32833e9cdf4,java/io/PrintStream.java,println
52de5aa6-f8b4-4f77-91b8-f32833e9cdf4,a0da4412-b41e-4844-bbbd-eff19e7da32b,7da8c99f-0869-4961-bd43-b12071afa1fa,->,52de5aa6-f8b4-4f77-91b8-f32833e9cdf4,java/lang/StringBuilder.java,append
52de5aa6-f8b4-4f77-91b8-f32833e9cdf4,a0da4412-b41e-4844-bbbd-eff19e7da32b,7da8c99f-0869-4961-bd43-b12071afa1fa,->,52de5aa6-f8b4-4f77-91b8-f32833e9cdf4,java/lang/StringBuilder.java,append
52de5aa6-f8b4-4f77-91b8-f32833e9cdf4,a0da4412-b41e-4844-bbbd-eff19e7da32b,7da8c99f-0869-4961-bd43-b12071afa1fa,->,52de5aa6-f8b4-4f77-91b8-f32833e9cdf4,java/lang/StringBuilder.java,toString
52de5aa6-f8b4-4f77-91b8-f32833e9cdf4,a0da4412-b41e-4844-bbbd-eff19e7da32b,7da8c99f-0869-4961-bd43-b12071afa1fa,->,52de5aa6-f8b4-4f77-91b8-f32833e9cdf4,java/io/PrintStream.java,println
52de5aa6-f8b4-4f77-91b8-f32833e9cdf4,a0da4412-b41e-4844-bbbd-eff19e7da32b,7da8c99f-0869-4961-bd43-b12071afa1fa,->,52de5aa6-f8b4-4f77-91b8-f32833e9cdf4,java/lang/StringBuilder.java,append
52de5aa6-f8b4-4f77-91b8-f32833e9cdf4,a0da4412-b41e-4844-bbbd-eff19e7da32b,7da8c99f-0869-4961-bd43-b12071afa1fa,->,52de5aa6-f8b4-4f77-91b8-f32833e9cdf4,java/lang/StringBuilder.java,append
52de5aa6-f8b4-4f77-91b8-f32833e9cdf4,a0da4412-b41e-4844-bbbd-eff19e7da32b,7da8c99f-0869-4961-bd43-b12071afa1fa,->,52de5aa6-f8b4-4f77-91b8-f32833e9cdf4,java/lang/StringBuilder.java,toString
52de5aa6-f8b4-4f77-91b8-f32833e9cdf4,a0da4412-b41e-4844-bbbd-eff19e7da32b,7da8c99f-0869-4961-bd43-b12071afa1fa,->,52de5aa6-f8b4-4f77-91b8-f32833e9cdf4,java/io/PrintStream.java,println
52de5aa6-f8b4-4f77-91b8-f32833e9cdf4,a0da4412-b41e-4844-bbbd-eff19e7da32b,7da8c99f-0869-4961-bd43-b12071afa1fa,->,52de5aa6-f8b4-4f77-91b8-f32833e9cdf4,java/lang/StringBuilder.java,append
52de5aa6-f8b4-4f77-91b8-f32833e9cdf4,a0da4412-b41e-4844-bbbd-eff19e7da32b,7da8c99f-0869-4961-bd43-b12071afa1fa,->,52de5aa6-f8b4-4f77-91b8-f32833e9cdf4,java/lang/StringBuilder.java,append
52de5aa6-f8b4-4f77-91b8-f32833e9cdf4,a0da4412-b41e-4844-bbbd-eff19e7da32b,7da8c99f-0869-4961-bd43-b12071afa1fa,->,52de5aa6-f8b4-4f77-91b8-f32833e9cdf4,java/lang/StringBuilder.java,toString
52de5aa6-f8b4-4f77-91b8-f32833e9cdf4,a0da4412-b41e-4844-bbbd-eff19e7da32b,7da8c99f-0869-4961-bd43-b12071afa1fa,->,52de5aa6-f8b4-4f77-91b8-f32833e9cdf4,java/io/PrintStream.java,println
52de5aa6-f8b4-4f77-91b8-f32833e9cdf4,a0da4412-b41e-4844-bbbd-eff19e7da32b,7da8c99f-0869-4961-bd43-b12071afa1fa,->,52de5aa6-f8b4-4f77-91b8-f32833e9cdf4,java/lang/StringBuilder.java,append
52de5aa6-f8b4-4f77-91b8-f32833e9cdf4,a0da4412-b41e-4844-bbbd-eff19e7da32b,7da8c99f-0869-4961-bd43-b12071afa1fa,->,52de5aa6-f8b4-4f77-91b8-f32833e9cdf4,java/lang/StringBuilder.java,append
52de5aa6-f8b4-4f77-91b8-f32833e9cdf4,a0da4412-b41e-4844-bbbd-eff19e7da32b,7da8c99f-0869-4961-bd43-b12071afa1fa,->,52de5aa6-f8b4-4f77-91b8-f32833e9cdf4,java/lang/StringBuilder.java,toString
52de5aa6-f8b4-4f77-91b8-f32833e9cdf4,a0da4412-b41e-4844-bbbd-eff19e7da32b,7da8c99f-0869-4961-bd43-b12071afa1fa,->,52de5aa6-f8b4-4f77-91b8-f32833e9cdf4,java/io/PrintStream.java,println
52de5aa6-f8b4-4f77-91b8-f32833e9cdf4,a0da4412-b41e-4844-bbbd-eff19e7da32b,7da8c99f-0869-4961-bd43-b12071afa1fa,->,52de5aa6-f8b4-4f77-91b8-f32833e9cdf4,java/awt/Frame.java,show
52de5aa6-f8b4-4f77-91b8-f32833e9cdf4,2ea1c150-ac26-4a74-977e-2d97af81a103,b85ab5b3-ac26-414c-b564-6bedc532f3bc,->,52de5aa6-f8b4-4f77-91b8-f32833e9cdf4,java/awt/Graphics.java,setColor
52de5aa6-f8b4-4f77-91b8-f32833e9cdf4,2ea1c150-ac26-4a74-977e-2d97af81a103,b85ab5b3-ac26-414c-b564-6bedc532f3bc,->,52de5aa6-f8b4-4f77-91b8-f32833e9cdf4,java/awt/Graphics.java,drawRect
52de5aa6-f8b4-4f77-91b8-f32833e9cdf4,2ea1c150-ac26-4a74-977e-2d97af81a103,b85ab5b3-ac26-414c-b564-6bedc532f3bc,->,52de5aa6-f8b4-4f77-91b8-f32833e9cdf4,java/awt/Graphics.java,drawLine
52de5aa6-f8b4-4f77-91b8-f32833e9cdf4,2ea1c150-ac26-4a74-977e-2d97af81a103,b85ab5b3-ac26-414c-b564-6bedc532f3bc,->,52de5aa6-f8b4-4f77-91b8-f32833e9cdf4,java/awt/Graphics.java,drawRect
52de5aa6-f8b4-4f77-91b8-f32833e9cdf4,75bf4352-dbc2-49a2-9019-84a96613d7fb,66becdc3-9057-431a-be8f-f5be9338cf3e,->,52de5aa6-f8b4-4f77-91b8-f32833e9cdf4,colaSim/Cola.java,addElement
52de5aa6-f8b4-4f77-91b8-f32833e9cdf4,75bf4352-dbc2-49a2-9019-84a96613d7fb,bd904ef9-adcd-49c9-b136-c41dcc95a4a0,->,52de5aa6-f8b4-4f77-91b8-f32833e9cdf4,colaSim/Cola.java,elements
52de5aa6-f8b4-4f77-91b8-f32833e9cdf4,75bf4352-dbc2-49a2-9019-84a96613d7fb,bd904ef9-adcd-49c9-b136-c41dcc95a4a0,->,52de5aa6-f8b4-4f77-91b8-f32833e9cdf4,java/util/Enumeration.java,hasMoreElements
52de5aa6-f8b4-4f77-91b8-f32833e9cdf4,75bf4352-dbc2-49a2-9019-84a96613d7fb,f7d34c60-7f12-40fa-ae75-0340e8977882,->,52de5aa6-f8b4-4f77-91b8-f32833e9cdf4,colaSim/Cola.java,elementAt
52de5aa6-f8b4-4f77-91b8-f32833e9cdf4,75bf4352-dbc2-49a2-9019-84a96613d7fb,f7d34c60-7f12-40fa-ae75-0340e8977882,->,52de5aa6-f8b4-4f77-91b8-f32833e9cdf4,java/lang/Math.java,random
52de5aa6-f8b4-4f77-91b8-f32833e9cdf4,75bf4352-dbc2-49a2-9019-84a96613d7fb,f7d34c60-7f12-40fa-ae75-0340e8977882,->,52de5aa6-f8b4-4f77-91b8-f32833e9cdf4,java/util/Vector.java,addElement
52de5aa6-f8b4-4f77-91b8-f32833e9cdf4,75bf4352-dbc2-49a2-9019-84a96613d7fb,f7d34c60-7f12-40fa-ae75-0340e8977882,->,52de5aa6-f8b4-4f77-91b8-f32833e9cdf4,colaSim/Cola.java,removeElementAt
52de5aa6-f8b4-4f77-91b8-f32833e9cdf4,75219984-dfa0-4c73-a68b-053473921a9c,944618e2-ba18-4e8e-8ad2-7d053810e56b,->,52de5aa6-f8b4-4f77-91b8-f32833e9cdf4,java/util/Vector.java,elements
52de5aa6-f8b4-4f77-91b8-f32833e9cdf4,75219984-dfa0-4c73-a68b-053473921a9c,944618e2-ba18-4e8e-8ad2-7d053810e56b,->,52de5aa6-f8b4-4f77-91b8-f32833e9cdf4,java/util/Enumeration.java,hasMoreElements
52de5aa6-f8b4-4f77-91b8-f32833e9cdf4,75219984-dfa0-4c73-a68b-053473921a9c,944618e2-ba18-4e8e-8ad2-7d053810e56b,->,52de5aa6-f8b4-4f77-91b8-f32833e9cdf4,java/util/Enumeration.java,nextElement
52de5aa6-f8b4-4f77-91b8-f32833e9cdf4,75219984-dfa0-4c73-a68b-053473921a9c,944618e2-ba18-4e8e-8ad2-7d053810e56b,->,52de5aa6-f8b4-4f77-91b8-f32833e9cdf4,abf50dde-1578-46a1-bfd1-44fcc0b9f815,4404ac72-cbbe-44d0-80b1-a2b703daad1a
52de5aa6-f8b4-4f77-91b8-f32833e9cdf4,3005ad8d-c2e7-4374-a591-bcfd2ebe15bc,7f3221ff-0a63-4eac-a7fa-89ab47258e99,->,52de5aa6-f8b4-4f77-91b8-f32833e9cdf4,java/io/PrintStream.java,println
52de5aa6-f8b4-4f77-91b8-f32833e9cdf4,3005ad8d-c2e7-4374-a591-bcfd2ebe15bc,7f3221ff-0a63-4eac-a7fa-89ab47258e99,->,52de5aa6-f8b4-4f77-91b8-f32833e9cdf4,java/awt/Frame.java,add
52de5aa6-f8b4-4f77-91b8-f32833e9cdf4,3005ad8d-c2e7-4374-a591-bcfd2ebe15bc,7f3221ff-0a63-4eac-a7fa-89ab47258e99,->,52de5aa6-f8b4-4f77-91b8-f32833e9cdf4,java/awt/Frame.java,pack
52de5aa6-f8b4-4f77-91b8-f32833e9cdf4,3005ad8d-c2e7-4374-a591-bcfd2ebe15bc,7f3221ff-0a63-4eac-a7fa-89ab47258e99,->,52de5aa6-f8b4-4f77-91b8-f32833e9cdf4,java/awt/Frame.java,setSize
52de5aa6-f8b4-4f77-91b8-f32833e9cdf4,3005ad8d-c2e7-4374-a591-bcfd2ebe15bc,7f3221ff-0a63-4eac-a7fa-89ab47258e99,->,52de5aa6-f8b4-4f77-91b8-f32833e9cdf4,1668b8d3-026d-4439-8f2a-3f69b335893e,63b5d89f-f225-42ba-b4a6-ddd308f8e992
52de5aa6-f8b4-4f77-91b8-f32833e9cdf4,3005ad8d-c2e7-4374-a591-bcfd2ebe15bc,7f3221ff-0a63-4eac-a7fa-89ab47258e99,->,52de5aa6-f8b4-4f77-91b8-f32833e9cdf4,java/lang/StringBuilder.java,append
52de5aa6-f8b4-4f77-91b8-f32833e9cdf4,3005ad8d-c2e7-4374-a591-bcfd2ebe15bc,7f3221ff-0a63-4eac-a7fa-89ab47258e99,->,52de5aa6-f8b4-4f77-91b8-f32833e9cdf4,java/lang/StringBuilder.java,append
52de5aa6-f8b4-4f77-91b8-f32833e9cdf4,3005ad8d-c2e7-4374-a591-bcfd2ebe15bc,7f3221ff-0a63-4eac-a7fa-89ab47258e99,->,52de5aa6-f8b4-4f77-91b8-f32833e9cdf4,java/lang/StringBuilder.java,append
52de5aa6-f8b4-4f77-91b8-f32833e9cdf4,3005ad8d-c2e7-4374-a591-bcfd2ebe15bc,7f3221ff-0a63-4eac-a7fa-89ab47258e99,->,52de5aa6-f8b4-4f77-91b8-f32833e9cdf4,colaSimple/Cola.java,size
52de5aa6-f8b4-4f77-91b8-f32833e9cdf4,3005ad8d-c2e7-4374-a591-bcfd2ebe15bc,7f3221ff-0a63-4eac-a7fa-89ab47258e99,->,52de5aa6-f8b4-4f77-91b8-f32833e9cdf4,java/lang/StringBuilder.java,append
52de5aa6-f8b4-4f77-91b8-f32833e9cdf4,3005ad8d-c2e7-4374-a591-bcfd2ebe15bc,7f3221ff-0a63-4eac-a7fa-89ab47258e99,->,52de5aa6-f8b4-4f77-91b8-f32833e9cdf4,java/lang/StringBuilder.java,toString
52de5aa6-f8b4-4f77-91b8-f32833e9cdf4,3005ad8d-c2e7-4374-a591-bcfd2ebe15bc,7f3221ff-0a63-4eac-a7fa-89ab47258e99,->,52de5aa6-f8b4-4f77-91b8-f32833e9cdf4,java/io/PrintStream.java,println
52de5aa6-f8b4-4f77-91b8-f32833e9cdf4,3005ad8d-c2e7-4374-a591-bcfd2ebe15bc,7f3221ff-0a63-4eac-a7fa-89ab47258e99,->,52de5aa6-f8b4-4f77-91b8-f32833e9cdf4,1668b8d3-026d-4439-8f2a-3f69b335893e,76af059e-3456-4a0d-a0c0-d44c5d6e42d8
52de5aa6-f8b4-4f77-91b8-f32833e9cdf4,3005ad8d-c2e7-4374-a591-bcfd2ebe15bc,7f3221ff-0a63-4eac-a7fa-89ab47258e99,->,52de5aa6-f8b4-4f77-91b8-f32833e9cdf4,1668b8d3-026d-4439-8f2a-3f69b335893e,70c6de9b-9a1d-47a9-9070-b39ccd9c3176
52de5aa6-f8b4-4f77-91b8-f32833e9cdf4,3005ad8d-c2e7-4374-a591-bcfd2ebe15bc,7f3221ff-0a63-4eac-a7fa-89ab47258e99,->,52de5aa6-f8b4-4f77-91b8-f32833e9cdf4,java/lang/Math.java,max
52de5aa6-f8b4-4f77-91b8-f32833e9cdf4,3005ad8d-c2e7-4374-a591-bcfd2ebe15bc,7f3221ff-0a63-4eac-a7fa-89ab47258e99,->,52de5aa6-f8b4-4f77-91b8-f32833e9cdf4,java/lang/StringBuilder.java,append
52de5aa6-f8b4-4f77-91b8-f32833e9cdf4,3005ad8d-c2e7-4374-a591-bcfd2ebe15bc,7f3221ff-0a63-4eac-a7fa-89ab47258e99,->,52de5aa6-f8b4-4f77-91b8-f32833e9cdf4,java/lang/StringBuilder.java,append
52de5aa6-f8b4-4f77-91b8-f32833e9cdf4,3005ad8d-c2e7-4374-a591-bcfd2ebe15bc,7f3221ff-0a63-4eac-a7fa-89ab47258e99,->,52de5aa6-f8b4-4f77-91b8-f32833e9cdf4,java/lang/StringBuilder.java,append
52de5aa6-f8b4-4f77-91b8-f32833e9cdf4,3005ad8d-c2e7-4374-a591-bcfd2ebe15bc,7f3221ff-0a63-4eac-a7fa-89ab47258e99,->,52de5aa6-f8b4-4f77-91b8-f32833e9cdf4,colaSimple/Cola.java,size
52de5aa6-f8b4-4f77-91b8-f32833e9cdf4,3005ad8d-c2e7-4374-a591-bcfd2ebe15bc,7f3221ff-0a63-4eac-a7fa-89ab47258e99,->,52de5aa6-f8b4-4f77-91b8-f32833e9cdf4,java/lang/StringBuilder.java,append
52de5aa6-f8b4-4f77-91b8-f32833e9cdf4,3005ad8d-c2e7-4374-a591-bcfd2ebe15bc,7f3221ff-0a63-4eac-a7fa-89ab47258e99,->,52de5aa6-f8b4-4f77-91b8-f32833e9cdf4,java/lang/StringBuilder.java,append
52de5aa6-f8b4-4f77-91b8-f32833e9cdf4,3005ad8d-c2e7-4374-a591-bcfd2ebe15bc,7f3221ff-0a63-4eac-a7fa-89ab47258e99,->,52de5aa6-f8b4-4f77-91b8-f32833e9cdf4,java/lang/StringBuilder.java,append
52de5aa6-f8b4-4f77-91b8-f32833e9cdf4,3005ad8d-c2e7-4374-a591-bcfd2ebe15bc,7f3221ff-0a63-4eac-a7fa-89ab47258e99,->,52de5aa6-f8b4-4f77-91b8-f32833e9cdf4,java/lang/StringBuilder.java,append
52de5aa6-f8b4-4f77-91b8-f32833e9cdf4,3005ad8d-c2e7-4374-a591-bcfd2ebe15bc,7f3221ff-0a63-4eac-a7fa-89ab47258e99,->,52de5aa6-f8b4-4f77-91b8-f32833e9cdf4,java/lang/StringBuilder.java,append
52de5aa6-f8b4-4f77-91b8-f32833e9cdf4,3005ad8d-c2e7-4374-a591-bcfd2ebe15bc,7f3221ff-0a63-4eac-a7fa-89ab47258e99,->,52de5aa6-f8b4-4f77-91b8-f32833e9cdf4,java/lang/StringBuilder.java,toString
52de5aa6-f8b4-4f77-91b8-f32833e9cdf4,3005ad8d-c2e7-4374-a591-bcfd2ebe15bc,7f3221ff-0a63-4eac-a7fa-89ab47258e99,->,52de5aa6-f8b4-4f77-91b8-f32833e9cdf4,java/io/PrintStream.java,println
52de5aa6-f8b4-4f77-91b8-f32833e9cdf4,3005ad8d-c2e7-4374-a591-bcfd2ebe15bc,7f3221ff-0a63-4eac-a7fa-89ab47258e99,->,52de5aa6-f8b4-4f77-91b8-f32833e9cdf4,java/awt/Frame.java,show
52de5aa6-f8b4-4f77-91b8-f32833e9cdf4,abf50dde-1578-46a1-bfd1-44fcc0b9f815,4404ac72-cbbe-44d0-80b1-a2b703daad1a,->,52de5aa6-f8b4-4f77-91b8-f32833e9cdf4,java/awt/Graphics.java,setColor
52de5aa6-f8b4-4f77-91b8-f32833e9cdf4,abf50dde-1578-46a1-bfd1-44fcc0b9f815,4404ac72-cbbe-44d0-80b1-a2b703daad1a,->,52de5aa6-f8b4-4f77-91b8-f32833e9cdf4,java/awt/Graphics.java,drawRect
52de5aa6-f8b4-4f77-91b8-f32833e9cdf4,abf50dde-1578-46a1-bfd1-44fcc0b9f815,4404ac72-cbbe-44d0-80b1-a2b703daad1a,->,52de5aa6-f8b4-4f77-91b8-f32833e9cdf4,java/awt/Graphics.java,drawLine
52de5aa6-f8b4-4f77-91b8-f32833e9cdf4,abf50dde-1578-46a1-bfd1-44fcc0b9f815,4404ac72-cbbe-44d0-80b1-a2b703daad1a,->,52de5aa6-f8b4-4f77-91b8-f32833e9cdf4,java/awt/Graphics.java,drawRect
52de5aa6-f8b4-4f77-91b8-f32833e9cdf4,1668b8d3-026d-4439-8f2a-3f69b335893e,63b5d89f-f225-42ba-b4a6-ddd308f8e992,->,52de5aa6-f8b4-4f77-91b8-f32833e9cdf4,colaSimple/Cola.java,addElement
52de5aa6-f8b4-4f77-91b8-f32833e9cdf4,1668b8d3-026d-4439-8f2a-3f69b335893e,76af059e-3456-4a0d-a0c0-d44c5d6e42d8,->,52de5aa6-f8b4-4f77-91b8-f32833e9cdf4,colaSimple/Cola.java,elements
52de5aa6-f8b4-4f77-91b8-f32833e9cdf4,1668b8d3-026d-4439-8f2a-3f69b335893e,76af059e-3456-4a0d-a0c0-d44c5d6e42d8,->,52de5aa6-f8b4-4f77-91b8-f32833e9cdf4,java/util/Enumeration.java,hasMoreElements
52de5aa6-f8b4-4f77-91b8-f32833e9cdf4,1668b8d3-026d-4439-8f2a-3f69b335893e,70c6de9b-9a1d-47a9-9070-b39ccd9c3176,->,52de5aa6-f8b4-4f77-91b8-f32833e9cdf4,colaSimple/Cola.java,elementAt
52de5aa6-f8b4-4f77-91b8-f32833e9cdf4,1668b8d3-026d-4439-8f2a-3f69b335893e,70c6de9b-9a1d-47a9-9070-b39ccd9c3176,->,52de5aa6-f8b4-4f77-91b8-f32833e9cdf4,java/lang/Math.java,random
52de5aa6-f8b4-4f77-91b8-f32833e9cdf4,1668b8d3-026d-4439-8f2a-3f69b335893e,70c6de9b-9a1d-47a9-9070-b39ccd9c3176,->,52de5aa6-f8b4-4f77-91b8-f32833e9cdf4,java/util/Vector.java,addElement
52de5aa6-f8b4-4f77-91b8-f32833e9cdf4,1668b8d3-026d-4439-8f2a-3f69b335893e,70c6de9b-9a1d-47a9-9070-b39ccd9c3176,->,52de5aa6-f8b4-4f77-91b8-f32833e9cdf4,colaSimple/Cola.java,removeElementAt
