caller_project_id,caller_class_id,caller_method_id,CALL_DIRECTION,callee_project_id,callee_class_id,callee_method_id
56bc9ef1-e398-4017-9891-993dd48c7779,HelloUserPackage/RemindFrame$1.java,actionPerformed,->,56bc9ef1-e398-4017-9891-993dd48c7779,HelloUserPackage/RemindFrame.java,setVisible
56bc9ef1-e398-4017-9891-993dd48c7779,HelloUserPackage/DingTimer.java,main,->,56bc9ef1-e398-4017-9891-993dd48c7779,java/lang/Thread.java,sleep
56bc9ef1-e398-4017-9891-993dd48c7779,HelloUserPackage/DingTimer.java,main,->,56bc9ef1-e398-4017-9891-993dd48c7779,HelloUserPackage/DingTimer.java,doCancel
56bc9ef1-e398-4017-9891-993dd48c7779,HelloUserPackage/DingTimer.java,main,->,56bc9ef1-e398-4017-9891-993dd48c7779,java/lang/InterruptedException.java,printStackTrace
56bc9ef1-e398-4017-9891-993dd48c7779,HelloUserPackage/DingTimer.java,run,->,56bc9ef1-e398-4017-9891-993dd48c7779,HelloUserPackage/RemindFrame.java,setVisible
56bc9ef1-e398-4017-9891-993dd48c7779,HelloUserPackage/DingTimer.java,doCancel,->,56bc9ef1-e398-4017-9891-993dd48c7779,java/util/Timer.java,cancel
56bc9ef1-e398-4017-9891-993dd48c7779,9033f050-74ea-4e93-98dd-65ad9a5d5720,5313f367-7876-4e53-9c21-c0aae044a81a,->,56bc9ef1-e398-4017-9891-993dd48c7779,0c6a4130-0c98-4014-890c-e831a26653fc,6e506080-b1d1-4f52-a6be-fa1cd104237e
56bc9ef1-e398-4017-9891-993dd48c7779,9033f050-74ea-4e93-98dd-65ad9a5d5720,5313f367-7876-4e53-9c21-c0aae044a81a,->,56bc9ef1-e398-4017-9891-993dd48c7779,storage/staff/StaffStorage.java,containsKey
56bc9ef1-e398-4017-9891-993dd48c7779,9033f050-74ea-4e93-98dd-65ad9a5d5720,5313f367-7876-4e53-9c21-c0aae044a81a,->,56bc9ef1-e398-4017-9891-993dd48c7779,storage/staff/StaffStorage.java,get
56bc9ef1-e398-4017-9891-993dd48c7779,9033f050-74ea-4e93-98dd-65ad9a5d5720,5313f367-7876-4e53-9c21-c0aae044a81a,->,56bc9ef1-e398-4017-9891-993dd48c7779,f9e2f9f7-fac7-4759-b1fc-92f891d1d5fe,bb6e45c1-7bd7-4f17-b63c-7126a47ac5f4
56bc9ef1-e398-4017-9891-993dd48c7779,9033f050-74ea-4e93-98dd-65ad9a5d5720,5313f367-7876-4e53-9c21-c0aae044a81a,->,56bc9ef1-e398-4017-9891-993dd48c7779,java/lang/String.java,equals
56bc9ef1-e398-4017-9891-993dd48c7779,9033f050-74ea-4e93-98dd-65ad9a5d5720,5313f367-7876-4e53-9c21-c0aae044a81a,->,56bc9ef1-e398-4017-9891-993dd48c7779,storage/staff/StaffStorage.java,get
56bc9ef1-e398-4017-9891-993dd48c7779,9033f050-74ea-4e93-98dd-65ad9a5d5720,5313f367-7876-4e53-9c21-c0aae044a81a,->,56bc9ef1-e398-4017-9891-993dd48c7779,f9e2f9f7-fac7-4759-b1fc-92f891d1d5fe,96a7b807-f74f-4915-b4aa-742ee197e255
56bc9ef1-e398-4017-9891-993dd48c7779,9033f050-74ea-4e93-98dd-65ad9a5d5720,5313f367-7876-4e53-9c21-c0aae044a81a,->,56bc9ef1-e398-4017-9891-993dd48c7779,storage/staff/Occupation.java,ordinal
56bc9ef1-e398-4017-9891-993dd48c7779,9033f050-74ea-4e93-98dd-65ad9a5d5720,5313f367-7876-4e53-9c21-c0aae044a81a,->,56bc9ef1-e398-4017-9891-993dd48c7779,java/lang/StringBuilder.java,append
56bc9ef1-e398-4017-9891-993dd48c7779,9033f050-74ea-4e93-98dd-65ad9a5d5720,5313f367-7876-4e53-9c21-c0aae044a81a,->,56bc9ef1-e398-4017-9891-993dd48c7779,f9e2f9f7-fac7-4759-b1fc-92f891d1d5fe,2d7a37b2-95eb-4089-8168-006e2725d01d
56bc9ef1-e398-4017-9891-993dd48c7779,9033f050-74ea-4e93-98dd-65ad9a5d5720,5313f367-7876-4e53-9c21-c0aae044a81a,->,56bc9ef1-e398-4017-9891-993dd48c7779,java/lang/StringBuilder.java,append
56bc9ef1-e398-4017-9891-993dd48c7779,9033f050-74ea-4e93-98dd-65ad9a5d5720,5313f367-7876-4e53-9c21-c0aae044a81a,->,56bc9ef1-e398-4017-9891-993dd48c7779,java/lang/StringBuilder.java,append
56bc9ef1-e398-4017-9891-993dd48c7779,9033f050-74ea-4e93-98dd-65ad9a5d5720,5313f367-7876-4e53-9c21-c0aae044a81a,->,56bc9ef1-e398-4017-9891-993dd48c7779,java/lang/StringBuilder.java,toString
56bc9ef1-e398-4017-9891-993dd48c7779,9033f050-74ea-4e93-98dd-65ad9a5d5720,5313f367-7876-4e53-9c21-c0aae044a81a,->,56bc9ef1-e398-4017-9891-993dd48c7779,0c6a4130-0c98-4014-890c-e831a26653fc,6e506080-b1d1-4f52-a6be-fa1cd104237e
56bc9ef1-e398-4017-9891-993dd48c7779,9033f050-74ea-4e93-98dd-65ad9a5d5720,5313f367-7876-4e53-9c21-c0aae044a81a,->,56bc9ef1-e398-4017-9891-993dd48c7779,3f5337fe-fd0c-4b93-be81-e1b4a5390170,c78de76b-a694-4dc7-a950-965620f9144b
56bc9ef1-e398-4017-9891-993dd48c7779,9033f050-74ea-4e93-98dd-65ad9a5d5720,5313f367-7876-4e53-9c21-c0aae044a81a,->,56bc9ef1-e398-4017-9891-993dd48c7779,f9e2f9f7-fac7-4759-b1fc-92f891d1d5fe,2d7a37b2-95eb-4089-8168-006e2725d01d
56bc9ef1-e398-4017-9891-993dd48c7779,9033f050-74ea-4e93-98dd-65ad9a5d5720,5313f367-7876-4e53-9c21-c0aae044a81a,->,56bc9ef1-e398-4017-9891-993dd48c7779,f9e2f9f7-fac7-4759-b1fc-92f891d1d5fe,c5d845a5-e4f0-48a9-b02f-6003e4ebc635
56bc9ef1-e398-4017-9891-993dd48c7779,9033f050-74ea-4e93-98dd-65ad9a5d5720,5313f367-7876-4e53-9c21-c0aae044a81a,->,56bc9ef1-e398-4017-9891-993dd48c7779,f9e2f9f7-fac7-4759-b1fc-92f891d1d5fe,96a7b807-f74f-4915-b4aa-742ee197e255
56bc9ef1-e398-4017-9891-993dd48c7779,9033f050-74ea-4e93-98dd-65ad9a5d5720,5313f367-7876-4e53-9c21-c0aae044a81a,->,56bc9ef1-e398-4017-9891-993dd48c7779,f9e2f9f7-fac7-4759-b1fc-92f891d1d5fe,379534d7-69d7-4942-a284-2523df157ed9
56bc9ef1-e398-4017-9891-993dd48c7779,9033f050-74ea-4e93-98dd-65ad9a5d5720,5313f367-7876-4e53-9c21-c0aae044a81a,->,56bc9ef1-e398-4017-9891-993dd48c7779,f9e2f9f7-fac7-4759-b1fc-92f891d1d5fe,bb6e45c1-7bd7-4f17-b63c-7126a47ac5f4
56bc9ef1-e398-4017-9891-993dd48c7779,9033f050-74ea-4e93-98dd-65ad9a5d5720,5313f367-7876-4e53-9c21-c0aae044a81a,->,56bc9ef1-e398-4017-9891-993dd48c7779,storage/staff/DoctorStorage.java,put
56bc9ef1-e398-4017-9891-993dd48c7779,9033f050-74ea-4e93-98dd-65ad9a5d5720,5313f367-7876-4e53-9c21-c0aae044a81a,->,56bc9ef1-e398-4017-9891-993dd48c7779,view/doctor/DoctorMainView.java,setVisible
56bc9ef1-e398-4017-9891-993dd48c7779,9033f050-74ea-4e93-98dd-65ad9a5d5720,5313f367-7876-4e53-9c21-c0aae044a81a,->,56bc9ef1-e398-4017-9891-993dd48c7779,view/nurse/NurseMainView.java,setVisible
56bc9ef1-e398-4017-9891-993dd48c7779,9033f050-74ea-4e93-98dd-65ad9a5d5720,5313f367-7876-4e53-9c21-c0aae044a81a,->,56bc9ef1-e398-4017-9891-993dd48c7779,view/counterstaff/CounterStaffMainView.java,setVisible
56bc9ef1-e398-4017-9891-993dd48c7779,9033f050-74ea-4e93-98dd-65ad9a5d5720,5313f367-7876-4e53-9c21-c0aae044a81a,->,56bc9ef1-e398-4017-9891-993dd48c7779,view/inspector/InspectorMainView.java,setVisible
56bc9ef1-e398-4017-9891-993dd48c7779,9033f050-74ea-4e93-98dd-65ad9a5d5720,5313f367-7876-4e53-9c21-c0aae044a81a,->,56bc9ef1-e398-4017-9891-993dd48c7779,view/pharmacist/PharmacistMainView.java,setVisible
56bc9ef1-e398-4017-9891-993dd48c7779,9033f050-74ea-4e93-98dd-65ad9a5d5720,5313f367-7876-4e53-9c21-c0aae044a81a,->,56bc9ef1-e398-4017-9891-993dd48c7779,java/lang/StringBuilder.java,append
56bc9ef1-e398-4017-9891-993dd48c7779,9033f050-74ea-4e93-98dd-65ad9a5d5720,5313f367-7876-4e53-9c21-c0aae044a81a,->,56bc9ef1-e398-4017-9891-993dd48c7779,f9e2f9f7-fac7-4759-b1fc-92f891d1d5fe,2d7a37b2-95eb-4089-8168-006e2725d01d
56bc9ef1-e398-4017-9891-993dd48c7779,9033f050-74ea-4e93-98dd-65ad9a5d5720,5313f367-7876-4e53-9c21-c0aae044a81a,->,56bc9ef1-e398-4017-9891-993dd48c7779,java/lang/StringBuilder.java,append
56bc9ef1-e398-4017-9891-993dd48c7779,9033f050-74ea-4e93-98dd-65ad9a5d5720,5313f367-7876-4e53-9c21-c0aae044a81a,->,56bc9ef1-e398-4017-9891-993dd48c7779,java/lang/StringBuilder.java,append
56bc9ef1-e398-4017-9891-993dd48c7779,9033f050-74ea-4e93-98dd-65ad9a5d5720,5313f367-7876-4e53-9c21-c0aae044a81a,->,56bc9ef1-e398-4017-9891-993dd48c7779,java/lang/StringBuilder.java,toString
56bc9ef1-e398-4017-9891-993dd48c7779,9033f050-74ea-4e93-98dd-65ad9a5d5720,5313f367-7876-4e53-9c21-c0aae044a81a,->,56bc9ef1-e398-4017-9891-993dd48c7779,0c6a4130-0c98-4014-890c-e831a26653fc,6e506080-b1d1-4f52-a6be-fa1cd104237e
56bc9ef1-e398-4017-9891-993dd48c7779,9033f050-74ea-4e93-98dd-65ad9a5d5720,5313f367-7876-4e53-9c21-c0aae044a81a,->,56bc9ef1-e398-4017-9891-993dd48c7779,view/patrolnurse/PatrolNurseMainView.java,setVisible
56bc9ef1-e398-4017-9891-993dd48c7779,9033f050-74ea-4e93-98dd-65ad9a5d5720,5313f367-7876-4e53-9c21-c0aae044a81a,->,56bc9ef1-e398-4017-9891-993dd48c7779,fe6f668b-fbeb-4e62-acd2-89874130368c,99b310ae-1649-4e64-9ace-8e20866df90d
56bc9ef1-e398-4017-9891-993dd48c7779,9033f050-74ea-4e93-98dd-65ad9a5d5720,5313f367-7876-4e53-9c21-c0aae044a81a,->,56bc9ef1-e398-4017-9891-993dd48c7779,f9e2f9f7-fac7-4759-b1fc-92f891d1d5fe,2d7a37b2-95eb-4089-8168-006e2725d01d
56bc9ef1-e398-4017-9891-993dd48c7779,9033f050-74ea-4e93-98dd-65ad9a5d5720,5313f367-7876-4e53-9c21-c0aae044a81a,->,56bc9ef1-e398-4017-9891-993dd48c7779,f9e2f9f7-fac7-4759-b1fc-92f891d1d5fe,c5d845a5-e4f0-48a9-b02f-6003e4ebc635
56bc9ef1-e398-4017-9891-993dd48c7779,9033f050-74ea-4e93-98dd-65ad9a5d5720,5313f367-7876-4e53-9c21-c0aae044a81a,->,56bc9ef1-e398-4017-9891-993dd48c7779,f9e2f9f7-fac7-4759-b1fc-92f891d1d5fe,96a7b807-f74f-4915-b4aa-742ee197e255
56bc9ef1-e398-4017-9891-993dd48c7779,9033f050-74ea-4e93-98dd-65ad9a5d5720,5313f367-7876-4e53-9c21-c0aae044a81a,->,56bc9ef1-e398-4017-9891-993dd48c7779,f9e2f9f7-fac7-4759-b1fc-92f891d1d5fe,379534d7-69d7-4942-a284-2523df157ed9
56bc9ef1-e398-4017-9891-993dd48c7779,9033f050-74ea-4e93-98dd-65ad9a5d5720,5313f367-7876-4e53-9c21-c0aae044a81a,->,56bc9ef1-e398-4017-9891-993dd48c7779,f9e2f9f7-fac7-4759-b1fc-92f891d1d5fe,bb6e45c1-7bd7-4f17-b63c-7126a47ac5f4
56bc9ef1-e398-4017-9891-993dd48c7779,9033f050-74ea-4e93-98dd-65ad9a5d5720,5313f367-7876-4e53-9c21-c0aae044a81a,->,56bc9ef1-e398-4017-9891-993dd48c7779,storage/staff/PatrolNurseStorage.java,put
56bc9ef1-e398-4017-9891-993dd48c7779,9033f050-74ea-4e93-98dd-65ad9a5d5720,5313f367-7876-4e53-9c21-c0aae044a81a,->,56bc9ef1-e398-4017-9891-993dd48c7779,java/io/PrintStream.java,println
56bc9ef1-e398-4017-9891-993dd48c7779,9033f050-74ea-4e93-98dd-65ad9a5d5720,5313f367-7876-4e53-9c21-c0aae044a81a,->,56bc9ef1-e398-4017-9891-993dd48c7779,java/lang/System.java,exit
56bc9ef1-e398-4017-9891-993dd48c7779,9033f050-74ea-4e93-98dd-65ad9a5d5720,5313f367-7876-4e53-9c21-c0aae044a81a,->,56bc9ef1-e398-4017-9891-993dd48c7779,java/lang/StringBuilder.java,append
56bc9ef1-e398-4017-9891-993dd48c7779,9033f050-74ea-4e93-98dd-65ad9a5d5720,5313f367-7876-4e53-9c21-c0aae044a81a,->,56bc9ef1-e398-4017-9891-993dd48c7779,f9e2f9f7-fac7-4759-b1fc-92f891d1d5fe,2d7a37b2-95eb-4089-8168-006e2725d01d
56bc9ef1-e398-4017-9891-993dd48c7779,9033f050-74ea-4e93-98dd-65ad9a5d5720,5313f367-7876-4e53-9c21-c0aae044a81a,->,56bc9ef1-e398-4017-9891-993dd48c7779,java/lang/StringBuilder.java,append
56bc9ef1-e398-4017-9891-993dd48c7779,9033f050-74ea-4e93-98dd-65ad9a5d5720,5313f367-7876-4e53-9c21-c0aae044a81a,->,56bc9ef1-e398-4017-9891-993dd48c7779,f9e2f9f7-fac7-4759-b1fc-92f891d1d5fe,96a7b807-f74f-4915-b4aa-742ee197e255
56bc9ef1-e398-4017-9891-993dd48c7779,9033f050-74ea-4e93-98dd-65ad9a5d5720,5313f367-7876-4e53-9c21-c0aae044a81a,->,56bc9ef1-e398-4017-9891-993dd48c7779,java/lang/StringBuilder.java,append
56bc9ef1-e398-4017-9891-993dd48c7779,9033f050-74ea-4e93-98dd-65ad9a5d5720,5313f367-7876-4e53-9c21-c0aae044a81a,->,56bc9ef1-e398-4017-9891-993dd48c7779,java/lang/StringBuilder.java,append
56bc9ef1-e398-4017-9891-993dd48c7779,9033f050-74ea-4e93-98dd-65ad9a5d5720,5313f367-7876-4e53-9c21-c0aae044a81a,->,56bc9ef1-e398-4017-9891-993dd48c7779,java/lang/StringBuilder.java,toString
56bc9ef1-e398-4017-9891-993dd48c7779,9033f050-74ea-4e93-98dd-65ad9a5d5720,5313f367-7876-4e53-9c21-c0aae044a81a,->,56bc9ef1-e398-4017-9891-993dd48c7779,javax/swing/JOptionPane.java,showMessageDialog
56bc9ef1-e398-4017-9891-993dd48c7779,9033f050-74ea-4e93-98dd-65ad9a5d5720,5313f367-7876-4e53-9c21-c0aae044a81a,->,56bc9ef1-e398-4017-9891-993dd48c7779,javax/swing/JOptionPane.java,showMessageDialog
56bc9ef1-e398-4017-9891-993dd48c7779,9033f050-74ea-4e93-98dd-65ad9a5d5720,5313f367-7876-4e53-9c21-c0aae044a81a,->,56bc9ef1-e398-4017-9891-993dd48c7779,javax/swing/JOptionPane.java,showMessageDialog
56bc9ef1-e398-4017-9891-993dd48c7779,9033f050-74ea-4e93-98dd-65ad9a5d5720,b260e6ec-09d6-4901-a017-e4855f561315,->,56bc9ef1-e398-4017-9891-993dd48c7779,java/lang/StringBuilder.java,append
56bc9ef1-e398-4017-9891-993dd48c7779,9033f050-74ea-4e93-98dd-65ad9a5d5720,b260e6ec-09d6-4901-a017-e4855f561315,->,56bc9ef1-e398-4017-9891-993dd48c7779,f9e2f9f7-fac7-4759-b1fc-92f891d1d5fe,2d7a37b2-95eb-4089-8168-006e2725d01d
56bc9ef1-e398-4017-9891-993dd48c7779,9033f050-74ea-4e93-98dd-65ad9a5d5720,b260e6ec-09d6-4901-a017-e4855f561315,->,56bc9ef1-e398-4017-9891-993dd48c7779,java/lang/StringBuilder.java,append
56bc9ef1-e398-4017-9891-993dd48c7779,9033f050-74ea-4e93-98dd-65ad9a5d5720,b260e6ec-09d6-4901-a017-e4855f561315,->,56bc9ef1-e398-4017-9891-993dd48c7779,f9e2f9f7-fac7-4759-b1fc-92f891d1d5fe,96a7b807-f74f-4915-b4aa-742ee197e255
56bc9ef1-e398-4017-9891-993dd48c7779,9033f050-74ea-4e93-98dd-65ad9a5d5720,b260e6ec-09d6-4901-a017-e4855f561315,->,56bc9ef1-e398-4017-9891-993dd48c7779,java/lang/StringBuilder.java,append
56bc9ef1-e398-4017-9891-993dd48c7779,9033f050-74ea-4e93-98dd-65ad9a5d5720,b260e6ec-09d6-4901-a017-e4855f561315,->,56bc9ef1-e398-4017-9891-993dd48c7779,java/lang/StringBuilder.java,append
56bc9ef1-e398-4017-9891-993dd48c7779,9033f050-74ea-4e93-98dd-65ad9a5d5720,b260e6ec-09d6-4901-a017-e4855f561315,->,56bc9ef1-e398-4017-9891-993dd48c7779,java/lang/StringBuilder.java,toString
56bc9ef1-e398-4017-9891-993dd48c7779,9033f050-74ea-4e93-98dd-65ad9a5d5720,b260e6ec-09d6-4901-a017-e4855f561315,->,56bc9ef1-e398-4017-9891-993dd48c7779,0c6a4130-0c98-4014-890c-e831a26653fc,6e506080-b1d1-4f52-a6be-fa1cd104237e
56bc9ef1-e398-4017-9891-993dd48c7779,9033f050-74ea-4e93-98dd-65ad9a5d5720,b260e6ec-09d6-4901-a017-e4855f561315,->,56bc9ef1-e398-4017-9891-993dd48c7779,f9e2f9f7-fac7-4759-b1fc-92f891d1d5fe,96a7b807-f74f-4915-b4aa-742ee197e255
56bc9ef1-e398-4017-9891-993dd48c7779,9033f050-74ea-4e93-98dd-65ad9a5d5720,b260e6ec-09d6-4901-a017-e4855f561315,->,56bc9ef1-e398-4017-9891-993dd48c7779,storage/staff/Occupation.java,ordinal
56bc9ef1-e398-4017-9891-993dd48c7779,9033f050-74ea-4e93-98dd-65ad9a5d5720,b260e6ec-09d6-4901-a017-e4855f561315,->,56bc9ef1-e398-4017-9891-993dd48c7779,java/lang/StringBuilder.java,append
56bc9ef1-e398-4017-9891-993dd48c7779,9033f050-74ea-4e93-98dd-65ad9a5d5720,b260e6ec-09d6-4901-a017-e4855f561315,->,56bc9ef1-e398-4017-9891-993dd48c7779,f9e2f9f7-fac7-4759-b1fc-92f891d1d5fe,2d7a37b2-95eb-4089-8168-006e2725d01d
56bc9ef1-e398-4017-9891-993dd48c7779,9033f050-74ea-4e93-98dd-65ad9a5d5720,b260e6ec-09d6-4901-a017-e4855f561315,->,56bc9ef1-e398-4017-9891-993dd48c7779,java/lang/StringBuilder.java,append
56bc9ef1-e398-4017-9891-993dd48c7779,9033f050-74ea-4e93-98dd-65ad9a5d5720,b260e6ec-09d6-4901-a017-e4855f561315,->,56bc9ef1-e398-4017-9891-993dd48c7779,java/lang/StringBuilder.java,append
56bc9ef1-e398-4017-9891-993dd48c7779,9033f050-74ea-4e93-98dd-65ad9a5d5720,b260e6ec-09d6-4901-a017-e4855f561315,->,56bc9ef1-e398-4017-9891-993dd48c7779,java/lang/StringBuilder.java,toString
56bc9ef1-e398-4017-9891-993dd48c7779,9033f050-74ea-4e93-98dd-65ad9a5d5720,b260e6ec-09d6-4901-a017-e4855f561315,->,56bc9ef1-e398-4017-9891-993dd48c7779,0c6a4130-0c98-4014-890c-e831a26653fc,6e506080-b1d1-4f52-a6be-fa1cd104237e
56bc9ef1-e398-4017-9891-993dd48c7779,9033f050-74ea-4e93-98dd-65ad9a5d5720,b260e6ec-09d6-4901-a017-e4855f561315,->,56bc9ef1-e398-4017-9891-993dd48c7779,3f5337fe-fd0c-4b93-be81-e1b4a5390170,c78de76b-a694-4dc7-a950-965620f9144b
56bc9ef1-e398-4017-9891-993dd48c7779,9033f050-74ea-4e93-98dd-65ad9a5d5720,b260e6ec-09d6-4901-a017-e4855f561315,->,56bc9ef1-e398-4017-9891-993dd48c7779,f9e2f9f7-fac7-4759-b1fc-92f891d1d5fe,379534d7-69d7-4942-a284-2523df157ed9
56bc9ef1-e398-4017-9891-993dd48c7779,9033f050-74ea-4e93-98dd-65ad9a5d5720,b260e6ec-09d6-4901-a017-e4855f561315,->,56bc9ef1-e398-4017-9891-993dd48c7779,storage/staff/DoctorStorage.java,remove
56bc9ef1-e398-4017-9891-993dd48c7779,9033f050-74ea-4e93-98dd-65ad9a5d5720,b260e6ec-09d6-4901-a017-e4855f561315,->,56bc9ef1-e398-4017-9891-993dd48c7779,java/lang/StringBuilder.java,append
56bc9ef1-e398-4017-9891-993dd48c7779,9033f050-74ea-4e93-98dd-65ad9a5d5720,b260e6ec-09d6-4901-a017-e4855f561315,->,56bc9ef1-e398-4017-9891-993dd48c7779,f9e2f9f7-fac7-4759-b1fc-92f891d1d5fe,2d7a37b2-95eb-4089-8168-006e2725d01d
56bc9ef1-e398-4017-9891-993dd48c7779,9033f050-74ea-4e93-98dd-65ad9a5d5720,b260e6ec-09d6-4901-a017-e4855f561315,->,56bc9ef1-e398-4017-9891-993dd48c7779,java/lang/StringBuilder.java,append
56bc9ef1-e398-4017-9891-993dd48c7779,9033f050-74ea-4e93-98dd-65ad9a5d5720,b260e6ec-09d6-4901-a017-e4855f561315,->,56bc9ef1-e398-4017-9891-993dd48c7779,java/lang/StringBuilder.java,append
56bc9ef1-e398-4017-9891-993dd48c7779,9033f050-74ea-4e93-98dd-65ad9a5d5720,b260e6ec-09d6-4901-a017-e4855f561315,->,56bc9ef1-e398-4017-9891-993dd48c7779,java/lang/StringBuilder.java,toString
56bc9ef1-e398-4017-9891-993dd48c7779,9033f050-74ea-4e93-98dd-65ad9a5d5720,b260e6ec-09d6-4901-a017-e4855f561315,->,56bc9ef1-e398-4017-9891-993dd48c7779,0c6a4130-0c98-4014-890c-e831a26653fc,6e506080-b1d1-4f52-a6be-fa1cd104237e
56bc9ef1-e398-4017-9891-993dd48c7779,9033f050-74ea-4e93-98dd-65ad9a5d5720,b260e6ec-09d6-4901-a017-e4855f561315,->,56bc9ef1-e398-4017-9891-993dd48c7779,fe6f668b-fbeb-4e62-acd2-89874130368c,99b310ae-1649-4e64-9ace-8e20866df90d
56bc9ef1-e398-4017-9891-993dd48c7779,9033f050-74ea-4e93-98dd-65ad9a5d5720,b260e6ec-09d6-4901-a017-e4855f561315,->,56bc9ef1-e398-4017-9891-993dd48c7779,f9e2f9f7-fac7-4759-b1fc-92f891d1d5fe,379534d7-69d7-4942-a284-2523df157ed9
56bc9ef1-e398-4017-9891-993dd48c7779,9033f050-74ea-4e93-98dd-65ad9a5d5720,b260e6ec-09d6-4901-a017-e4855f561315,->,56bc9ef1-e398-4017-9891-993dd48c7779,storage/staff/PatrolNurseStorage.java,remove
56bc9ef1-e398-4017-9891-993dd48c7779,9033f050-74ea-4e93-98dd-65ad9a5d5720,b260e6ec-09d6-4901-a017-e4855f561315,->,56bc9ef1-e398-4017-9891-993dd48c7779,java/io/PrintStream.java,println
56bc9ef1-e398-4017-9891-993dd48c7779,9033f050-74ea-4e93-98dd-65ad9a5d5720,b260e6ec-09d6-4901-a017-e4855f561315,->,56bc9ef1-e398-4017-9891-993dd48c7779,java/lang/System.java,exit
56bc9ef1-e398-4017-9891-993dd48c7779,control/GetPatientsData$1.java,<clinit>,->,56bc9ef1-e398-4017-9891-993dd48c7779,storage/staff/Occupation.java,values
56bc9ef1-e398-4017-9891-993dd48c7779,control/GetPatientsData$1.java,<clinit>,->,56bc9ef1-e398-4017-9891-993dd48c7779,storage/staff/Occupation.java,ordinal
56bc9ef1-e398-4017-9891-993dd48c7779,control/GetPatientsData$1.java,<clinit>,->,56bc9ef1-e398-4017-9891-993dd48c7779,storage/staff/Occupation.java,ordinal
56bc9ef1-e398-4017-9891-993dd48c7779,control/LoginoutControl$1.java,<clinit>,->,56bc9ef1-e398-4017-9891-993dd48c7779,storage/staff/Occupation.java,values
56bc9ef1-e398-4017-9891-993dd48c7779,control/LoginoutControl$1.java,<clinit>,->,56bc9ef1-e398-4017-9891-993dd48c7779,storage/staff/Occupation.java,ordinal
56bc9ef1-e398-4017-9891-993dd48c7779,control/LoginoutControl$1.java,<clinit>,->,56bc9ef1-e398-4017-9891-993dd48c7779,storage/staff/Occupation.java,ordinal
56bc9ef1-e398-4017-9891-993dd48c7779,control/LoginoutControl$1.java,<clinit>,->,56bc9ef1-e398-4017-9891-993dd48c7779,storage/staff/Occupation.java,ordinal
56bc9ef1-e398-4017-9891-993dd48c7779,control/LoginoutControl$1.java,<clinit>,->,56bc9ef1-e398-4017-9891-993dd48c7779,storage/staff/Occupation.java,ordinal
56bc9ef1-e398-4017-9891-993dd48c7779,control/LoginoutControl$1.java,<clinit>,->,56bc9ef1-e398-4017-9891-993dd48c7779,storage/staff/Occupation.java,ordinal
56bc9ef1-e398-4017-9891-993dd48c7779,control/LoginoutControl$1.java,<clinit>,->,56bc9ef1-e398-4017-9891-993dd48c7779,storage/staff/Occupation.java,ordinal
56bc9ef1-e398-4017-9891-993dd48c7779,8783bcb7-91a9-4214-88ab-a02ff3f67643,f0849068-c3e7-4bcb-b0d2-29a3b14a05a6,->,56bc9ef1-e398-4017-9891-993dd48c7779,f9e2f9f7-fac7-4759-b1fc-92f891d1d5fe,96a7b807-f74f-4915-b4aa-742ee197e255
56bc9ef1-e398-4017-9891-993dd48c7779,8783bcb7-91a9-4214-88ab-a02ff3f67643,f0849068-c3e7-4bcb-b0d2-29a3b14a05a6,->,56bc9ef1-e398-4017-9891-993dd48c7779,storage/staff/Occupation.java,ordinal
56bc9ef1-e398-4017-9891-993dd48c7779,8783bcb7-91a9-4214-88ab-a02ff3f67643,f0849068-c3e7-4bcb-b0d2-29a3b14a05a6,->,56bc9ef1-e398-4017-9891-993dd48c7779,storage/patient/PatientStorage.java,get
56bc9ef1-e398-4017-9891-993dd48c7779,2711ec2f-03c1-48f2-bb0a-34585525605a,1da99f2f-c23e-4762-8620-1d6c2626aa94,->,56bc9ef1-e398-4017-9891-993dd48c7779,storage/medicine/Medicine.java,values
56bc9ef1-e398-4017-9891-993dd48c7779,2711ec2f-03c1-48f2-bb0a-34585525605a,1da99f2f-c23e-4762-8620-1d6c2626aa94,->,56bc9ef1-e398-4017-9891-993dd48c7779,java/util/HashMap.java,get
56bc9ef1-e398-4017-9891-993dd48c7779,2711ec2f-03c1-48f2-bb0a-34585525605a,1da99f2f-c23e-4762-8620-1d6c2626aa94,->,56bc9ef1-e398-4017-9891-993dd48c7779,java/lang/StringBuilder.java,append
56bc9ef1-e398-4017-9891-993dd48c7779,2711ec2f-03c1-48f2-bb0a-34585525605a,1da99f2f-c23e-4762-8620-1d6c2626aa94,->,56bc9ef1-e398-4017-9891-993dd48c7779,java/lang/StringBuilder.java,append
56bc9ef1-e398-4017-9891-993dd48c7779,2711ec2f-03c1-48f2-bb0a-34585525605a,1da99f2f-c23e-4762-8620-1d6c2626aa94,->,56bc9ef1-e398-4017-9891-993dd48c7779,java/lang/StringBuilder.java,append
56bc9ef1-e398-4017-9891-993dd48c7779,2711ec2f-03c1-48f2-bb0a-34585525605a,1da99f2f-c23e-4762-8620-1d6c2626aa94,->,56bc9ef1-e398-4017-9891-993dd48c7779,java/lang/StringBuilder.java,append
56bc9ef1-e398-4017-9891-993dd48c7779,2711ec2f-03c1-48f2-bb0a-34585525605a,1da99f2f-c23e-4762-8620-1d6c2626aa94,->,56bc9ef1-e398-4017-9891-993dd48c7779,java/util/HashMap.java,get
56bc9ef1-e398-4017-9891-993dd48c7779,2711ec2f-03c1-48f2-bb0a-34585525605a,1da99f2f-c23e-4762-8620-1d6c2626aa94,->,56bc9ef1-e398-4017-9891-993dd48c7779,java/lang/StringBuilder.java,append
56bc9ef1-e398-4017-9891-993dd48c7779,2711ec2f-03c1-48f2-bb0a-34585525605a,1da99f2f-c23e-4762-8620-1d6c2626aa94,->,56bc9ef1-e398-4017-9891-993dd48c7779,java/lang/StringBuilder.java,append
56bc9ef1-e398-4017-9891-993dd48c7779,2711ec2f-03c1-48f2-bb0a-34585525605a,1da99f2f-c23e-4762-8620-1d6c2626aa94,->,56bc9ef1-e398-4017-9891-993dd48c7779,java/lang/StringBuilder.java,toString
56bc9ef1-e398-4017-9891-993dd48c7779,2711ec2f-03c1-48f2-bb0a-34585525605a,aa226933-7d2d-4753-b4ca-d0ccc24c12b4,->,56bc9ef1-e398-4017-9891-993dd48c7779,storage/medicine/Medicine.java,values
56bc9ef1-e398-4017-9891-993dd48c7779,2711ec2f-03c1-48f2-bb0a-34585525605a,aa226933-7d2d-4753-b4ca-d0ccc24c12b4,->,56bc9ef1-e398-4017-9891-993dd48c7779,java/util/HashMap.java,get
56bc9ef1-e398-4017-9891-993dd48c7779,2711ec2f-03c1-48f2-bb0a-34585525605a,aa226933-7d2d-4753-b4ca-d0ccc24c12b4,->,56bc9ef1-e398-4017-9891-993dd48c7779,java/util/HashMap.java,get
56bc9ef1-e398-4017-9891-993dd48c7779,2711ec2f-03c1-48f2-bb0a-34585525605a,aa226933-7d2d-4753-b4ca-d0ccc24c12b4,->,56bc9ef1-e398-4017-9891-993dd48c7779,java/lang/Integer.java,intValue
56bc9ef1-e398-4017-9891-993dd48c7779,2711ec2f-03c1-48f2-bb0a-34585525605a,aa226933-7d2d-4753-b4ca-d0ccc24c12b4,->,56bc9ef1-e398-4017-9891-993dd48c7779,cf5628ac-add5-443e-863d-aee3585bf737,02c8ca7d-44b6-4e95-a8bc-8f7469a934fa
56bc9ef1-e398-4017-9891-993dd48c7779,storage/inspectionreport/InspectionDivision.java,values,->,56bc9ef1-e398-4017-9891-993dd48c7779,storage/inspectionreport/InspectionDivision.java,clone
56bc9ef1-e398-4017-9891-993dd48c7779,storage/inspectionreport/InspectionDivision.java,valueOf,->,56bc9ef1-e398-4017-9891-993dd48c7779,java/lang/Enum.java,valueOf
56bc9ef1-e398-4017-9891-993dd48c7779,storage/medicine/Price$1.java,<clinit>,->,56bc9ef1-e398-4017-9891-993dd48c7779,storage/medicine/Medicine.java,values
56bc9ef1-e398-4017-9891-993dd48c7779,storage/medicine/Price$1.java,<clinit>,->,56bc9ef1-e398-4017-9891-993dd48c7779,storage/medicine/Medicine.java,ordinal
56bc9ef1-e398-4017-9891-993dd48c7779,storage/medicine/Price$1.java,<clinit>,->,56bc9ef1-e398-4017-9891-993dd48c7779,storage/medicine/Medicine.java,ordinal
56bc9ef1-e398-4017-9891-993dd48c7779,storage/medicine/Price$1.java,<clinit>,->,56bc9ef1-e398-4017-9891-993dd48c7779,storage/medicine/Medicine.java,ordinal
56bc9ef1-e398-4017-9891-993dd48c7779,cf5628ac-add5-443e-863d-aee3585bf737,02c8ca7d-44b6-4e95-a8bc-8f7469a934fa,->,56bc9ef1-e398-4017-9891-993dd48c7779,storage/medicine/Medicine.java,ordinal
56bc9ef1-e398-4017-9891-993dd48c7779,3b8a581e-0ab4-4f96-b50c-ab33935f7d84,9bc1e3e8-1199-489a-8cdf-db7ebeacc143,->,56bc9ef1-e398-4017-9891-993dd48c7779,storage/medicine/Medicine.java,values
56bc9ef1-e398-4017-9891-993dd48c7779,3b8a581e-0ab4-4f96-b50c-ab33935f7d84,9bc1e3e8-1199-489a-8cdf-db7ebeacc143,->,56bc9ef1-e398-4017-9891-993dd48c7779,java/lang/Integer.java,valueOf
56bc9ef1-e398-4017-9891-993dd48c7779,3b8a581e-0ab4-4f96-b50c-ab33935f7d84,9bc1e3e8-1199-489a-8cdf-db7ebeacc143,->,56bc9ef1-e398-4017-9891-993dd48c7779,storage/medicine/MedicineStocks.java,put
56bc9ef1-e398-4017-9891-993dd48c7779,storage/medicine/Medicine.java,values,->,56bc9ef1-e398-4017-9891-993dd48c7779,storage/medicine/Medicine.java,clone
56bc9ef1-e398-4017-9891-993dd48c7779,storage/medicine/Medicine.java,valueOf,->,56bc9ef1-e398-4017-9891-993dd48c7779,java/lang/Enum.java,valueOf
56bc9ef1-e398-4017-9891-993dd48c7779,3d367f3a-dd85-4d8f-bc88-91437c1a8079,6f35b018-c4bb-4036-87e2-4729f2b2cf41,->,56bc9ef1-e398-4017-9891-993dd48c7779,storage/staff/StaffStorage.java,containsKey
56bc9ef1-e398-4017-9891-993dd48c7779,3d367f3a-dd85-4d8f-bc88-91437c1a8079,6f35b018-c4bb-4036-87e2-4729f2b2cf41,->,56bc9ef1-e398-4017-9891-993dd48c7779,storage/staff/StaffStorage.java,get
56bc9ef1-e398-4017-9891-993dd48c7779,3d367f3a-dd85-4d8f-bc88-91437c1a8079,6f35b018-c4bb-4036-87e2-4729f2b2cf41,->,56bc9ef1-e398-4017-9891-993dd48c7779,f9e2f9f7-fac7-4759-b1fc-92f891d1d5fe,bb6e45c1-7bd7-4f17-b63c-7126a47ac5f4
56bc9ef1-e398-4017-9891-993dd48c7779,3d367f3a-dd85-4d8f-bc88-91437c1a8079,6f35b018-c4bb-4036-87e2-4729f2b2cf41,->,56bc9ef1-e398-4017-9891-993dd48c7779,java/lang/String.java,equals
56bc9ef1-e398-4017-9891-993dd48c7779,fe6f668b-fbeb-4e62-acd2-89874130368c,2e5c02d1-37c7-41f2-aee0-3c2d18cfa1a5,->,56bc9ef1-e398-4017-9891-993dd48c7779,storage/staff/PatrolNurseStorage.java,containsKey
56bc9ef1-e398-4017-9891-993dd48c7779,fe6f668b-fbeb-4e62-acd2-89874130368c,2e5c02d1-37c7-41f2-aee0-3c2d18cfa1a5,->,56bc9ef1-e398-4017-9891-993dd48c7779,storage/staff/PatrolNurseStorage.java,get
56bc9ef1-e398-4017-9891-993dd48c7779,fe6f668b-fbeb-4e62-acd2-89874130368c,2e5c02d1-37c7-41f2-aee0-3c2d18cfa1a5,->,56bc9ef1-e398-4017-9891-993dd48c7779,storage/staff/PatrolNurse.java,password
56bc9ef1-e398-4017-9891-993dd48c7779,fe6f668b-fbeb-4e62-acd2-89874130368c,2e5c02d1-37c7-41f2-aee0-3c2d18cfa1a5,->,56bc9ef1-e398-4017-9891-993dd48c7779,java/lang/String.java,equals
56bc9ef1-e398-4017-9891-993dd48c7779,1bfc7800-0cbd-4fce-ab14-193fab78edeb,96b8e601-1fcd-46a2-ac60-3786629e5c97,->,56bc9ef1-e398-4017-9891-993dd48c7779,java/lang/StringBuilder.java,append
56bc9ef1-e398-4017-9891-993dd48c7779,1bfc7800-0cbd-4fce-ab14-193fab78edeb,96b8e601-1fcd-46a2-ac60-3786629e5c97,->,56bc9ef1-e398-4017-9891-993dd48c7779,java/lang/StringBuilder.java,append
56bc9ef1-e398-4017-9891-993dd48c7779,1bfc7800-0cbd-4fce-ab14-193fab78edeb,96b8e601-1fcd-46a2-ac60-3786629e5c97,->,56bc9ef1-e398-4017-9891-993dd48c7779,java/lang/StringBuilder.java,toString
56bc9ef1-e398-4017-9891-993dd48c7779,1bfc7800-0cbd-4fce-ab14-193fab78edeb,96b8e601-1fcd-46a2-ac60-3786629e5c97,->,56bc9ef1-e398-4017-9891-993dd48c7779,java/lang/StringBuilder.java,append
56bc9ef1-e398-4017-9891-993dd48c7779,1bfc7800-0cbd-4fce-ab14-193fab78edeb,96b8e601-1fcd-46a2-ac60-3786629e5c97,->,56bc9ef1-e398-4017-9891-993dd48c7779,6e751265-bcb0-474d-991f-258906e9f0a0,2a4b2555-5271-42aa-8241-fcb502eff3cc
56bc9ef1-e398-4017-9891-993dd48c7779,1bfc7800-0cbd-4fce-ab14-193fab78edeb,96b8e601-1fcd-46a2-ac60-3786629e5c97,->,56bc9ef1-e398-4017-9891-993dd48c7779,java/lang/StringBuilder.java,append
56bc9ef1-e398-4017-9891-993dd48c7779,1bfc7800-0cbd-4fce-ab14-193fab78edeb,96b8e601-1fcd-46a2-ac60-3786629e5c97,->,56bc9ef1-e398-4017-9891-993dd48c7779,java/lang/StringBuilder.java,append
56bc9ef1-e398-4017-9891-993dd48c7779,1bfc7800-0cbd-4fce-ab14-193fab78edeb,96b8e601-1fcd-46a2-ac60-3786629e5c97,->,56bc9ef1-e398-4017-9891-993dd48c7779,java/lang/StringBuilder.java,toString
56bc9ef1-e398-4017-9891-993dd48c7779,1bfc7800-0cbd-4fce-ab14-193fab78edeb,0e89e44f-496b-46af-bfd8-7d0f868c4a66,->,56bc9ef1-e398-4017-9891-993dd48c7779,util/DingTimer.java,cancel
56bc9ef1-e398-4017-9891-993dd48c7779,storage/staff/Occupation.java,values,->,56bc9ef1-e398-4017-9891-993dd48c7779,storage/staff/Occupation.java,clone
56bc9ef1-e398-4017-9891-993dd48c7779,storage/staff/Occupation.java,valueOf,->,56bc9ef1-e398-4017-9891-993dd48c7779,java/lang/Enum.java,valueOf
56bc9ef1-e398-4017-9891-993dd48c7779,3f5337fe-fd0c-4b93-be81-e1b4a5390170,dd6d6c0d-b03a-41f7-807f-7cd28b991856,->,56bc9ef1-e398-4017-9891-993dd48c7779,storage/staff/DoctorStorage.java,containsKey
56bc9ef1-e398-4017-9891-993dd48c7779,3f5337fe-fd0c-4b93-be81-e1b4a5390170,dd6d6c0d-b03a-41f7-807f-7cd28b991856,->,56bc9ef1-e398-4017-9891-993dd48c7779,storage/staff/DoctorStorage.java,get
56bc9ef1-e398-4017-9891-993dd48c7779,3f5337fe-fd0c-4b93-be81-e1b4a5390170,dd6d6c0d-b03a-41f7-807f-7cd28b991856,->,56bc9ef1-e398-4017-9891-993dd48c7779,storage/staff/Doctor.java,password
56bc9ef1-e398-4017-9891-993dd48c7779,3f5337fe-fd0c-4b93-be81-e1b4a5390170,dd6d6c0d-b03a-41f7-807f-7cd28b991856,->,56bc9ef1-e398-4017-9891-993dd48c7779,java/lang/String.java,equals
56bc9ef1-e398-4017-9891-993dd48c7779,0c6a4130-0c98-4014-890c-e831a26653fc,6e506080-b1d1-4f52-a6be-fa1cd104237e,->,56bc9ef1-e398-4017-9891-993dd48c7779,java/io/PrintStream.java,println
56bc9ef1-e398-4017-9891-993dd48c7779,0c6a4130-0c98-4014-890c-e831a26653fc,fe7ceedf-7469-41e4-8deb-6df588bca07e,->,56bc9ef1-e398-4017-9891-993dd48c7779,java/text/DateFormat.java,format
56bc9ef1-e398-4017-9891-993dd48c7779,0c6a4130-0c98-4014-890c-e831a26653fc,fe7ceedf-7469-41e4-8deb-6df588bca07e,->,56bc9ef1-e398-4017-9891-993dd48c7779,java/io/PrintStream.java,println
56bc9ef1-e398-4017-9891-993dd48c7779,util/Utility.java,<clinit>,->,56bc9ef1-e398-4017-9891-993dd48c7779,java/text/DateFormat.java,getDateTimeInstance
56bc9ef1-e398-4017-9891-993dd48c7779,util/RemindFrame$1.java,actionPerformed,->,56bc9ef1-e398-4017-9891-993dd48c7779,util/RemindFrame.java,setVisible
56bc9ef1-e398-4017-9891-993dd48c7779,util/DingTimer.java,main,->,56bc9ef1-e398-4017-9891-993dd48c7779,java/lang/Thread.java,sleep
56bc9ef1-e398-4017-9891-993dd48c7779,util/DingTimer.java,main,->,56bc9ef1-e398-4017-9891-993dd48c7779,util/DingTimer.java,doCancel
56bc9ef1-e398-4017-9891-993dd48c7779,util/DingTimer.java,main,->,56bc9ef1-e398-4017-9891-993dd48c7779,java/lang/InterruptedException.java,printStackTrace
56bc9ef1-e398-4017-9891-993dd48c7779,util/DingTimer.java,run,->,56bc9ef1-e398-4017-9891-993dd48c7779,util/RemindFrame.java,setVisible
56bc9ef1-e398-4017-9891-993dd48c7779,util/DingTimer.java,doCancel,->,56bc9ef1-e398-4017-9891-993dd48c7779,java/util/Timer.java,cancel
56bc9ef1-e398-4017-9891-993dd48c7779,b19e9c69-06bd-44a4-b65c-2c0be8dab9a3,ab175954-9388-4d5c-b082-3447035e1569,->,56bc9ef1-e398-4017-9891-993dd48c7779,view/patrolnurse/PatrolNurseMainView.java,setSize
56bc9ef1-e398-4017-9891-993dd48c7779,b19e9c69-06bd-44a4-b65c-2c0be8dab9a3,ab175954-9388-4d5c-b082-3447035e1569,->,56bc9ef1-e398-4017-9891-993dd48c7779,b19e9c69-06bd-44a4-b65c-2c0be8dab9a3,e956eb12-8f8d-442f-832a-13d146d6efc3
56bc9ef1-e398-4017-9891-993dd48c7779,b19e9c69-06bd-44a4-b65c-2c0be8dab9a3,ab175954-9388-4d5c-b082-3447035e1569,->,56bc9ef1-e398-4017-9891-993dd48c7779,view/patrolnurse/PatrolNurseMainView.java,setContentPane
56bc9ef1-e398-4017-9891-993dd48c7779,b19e9c69-06bd-44a4-b65c-2c0be8dab9a3,ab175954-9388-4d5c-b082-3447035e1569,->,56bc9ef1-e398-4017-9891-993dd48c7779,view/patrolnurse/PatrolNurseMainView.java,setTitle
56bc9ef1-e398-4017-9891-993dd48c7779,b19e9c69-06bd-44a4-b65c-2c0be8dab9a3,ab175954-9388-4d5c-b082-3447035e1569,->,56bc9ef1-e398-4017-9891-993dd48c7779,view/patrolnurse/PatrolNurseMainView.java,addWindowListener
56bc9ef1-e398-4017-9891-993dd48c7779,b19e9c69-06bd-44a4-b65c-2c0be8dab9a3,e956eb12-8f8d-442f-832a-13d146d6efc3,->,56bc9ef1-e398-4017-9891-993dd48c7779,javax/swing/JPanel.java,setLayout
56bc9ef1-e398-4017-9891-993dd48c7779,50973cf5-5a84-4cef-b9b1-b331ddc0efec,35bab264-4032-41e4-9047-21cc0e8499b3,->,56bc9ef1-e398-4017-9891-993dd48c7779,java/lang/StringBuilder.java,append
56bc9ef1-e398-4017-9891-993dd48c7779,50973cf5-5a84-4cef-b9b1-b331ddc0efec,35bab264-4032-41e4-9047-21cc0e8499b3,->,56bc9ef1-e398-4017-9891-993dd48c7779,6e751265-bcb0-474d-991f-258906e9f0a0,2a4b2555-5271-42aa-8241-fcb502eff3cc
56bc9ef1-e398-4017-9891-993dd48c7779,50973cf5-5a84-4cef-b9b1-b331ddc0efec,35bab264-4032-41e4-9047-21cc0e8499b3,->,56bc9ef1-e398-4017-9891-993dd48c7779,java/lang/StringBuilder.java,append
56bc9ef1-e398-4017-9891-993dd48c7779,50973cf5-5a84-4cef-b9b1-b331ddc0efec,35bab264-4032-41e4-9047-21cc0e8499b3,->,56bc9ef1-e398-4017-9891-993dd48c7779,java/lang/StringBuilder.java,append
56bc9ef1-e398-4017-9891-993dd48c7779,50973cf5-5a84-4cef-b9b1-b331ddc0efec,35bab264-4032-41e4-9047-21cc0e8499b3,->,56bc9ef1-e398-4017-9891-993dd48c7779,java/lang/StringBuilder.java,toString
56bc9ef1-e398-4017-9891-993dd48c7779,50973cf5-5a84-4cef-b9b1-b331ddc0efec,35bab264-4032-41e4-9047-21cc0e8499b3,->,56bc9ef1-e398-4017-9891-993dd48c7779,javax/swing/JOptionPane.java,showMessageDialog
56bc9ef1-e398-4017-9891-993dd48c7779,view/patrolnurse/PatrolNurseMainView$1.java,windowClosing,->,56bc9ef1-e398-4017-9891-993dd48c7779,java/lang/StringBuilder.java,append
56bc9ef1-e398-4017-9891-993dd48c7779,view/patrolnurse/PatrolNurseMainView$1.java,windowClosing,->,56bc9ef1-e398-4017-9891-993dd48c7779,view/patrolnurse/PatrolNurseMainView.java,access$000
56bc9ef1-e398-4017-9891-993dd48c7779,view/patrolnurse/PatrolNurseMainView$1.java,windowClosing,->,56bc9ef1-e398-4017-9891-993dd48c7779,f9e2f9f7-fac7-4759-b1fc-92f891d1d5fe,2d7a37b2-95eb-4089-8168-006e2725d01d
56bc9ef1-e398-4017-9891-993dd48c7779,view/patrolnurse/PatrolNurseMainView$1.java,windowClosing,->,56bc9ef1-e398-4017-9891-993dd48c7779,java/lang/StringBuilder.java,append
56bc9ef1-e398-4017-9891-993dd48c7779,view/patrolnurse/PatrolNurseMainView$1.java,windowClosing,->,56bc9ef1-e398-4017-9891-993dd48c7779,view/patrolnurse/PatrolNurseMainView.java,access$000
56bc9ef1-e398-4017-9891-993dd48c7779,view/patrolnurse/PatrolNurseMainView$1.java,windowClosing,->,56bc9ef1-e398-4017-9891-993dd48c7779,f9e2f9f7-fac7-4759-b1fc-92f891d1d5fe,96a7b807-f74f-4915-b4aa-742ee197e255
56bc9ef1-e398-4017-9891-993dd48c7779,view/patrolnurse/PatrolNurseMainView$1.java,windowClosing,->,56bc9ef1-e398-4017-9891-993dd48c7779,java/lang/StringBuilder.java,append
56bc9ef1-e398-4017-9891-993dd48c7779,view/patrolnurse/PatrolNurseMainView$1.java,windowClosing,->,56bc9ef1-e398-4017-9891-993dd48c7779,java/lang/StringBuilder.java,append
56bc9ef1-e398-4017-9891-993dd48c7779,view/patrolnurse/PatrolNurseMainView$1.java,windowClosing,->,56bc9ef1-e398-4017-9891-993dd48c7779,java/lang/StringBuilder.java,toString
56bc9ef1-e398-4017-9891-993dd48c7779,view/patrolnurse/PatrolNurseMainView$1.java,windowClosing,->,56bc9ef1-e398-4017-9891-993dd48c7779,java/io/PrintStream.java,println
56bc9ef1-e398-4017-9891-993dd48c7779,view/patrolnurse/PatrolNurseMainView$1.java,windowClosing,->,56bc9ef1-e398-4017-9891-993dd48c7779,view/patrolnurse/PatrolNurseMainView.java,access$000
56bc9ef1-e398-4017-9891-993dd48c7779,view/patrolnurse/PatrolNurseMainView$1.java,windowClosing,->,56bc9ef1-e398-4017-9891-993dd48c7779,9033f050-74ea-4e93-98dd-65ad9a5d5720,b260e6ec-09d6-4901-a017-e4855f561315
56bc9ef1-e398-4017-9891-993dd48c7779,view/patrolnurse/PatrolNurseMainView$2.java,windowClosing,->,56bc9ef1-e398-4017-9891-993dd48c7779,java/lang/StringBuilder.java,append
56bc9ef1-e398-4017-9891-993dd48c7779,view/patrolnurse/PatrolNurseMainView$2.java,windowClosing,->,56bc9ef1-e398-4017-9891-993dd48c7779,view/patrolnurse/PatrolNurseMainView.java,access$000
56bc9ef1-e398-4017-9891-993dd48c7779,view/patrolnurse/PatrolNurseMainView$2.java,windowClosing,->,56bc9ef1-e398-4017-9891-993dd48c7779,f9e2f9f7-fac7-4759-b1fc-92f891d1d5fe,2d7a37b2-95eb-4089-8168-006e2725d01d
56bc9ef1-e398-4017-9891-993dd48c7779,view/patrolnurse/PatrolNurseMainView$2.java,windowClosing,->,56bc9ef1-e398-4017-9891-993dd48c7779,java/lang/StringBuilder.java,append
56bc9ef1-e398-4017-9891-993dd48c7779,view/patrolnurse/PatrolNurseMainView$2.java,windowClosing,->,56bc9ef1-e398-4017-9891-993dd48c7779,view/patrolnurse/PatrolNurseMainView.java,access$000
56bc9ef1-e398-4017-9891-993dd48c7779,view/patrolnurse/PatrolNurseMainView$2.java,windowClosing,->,56bc9ef1-e398-4017-9891-993dd48c7779,f9e2f9f7-fac7-4759-b1fc-92f891d1d5fe,96a7b807-f74f-4915-b4aa-742ee197e255
56bc9ef1-e398-4017-9891-993dd48c7779,view/patrolnurse/PatrolNurseMainView$2.java,windowClosing,->,56bc9ef1-e398-4017-9891-993dd48c7779,java/lang/StringBuilder.java,append
56bc9ef1-e398-4017-9891-993dd48c7779,view/patrolnurse/PatrolNurseMainView$2.java,windowClosing,->,56bc9ef1-e398-4017-9891-993dd48c7779,java/lang/StringBuilder.java,append
56bc9ef1-e398-4017-9891-993dd48c7779,view/patrolnurse/PatrolNurseMainView$2.java,windowClosing,->,56bc9ef1-e398-4017-9891-993dd48c7779,java/lang/StringBuilder.java,toString
56bc9ef1-e398-4017-9891-993dd48c7779,view/patrolnurse/PatrolNurseMainView$2.java,windowClosing,->,56bc9ef1-e398-4017-9891-993dd48c7779,java/io/PrintStream.java,println
56bc9ef1-e398-4017-9891-993dd48c7779,view/patrolnurse/PatrolNurseMainView$2.java,windowClosing,->,56bc9ef1-e398-4017-9891-993dd48c7779,view/patrolnurse/PatrolNurseMainView.java,access$000
56bc9ef1-e398-4017-9891-993dd48c7779,view/patrolnurse/PatrolNurseMainView$2.java,windowClosing,->,56bc9ef1-e398-4017-9891-993dd48c7779,9033f050-74ea-4e93-98dd-65ad9a5d5720,b260e6ec-09d6-4901-a017-e4855f561315
56bc9ef1-e398-4017-9891-993dd48c7779,db7e8eac-8057-4d29-aa7a-811d63c097e3,ed2e6821-9d46-493d-9c76-6a10a35d0d13,->,56bc9ef1-e398-4017-9891-993dd48c7779,db7e8eac-8057-4d29-aa7a-811d63c097e3,b59f80aa-b0b9-47c2-9975-64b044e574ce
56bc9ef1-e398-4017-9891-993dd48c7779,db7e8eac-8057-4d29-aa7a-811d63c097e3,b59f80aa-b0b9-47c2-9975-64b044e574ce,->,56bc9ef1-e398-4017-9891-993dd48c7779,storage/staff/StaffStorage.java,put
56bc9ef1-e398-4017-9891-993dd48c7779,db7e8eac-8057-4d29-aa7a-811d63c097e3,b59f80aa-b0b9-47c2-9975-64b044e574ce,->,56bc9ef1-e398-4017-9891-993dd48c7779,storage/staff/StaffStorage.java,put
56bc9ef1-e398-4017-9891-993dd48c7779,db7e8eac-8057-4d29-aa7a-811d63c097e3,b59f80aa-b0b9-47c2-9975-64b044e574ce,->,56bc9ef1-e398-4017-9891-993dd48c7779,storage/staff/StaffStorage.java,put
56bc9ef1-e398-4017-9891-993dd48c7779,db7e8eac-8057-4d29-aa7a-811d63c097e3,b59f80aa-b0b9-47c2-9975-64b044e574ce,->,56bc9ef1-e398-4017-9891-993dd48c7779,storage/staff/StaffStorage.java,put
56bc9ef1-e398-4017-9891-993dd48c7779,db7e8eac-8057-4d29-aa7a-811d63c097e3,b59f80aa-b0b9-47c2-9975-64b044e574ce,->,56bc9ef1-e398-4017-9891-993dd48c7779,storage/staff/StaffStorage.java,put
56bc9ef1-e398-4017-9891-993dd48c7779,db7e8eac-8057-4d29-aa7a-811d63c097e3,b59f80aa-b0b9-47c2-9975-64b044e574ce,->,56bc9ef1-e398-4017-9891-993dd48c7779,storage/staff/StaffStorage.java,put
56bc9ef1-e398-4017-9891-993dd48c7779,db7e8eac-8057-4d29-aa7a-811d63c097e3,b59f80aa-b0b9-47c2-9975-64b044e574ce,->,56bc9ef1-e398-4017-9891-993dd48c7779,097f82c6-ab9d-4d49-9ff0-e79a430fd0f8,49da4ba8-1e3a-4334-be74-3ad964f85291
56bc9ef1-e398-4017-9891-993dd48c7779,db7e8eac-8057-4d29-aa7a-811d63c097e3,b59f80aa-b0b9-47c2-9975-64b044e574ce,->,56bc9ef1-e398-4017-9891-993dd48c7779,storage/patient/PatientStorage.java,put
56bc9ef1-e398-4017-9891-993dd48c7779,db7e8eac-8057-4d29-aa7a-811d63c097e3,b59f80aa-b0b9-47c2-9975-64b044e574ce,->,56bc9ef1-e398-4017-9891-993dd48c7779,097f82c6-ab9d-4d49-9ff0-e79a430fd0f8,49da4ba8-1e3a-4334-be74-3ad964f85291
56bc9ef1-e398-4017-9891-993dd48c7779,db7e8eac-8057-4d29-aa7a-811d63c097e3,b59f80aa-b0b9-47c2-9975-64b044e574ce,->,56bc9ef1-e398-4017-9891-993dd48c7779,storage/patient/PatientStorage.java,put
56bc9ef1-e398-4017-9891-993dd48c7779,db7e8eac-8057-4d29-aa7a-811d63c097e3,b59f80aa-b0b9-47c2-9975-64b044e574ce,->,56bc9ef1-e398-4017-9891-993dd48c7779,storage/inspectionreport/InspectionDivision.java,values
56bc9ef1-e398-4017-9891-993dd48c7779,db7e8eac-8057-4d29-aa7a-811d63c097e3,b59f80aa-b0b9-47c2-9975-64b044e574ce,->,56bc9ef1-e398-4017-9891-993dd48c7779,d53a3f11-0db1-4103-8e66-3f5b79298a07,02628f01-3426-4a9f-92d9-bd0a4b558e44
56bc9ef1-e398-4017-9891-993dd48c7779,db7e8eac-8057-4d29-aa7a-811d63c097e3,b59f80aa-b0b9-47c2-9975-64b044e574ce,->,56bc9ef1-e398-4017-9891-993dd48c7779,d53a3f11-0db1-4103-8e66-3f5b79298a07,e8241a4b-9c11-469a-bf56-10e717ff3666
56bc9ef1-e398-4017-9891-993dd48c7779,db7e8eac-8057-4d29-aa7a-811d63c097e3,b59f80aa-b0b9-47c2-9975-64b044e574ce,->,56bc9ef1-e398-4017-9891-993dd48c7779,storage/InspectionPlaceStorage.java,put
56bc9ef1-e398-4017-9891-993dd48c7779,db7e8eac-8057-4d29-aa7a-811d63c097e3,b59f80aa-b0b9-47c2-9975-64b044e574ce,->,56bc9ef1-e398-4017-9891-993dd48c7779,ef74b80c-731d-4418-8375-52f6c9a44f5f,ee2bf950-9b99-41bb-914d-87b24a0d28bd
56bc9ef1-e398-4017-9891-993dd48c7779,db7e8eac-8057-4d29-aa7a-811d63c097e3,b59f80aa-b0b9-47c2-9975-64b044e574ce,->,56bc9ef1-e398-4017-9891-993dd48c7779,ef74b80c-731d-4418-8375-52f6c9a44f5f,8afb8e6e-861e-4bd0-952d-77f5e6dd9534
56bc9ef1-e398-4017-9891-993dd48c7779,db7e8eac-8057-4d29-aa7a-811d63c097e3,b59f80aa-b0b9-47c2-9975-64b044e574ce,->,56bc9ef1-e398-4017-9891-993dd48c7779,ef74b80c-731d-4418-8375-52f6c9a44f5f,ee2bf950-9b99-41bb-914d-87b24a0d28bd
56bc9ef1-e398-4017-9891-993dd48c7779,db7e8eac-8057-4d29-aa7a-811d63c097e3,b59f80aa-b0b9-47c2-9975-64b044e574ce,->,56bc9ef1-e398-4017-9891-993dd48c7779,storage/ward/SickbedStorage.java,put
56bc9ef1-e398-4017-9891-993dd48c7779,view/TreatmentPrototypeSystem.java,<clinit>,->,56bc9ef1-e398-4017-9891-993dd48c7779,3d367f3a-dd85-4d8f-bc88-91437c1a8079,7ccbc5f5-6744-440d-8f78-5dced655b073
56bc9ef1-e398-4017-9891-993dd48c7779,651597e6-0fc2-42bb-a2db-2c5332f7cc85,9b9bd88f-8574-46ad-8ff6-c437b0dc7616,->,56bc9ef1-e398-4017-9891-993dd48c7779,view/LoginFrame.java,setTitle
56bc9ef1-e398-4017-9891-993dd48c7779,651597e6-0fc2-42bb-a2db-2c5332f7cc85,9b9bd88f-8574-46ad-8ff6-c437b0dc7616,->,56bc9ef1-e398-4017-9891-993dd48c7779,javax/swing/JButton.java,addActionListener
56bc9ef1-e398-4017-9891-993dd48c7779,651597e6-0fc2-42bb-a2db-2c5332f7cc85,9b9bd88f-8574-46ad-8ff6-c437b0dc7616,->,56bc9ef1-e398-4017-9891-993dd48c7779,javax/swing/JPanel.java,add
56bc9ef1-e398-4017-9891-993dd48c7779,651597e6-0fc2-42bb-a2db-2c5332f7cc85,9b9bd88f-8574-46ad-8ff6-c437b0dc7616,->,56bc9ef1-e398-4017-9891-993dd48c7779,javax/swing/JPanel.java,add
56bc9ef1-e398-4017-9891-993dd48c7779,651597e6-0fc2-42bb-a2db-2c5332f7cc85,9b9bd88f-8574-46ad-8ff6-c437b0dc7616,->,56bc9ef1-e398-4017-9891-993dd48c7779,javax/swing/JPanel.java,add
56bc9ef1-e398-4017-9891-993dd48c7779,651597e6-0fc2-42bb-a2db-2c5332f7cc85,9b9bd88f-8574-46ad-8ff6-c437b0dc7616,->,56bc9ef1-e398-4017-9891-993dd48c7779,javax/swing/JPanel.java,add
56bc9ef1-e398-4017-9891-993dd48c7779,651597e6-0fc2-42bb-a2db-2c5332f7cc85,9b9bd88f-8574-46ad-8ff6-c437b0dc7616,->,56bc9ef1-e398-4017-9891-993dd48c7779,javax/swing/JPanel.java,add
56bc9ef1-e398-4017-9891-993dd48c7779,651597e6-0fc2-42bb-a2db-2c5332f7cc85,9b9bd88f-8574-46ad-8ff6-c437b0dc7616,->,56bc9ef1-e398-4017-9891-993dd48c7779,javax/swing/JPanel.java,add
56bc9ef1-e398-4017-9891-993dd48c7779,651597e6-0fc2-42bb-a2db-2c5332f7cc85,9b9bd88f-8574-46ad-8ff6-c437b0dc7616,->,56bc9ef1-e398-4017-9891-993dd48c7779,view/LoginFrame.java,add
56bc9ef1-e398-4017-9891-993dd48c7779,651597e6-0fc2-42bb-a2db-2c5332f7cc85,9b9bd88f-8574-46ad-8ff6-c437b0dc7616,->,56bc9ef1-e398-4017-9891-993dd48c7779,view/LoginFrame.java,add
56bc9ef1-e398-4017-9891-993dd48c7779,651597e6-0fc2-42bb-a2db-2c5332f7cc85,9b9bd88f-8574-46ad-8ff6-c437b0dc7616,->,56bc9ef1-e398-4017-9891-993dd48c7779,view/LoginFrame.java,add
56bc9ef1-e398-4017-9891-993dd48c7779,651597e6-0fc2-42bb-a2db-2c5332f7cc85,9b9bd88f-8574-46ad-8ff6-c437b0dc7616,->,56bc9ef1-e398-4017-9891-993dd48c7779,view/LoginFrame.java,setSize
56bc9ef1-e398-4017-9891-993dd48c7779,651597e6-0fc2-42bb-a2db-2c5332f7cc85,9b9bd88f-8574-46ad-8ff6-c437b0dc7616,->,56bc9ef1-e398-4017-9891-993dd48c7779,java/awt/Toolkit.java,getDefaultToolkit
56bc9ef1-e398-4017-9891-993dd48c7779,651597e6-0fc2-42bb-a2db-2c5332f7cc85,9b9bd88f-8574-46ad-8ff6-c437b0dc7616,->,56bc9ef1-e398-4017-9891-993dd48c7779,java/awt/Toolkit.java,getScreenSize
56bc9ef1-e398-4017-9891-993dd48c7779,651597e6-0fc2-42bb-a2db-2c5332f7cc85,9b9bd88f-8574-46ad-8ff6-c437b0dc7616,->,56bc9ef1-e398-4017-9891-993dd48c7779,view/LoginFrame.java,getSize
56bc9ef1-e398-4017-9891-993dd48c7779,651597e6-0fc2-42bb-a2db-2c5332f7cc85,9b9bd88f-8574-46ad-8ff6-c437b0dc7616,->,56bc9ef1-e398-4017-9891-993dd48c7779,view/LoginFrame.java,setLocation
56bc9ef1-e398-4017-9891-993dd48c7779,651597e6-0fc2-42bb-a2db-2c5332f7cc85,9b9bd88f-8574-46ad-8ff6-c437b0dc7616,->,56bc9ef1-e398-4017-9891-993dd48c7779,view/LoginFrame.java,setVisible
56bc9ef1-e398-4017-9891-993dd48c7779,651597e6-0fc2-42bb-a2db-2c5332f7cc85,9b9bd88f-8574-46ad-8ff6-c437b0dc7616,->,56bc9ef1-e398-4017-9891-993dd48c7779,view/LoginFrame.java,setDefaultCloseOperation
56bc9ef1-e398-4017-9891-993dd48c7779,651597e6-0fc2-42bb-a2db-2c5332f7cc85,617b6a60-f14a-4283-997d-a8edfd045fc8,->,56bc9ef1-e398-4017-9891-993dd48c7779,java/awt/event/ActionEvent.java,getSource
56bc9ef1-e398-4017-9891-993dd48c7779,651597e6-0fc2-42bb-a2db-2c5332f7cc85,617b6a60-f14a-4283-997d-a8edfd045fc8,->,56bc9ef1-e398-4017-9891-993dd48c7779,java/lang/Object.java,equals
56bc9ef1-e398-4017-9891-993dd48c7779,651597e6-0fc2-42bb-a2db-2c5332f7cc85,617b6a60-f14a-4283-997d-a8edfd045fc8,->,56bc9ef1-e398-4017-9891-993dd48c7779,javax/swing/JTextField.java,getText
56bc9ef1-e398-4017-9891-993dd48c7779,651597e6-0fc2-42bb-a2db-2c5332f7cc85,617b6a60-f14a-4283-997d-a8edfd045fc8,->,56bc9ef1-e398-4017-9891-993dd48c7779,javax/swing/JTextField.java,getText
56bc9ef1-e398-4017-9891-993dd48c7779,651597e6-0fc2-42bb-a2db-2c5332f7cc85,617b6a60-f14a-4283-997d-a8edfd045fc8,->,56bc9ef1-e398-4017-9891-993dd48c7779,9033f050-74ea-4e93-98dd-65ad9a5d5720,5313f367-7876-4e53-9c21-c0aae044a81a
56bc9ef1-e398-4017-9891-993dd48c7779,view/LoginFrame.java,access$000,->,56bc9ef1-e398-4017-9891-993dd48c7779,651597e6-0fc2-42bb-a2db-2c5332f7cc85,617b6a60-f14a-4283-997d-a8edfd045fc8
56bc9ef1-e398-4017-9891-993dd48c7779,6a2c90d5-b8f5-43b8-ab6f-64ae6ad24e73,6e83c638-0e98-4af5-849d-9dbd82433d4e,->,56bc9ef1-e398-4017-9891-993dd48c7779,javax/swing/JLabel.java,setText
56bc9ef1-e398-4017-9891-993dd48c7779,6a2c90d5-b8f5-43b8-ab6f-64ae6ad24e73,6e83c638-0e98-4af5-849d-9dbd82433d4e,->,56bc9ef1-e398-4017-9891-993dd48c7779,javax/swing/JLabel.java,setText
56bc9ef1-e398-4017-9891-993dd48c7779,6a2c90d5-b8f5-43b8-ab6f-64ae6ad24e73,6e83c638-0e98-4af5-849d-9dbd82433d4e,->,56bc9ef1-e398-4017-9891-993dd48c7779,view/pharmacist/PrintPrescriptionPanel.java,setSize
56bc9ef1-e398-4017-9891-993dd48c7779,6a2c90d5-b8f5-43b8-ab6f-64ae6ad24e73,6e83c638-0e98-4af5-849d-9dbd82433d4e,->,56bc9ef1-e398-4017-9891-993dd48c7779,view/pharmacist/PrintPrescriptionPanel.java,setLayout
56bc9ef1-e398-4017-9891-993dd48c7779,6a2c90d5-b8f5-43b8-ab6f-64ae6ad24e73,6e83c638-0e98-4af5-849d-9dbd82433d4e,->,56bc9ef1-e398-4017-9891-993dd48c7779,view/pharmacist/PrintPrescriptionPanel.java,add
56bc9ef1-e398-4017-9891-993dd48c7779,6a2c90d5-b8f5-43b8-ab6f-64ae6ad24e73,6e83c638-0e98-4af5-849d-9dbd82433d4e,->,56bc9ef1-e398-4017-9891-993dd48c7779,6a2c90d5-b8f5-43b8-ab6f-64ae6ad24e73,2e5a5288-15dc-4d08-9561-9663d1a028b2
56bc9ef1-e398-4017-9891-993dd48c7779,6a2c90d5-b8f5-43b8-ab6f-64ae6ad24e73,6e83c638-0e98-4af5-849d-9dbd82433d4e,->,56bc9ef1-e398-4017-9891-993dd48c7779,view/pharmacist/PrintPrescriptionPanel.java,add
56bc9ef1-e398-4017-9891-993dd48c7779,6a2c90d5-b8f5-43b8-ab6f-64ae6ad24e73,6e83c638-0e98-4af5-849d-9dbd82433d4e,->,56bc9ef1-e398-4017-9891-993dd48c7779,6a2c90d5-b8f5-43b8-ab6f-64ae6ad24e73,593af782-22ab-411d-95b8-6ded8b0243a2
56bc9ef1-e398-4017-9891-993dd48c7779,6a2c90d5-b8f5-43b8-ab6f-64ae6ad24e73,6e83c638-0e98-4af5-849d-9dbd82433d4e,->,56bc9ef1-e398-4017-9891-993dd48c7779,view/pharmacist/PrintPrescriptionPanel.java,add
56bc9ef1-e398-4017-9891-993dd48c7779,6a2c90d5-b8f5-43b8-ab6f-64ae6ad24e73,6e83c638-0e98-4af5-849d-9dbd82433d4e,->,56bc9ef1-e398-4017-9891-993dd48c7779,6a2c90d5-b8f5-43b8-ab6f-64ae6ad24e73,549aa8de-6af1-4b77-9b9c-7b116af1c99c
56bc9ef1-e398-4017-9891-993dd48c7779,6a2c90d5-b8f5-43b8-ab6f-64ae6ad24e73,6e83c638-0e98-4af5-849d-9dbd82433d4e,->,56bc9ef1-e398-4017-9891-993dd48c7779,view/pharmacist/PrintPrescriptionPanel.java,add
56bc9ef1-e398-4017-9891-993dd48c7779,6a2c90d5-b8f5-43b8-ab6f-64ae6ad24e73,6e83c638-0e98-4af5-849d-9dbd82433d4e,->,56bc9ef1-e398-4017-9891-993dd48c7779,6a2c90d5-b8f5-43b8-ab6f-64ae6ad24e73,910b0b9f-87e8-43a3-93be-62242966b791
56bc9ef1-e398-4017-9891-993dd48c7779,6a2c90d5-b8f5-43b8-ab6f-64ae6ad24e73,6e83c638-0e98-4af5-849d-9dbd82433d4e,->,56bc9ef1-e398-4017-9891-993dd48c7779,view/pharmacist/PrintPrescriptionPanel.java,add
56bc9ef1-e398-4017-9891-993dd48c7779,6a2c90d5-b8f5-43b8-ab6f-64ae6ad24e73,6e83c638-0e98-4af5-849d-9dbd82433d4e,->,56bc9ef1-e398-4017-9891-993dd48c7779,view/pharmacist/PrintPrescriptionPanel.java,add
56bc9ef1-e398-4017-9891-993dd48c7779,6a2c90d5-b8f5-43b8-ab6f-64ae6ad24e73,2e5a5288-15dc-4d08-9561-9663d1a028b2,->,56bc9ef1-e398-4017-9891-993dd48c7779,javax/swing/JTextField.java,setColumns
56bc9ef1-e398-4017-9891-993dd48c7779,6a2c90d5-b8f5-43b8-ab6f-64ae6ad24e73,593af782-22ab-411d-95b8-6ded8b0243a2,->,56bc9ef1-e398-4017-9891-993dd48c7779,javax/swing/JButton.java,setText
56bc9ef1-e398-4017-9891-993dd48c7779,6a2c90d5-b8f5-43b8-ab6f-64ae6ad24e73,593af782-22ab-411d-95b8-6ded8b0243a2,->,56bc9ef1-e398-4017-9891-993dd48c7779,javax/swing/JButton.java,addActionListener
56bc9ef1-e398-4017-9891-993dd48c7779,6a2c90d5-b8f5-43b8-ab6f-64ae6ad24e73,910b0b9f-87e8-43a3-93be-62242966b791,->,56bc9ef1-e398-4017-9891-993dd48c7779,javax/swing/JButton.java,setText
56bc9ef1-e398-4017-9891-993dd48c7779,6a2c90d5-b8f5-43b8-ab6f-64ae6ad24e73,910b0b9f-87e8-43a3-93be-62242966b791,->,56bc9ef1-e398-4017-9891-993dd48c7779,javax/swing/JButton.java,addActionListener
56bc9ef1-e398-4017-9891-993dd48c7779,55c5216c-c599-48f1-b8c7-d953ebbccc42,73d8cdd5-9cee-49c2-80ad-b2060bb19127,->,56bc9ef1-e398-4017-9891-993dd48c7779,javax/swing/JLabel.java,setText
56bc9ef1-e398-4017-9891-993dd48c7779,55c5216c-c599-48f1-b8c7-d953ebbccc42,73d8cdd5-9cee-49c2-80ad-b2060bb19127,->,56bc9ef1-e398-4017-9891-993dd48c7779,javax/swing/JLabel.java,setText
56bc9ef1-e398-4017-9891-993dd48c7779,55c5216c-c599-48f1-b8c7-d953ebbccc42,73d8cdd5-9cee-49c2-80ad-b2060bb19127,->,56bc9ef1-e398-4017-9891-993dd48c7779,view/pharmacist/CheckIfPayPanel.java,setSize
56bc9ef1-e398-4017-9891-993dd48c7779,55c5216c-c599-48f1-b8c7-d953ebbccc42,73d8cdd5-9cee-49c2-80ad-b2060bb19127,->,56bc9ef1-e398-4017-9891-993dd48c7779,view/pharmacist/CheckIfPayPanel.java,setLayout
56bc9ef1-e398-4017-9891-993dd48c7779,55c5216c-c599-48f1-b8c7-d953ebbccc42,73d8cdd5-9cee-49c2-80ad-b2060bb19127,->,56bc9ef1-e398-4017-9891-993dd48c7779,view/pharmacist/CheckIfPayPanel.java,add
56bc9ef1-e398-4017-9891-993dd48c7779,55c5216c-c599-48f1-b8c7-d953ebbccc42,73d8cdd5-9cee-49c2-80ad-b2060bb19127,->,56bc9ef1-e398-4017-9891-993dd48c7779,55c5216c-c599-48f1-b8c7-d953ebbccc42,6fd729ca-9fa3-4ee4-8bf2-d8bbee29cca5
56bc9ef1-e398-4017-9891-993dd48c7779,55c5216c-c599-48f1-b8c7-d953ebbccc42,73d8cdd5-9cee-49c2-80ad-b2060bb19127,->,56bc9ef1-e398-4017-9891-993dd48c7779,view/pharmacist/CheckIfPayPanel.java,add
56bc9ef1-e398-4017-9891-993dd48c7779,55c5216c-c599-48f1-b8c7-d953ebbccc42,73d8cdd5-9cee-49c2-80ad-b2060bb19127,->,56bc9ef1-e398-4017-9891-993dd48c7779,55c5216c-c599-48f1-b8c7-d953ebbccc42,d89a30d9-7c97-484d-b442-1f318345a853
56bc9ef1-e398-4017-9891-993dd48c7779,55c5216c-c599-48f1-b8c7-d953ebbccc42,73d8cdd5-9cee-49c2-80ad-b2060bb19127,->,56bc9ef1-e398-4017-9891-993dd48c7779,view/pharmacist/CheckIfPayPanel.java,add
56bc9ef1-e398-4017-9891-993dd48c7779,55c5216c-c599-48f1-b8c7-d953ebbccc42,73d8cdd5-9cee-49c2-80ad-b2060bb19127,->,56bc9ef1-e398-4017-9891-993dd48c7779,view/pharmacist/CheckIfPayPanel.java,add
56bc9ef1-e398-4017-9891-993dd48c7779,55c5216c-c599-48f1-b8c7-d953ebbccc42,6fd729ca-9fa3-4ee4-8bf2-d8bbee29cca5,->,56bc9ef1-e398-4017-9891-993dd48c7779,javax/swing/JTextField.java,setColumns
56bc9ef1-e398-4017-9891-993dd48c7779,55c5216c-c599-48f1-b8c7-d953ebbccc42,d89a30d9-7c97-484d-b442-1f318345a853,->,56bc9ef1-e398-4017-9891-993dd48c7779,javax/swing/JButton.java,setText
56bc9ef1-e398-4017-9891-993dd48c7779,55c5216c-c599-48f1-b8c7-d953ebbccc42,d89a30d9-7c97-484d-b442-1f318345a853,->,56bc9ef1-e398-4017-9891-993dd48c7779,javax/swing/JButton.java,addActionListener
56bc9ef1-e398-4017-9891-993dd48c7779,view/pharmacist/PrintPrescriptionPanel$1.java,actionPerformed,->,56bc9ef1-e398-4017-9891-993dd48c7779,view/pharmacist/PrintPrescriptionPanel.java,access$002
56bc9ef1-e398-4017-9891-993dd48c7779,view/pharmacist/PrintPrescriptionPanel$1.java,actionPerformed,->,56bc9ef1-e398-4017-9891-993dd48c7779,097f82c6-ab9d-4d49-9ff0-e79a430fd0f8,49da4ba8-1e3a-4334-be74-3ad964f85291
56bc9ef1-e398-4017-9891-993dd48c7779,view/pharmacist/PrintPrescriptionPanel$1.java,actionPerformed,->,56bc9ef1-e398-4017-9891-993dd48c7779,view/pharmacist/PrintPrescriptionPanel.java,access$100
56bc9ef1-e398-4017-9891-993dd48c7779,view/pharmacist/PrintPrescriptionPanel$1.java,actionPerformed,->,56bc9ef1-e398-4017-9891-993dd48c7779,javax/swing/JTextField.java,getText
56bc9ef1-e398-4017-9891-993dd48c7779,view/pharmacist/PrintPrescriptionPanel$1.java,actionPerformed,->,56bc9ef1-e398-4017-9891-993dd48c7779,storage/patient/PatientStorage.java,get
56bc9ef1-e398-4017-9891-993dd48c7779,view/pharmacist/PrintPrescriptionPanel$1.java,actionPerformed,->,56bc9ef1-e398-4017-9891-993dd48c7779,javax/swing/JOptionPane.java,showMessageDialog
56bc9ef1-e398-4017-9891-993dd48c7779,view/pharmacist/PrintPrescriptionPanel$1.java,actionPerformed,->,56bc9ef1-e398-4017-9891-993dd48c7779,4b8d5f65-5cf8-4a32-a5a0-d360506f8ce3,5561e1ad-ef29-4af0-b176-12a16cd01774
56bc9ef1-e398-4017-9891-993dd48c7779,view/pharmacist/PrintPrescriptionPanel$1.java,actionPerformed,->,56bc9ef1-e398-4017-9891-993dd48c7779,storage/prescription/PrescriptionStorage.java,iterator
56bc9ef1-e398-4017-9891-993dd48c7779,view/pharmacist/PrintPrescriptionPanel$1.java,actionPerformed,->,56bc9ef1-e398-4017-9891-993dd48c7779,java/util/Iterator.java,hasNext
56bc9ef1-e398-4017-9891-993dd48c7779,view/pharmacist/PrintPrescriptionPanel$1.java,actionPerformed,->,56bc9ef1-e398-4017-9891-993dd48c7779,java/util/Iterator.java,next
56bc9ef1-e398-4017-9891-993dd48c7779,view/pharmacist/PrintPrescriptionPanel$1.java,actionPerformed,->,56bc9ef1-e398-4017-9891-993dd48c7779,2711ec2f-03c1-48f2-bb0a-34585525605a,715ec888-a016-4ec4-a36b-884e26589ed6
56bc9ef1-e398-4017-9891-993dd48c7779,view/pharmacist/PrintPrescriptionPanel$1.java,actionPerformed,->,56bc9ef1-e398-4017-9891-993dd48c7779,2711ec2f-03c1-48f2-bb0a-34585525605a,1f8f77b9-66b8-4baf-a4f8-971860e088b2
56bc9ef1-e398-4017-9891-993dd48c7779,view/pharmacist/PrintPrescriptionPanel$1.java,actionPerformed,->,56bc9ef1-e398-4017-9891-993dd48c7779,view/pharmacist/PrintPrescriptionPanel.java,access$100
56bc9ef1-e398-4017-9891-993dd48c7779,view/pharmacist/PrintPrescriptionPanel$1.java,actionPerformed,->,56bc9ef1-e398-4017-9891-993dd48c7779,javax/swing/JTextField.java,getText
56bc9ef1-e398-4017-9891-993dd48c7779,view/pharmacist/PrintPrescriptionPanel$1.java,actionPerformed,->,56bc9ef1-e398-4017-9891-993dd48c7779,java/lang/String.java,equals
56bc9ef1-e398-4017-9891-993dd48c7779,view/pharmacist/PrintPrescriptionPanel$1.java,actionPerformed,->,56bc9ef1-e398-4017-9891-993dd48c7779,view/pharmacist/PrintPrescriptionPanel.java,access$200
56bc9ef1-e398-4017-9891-993dd48c7779,view/pharmacist/PrintPrescriptionPanel$1.java,actionPerformed,->,56bc9ef1-e398-4017-9891-993dd48c7779,java/lang/StringBuilder.java,append
56bc9ef1-e398-4017-9891-993dd48c7779,view/pharmacist/PrintPrescriptionPanel$1.java,actionPerformed,->,56bc9ef1-e398-4017-9891-993dd48c7779,2711ec2f-03c1-48f2-bb0a-34585525605a,68cff843-2987-489f-9820-0b64242f04d6
56bc9ef1-e398-4017-9891-993dd48c7779,view/pharmacist/PrintPrescriptionPanel$1.java,actionPerformed,->,56bc9ef1-e398-4017-9891-993dd48c7779,java/lang/StringBuilder.java,append
56bc9ef1-e398-4017-9891-993dd48c7779,view/pharmacist/PrintPrescriptionPanel$1.java,actionPerformed,->,56bc9ef1-e398-4017-9891-993dd48c7779,java/lang/StringBuilder.java,append
56bc9ef1-e398-4017-9891-993dd48c7779,view/pharmacist/PrintPrescriptionPanel$1.java,actionPerformed,->,56bc9ef1-e398-4017-9891-993dd48c7779,java/lang/StringBuilder.java,append
56bc9ef1-e398-4017-9891-993dd48c7779,view/pharmacist/PrintPrescriptionPanel$1.java,actionPerformed,->,56bc9ef1-e398-4017-9891-993dd48c7779,2711ec2f-03c1-48f2-bb0a-34585525605a,75f7f47c-4b17-43ee-88a6-889e57ba6bda
56bc9ef1-e398-4017-9891-993dd48c7779,view/pharmacist/PrintPrescriptionPanel$1.java,actionPerformed,->,56bc9ef1-e398-4017-9891-993dd48c7779,java/lang/StringBuilder.java,append
56bc9ef1-e398-4017-9891-993dd48c7779,view/pharmacist/PrintPrescriptionPanel$1.java,actionPerformed,->,56bc9ef1-e398-4017-9891-993dd48c7779,java/lang/StringBuilder.java,append
56bc9ef1-e398-4017-9891-993dd48c7779,view/pharmacist/PrintPrescriptionPanel$1.java,actionPerformed,->,56bc9ef1-e398-4017-9891-993dd48c7779,java/lang/StringBuilder.java,append
56bc9ef1-e398-4017-9891-993dd48c7779,view/pharmacist/PrintPrescriptionPanel$1.java,actionPerformed,->,56bc9ef1-e398-4017-9891-993dd48c7779,2711ec2f-03c1-48f2-bb0a-34585525605a,715ec888-a016-4ec4-a36b-884e26589ed6
56bc9ef1-e398-4017-9891-993dd48c7779,view/pharmacist/PrintPrescriptionPanel$1.java,actionPerformed,->,56bc9ef1-e398-4017-9891-993dd48c7779,java/lang/StringBuilder.java,append
56bc9ef1-e398-4017-9891-993dd48c7779,view/pharmacist/PrintPrescriptionPanel$1.java,actionPerformed,->,56bc9ef1-e398-4017-9891-993dd48c7779,java/lang/StringBuilder.java,append
56bc9ef1-e398-4017-9891-993dd48c7779,view/pharmacist/PrintPrescriptionPanel$1.java,actionPerformed,->,56bc9ef1-e398-4017-9891-993dd48c7779,java/lang/StringBuilder.java,append
56bc9ef1-e398-4017-9891-993dd48c7779,view/pharmacist/PrintPrescriptionPanel$1.java,actionPerformed,->,56bc9ef1-e398-4017-9891-993dd48c7779,2711ec2f-03c1-48f2-bb0a-34585525605a,e5acf25a-f068-41cb-9898-6f8d7231ce6a
56bc9ef1-e398-4017-9891-993dd48c7779,view/pharmacist/PrintPrescriptionPanel$1.java,actionPerformed,->,56bc9ef1-e398-4017-9891-993dd48c7779,java/lang/StringBuilder.java,append
56bc9ef1-e398-4017-9891-993dd48c7779,view/pharmacist/PrintPrescriptionPanel$1.java,actionPerformed,->,56bc9ef1-e398-4017-9891-993dd48c7779,java/lang/StringBuilder.java,append
56bc9ef1-e398-4017-9891-993dd48c7779,view/pharmacist/PrintPrescriptionPanel$1.java,actionPerformed,->,56bc9ef1-e398-4017-9891-993dd48c7779,java/lang/StringBuilder.java,append
56bc9ef1-e398-4017-9891-993dd48c7779,view/pharmacist/PrintPrescriptionPanel$1.java,actionPerformed,->,56bc9ef1-e398-4017-9891-993dd48c7779,2711ec2f-03c1-48f2-bb0a-34585525605a,c0a63a2d-45ad-4ec2-91ce-3d0578e12069
56bc9ef1-e398-4017-9891-993dd48c7779,view/pharmacist/PrintPrescriptionPanel$1.java,actionPerformed,->,56bc9ef1-e398-4017-9891-993dd48c7779,java/lang/StringBuilder.java,append
56bc9ef1-e398-4017-9891-993dd48c7779,view/pharmacist/PrintPrescriptionPanel$1.java,actionPerformed,->,56bc9ef1-e398-4017-9891-993dd48c7779,java/lang/StringBuilder.java,append
56bc9ef1-e398-4017-9891-993dd48c7779,view/pharmacist/PrintPrescriptionPanel$1.java,actionPerformed,->,56bc9ef1-e398-4017-9891-993dd48c7779,java/lang/StringBuilder.java,append
56bc9ef1-e398-4017-9891-993dd48c7779,view/pharmacist/PrintPrescriptionPanel$1.java,actionPerformed,->,56bc9ef1-e398-4017-9891-993dd48c7779,2711ec2f-03c1-48f2-bb0a-34585525605a,25a48f8a-e67e-45d9-b6e7-e3143a711d64
56bc9ef1-e398-4017-9891-993dd48c7779,view/pharmacist/PrintPrescriptionPanel$1.java,actionPerformed,->,56bc9ef1-e398-4017-9891-993dd48c7779,2711ec2f-03c1-48f2-bb0a-34585525605a,1da99f2f-c23e-4762-8620-1d6c2626aa94
56bc9ef1-e398-4017-9891-993dd48c7779,view/pharmacist/PrintPrescriptionPanel$1.java,actionPerformed,->,56bc9ef1-e398-4017-9891-993dd48c7779,java/lang/StringBuilder.java,append
56bc9ef1-e398-4017-9891-993dd48c7779,view/pharmacist/PrintPrescriptionPanel$1.java,actionPerformed,->,56bc9ef1-e398-4017-9891-993dd48c7779,java/lang/StringBuilder.java,append
56bc9ef1-e398-4017-9891-993dd48c7779,view/pharmacist/PrintPrescriptionPanel$1.java,actionPerformed,->,56bc9ef1-e398-4017-9891-993dd48c7779,java/lang/StringBuilder.java,toString
56bc9ef1-e398-4017-9891-993dd48c7779,view/pharmacist/PrintPrescriptionPanel$1.java,actionPerformed,->,56bc9ef1-e398-4017-9891-993dd48c7779,javax/swing/JTextArea.java,setText
56bc9ef1-e398-4017-9891-993dd48c7779,view/pharmacist/PrintPrescriptionPanel$1.java,actionPerformed,->,56bc9ef1-e398-4017-9891-993dd48c7779,view/pharmacist/PrintPrescriptionPanel.java,access$002
56bc9ef1-e398-4017-9891-993dd48c7779,7f7740dd-3e44-492d-a400-5f5b41113e39,e324f469-5e1d-4d76-8d6f-969cf01c5413,->,56bc9ef1-e398-4017-9891-993dd48c7779,view/pharmacist/PharmacistMainTabbedPane.java,setSize
56bc9ef1-e398-4017-9891-993dd48c7779,7f7740dd-3e44-492d-a400-5f5b41113e39,e324f469-5e1d-4d76-8d6f-969cf01c5413,->,56bc9ef1-e398-4017-9891-993dd48c7779,7f7740dd-3e44-492d-a400-5f5b41113e39,ed07c153-fd64-4d7b-a70f-5ead3a200e27
56bc9ef1-e398-4017-9891-993dd48c7779,7f7740dd-3e44-492d-a400-5f5b41113e39,e324f469-5e1d-4d76-8d6f-969cf01c5413,->,56bc9ef1-e398-4017-9891-993dd48c7779,view/pharmacist/PharmacistMainTabbedPane.java,addTab
56bc9ef1-e398-4017-9891-993dd48c7779,7f7740dd-3e44-492d-a400-5f5b41113e39,e324f469-5e1d-4d76-8d6f-969cf01c5413,->,56bc9ef1-e398-4017-9891-993dd48c7779,7f7740dd-3e44-492d-a400-5f5b41113e39,a1ad1c19-ad9b-4831-8aff-462060fa1f5c
56bc9ef1-e398-4017-9891-993dd48c7779,7f7740dd-3e44-492d-a400-5f5b41113e39,e324f469-5e1d-4d76-8d6f-969cf01c5413,->,56bc9ef1-e398-4017-9891-993dd48c7779,view/pharmacist/PharmacistMainTabbedPane.java,addTab
56bc9ef1-e398-4017-9891-993dd48c7779,view/pharmacist/PrintPrescriptionPanel$2.java,actionPerformed,->,56bc9ef1-e398-4017-9891-993dd48c7779,view/pharmacist/PrintPrescriptionPanel.java,access$000
56bc9ef1-e398-4017-9891-993dd48c7779,view/pharmacist/PrintPrescriptionPanel$2.java,actionPerformed,->,56bc9ef1-e398-4017-9891-993dd48c7779,javax/swing/JOptionPane.java,showMessageDialog
56bc9ef1-e398-4017-9891-993dd48c7779,view/pharmacist/PrintPrescriptionPanel$2.java,actionPerformed,->,56bc9ef1-e398-4017-9891-993dd48c7779,view/pharmacist/PrintPrescriptionPanel.java,access$000
56bc9ef1-e398-4017-9891-993dd48c7779,view/pharmacist/PrintPrescriptionPanel$2.java,actionPerformed,->,56bc9ef1-e398-4017-9891-993dd48c7779,2711ec2f-03c1-48f2-bb0a-34585525605a,68cff843-2987-489f-9820-0b64242f04d6
56bc9ef1-e398-4017-9891-993dd48c7779,view/pharmacist/PrintPrescriptionPanel$2.java,actionPerformed,->,56bc9ef1-e398-4017-9891-993dd48c7779,javax/swing/JOptionPane.java,showMessageDialog
56bc9ef1-e398-4017-9891-993dd48c7779,view/pharmacist/PrintPrescriptionPanel$2.java,actionPerformed,->,56bc9ef1-e398-4017-9891-993dd48c7779,storage/medicine/Medicine.java,values
56bc9ef1-e398-4017-9891-993dd48c7779,view/pharmacist/PrintPrescriptionPanel$2.java,actionPerformed,->,56bc9ef1-e398-4017-9891-993dd48c7779,view/pharmacist/PrintPrescriptionPanel.java,access$000
56bc9ef1-e398-4017-9891-993dd48c7779,view/pharmacist/PrintPrescriptionPanel$2.java,actionPerformed,->,56bc9ef1-e398-4017-9891-993dd48c7779,2711ec2f-03c1-48f2-bb0a-34585525605a,25a48f8a-e67e-45d9-b6e7-e3143a711d64
56bc9ef1-e398-4017-9891-993dd48c7779,view/pharmacist/PrintPrescriptionPanel$2.java,actionPerformed,->,56bc9ef1-e398-4017-9891-993dd48c7779,java/util/HashMap.java,get
56bc9ef1-e398-4017-9891-993dd48c7779,view/pharmacist/PrintPrescriptionPanel$2.java,actionPerformed,->,56bc9ef1-e398-4017-9891-993dd48c7779,3b8a581e-0ab4-4f96-b50c-ab33935f7d84,9bc1e3e8-1199-489a-8cdf-db7ebeacc143
56bc9ef1-e398-4017-9891-993dd48c7779,view/pharmacist/PrintPrescriptionPanel$2.java,actionPerformed,->,56bc9ef1-e398-4017-9891-993dd48c7779,3b8a581e-0ab4-4f96-b50c-ab33935f7d84,9bc1e3e8-1199-489a-8cdf-db7ebeacc143
56bc9ef1-e398-4017-9891-993dd48c7779,view/pharmacist/PrintPrescriptionPanel$2.java,actionPerformed,->,56bc9ef1-e398-4017-9891-993dd48c7779,storage/medicine/MedicineStocks.java,get
56bc9ef1-e398-4017-9891-993dd48c7779,view/pharmacist/PrintPrescriptionPanel$2.java,actionPerformed,->,56bc9ef1-e398-4017-9891-993dd48c7779,java/lang/Integer.java,intValue
56bc9ef1-e398-4017-9891-993dd48c7779,view/pharmacist/PrintPrescriptionPanel$2.java,actionPerformed,->,56bc9ef1-e398-4017-9891-993dd48c7779,view/pharmacist/PrintPrescriptionPanel.java,access$000
56bc9ef1-e398-4017-9891-993dd48c7779,view/pharmacist/PrintPrescriptionPanel$2.java,actionPerformed,->,56bc9ef1-e398-4017-9891-993dd48c7779,2711ec2f-03c1-48f2-bb0a-34585525605a,25a48f8a-e67e-45d9-b6e7-e3143a711d64
56bc9ef1-e398-4017-9891-993dd48c7779,view/pharmacist/PrintPrescriptionPanel$2.java,actionPerformed,->,56bc9ef1-e398-4017-9891-993dd48c7779,java/util/HashMap.java,get
56bc9ef1-e398-4017-9891-993dd48c7779,view/pharmacist/PrintPrescriptionPanel$2.java,actionPerformed,->,56bc9ef1-e398-4017-9891-993dd48c7779,java/lang/Integer.java,intValue
56bc9ef1-e398-4017-9891-993dd48c7779,view/pharmacist/PrintPrescriptionPanel$2.java,actionPerformed,->,56bc9ef1-e398-4017-9891-993dd48c7779,storage/medicine/MedicineStocks.java,put
56bc9ef1-e398-4017-9891-993dd48c7779,view/pharmacist/PrintPrescriptionPanel$2.java,actionPerformed,->,56bc9ef1-e398-4017-9891-993dd48c7779,view/pharmacist/PrintPrescriptionPanel.java,access$000
56bc9ef1-e398-4017-9891-993dd48c7779,view/pharmacist/PrintPrescriptionPanel$2.java,actionPerformed,->,56bc9ef1-e398-4017-9891-993dd48c7779,2711ec2f-03c1-48f2-bb0a-34585525605a,afa952ec-c741-4130-bb25-260e412f9e1b
56bc9ef1-e398-4017-9891-993dd48c7779,view/pharmacist/PrintPrescriptionPanel$2.java,actionPerformed,->,56bc9ef1-e398-4017-9891-993dd48c7779,view/pharmacist/PrintPrescriptionPanel.java,access$200
56bc9ef1-e398-4017-9891-993dd48c7779,view/pharmacist/PrintPrescriptionPanel$2.java,actionPerformed,->,56bc9ef1-e398-4017-9891-993dd48c7779,javax/swing/JTextArea.java,setText
56bc9ef1-e398-4017-9891-993dd48c7779,view/pharmacist/PrintPrescriptionPanel$2.java,actionPerformed,->,56bc9ef1-e398-4017-9891-993dd48c7779,javax/swing/JOptionPane.java,showMessageDialog
56bc9ef1-e398-4017-9891-993dd48c7779,view/pharmacist/PrintPrescriptionPanel$2.java,actionPerformed,->,56bc9ef1-e398-4017-9891-993dd48c7779,view/pharmacist/PrintPrescriptionPanel.java,access$002
56bc9ef1-e398-4017-9891-993dd48c7779,view/pharmacist/CheckIfPayPanel$1.java,actionPerformed,->,56bc9ef1-e398-4017-9891-993dd48c7779,097f82c6-ab9d-4d49-9ff0-e79a430fd0f8,49da4ba8-1e3a-4334-be74-3ad964f85291
56bc9ef1-e398-4017-9891-993dd48c7779,view/pharmacist/CheckIfPayPanel$1.java,actionPerformed,->,56bc9ef1-e398-4017-9891-993dd48c7779,view/pharmacist/CheckIfPayPanel.java,access$000
56bc9ef1-e398-4017-9891-993dd48c7779,view/pharmacist/CheckIfPayPanel$1.java,actionPerformed,->,56bc9ef1-e398-4017-9891-993dd48c7779,javax/swing/JTextField.java,getText
56bc9ef1-e398-4017-9891-993dd48c7779,view/pharmacist/CheckIfPayPanel$1.java,actionPerformed,->,56bc9ef1-e398-4017-9891-993dd48c7779,storage/patient/PatientStorage.java,get
56bc9ef1-e398-4017-9891-993dd48c7779,view/pharmacist/CheckIfPayPanel$1.java,actionPerformed,->,56bc9ef1-e398-4017-9891-993dd48c7779,javax/swing/JOptionPane.java,showMessageDialog
56bc9ef1-e398-4017-9891-993dd48c7779,view/pharmacist/CheckIfPayPanel$1.java,actionPerformed,->,56bc9ef1-e398-4017-9891-993dd48c7779,4b8d5f65-5cf8-4a32-a5a0-d360506f8ce3,5561e1ad-ef29-4af0-b176-12a16cd01774
56bc9ef1-e398-4017-9891-993dd48c7779,view/pharmacist/CheckIfPayPanel$1.java,actionPerformed,->,56bc9ef1-e398-4017-9891-993dd48c7779,storage/prescription/PrescriptionStorage.java,iterator
56bc9ef1-e398-4017-9891-993dd48c7779,view/pharmacist/CheckIfPayPanel$1.java,actionPerformed,->,56bc9ef1-e398-4017-9891-993dd48c7779,java/util/Iterator.java,hasNext
56bc9ef1-e398-4017-9891-993dd48c7779,view/pharmacist/CheckIfPayPanel$1.java,actionPerformed,->,56bc9ef1-e398-4017-9891-993dd48c7779,java/util/Iterator.java,next
56bc9ef1-e398-4017-9891-993dd48c7779,view/pharmacist/CheckIfPayPanel$1.java,actionPerformed,->,56bc9ef1-e398-4017-9891-993dd48c7779,2711ec2f-03c1-48f2-bb0a-34585525605a,1f8f77b9-66b8-4baf-a4f8-971860e088b2
56bc9ef1-e398-4017-9891-993dd48c7779,view/pharmacist/CheckIfPayPanel$1.java,actionPerformed,->,56bc9ef1-e398-4017-9891-993dd48c7779,view/pharmacist/CheckIfPayPanel.java,access$000
56bc9ef1-e398-4017-9891-993dd48c7779,view/pharmacist/CheckIfPayPanel$1.java,actionPerformed,->,56bc9ef1-e398-4017-9891-993dd48c7779,javax/swing/JTextField.java,getText
56bc9ef1-e398-4017-9891-993dd48c7779,view/pharmacist/CheckIfPayPanel$1.java,actionPerformed,->,56bc9ef1-e398-4017-9891-993dd48c7779,java/lang/String.java,equals
56bc9ef1-e398-4017-9891-993dd48c7779,view/pharmacist/CheckIfPayPanel$1.java,actionPerformed,->,56bc9ef1-e398-4017-9891-993dd48c7779,2711ec2f-03c1-48f2-bb0a-34585525605a,68cff843-2987-489f-9820-0b64242f04d6
56bc9ef1-e398-4017-9891-993dd48c7779,view/pharmacist/CheckIfPayPanel$1.java,actionPerformed,->,56bc9ef1-e398-4017-9891-993dd48c7779,view/pharmacist/CheckIfPayPanel.java,access$100
56bc9ef1-e398-4017-9891-993dd48c7779,view/pharmacist/CheckIfPayPanel$1.java,actionPerformed,->,56bc9ef1-e398-4017-9891-993dd48c7779,view/pharmacist/CheckIfPayPanel.java,access$000
56bc9ef1-e398-4017-9891-993dd48c7779,view/pharmacist/CheckIfPayPanel$1.java,actionPerformed,->,56bc9ef1-e398-4017-9891-993dd48c7779,javax/swing/JTextField.java,getText
56bc9ef1-e398-4017-9891-993dd48c7779,view/pharmacist/CheckIfPayPanel$1.java,actionPerformed,->,56bc9ef1-e398-4017-9891-993dd48c7779,java/lang/StringBuilder.java,append
56bc9ef1-e398-4017-9891-993dd48c7779,view/pharmacist/CheckIfPayPanel$1.java,actionPerformed,->,56bc9ef1-e398-4017-9891-993dd48c7779,java/lang/StringBuilder.java,append
56bc9ef1-e398-4017-9891-993dd48c7779,view/pharmacist/CheckIfPayPanel$1.java,actionPerformed,->,56bc9ef1-e398-4017-9891-993dd48c7779,java/lang/StringBuilder.java,toString
56bc9ef1-e398-4017-9891-993dd48c7779,view/pharmacist/CheckIfPayPanel$1.java,actionPerformed,->,56bc9ef1-e398-4017-9891-993dd48c7779,javax/swing/JLabel.java,setText
56bc9ef1-e398-4017-9891-993dd48c7779,view/pharmacist/CheckIfPayPanel$1.java,actionPerformed,->,56bc9ef1-e398-4017-9891-993dd48c7779,view/pharmacist/CheckIfPayPanel.java,access$100
56bc9ef1-e398-4017-9891-993dd48c7779,view/pharmacist/CheckIfPayPanel$1.java,actionPerformed,->,56bc9ef1-e398-4017-9891-993dd48c7779,view/pharmacist/CheckIfPayPanel.java,access$000
56bc9ef1-e398-4017-9891-993dd48c7779,view/pharmacist/CheckIfPayPanel$1.java,actionPerformed,->,56bc9ef1-e398-4017-9891-993dd48c7779,javax/swing/JTextField.java,getText
56bc9ef1-e398-4017-9891-993dd48c7779,view/pharmacist/CheckIfPayPanel$1.java,actionPerformed,->,56bc9ef1-e398-4017-9891-993dd48c7779,java/lang/StringBuilder.java,append
56bc9ef1-e398-4017-9891-993dd48c7779,view/pharmacist/CheckIfPayPanel$1.java,actionPerformed,->,56bc9ef1-e398-4017-9891-993dd48c7779,java/lang/StringBuilder.java,append
56bc9ef1-e398-4017-9891-993dd48c7779,view/pharmacist/CheckIfPayPanel$1.java,actionPerformed,->,56bc9ef1-e398-4017-9891-993dd48c7779,java/lang/StringBuilder.java,toString
56bc9ef1-e398-4017-9891-993dd48c7779,view/pharmacist/CheckIfPayPanel$1.java,actionPerformed,->,56bc9ef1-e398-4017-9891-993dd48c7779,javax/swing/JLabel.java,setText
56bc9ef1-e398-4017-9891-993dd48c7779,view/pharmacist/CheckIfPayPanel$1.java,actionPerformed,->,56bc9ef1-e398-4017-9891-993dd48c7779,javax/swing/JOptionPane.java,showMessageDialog
56bc9ef1-e398-4017-9891-993dd48c7779,view/pharmacist/PharmacistMainView$1.java,windowClosing,->,56bc9ef1-e398-4017-9891-993dd48c7779,java/lang/StringBuilder.java,append
56bc9ef1-e398-4017-9891-993dd48c7779,view/pharmacist/PharmacistMainView$1.java,windowClosing,->,56bc9ef1-e398-4017-9891-993dd48c7779,f9e2f9f7-fac7-4759-b1fc-92f891d1d5fe,2d7a37b2-95eb-4089-8168-006e2725d01d
56bc9ef1-e398-4017-9891-993dd48c7779,view/pharmacist/PharmacistMainView$1.java,windowClosing,->,56bc9ef1-e398-4017-9891-993dd48c7779,java/lang/StringBuilder.java,append
56bc9ef1-e398-4017-9891-993dd48c7779,view/pharmacist/PharmacistMainView$1.java,windowClosing,->,56bc9ef1-e398-4017-9891-993dd48c7779,f9e2f9f7-fac7-4759-b1fc-92f891d1d5fe,96a7b807-f74f-4915-b4aa-742ee197e255
56bc9ef1-e398-4017-9891-993dd48c7779,view/pharmacist/PharmacistMainView$1.java,windowClosing,->,56bc9ef1-e398-4017-9891-993dd48c7779,java/lang/StringBuilder.java,append
56bc9ef1-e398-4017-9891-993dd48c7779,view/pharmacist/PharmacistMainView$1.java,windowClosing,->,56bc9ef1-e398-4017-9891-993dd48c7779,java/lang/StringBuilder.java,append
56bc9ef1-e398-4017-9891-993dd48c7779,view/pharmacist/PharmacistMainView$1.java,windowClosing,->,56bc9ef1-e398-4017-9891-993dd48c7779,java/lang/StringBuilder.java,toString
56bc9ef1-e398-4017-9891-993dd48c7779,view/pharmacist/PharmacistMainView$1.java,windowClosing,->,56bc9ef1-e398-4017-9891-993dd48c7779,java/io/PrintStream.java,println
56bc9ef1-e398-4017-9891-993dd48c7779,view/pharmacist/PharmacistMainView$1.java,windowClosing,->,56bc9ef1-e398-4017-9891-993dd48c7779,9033f050-74ea-4e93-98dd-65ad9a5d5720,b260e6ec-09d6-4901-a017-e4855f561315
56bc9ef1-e398-4017-9891-993dd48c7779,709603eb-28f9-4486-a71e-e9ccb5512953,30ca61a2-1108-48b6-9be2-fd309ea8c8e2,->,56bc9ef1-e398-4017-9891-993dd48c7779,view/pharmacist/PharmacistMainView.java,setSize
56bc9ef1-e398-4017-9891-993dd48c7779,709603eb-28f9-4486-a71e-e9ccb5512953,30ca61a2-1108-48b6-9be2-fd309ea8c8e2,->,56bc9ef1-e398-4017-9891-993dd48c7779,709603eb-28f9-4486-a71e-e9ccb5512953,ba7cd888-9a5b-4522-924a-b15328ce5090
56bc9ef1-e398-4017-9891-993dd48c7779,709603eb-28f9-4486-a71e-e9ccb5512953,30ca61a2-1108-48b6-9be2-fd309ea8c8e2,->,56bc9ef1-e398-4017-9891-993dd48c7779,view/pharmacist/PharmacistMainView.java,setContentPane
56bc9ef1-e398-4017-9891-993dd48c7779,709603eb-28f9-4486-a71e-e9ccb5512953,30ca61a2-1108-48b6-9be2-fd309ea8c8e2,->,56bc9ef1-e398-4017-9891-993dd48c7779,view/pharmacist/PharmacistMainView.java,setTitle
56bc9ef1-e398-4017-9891-993dd48c7779,709603eb-28f9-4486-a71e-e9ccb5512953,30ca61a2-1108-48b6-9be2-fd309ea8c8e2,->,56bc9ef1-e398-4017-9891-993dd48c7779,view/pharmacist/PharmacistMainView.java,addWindowListener
56bc9ef1-e398-4017-9891-993dd48c7779,709603eb-28f9-4486-a71e-e9ccb5512953,ba7cd888-9a5b-4522-924a-b15328ce5090,->,56bc9ef1-e398-4017-9891-993dd48c7779,javax/swing/JPanel.java,setLayout
56bc9ef1-e398-4017-9891-993dd48c7779,709603eb-28f9-4486-a71e-e9ccb5512953,ba7cd888-9a5b-4522-924a-b15328ce5090,->,56bc9ef1-e398-4017-9891-993dd48c7779,709603eb-28f9-4486-a71e-e9ccb5512953,3ac0a82d-3c01-404d-9416-53d296cf6429
56bc9ef1-e398-4017-9891-993dd48c7779,709603eb-28f9-4486-a71e-e9ccb5512953,ba7cd888-9a5b-4522-924a-b15328ce5090,->,56bc9ef1-e398-4017-9891-993dd48c7779,javax/swing/JPanel.java,add
56bc9ef1-e398-4017-9891-993dd48c7779,view/nurse/NurseMainView$1.java,windowClosing,->,56bc9ef1-e398-4017-9891-993dd48c7779,java/lang/StringBuilder.java,append
56bc9ef1-e398-4017-9891-993dd48c7779,view/nurse/NurseMainView$1.java,windowClosing,->,56bc9ef1-e398-4017-9891-993dd48c7779,f9e2f9f7-fac7-4759-b1fc-92f891d1d5fe,2d7a37b2-95eb-4089-8168-006e2725d01d
56bc9ef1-e398-4017-9891-993dd48c7779,view/nurse/NurseMainView$1.java,windowClosing,->,56bc9ef1-e398-4017-9891-993dd48c7779,java/lang/StringBuilder.java,append
56bc9ef1-e398-4017-9891-993dd48c7779,view/nurse/NurseMainView$1.java,windowClosing,->,56bc9ef1-e398-4017-9891-993dd48c7779,f9e2f9f7-fac7-4759-b1fc-92f891d1d5fe,96a7b807-f74f-4915-b4aa-742ee197e255
56bc9ef1-e398-4017-9891-993dd48c7779,view/nurse/NurseMainView$1.java,windowClosing,->,56bc9ef1-e398-4017-9891-993dd48c7779,java/lang/StringBuilder.java,append
56bc9ef1-e398-4017-9891-993dd48c7779,view/nurse/NurseMainView$1.java,windowClosing,->,56bc9ef1-e398-4017-9891-993dd48c7779,java/lang/StringBuilder.java,append
56bc9ef1-e398-4017-9891-993dd48c7779,view/nurse/NurseMainView$1.java,windowClosing,->,56bc9ef1-e398-4017-9891-993dd48c7779,java/lang/StringBuilder.java,toString
56bc9ef1-e398-4017-9891-993dd48c7779,view/nurse/NurseMainView$1.java,windowClosing,->,56bc9ef1-e398-4017-9891-993dd48c7779,java/io/PrintStream.java,println
56bc9ef1-e398-4017-9891-993dd48c7779,view/nurse/NurseMainView$1.java,windowClosing,->,56bc9ef1-e398-4017-9891-993dd48c7779,9033f050-74ea-4e93-98dd-65ad9a5d5720,b260e6ec-09d6-4901-a017-e4855f561315
56bc9ef1-e398-4017-9891-993dd48c7779,4f0c89c8-86d8-4007-bbe7-fb126de2e6b8,379f8222-f70e-451e-918a-7c1f6067adb8,->,56bc9ef1-e398-4017-9891-993dd48c7779,view/nurse/NurseMainView.java,setSize
56bc9ef1-e398-4017-9891-993dd48c7779,4f0c89c8-86d8-4007-bbe7-fb126de2e6b8,379f8222-f70e-451e-918a-7c1f6067adb8,->,56bc9ef1-e398-4017-9891-993dd48c7779,4f0c89c8-86d8-4007-bbe7-fb126de2e6b8,22baef55-acab-4796-8fe0-5ade609cdb06
56bc9ef1-e398-4017-9891-993dd48c7779,4f0c89c8-86d8-4007-bbe7-fb126de2e6b8,379f8222-f70e-451e-918a-7c1f6067adb8,->,56bc9ef1-e398-4017-9891-993dd48c7779,view/nurse/NurseMainView.java,setContentPane
56bc9ef1-e398-4017-9891-993dd48c7779,4f0c89c8-86d8-4007-bbe7-fb126de2e6b8,379f8222-f70e-451e-918a-7c1f6067adb8,->,56bc9ef1-e398-4017-9891-993dd48c7779,view/nurse/NurseMainView.java,setTitle
56bc9ef1-e398-4017-9891-993dd48c7779,4f0c89c8-86d8-4007-bbe7-fb126de2e6b8,379f8222-f70e-451e-918a-7c1f6067adb8,->,56bc9ef1-e398-4017-9891-993dd48c7779,view/nurse/NurseMainView.java,addWindowListener
56bc9ef1-e398-4017-9891-993dd48c7779,4f0c89c8-86d8-4007-bbe7-fb126de2e6b8,22baef55-acab-4796-8fe0-5ade609cdb06,->,56bc9ef1-e398-4017-9891-993dd48c7779,javax/swing/JPanel.java,setLayout
56bc9ef1-e398-4017-9891-993dd48c7779,4f0c89c8-86d8-4007-bbe7-fb126de2e6b8,22baef55-acab-4796-8fe0-5ade609cdb06,->,56bc9ef1-e398-4017-9891-993dd48c7779,4f0c89c8-86d8-4007-bbe7-fb126de2e6b8,77dbfb9a-c1fa-4050-a0e1-f8cfcff30eae
56bc9ef1-e398-4017-9891-993dd48c7779,4f0c89c8-86d8-4007-bbe7-fb126de2e6b8,22baef55-acab-4796-8fe0-5ade609cdb06,->,56bc9ef1-e398-4017-9891-993dd48c7779,javax/swing/JPanel.java,add
56bc9ef1-e398-4017-9891-993dd48c7779,8f2d8faa-b372-490a-a446-58f634f0deaa,ad1e2cd8-1de8-46f5-b333-ac6ab0391f86,->,56bc9ef1-e398-4017-9891-993dd48c7779,javax/swing/JLabel.java,setText
56bc9ef1-e398-4017-9891-993dd48c7779,8f2d8faa-b372-490a-a446-58f634f0deaa,ad1e2cd8-1de8-46f5-b333-ac6ab0391f86,->,56bc9ef1-e398-4017-9891-993dd48c7779,view/nurse/PrintPrescriptionPanel.java,setSize
56bc9ef1-e398-4017-9891-993dd48c7779,8f2d8faa-b372-490a-a446-58f634f0deaa,ad1e2cd8-1de8-46f5-b333-ac6ab0391f86,->,56bc9ef1-e398-4017-9891-993dd48c7779,view/nurse/PrintPrescriptionPanel.java,setLayout
56bc9ef1-e398-4017-9891-993dd48c7779,8f2d8faa-b372-490a-a446-58f634f0deaa,ad1e2cd8-1de8-46f5-b333-ac6ab0391f86,->,56bc9ef1-e398-4017-9891-993dd48c7779,view/nurse/PrintPrescriptionPanel.java,add
56bc9ef1-e398-4017-9891-993dd48c7779,8f2d8faa-b372-490a-a446-58f634f0deaa,ad1e2cd8-1de8-46f5-b333-ac6ab0391f86,->,56bc9ef1-e398-4017-9891-993dd48c7779,8f2d8faa-b372-490a-a446-58f634f0deaa,e4e2498a-3648-4d87-a9cc-8e397f8c5a27
56bc9ef1-e398-4017-9891-993dd48c7779,8f2d8faa-b372-490a-a446-58f634f0deaa,ad1e2cd8-1de8-46f5-b333-ac6ab0391f86,->,56bc9ef1-e398-4017-9891-993dd48c7779,view/nurse/PrintPrescriptionPanel.java,add
56bc9ef1-e398-4017-9891-993dd48c7779,8f2d8faa-b372-490a-a446-58f634f0deaa,ad1e2cd8-1de8-46f5-b333-ac6ab0391f86,->,56bc9ef1-e398-4017-9891-993dd48c7779,8f2d8faa-b372-490a-a446-58f634f0deaa,a9e40474-0b58-46cc-aa7b-852c3e884a01
56bc9ef1-e398-4017-9891-993dd48c7779,8f2d8faa-b372-490a-a446-58f634f0deaa,ad1e2cd8-1de8-46f5-b333-ac6ab0391f86,->,56bc9ef1-e398-4017-9891-993dd48c7779,view/nurse/PrintPrescriptionPanel.java,add
56bc9ef1-e398-4017-9891-993dd48c7779,8f2d8faa-b372-490a-a446-58f634f0deaa,e4e2498a-3648-4d87-a9cc-8e397f8c5a27,->,56bc9ef1-e398-4017-9891-993dd48c7779,javax/swing/JTextField.java,setColumns
56bc9ef1-e398-4017-9891-993dd48c7779,8f2d8faa-b372-490a-a446-58f634f0deaa,a9e40474-0b58-46cc-aa7b-852c3e884a01,->,56bc9ef1-e398-4017-9891-993dd48c7779,javax/swing/JButton.java,setText
56bc9ef1-e398-4017-9891-993dd48c7779,8f2d8faa-b372-490a-a446-58f634f0deaa,a9e40474-0b58-46cc-aa7b-852c3e884a01,->,56bc9ef1-e398-4017-9891-993dd48c7779,javax/swing/JButton.java,addActionListener
56bc9ef1-e398-4017-9891-993dd48c7779,9987f0f6-f911-4e12-9a87-1c06c0bcf525,6b147b9b-3f18-4ba6-801f-36fedd45d3ee,->,56bc9ef1-e398-4017-9891-993dd48c7779,view/nurse/NurseMainTabbedPane.java,setSize
56bc9ef1-e398-4017-9891-993dd48c7779,9987f0f6-f911-4e12-9a87-1c06c0bcf525,6b147b9b-3f18-4ba6-801f-36fedd45d3ee,->,56bc9ef1-e398-4017-9891-993dd48c7779,9987f0f6-f911-4e12-9a87-1c06c0bcf525,a07ccab4-2e01-4173-8457-d25f8698e118
56bc9ef1-e398-4017-9891-993dd48c7779,9987f0f6-f911-4e12-9a87-1c06c0bcf525,6b147b9b-3f18-4ba6-801f-36fedd45d3ee,->,56bc9ef1-e398-4017-9891-993dd48c7779,view/nurse/NurseMainTabbedPane.java,addTab
56bc9ef1-e398-4017-9891-993dd48c7779,9987f0f6-f911-4e12-9a87-1c06c0bcf525,6b147b9b-3f18-4ba6-801f-36fedd45d3ee,->,56bc9ef1-e398-4017-9891-993dd48c7779,9987f0f6-f911-4e12-9a87-1c06c0bcf525,68d0dd56-d337-4e03-b5cc-6f8445fe59b0
56bc9ef1-e398-4017-9891-993dd48c7779,9987f0f6-f911-4e12-9a87-1c06c0bcf525,6b147b9b-3f18-4ba6-801f-36fedd45d3ee,->,56bc9ef1-e398-4017-9891-993dd48c7779,view/nurse/NurseMainTabbedPane.java,addTab
56bc9ef1-e398-4017-9891-993dd48c7779,view/nurse/PrintPrescriptionPanel$1.java,actionPerformed,->,56bc9ef1-e398-4017-9891-993dd48c7779,097f82c6-ab9d-4d49-9ff0-e79a430fd0f8,49da4ba8-1e3a-4334-be74-3ad964f85291
56bc9ef1-e398-4017-9891-993dd48c7779,view/nurse/PrintPrescriptionPanel$1.java,actionPerformed,->,56bc9ef1-e398-4017-9891-993dd48c7779,view/nurse/PrintPrescriptionPanel.java,access$000
56bc9ef1-e398-4017-9891-993dd48c7779,view/nurse/PrintPrescriptionPanel$1.java,actionPerformed,->,56bc9ef1-e398-4017-9891-993dd48c7779,javax/swing/JTextField.java,getText
56bc9ef1-e398-4017-9891-993dd48c7779,view/nurse/PrintPrescriptionPanel$1.java,actionPerformed,->,56bc9ef1-e398-4017-9891-993dd48c7779,storage/patient/PatientStorage.java,get
56bc9ef1-e398-4017-9891-993dd48c7779,view/nurse/PrintPrescriptionPanel$1.java,actionPerformed,->,56bc9ef1-e398-4017-9891-993dd48c7779,javax/swing/JOptionPane.java,showMessageDialog
56bc9ef1-e398-4017-9891-993dd48c7779,view/nurse/PrintPrescriptionPanel$1.java,actionPerformed,->,56bc9ef1-e398-4017-9891-993dd48c7779,4b8d5f65-5cf8-4a32-a5a0-d360506f8ce3,5561e1ad-ef29-4af0-b176-12a16cd01774
56bc9ef1-e398-4017-9891-993dd48c7779,view/nurse/PrintPrescriptionPanel$1.java,actionPerformed,->,56bc9ef1-e398-4017-9891-993dd48c7779,storage/prescription/PrescriptionStorage.java,iterator
56bc9ef1-e398-4017-9891-993dd48c7779,view/nurse/PrintPrescriptionPanel$1.java,actionPerformed,->,56bc9ef1-e398-4017-9891-993dd48c7779,java/util/Iterator.java,hasNext
56bc9ef1-e398-4017-9891-993dd48c7779,view/nurse/PrintPrescriptionPanel$1.java,actionPerformed,->,56bc9ef1-e398-4017-9891-993dd48c7779,java/util/Iterator.java,next
56bc9ef1-e398-4017-9891-993dd48c7779,view/nurse/PrintPrescriptionPanel$1.java,actionPerformed,->,56bc9ef1-e398-4017-9891-993dd48c7779,2711ec2f-03c1-48f2-bb0a-34585525605a,1f8f77b9-66b8-4baf-a4f8-971860e088b2
56bc9ef1-e398-4017-9891-993dd48c7779,view/nurse/PrintPrescriptionPanel$1.java,actionPerformed,->,56bc9ef1-e398-4017-9891-993dd48c7779,view/nurse/PrintPrescriptionPanel.java,access$000
56bc9ef1-e398-4017-9891-993dd48c7779,view/nurse/PrintPrescriptionPanel$1.java,actionPerformed,->,56bc9ef1-e398-4017-9891-993dd48c7779,javax/swing/JTextField.java,getText
56bc9ef1-e398-4017-9891-993dd48c7779,view/nurse/PrintPrescriptionPanel$1.java,actionPerformed,->,56bc9ef1-e398-4017-9891-993dd48c7779,java/lang/String.java,equals
56bc9ef1-e398-4017-9891-993dd48c7779,view/nurse/PrintPrescriptionPanel$1.java,actionPerformed,->,56bc9ef1-e398-4017-9891-993dd48c7779,java/lang/StringBuilder.java,append
56bc9ef1-e398-4017-9891-993dd48c7779,view/nurse/PrintPrescriptionPanel$1.java,actionPerformed,->,56bc9ef1-e398-4017-9891-993dd48c7779,2711ec2f-03c1-48f2-bb0a-34585525605a,68cff843-2987-489f-9820-0b64242f04d6
56bc9ef1-e398-4017-9891-993dd48c7779,view/nurse/PrintPrescriptionPanel$1.java,actionPerformed,->,56bc9ef1-e398-4017-9891-993dd48c7779,java/lang/StringBuilder.java,append
56bc9ef1-e398-4017-9891-993dd48c7779,view/nurse/PrintPrescriptionPanel$1.java,actionPerformed,->,56bc9ef1-e398-4017-9891-993dd48c7779,java/lang/StringBuilder.java,append
56bc9ef1-e398-4017-9891-993dd48c7779,view/nurse/PrintPrescriptionPanel$1.java,actionPerformed,->,56bc9ef1-e398-4017-9891-993dd48c7779,java/lang/StringBuilder.java,append
56bc9ef1-e398-4017-9891-993dd48c7779,view/nurse/PrintPrescriptionPanel$1.java,actionPerformed,->,56bc9ef1-e398-4017-9891-993dd48c7779,2711ec2f-03c1-48f2-bb0a-34585525605a,75f7f47c-4b17-43ee-88a6-889e57ba6bda
56bc9ef1-e398-4017-9891-993dd48c7779,view/nurse/PrintPrescriptionPanel$1.java,actionPerformed,->,56bc9ef1-e398-4017-9891-993dd48c7779,java/lang/StringBuilder.java,append
56bc9ef1-e398-4017-9891-993dd48c7779,view/nurse/PrintPrescriptionPanel$1.java,actionPerformed,->,56bc9ef1-e398-4017-9891-993dd48c7779,java/lang/StringBuilder.java,append
56bc9ef1-e398-4017-9891-993dd48c7779,view/nurse/PrintPrescriptionPanel$1.java,actionPerformed,->,56bc9ef1-e398-4017-9891-993dd48c7779,java/lang/StringBuilder.java,append
56bc9ef1-e398-4017-9891-993dd48c7779,view/nurse/PrintPrescriptionPanel$1.java,actionPerformed,->,56bc9ef1-e398-4017-9891-993dd48c7779,2711ec2f-03c1-48f2-bb0a-34585525605a,715ec888-a016-4ec4-a36b-884e26589ed6
56bc9ef1-e398-4017-9891-993dd48c7779,view/nurse/PrintPrescriptionPanel$1.java,actionPerformed,->,56bc9ef1-e398-4017-9891-993dd48c7779,java/lang/StringBuilder.java,append
56bc9ef1-e398-4017-9891-993dd48c7779,view/nurse/PrintPrescriptionPanel$1.java,actionPerformed,->,56bc9ef1-e398-4017-9891-993dd48c7779,java/lang/StringBuilder.java,append
56bc9ef1-e398-4017-9891-993dd48c7779,view/nurse/PrintPrescriptionPanel$1.java,actionPerformed,->,56bc9ef1-e398-4017-9891-993dd48c7779,java/lang/StringBuilder.java,append
56bc9ef1-e398-4017-9891-993dd48c7779,view/nurse/PrintPrescriptionPanel$1.java,actionPerformed,->,56bc9ef1-e398-4017-9891-993dd48c7779,2711ec2f-03c1-48f2-bb0a-34585525605a,e5acf25a-f068-41cb-9898-6f8d7231ce6a
56bc9ef1-e398-4017-9891-993dd48c7779,view/nurse/PrintPrescriptionPanel$1.java,actionPerformed,->,56bc9ef1-e398-4017-9891-993dd48c7779,java/lang/StringBuilder.java,append
56bc9ef1-e398-4017-9891-993dd48c7779,view/nurse/PrintPrescriptionPanel$1.java,actionPerformed,->,56bc9ef1-e398-4017-9891-993dd48c7779,java/lang/StringBuilder.java,append
56bc9ef1-e398-4017-9891-993dd48c7779,view/nurse/PrintPrescriptionPanel$1.java,actionPerformed,->,56bc9ef1-e398-4017-9891-993dd48c7779,java/lang/StringBuilder.java,append
56bc9ef1-e398-4017-9891-993dd48c7779,view/nurse/PrintPrescriptionPanel$1.java,actionPerformed,->,56bc9ef1-e398-4017-9891-993dd48c7779,2711ec2f-03c1-48f2-bb0a-34585525605a,c0a63a2d-45ad-4ec2-91ce-3d0578e12069
56bc9ef1-e398-4017-9891-993dd48c7779,view/nurse/PrintPrescriptionPanel$1.java,actionPerformed,->,56bc9ef1-e398-4017-9891-993dd48c7779,java/lang/StringBuilder.java,append
56bc9ef1-e398-4017-9891-993dd48c7779,view/nurse/PrintPrescriptionPanel$1.java,actionPerformed,->,56bc9ef1-e398-4017-9891-993dd48c7779,java/lang/StringBuilder.java,append
56bc9ef1-e398-4017-9891-993dd48c7779,view/nurse/PrintPrescriptionPanel$1.java,actionPerformed,->,56bc9ef1-e398-4017-9891-993dd48c7779,java/lang/StringBuilder.java,append
56bc9ef1-e398-4017-9891-993dd48c7779,view/nurse/PrintPrescriptionPanel$1.java,actionPerformed,->,56bc9ef1-e398-4017-9891-993dd48c7779,2711ec2f-03c1-48f2-bb0a-34585525605a,25a48f8a-e67e-45d9-b6e7-e3143a711d64
56bc9ef1-e398-4017-9891-993dd48c7779,view/nurse/PrintPrescriptionPanel$1.java,actionPerformed,->,56bc9ef1-e398-4017-9891-993dd48c7779,2711ec2f-03c1-48f2-bb0a-34585525605a,1da99f2f-c23e-4762-8620-1d6c2626aa94
56bc9ef1-e398-4017-9891-993dd48c7779,view/nurse/PrintPrescriptionPanel$1.java,actionPerformed,->,56bc9ef1-e398-4017-9891-993dd48c7779,java/lang/StringBuilder.java,append
56bc9ef1-e398-4017-9891-993dd48c7779,view/nurse/PrintPrescriptionPanel$1.java,actionPerformed,->,56bc9ef1-e398-4017-9891-993dd48c7779,java/lang/StringBuilder.java,append
56bc9ef1-e398-4017-9891-993dd48c7779,view/nurse/PrintPrescriptionPanel$1.java,actionPerformed,->,56bc9ef1-e398-4017-9891-993dd48c7779,java/lang/StringBuilder.java,toString
56bc9ef1-e398-4017-9891-993dd48c7779,view/nurse/PrintPrescriptionPanel$1.java,actionPerformed,->,56bc9ef1-e398-4017-9891-993dd48c7779,javax/swing/JOptionPane.java,showMessageDialog
56bc9ef1-e398-4017-9891-993dd48c7779,view/nurse/ArrangeInpectionPanel$1.java,actionPerformed,->,56bc9ef1-e398-4017-9891-993dd48c7779,097f82c6-ab9d-4d49-9ff0-e79a430fd0f8,49da4ba8-1e3a-4334-be74-3ad964f85291
56bc9ef1-e398-4017-9891-993dd48c7779,view/nurse/ArrangeInpectionPanel$1.java,actionPerformed,->,56bc9ef1-e398-4017-9891-993dd48c7779,view/nurse/ArrangeInpectionPanel.java,access$000
56bc9ef1-e398-4017-9891-993dd48c7779,view/nurse/ArrangeInpectionPanel$1.java,actionPerformed,->,56bc9ef1-e398-4017-9891-993dd48c7779,javax/swing/JTextField.java,getText
56bc9ef1-e398-4017-9891-993dd48c7779,view/nurse/ArrangeInpectionPanel$1.java,actionPerformed,->,56bc9ef1-e398-4017-9891-993dd48c7779,storage/patient/PatientStorage.java,get
56bc9ef1-e398-4017-9891-993dd48c7779,view/nurse/ArrangeInpectionPanel$1.java,actionPerformed,->,56bc9ef1-e398-4017-9891-993dd48c7779,javax/swing/JOptionPane.java,showMessageDialog
56bc9ef1-e398-4017-9891-993dd48c7779,view/nurse/ArrangeInpectionPanel$1.java,actionPerformed,->,56bc9ef1-e398-4017-9891-993dd48c7779,d53a3f11-0db1-4103-8e66-3f5b79298a07,02628f01-3426-4a9f-92d9-bd0a4b558e44
56bc9ef1-e398-4017-9891-993dd48c7779,view/nurse/ArrangeInpectionPanel$1.java,actionPerformed,->,56bc9ef1-e398-4017-9891-993dd48c7779,d53a3f11-0db1-4103-8e66-3f5b79298a07,e8241a4b-9c11-469a-bf56-10e717ff3666
56bc9ef1-e398-4017-9891-993dd48c7779,view/nurse/ArrangeInpectionPanel$1.java,actionPerformed,->,56bc9ef1-e398-4017-9891-993dd48c7779,view/nurse/ArrangeInpectionPanel.java,access$100
56bc9ef1-e398-4017-9891-993dd48c7779,view/nurse/ArrangeInpectionPanel$1.java,actionPerformed,->,56bc9ef1-e398-4017-9891-993dd48c7779,javax/swing/JComboBox.java,getSelectedItem
56bc9ef1-e398-4017-9891-993dd48c7779,view/nurse/ArrangeInpectionPanel$1.java,actionPerformed,->,56bc9ef1-e398-4017-9891-993dd48c7779,storage/InspectionPlaceStorage.java,get
56bc9ef1-e398-4017-9891-993dd48c7779,view/nurse/ArrangeInpectionPanel$1.java,actionPerformed,->,56bc9ef1-e398-4017-9891-993dd48c7779,58e3ac89-da19-4876-863a-c8369111f2d2,747f664a-1d36-4105-a39c-5f141ae8fa1e
56bc9ef1-e398-4017-9891-993dd48c7779,view/nurse/ArrangeInpectionPanel$1.java,actionPerformed,->,56bc9ef1-e398-4017-9891-993dd48c7779,view/nurse/ArrangeInpectionPanel.java,access$000
56bc9ef1-e398-4017-9891-993dd48c7779,view/nurse/ArrangeInpectionPanel$1.java,actionPerformed,->,56bc9ef1-e398-4017-9891-993dd48c7779,javax/swing/JTextField.java,getText
56bc9ef1-e398-4017-9891-993dd48c7779,view/nurse/ArrangeInpectionPanel$1.java,actionPerformed,->,56bc9ef1-e398-4017-9891-993dd48c7779,storage/patient/PatientStorage.java,get
56bc9ef1-e398-4017-9891-993dd48c7779,view/nurse/ArrangeInpectionPanel$1.java,actionPerformed,->,56bc9ef1-e398-4017-9891-993dd48c7779,list/InspectionList.java,add
56bc9ef1-e398-4017-9891-993dd48c7779,view/nurse/ArrangeInpectionPanel$1.java,actionPerformed,->,56bc9ef1-e398-4017-9891-993dd48c7779,javax/swing/JOptionPane.java,showMessageDialog
56bc9ef1-e398-4017-9891-993dd48c7779,c9cadbfc-e2d8-45fc-8e9b-1b4384b5690a,c4812cb9-940b-4849-a232-87e12d622d9f,->,56bc9ef1-e398-4017-9891-993dd48c7779,javax/swing/JLabel.java,setText
56bc9ef1-e398-4017-9891-993dd48c7779,c9cadbfc-e2d8-45fc-8e9b-1b4384b5690a,c4812cb9-940b-4849-a232-87e12d622d9f,->,56bc9ef1-e398-4017-9891-993dd48c7779,javax/swing/JLabel.java,setText
56bc9ef1-e398-4017-9891-993dd48c7779,c9cadbfc-e2d8-45fc-8e9b-1b4384b5690a,c4812cb9-940b-4849-a232-87e12d622d9f,->,56bc9ef1-e398-4017-9891-993dd48c7779,view/nurse/ArrangeInpectionPanel.java,setSize
56bc9ef1-e398-4017-9891-993dd48c7779,c9cadbfc-e2d8-45fc-8e9b-1b4384b5690a,c4812cb9-940b-4849-a232-87e12d622d9f,->,56bc9ef1-e398-4017-9891-993dd48c7779,view/nurse/ArrangeInpectionPanel.java,setLayout
56bc9ef1-e398-4017-9891-993dd48c7779,c9cadbfc-e2d8-45fc-8e9b-1b4384b5690a,c4812cb9-940b-4849-a232-87e12d622d9f,->,56bc9ef1-e398-4017-9891-993dd48c7779,view/nurse/ArrangeInpectionPanel.java,add
56bc9ef1-e398-4017-9891-993dd48c7779,c9cadbfc-e2d8-45fc-8e9b-1b4384b5690a,c4812cb9-940b-4849-a232-87e12d622d9f,->,56bc9ef1-e398-4017-9891-993dd48c7779,c9cadbfc-e2d8-45fc-8e9b-1b4384b5690a,4a1cdd6e-4f59-4545-bca7-b0d4e3702cf4
56bc9ef1-e398-4017-9891-993dd48c7779,c9cadbfc-e2d8-45fc-8e9b-1b4384b5690a,c4812cb9-940b-4849-a232-87e12d622d9f,->,56bc9ef1-e398-4017-9891-993dd48c7779,view/nurse/ArrangeInpectionPanel.java,add
56bc9ef1-e398-4017-9891-993dd48c7779,c9cadbfc-e2d8-45fc-8e9b-1b4384b5690a,c4812cb9-940b-4849-a232-87e12d622d9f,->,56bc9ef1-e398-4017-9891-993dd48c7779,c9cadbfc-e2d8-45fc-8e9b-1b4384b5690a,2b2578cd-8790-4b4d-af9e-56ffc0e6ff17
56bc9ef1-e398-4017-9891-993dd48c7779,c9cadbfc-e2d8-45fc-8e9b-1b4384b5690a,c4812cb9-940b-4849-a232-87e12d622d9f,->,56bc9ef1-e398-4017-9891-993dd48c7779,view/nurse/ArrangeInpectionPanel.java,add
56bc9ef1-e398-4017-9891-993dd48c7779,c9cadbfc-e2d8-45fc-8e9b-1b4384b5690a,c4812cb9-940b-4849-a232-87e12d622d9f,->,56bc9ef1-e398-4017-9891-993dd48c7779,view/nurse/ArrangeInpectionPanel.java,add
56bc9ef1-e398-4017-9891-993dd48c7779,c9cadbfc-e2d8-45fc-8e9b-1b4384b5690a,c4812cb9-940b-4849-a232-87e12d622d9f,->,56bc9ef1-e398-4017-9891-993dd48c7779,c9cadbfc-e2d8-45fc-8e9b-1b4384b5690a,cc3c7370-3474-4391-8738-823775af1d07
56bc9ef1-e398-4017-9891-993dd48c7779,c9cadbfc-e2d8-45fc-8e9b-1b4384b5690a,c4812cb9-940b-4849-a232-87e12d622d9f,->,56bc9ef1-e398-4017-9891-993dd48c7779,view/nurse/ArrangeInpectionPanel.java,add
56bc9ef1-e398-4017-9891-993dd48c7779,c9cadbfc-e2d8-45fc-8e9b-1b4384b5690a,4a1cdd6e-4f59-4545-bca7-b0d4e3702cf4,->,56bc9ef1-e398-4017-9891-993dd48c7779,javax/swing/JTextField.java,setColumns
56bc9ef1-e398-4017-9891-993dd48c7779,c9cadbfc-e2d8-45fc-8e9b-1b4384b5690a,2b2578cd-8790-4b4d-af9e-56ffc0e6ff17,->,56bc9ef1-e398-4017-9891-993dd48c7779,storage/inspectionreport/InspectionDivision.java,values
56bc9ef1-e398-4017-9891-993dd48c7779,c9cadbfc-e2d8-45fc-8e9b-1b4384b5690a,2b2578cd-8790-4b4d-af9e-56ffc0e6ff17,->,56bc9ef1-e398-4017-9891-993dd48c7779,javax/swing/JComboBox.java,addItem
56bc9ef1-e398-4017-9891-993dd48c7779,c9cadbfc-e2d8-45fc-8e9b-1b4384b5690a,cc3c7370-3474-4391-8738-823775af1d07,->,56bc9ef1-e398-4017-9891-993dd48c7779,javax/swing/JButton.java,setText
56bc9ef1-e398-4017-9891-993dd48c7779,c9cadbfc-e2d8-45fc-8e9b-1b4384b5690a,cc3c7370-3474-4391-8738-823775af1d07,->,56bc9ef1-e398-4017-9891-993dd48c7779,javax/swing/JButton.java,addActionListener
56bc9ef1-e398-4017-9891-993dd48c7779,a5612a61-1c33-4c6b-bb79-61d5789923f0,9d0ff0f9-e0e5-4a44-8ecf-5bf3303093f3,->,56bc9ef1-e398-4017-9891-993dd48c7779,javax/swing/JLabel.java,setText
56bc9ef1-e398-4017-9891-993dd48c7779,a5612a61-1c33-4c6b-bb79-61d5789923f0,9d0ff0f9-e0e5-4a44-8ecf-5bf3303093f3,->,56bc9ef1-e398-4017-9891-993dd48c7779,view/doctor/DecideHospitalizePanel.java,setSize
56bc9ef1-e398-4017-9891-993dd48c7779,a5612a61-1c33-4c6b-bb79-61d5789923f0,9d0ff0f9-e0e5-4a44-8ecf-5bf3303093f3,->,56bc9ef1-e398-4017-9891-993dd48c7779,view/doctor/DecideHospitalizePanel.java,setLayout
56bc9ef1-e398-4017-9891-993dd48c7779,a5612a61-1c33-4c6b-bb79-61d5789923f0,9d0ff0f9-e0e5-4a44-8ecf-5bf3303093f3,->,56bc9ef1-e398-4017-9891-993dd48c7779,view/doctor/DecideHospitalizePanel.java,add
56bc9ef1-e398-4017-9891-993dd48c7779,a5612a61-1c33-4c6b-bb79-61d5789923f0,9d0ff0f9-e0e5-4a44-8ecf-5bf3303093f3,->,56bc9ef1-e398-4017-9891-993dd48c7779,a5612a61-1c33-4c6b-bb79-61d5789923f0,65d7d27e-5342-4f76-a47d-32fdf4474074
56bc9ef1-e398-4017-9891-993dd48c7779,a5612a61-1c33-4c6b-bb79-61d5789923f0,9d0ff0f9-e0e5-4a44-8ecf-5bf3303093f3,->,56bc9ef1-e398-4017-9891-993dd48c7779,view/doctor/DecideHospitalizePanel.java,add
56bc9ef1-e398-4017-9891-993dd48c7779,a5612a61-1c33-4c6b-bb79-61d5789923f0,9d0ff0f9-e0e5-4a44-8ecf-5bf3303093f3,->,56bc9ef1-e398-4017-9891-993dd48c7779,a5612a61-1c33-4c6b-bb79-61d5789923f0,ea6d4119-0a1b-45ad-9d17-9cb94c980151
56bc9ef1-e398-4017-9891-993dd48c7779,a5612a61-1c33-4c6b-bb79-61d5789923f0,9d0ff0f9-e0e5-4a44-8ecf-5bf3303093f3,->,56bc9ef1-e398-4017-9891-993dd48c7779,view/doctor/DecideHospitalizePanel.java,add
56bc9ef1-e398-4017-9891-993dd48c7779,a5612a61-1c33-4c6b-bb79-61d5789923f0,9d0ff0f9-e0e5-4a44-8ecf-5bf3303093f3,->,56bc9ef1-e398-4017-9891-993dd48c7779,a5612a61-1c33-4c6b-bb79-61d5789923f0,2abdbb1a-bfd4-45d5-b1f6-c92fc53bb179
56bc9ef1-e398-4017-9891-993dd48c7779,a5612a61-1c33-4c6b-bb79-61d5789923f0,9d0ff0f9-e0e5-4a44-8ecf-5bf3303093f3,->,56bc9ef1-e398-4017-9891-993dd48c7779,view/doctor/DecideHospitalizePanel.java,add
56bc9ef1-e398-4017-9891-993dd48c7779,a5612a61-1c33-4c6b-bb79-61d5789923f0,ea6d4119-0a1b-45ad-9d17-9cb94c980151,->,56bc9ef1-e398-4017-9891-993dd48c7779,javax/swing/JButton.java,setText
56bc9ef1-e398-4017-9891-993dd48c7779,a5612a61-1c33-4c6b-bb79-61d5789923f0,ea6d4119-0a1b-45ad-9d17-9cb94c980151,->,56bc9ef1-e398-4017-9891-993dd48c7779,javax/swing/JButton.java,addActionListener
56bc9ef1-e398-4017-9891-993dd48c7779,a5612a61-1c33-4c6b-bb79-61d5789923f0,2abdbb1a-bfd4-45d5-b1f6-c92fc53bb179,->,56bc9ef1-e398-4017-9891-993dd48c7779,javax/swing/JButton.java,setText
56bc9ef1-e398-4017-9891-993dd48c7779,a5612a61-1c33-4c6b-bb79-61d5789923f0,2abdbb1a-bfd4-45d5-b1f6-c92fc53bb179,->,56bc9ef1-e398-4017-9891-993dd48c7779,javax/swing/JButton.java,addActionListener
56bc9ef1-e398-4017-9891-993dd48c7779,view/doctor/SeeMedicinesPanel$1.java,actionPerformed,->,56bc9ef1-e398-4017-9891-993dd48c7779,view/doctor/SeeMedicinesPanel.java,access$000
56bc9ef1-e398-4017-9891-993dd48c7779,view/doctor/SeeMedicinesPanel$1.java,actionPerformed,->,56bc9ef1-e398-4017-9891-993dd48c7779,3b8a581e-0ab4-4f96-b50c-ab33935f7d84,9bc1e3e8-1199-489a-8cdf-db7ebeacc143
56bc9ef1-e398-4017-9891-993dd48c7779,view/doctor/SeeMedicinesPanel$1.java,actionPerformed,->,56bc9ef1-e398-4017-9891-993dd48c7779,2711ec2f-03c1-48f2-bb0a-34585525605a,1da99f2f-c23e-4762-8620-1d6c2626aa94
56bc9ef1-e398-4017-9891-993dd48c7779,view/doctor/SeeMedicinesPanel$1.java,actionPerformed,->,56bc9ef1-e398-4017-9891-993dd48c7779,javax/swing/JTextArea.java,setText
56bc9ef1-e398-4017-9891-993dd48c7779,4c7e9fde-81ba-4fab-81ba-d1f4a4bd053b,f0f72b41-989c-403a-92b3-cee9b8675caf,->,56bc9ef1-e398-4017-9891-993dd48c7779,javax/swing/JLabel.java,setText
56bc9ef1-e398-4017-9891-993dd48c7779,4c7e9fde-81ba-4fab-81ba-d1f4a4bd053b,f0f72b41-989c-403a-92b3-cee9b8675caf,->,56bc9ef1-e398-4017-9891-993dd48c7779,javax/swing/JLabel.java,setText
56bc9ef1-e398-4017-9891-993dd48c7779,4c7e9fde-81ba-4fab-81ba-d1f4a4bd053b,f0f72b41-989c-403a-92b3-cee9b8675caf,->,56bc9ef1-e398-4017-9891-993dd48c7779,view/doctor/SeeInspectionReportPanel.java,setSize
56bc9ef1-e398-4017-9891-993dd48c7779,4c7e9fde-81ba-4fab-81ba-d1f4a4bd053b,f0f72b41-989c-403a-92b3-cee9b8675caf,->,56bc9ef1-e398-4017-9891-993dd48c7779,view/doctor/SeeInspectionReportPanel.java,setLayout
56bc9ef1-e398-4017-9891-993dd48c7779,4c7e9fde-81ba-4fab-81ba-d1f4a4bd053b,f0f72b41-989c-403a-92b3-cee9b8675caf,->,56bc9ef1-e398-4017-9891-993dd48c7779,view/doctor/SeeInspectionReportPanel.java,add
56bc9ef1-e398-4017-9891-993dd48c7779,4c7e9fde-81ba-4fab-81ba-d1f4a4bd053b,f0f72b41-989c-403a-92b3-cee9b8675caf,->,56bc9ef1-e398-4017-9891-993dd48c7779,view/doctor/SeeInspectionReportPanel.java,add
56bc9ef1-e398-4017-9891-993dd48c7779,4c7e9fde-81ba-4fab-81ba-d1f4a4bd053b,f0f72b41-989c-403a-92b3-cee9b8675caf,->,56bc9ef1-e398-4017-9891-993dd48c7779,4c7e9fde-81ba-4fab-81ba-d1f4a4bd053b,2c82e170-778b-4686-abcf-31c7447b30e1
56bc9ef1-e398-4017-9891-993dd48c7779,4c7e9fde-81ba-4fab-81ba-d1f4a4bd053b,f0f72b41-989c-403a-92b3-cee9b8675caf,->,56bc9ef1-e398-4017-9891-993dd48c7779,view/doctor/SeeInspectionReportPanel.java,add
56bc9ef1-e398-4017-9891-993dd48c7779,4c7e9fde-81ba-4fab-81ba-d1f4a4bd053b,f0f72b41-989c-403a-92b3-cee9b8675caf,->,56bc9ef1-e398-4017-9891-993dd48c7779,4c7e9fde-81ba-4fab-81ba-d1f4a4bd053b,51053c61-a1f1-4516-9165-7f4457149425
56bc9ef1-e398-4017-9891-993dd48c7779,4c7e9fde-81ba-4fab-81ba-d1f4a4bd053b,f0f72b41-989c-403a-92b3-cee9b8675caf,->,56bc9ef1-e398-4017-9891-993dd48c7779,view/doctor/SeeInspectionReportPanel.java,add
56bc9ef1-e398-4017-9891-993dd48c7779,4c7e9fde-81ba-4fab-81ba-d1f4a4bd053b,f0f72b41-989c-403a-92b3-cee9b8675caf,->,56bc9ef1-e398-4017-9891-993dd48c7779,4c7e9fde-81ba-4fab-81ba-d1f4a4bd053b,81caca7d-acd4-4dd6-b109-0e09d4c243d5
56bc9ef1-e398-4017-9891-993dd48c7779,4c7e9fde-81ba-4fab-81ba-d1f4a4bd053b,f0f72b41-989c-403a-92b3-cee9b8675caf,->,56bc9ef1-e398-4017-9891-993dd48c7779,view/doctor/SeeInspectionReportPanel.java,add
56bc9ef1-e398-4017-9891-993dd48c7779,4c7e9fde-81ba-4fab-81ba-d1f4a4bd053b,2c82e170-778b-4686-abcf-31c7447b30e1,->,56bc9ef1-e398-4017-9891-993dd48c7779,javax/swing/JButton.java,setText
56bc9ef1-e398-4017-9891-993dd48c7779,4c7e9fde-81ba-4fab-81ba-d1f4a4bd053b,2c82e170-778b-4686-abcf-31c7447b30e1,->,56bc9ef1-e398-4017-9891-993dd48c7779,javax/swing/JButton.java,addActionListener
56bc9ef1-e398-4017-9891-993dd48c7779,4c7e9fde-81ba-4fab-81ba-d1f4a4bd053b,51053c61-a1f1-4516-9165-7f4457149425,->,56bc9ef1-e398-4017-9891-993dd48c7779,javax/swing/JTextField.java,setColumns
56bc9ef1-e398-4017-9891-993dd48c7779,4c7e9fde-81ba-4fab-81ba-d1f4a4bd053b,81caca7d-acd4-4dd6-b109-0e09d4c243d5,->,56bc9ef1-e398-4017-9891-993dd48c7779,storage/inspectionreport/InspectionDivision.java,values
56bc9ef1-e398-4017-9891-993dd48c7779,4c7e9fde-81ba-4fab-81ba-d1f4a4bd053b,81caca7d-acd4-4dd6-b109-0e09d4c243d5,->,56bc9ef1-e398-4017-9891-993dd48c7779,javax/swing/JComboBox.java,addItem
56bc9ef1-e398-4017-9891-993dd48c7779,f1fed07a-18d7-404f-87b1-efcae25a8e92,6aa66a5f-06ce-4801-b5d7-7e93746c3ce6,->,56bc9ef1-e398-4017-9891-993dd48c7779,javax/swing/JLabel.java,setText
56bc9ef1-e398-4017-9891-993dd48c7779,f1fed07a-18d7-404f-87b1-efcae25a8e92,6aa66a5f-06ce-4801-b5d7-7e93746c3ce6,->,56bc9ef1-e398-4017-9891-993dd48c7779,javax/swing/JLabel.java,setText
56bc9ef1-e398-4017-9891-993dd48c7779,f1fed07a-18d7-404f-87b1-efcae25a8e92,6aa66a5f-06ce-4801-b5d7-7e93746c3ce6,->,56bc9ef1-e398-4017-9891-993dd48c7779,javax/swing/JLabel.java,setText
56bc9ef1-e398-4017-9891-993dd48c7779,f1fed07a-18d7-404f-87b1-efcae25a8e92,6aa66a5f-06ce-4801-b5d7-7e93746c3ce6,->,56bc9ef1-e398-4017-9891-993dd48c7779,javax/swing/JLabel.java,setText
56bc9ef1-e398-4017-9891-993dd48c7779,f1fed07a-18d7-404f-87b1-efcae25a8e92,6aa66a5f-06ce-4801-b5d7-7e93746c3ce6,->,56bc9ef1-e398-4017-9891-993dd48c7779,view/doctor/WritePrescriptionPanel.java,setSize
56bc9ef1-e398-4017-9891-993dd48c7779,f1fed07a-18d7-404f-87b1-efcae25a8e92,6aa66a5f-06ce-4801-b5d7-7e93746c3ce6,->,56bc9ef1-e398-4017-9891-993dd48c7779,view/doctor/WritePrescriptionPanel.java,setLayout
56bc9ef1-e398-4017-9891-993dd48c7779,f1fed07a-18d7-404f-87b1-efcae25a8e92,6aa66a5f-06ce-4801-b5d7-7e93746c3ce6,->,56bc9ef1-e398-4017-9891-993dd48c7779,view/doctor/WritePrescriptionPanel.java,add
56bc9ef1-e398-4017-9891-993dd48c7779,f1fed07a-18d7-404f-87b1-efcae25a8e92,6aa66a5f-06ce-4801-b5d7-7e93746c3ce6,->,56bc9ef1-e398-4017-9891-993dd48c7779,f1fed07a-18d7-404f-87b1-efcae25a8e92,108fe4c7-7b0d-43c4-9829-dd32a19cef80
56bc9ef1-e398-4017-9891-993dd48c7779,f1fed07a-18d7-404f-87b1-efcae25a8e92,6aa66a5f-06ce-4801-b5d7-7e93746c3ce6,->,56bc9ef1-e398-4017-9891-993dd48c7779,view/doctor/WritePrescriptionPanel.java,add
56bc9ef1-e398-4017-9891-993dd48c7779,f1fed07a-18d7-404f-87b1-efcae25a8e92,6aa66a5f-06ce-4801-b5d7-7e93746c3ce6,->,56bc9ef1-e398-4017-9891-993dd48c7779,f1fed07a-18d7-404f-87b1-efcae25a8e92,75f9bebd-cbd0-41da-9cfd-4e4ebf7d8491
56bc9ef1-e398-4017-9891-993dd48c7779,f1fed07a-18d7-404f-87b1-efcae25a8e92,6aa66a5f-06ce-4801-b5d7-7e93746c3ce6,->,56bc9ef1-e398-4017-9891-993dd48c7779,view/doctor/WritePrescriptionPanel.java,add
56bc9ef1-e398-4017-9891-993dd48c7779,f1fed07a-18d7-404f-87b1-efcae25a8e92,6aa66a5f-06ce-4801-b5d7-7e93746c3ce6,->,56bc9ef1-e398-4017-9891-993dd48c7779,f1fed07a-18d7-404f-87b1-efcae25a8e92,171a683c-1294-4a1a-bd8b-cacfadb281d4
56bc9ef1-e398-4017-9891-993dd48c7779,f1fed07a-18d7-404f-87b1-efcae25a8e92,6aa66a5f-06ce-4801-b5d7-7e93746c3ce6,->,56bc9ef1-e398-4017-9891-993dd48c7779,view/doctor/WritePrescriptionPanel.java,add
56bc9ef1-e398-4017-9891-993dd48c7779,f1fed07a-18d7-404f-87b1-efcae25a8e92,6aa66a5f-06ce-4801-b5d7-7e93746c3ce6,->,56bc9ef1-e398-4017-9891-993dd48c7779,view/doctor/WritePrescriptionPanel.java,add
56bc9ef1-e398-4017-9891-993dd48c7779,f1fed07a-18d7-404f-87b1-efcae25a8e92,6aa66a5f-06ce-4801-b5d7-7e93746c3ce6,->,56bc9ef1-e398-4017-9891-993dd48c7779,f1fed07a-18d7-404f-87b1-efcae25a8e92,b840b3ab-a93a-482f-8308-8ea87666dd1a
56bc9ef1-e398-4017-9891-993dd48c7779,f1fed07a-18d7-404f-87b1-efcae25a8e92,6aa66a5f-06ce-4801-b5d7-7e93746c3ce6,->,56bc9ef1-e398-4017-9891-993dd48c7779,view/doctor/WritePrescriptionPanel.java,add
56bc9ef1-e398-4017-9891-993dd48c7779,f1fed07a-18d7-404f-87b1-efcae25a8e92,6aa66a5f-06ce-4801-b5d7-7e93746c3ce6,->,56bc9ef1-e398-4017-9891-993dd48c7779,f1fed07a-18d7-404f-87b1-efcae25a8e92,5d811b2a-7c54-4168-807a-1e1472f63f9d
56bc9ef1-e398-4017-9891-993dd48c7779,f1fed07a-18d7-404f-87b1-efcae25a8e92,6aa66a5f-06ce-4801-b5d7-7e93746c3ce6,->,56bc9ef1-e398-4017-9891-993dd48c7779,view/doctor/WritePrescriptionPanel.java,add
56bc9ef1-e398-4017-9891-993dd48c7779,f1fed07a-18d7-404f-87b1-efcae25a8e92,6aa66a5f-06ce-4801-b5d7-7e93746c3ce6,->,56bc9ef1-e398-4017-9891-993dd48c7779,f1fed07a-18d7-404f-87b1-efcae25a8e92,7c40f162-22e2-4728-8a2f-0f226251fc75
56bc9ef1-e398-4017-9891-993dd48c7779,f1fed07a-18d7-404f-87b1-efcae25a8e92,6aa66a5f-06ce-4801-b5d7-7e93746c3ce6,->,56bc9ef1-e398-4017-9891-993dd48c7779,view/doctor/WritePrescriptionPanel.java,add
56bc9ef1-e398-4017-9891-993dd48c7779,f1fed07a-18d7-404f-87b1-efcae25a8e92,6aa66a5f-06ce-4801-b5d7-7e93746c3ce6,->,56bc9ef1-e398-4017-9891-993dd48c7779,view/doctor/WritePrescriptionPanel.java,add
56bc9ef1-e398-4017-9891-993dd48c7779,f1fed07a-18d7-404f-87b1-efcae25a8e92,6aa66a5f-06ce-4801-b5d7-7e93746c3ce6,->,56bc9ef1-e398-4017-9891-993dd48c7779,view/doctor/WritePrescriptionPanel.java,add
56bc9ef1-e398-4017-9891-993dd48c7779,f1fed07a-18d7-404f-87b1-efcae25a8e92,6aa66a5f-06ce-4801-b5d7-7e93746c3ce6,->,56bc9ef1-e398-4017-9891-993dd48c7779,f1fed07a-18d7-404f-87b1-efcae25a8e92,4dff73ee-ad4c-4bf2-90aa-384d17678fe1
56bc9ef1-e398-4017-9891-993dd48c7779,f1fed07a-18d7-404f-87b1-efcae25a8e92,6aa66a5f-06ce-4801-b5d7-7e93746c3ce6,->,56bc9ef1-e398-4017-9891-993dd48c7779,view/doctor/WritePrescriptionPanel.java,add
56bc9ef1-e398-4017-9891-993dd48c7779,f1fed07a-18d7-404f-87b1-efcae25a8e92,108fe4c7-7b0d-43c4-9829-dd32a19cef80,->,56bc9ef1-e398-4017-9891-993dd48c7779,javax/swing/JTextField.java,setColumns
56bc9ef1-e398-4017-9891-993dd48c7779,f1fed07a-18d7-404f-87b1-efcae25a8e92,171a683c-1294-4a1a-bd8b-cacfadb281d4,->,56bc9ef1-e398-4017-9891-993dd48c7779,javax/swing/JButton.java,setText
56bc9ef1-e398-4017-9891-993dd48c7779,f1fed07a-18d7-404f-87b1-efcae25a8e92,171a683c-1294-4a1a-bd8b-cacfadb281d4,->,56bc9ef1-e398-4017-9891-993dd48c7779,javax/swing/JButton.java,addActionListener
56bc9ef1-e398-4017-9891-993dd48c7779,f1fed07a-18d7-404f-87b1-efcae25a8e92,b840b3ab-a93a-482f-8308-8ea87666dd1a,->,56bc9ef1-e398-4017-9891-993dd48c7779,javax/swing/JButton.java,setText
56bc9ef1-e398-4017-9891-993dd48c7779,f1fed07a-18d7-404f-87b1-efcae25a8e92,b840b3ab-a93a-482f-8308-8ea87666dd1a,->,56bc9ef1-e398-4017-9891-993dd48c7779,javax/swing/JButton.java,addActionListener
56bc9ef1-e398-4017-9891-993dd48c7779,f1fed07a-18d7-404f-87b1-efcae25a8e92,5d811b2a-7c54-4168-807a-1e1472f63f9d,->,56bc9ef1-e398-4017-9891-993dd48c7779,storage/medicine/Medicine.java,values
56bc9ef1-e398-4017-9891-993dd48c7779,f1fed07a-18d7-404f-87b1-efcae25a8e92,5d811b2a-7c54-4168-807a-1e1472f63f9d,->,56bc9ef1-e398-4017-9891-993dd48c7779,javax/swing/JComboBox.java,addItem
56bc9ef1-e398-4017-9891-993dd48c7779,f1fed07a-18d7-404f-87b1-efcae25a8e92,7c40f162-22e2-4728-8a2f-0f226251fc75,->,56bc9ef1-e398-4017-9891-993dd48c7779,javax/swing/JTextField.java,setColumns
56bc9ef1-e398-4017-9891-993dd48c7779,f1fed07a-18d7-404f-87b1-efcae25a8e92,4dff73ee-ad4c-4bf2-90aa-384d17678fe1,->,56bc9ef1-e398-4017-9891-993dd48c7779,javax/swing/JButton.java,setText
56bc9ef1-e398-4017-9891-993dd48c7779,f1fed07a-18d7-404f-87b1-efcae25a8e92,4dff73ee-ad4c-4bf2-90aa-384d17678fe1,->,56bc9ef1-e398-4017-9891-993dd48c7779,javax/swing/JButton.java,addActionListener
56bc9ef1-e398-4017-9891-993dd48c7779,0a21020e-ff8c-4797-b767-e96fdea354a8,918accf9-30e3-446a-b514-5f3e902baee6,->,56bc9ef1-e398-4017-9891-993dd48c7779,javax/swing/JLabel.java,setText
56bc9ef1-e398-4017-9891-993dd48c7779,0a21020e-ff8c-4797-b767-e96fdea354a8,918accf9-30e3-446a-b514-5f3e902baee6,->,56bc9ef1-e398-4017-9891-993dd48c7779,javax/swing/JLabel.java,setText
56bc9ef1-e398-4017-9891-993dd48c7779,0a21020e-ff8c-4797-b767-e96fdea354a8,918accf9-30e3-446a-b514-5f3e902baee6,->,56bc9ef1-e398-4017-9891-993dd48c7779,javax/swing/JLabel.java,setText
56bc9ef1-e398-4017-9891-993dd48c7779,0a21020e-ff8c-4797-b767-e96fdea354a8,918accf9-30e3-446a-b514-5f3e902baee6,->,56bc9ef1-e398-4017-9891-993dd48c7779,javax/swing/JLabel.java,setText
56bc9ef1-e398-4017-9891-993dd48c7779,0a21020e-ff8c-4797-b767-e96fdea354a8,918accf9-30e3-446a-b514-5f3e902baee6,->,56bc9ef1-e398-4017-9891-993dd48c7779,javax/swing/JLabel.java,setText
56bc9ef1-e398-4017-9891-993dd48c7779,0a21020e-ff8c-4797-b767-e96fdea354a8,918accf9-30e3-446a-b514-5f3e902baee6,->,56bc9ef1-e398-4017-9891-993dd48c7779,view/doctor/EmergencyTreatmentPanel.java,setSize
56bc9ef1-e398-4017-9891-993dd48c7779,0a21020e-ff8c-4797-b767-e96fdea354a8,918accf9-30e3-446a-b514-5f3e902baee6,->,56bc9ef1-e398-4017-9891-993dd48c7779,view/doctor/EmergencyTreatmentPanel.java,setLayout
56bc9ef1-e398-4017-9891-993dd48c7779,0a21020e-ff8c-4797-b767-e96fdea354a8,918accf9-30e3-446a-b514-5f3e902baee6,->,56bc9ef1-e398-4017-9891-993dd48c7779,view/doctor/EmergencyTreatmentPanel.java,add
56bc9ef1-e398-4017-9891-993dd48c7779,0a21020e-ff8c-4797-b767-e96fdea354a8,918accf9-30e3-446a-b514-5f3e902baee6,->,56bc9ef1-e398-4017-9891-993dd48c7779,view/doctor/EmergencyTreatmentPanel.java,add
56bc9ef1-e398-4017-9891-993dd48c7779,0a21020e-ff8c-4797-b767-e96fdea354a8,918accf9-30e3-446a-b514-5f3e902baee6,->,56bc9ef1-e398-4017-9891-993dd48c7779,view/doctor/EmergencyTreatmentPanel.java,add
56bc9ef1-e398-4017-9891-993dd48c7779,0a21020e-ff8c-4797-b767-e96fdea354a8,918accf9-30e3-446a-b514-5f3e902baee6,->,56bc9ef1-e398-4017-9891-993dd48c7779,view/doctor/EmergencyTreatmentPanel.java,add
56bc9ef1-e398-4017-9891-993dd48c7779,0a21020e-ff8c-4797-b767-e96fdea354a8,918accf9-30e3-446a-b514-5f3e902baee6,->,56bc9ef1-e398-4017-9891-993dd48c7779,0a21020e-ff8c-4797-b767-e96fdea354a8,8e41d6a6-13e0-490d-b092-befe82263cab
56bc9ef1-e398-4017-9891-993dd48c7779,0a21020e-ff8c-4797-b767-e96fdea354a8,918accf9-30e3-446a-b514-5f3e902baee6,->,56bc9ef1-e398-4017-9891-993dd48c7779,view/doctor/EmergencyTreatmentPanel.java,add
56bc9ef1-e398-4017-9891-993dd48c7779,0a21020e-ff8c-4797-b767-e96fdea354a8,918accf9-30e3-446a-b514-5f3e902baee6,->,56bc9ef1-e398-4017-9891-993dd48c7779,0a21020e-ff8c-4797-b767-e96fdea354a8,6f47a9e5-4fdb-48d2-9377-6863baf2a641
56bc9ef1-e398-4017-9891-993dd48c7779,0a21020e-ff8c-4797-b767-e96fdea354a8,918accf9-30e3-446a-b514-5f3e902baee6,->,56bc9ef1-e398-4017-9891-993dd48c7779,view/doctor/EmergencyTreatmentPanel.java,add
56bc9ef1-e398-4017-9891-993dd48c7779,0a21020e-ff8c-4797-b767-e96fdea354a8,918accf9-30e3-446a-b514-5f3e902baee6,->,56bc9ef1-e398-4017-9891-993dd48c7779,0a21020e-ff8c-4797-b767-e96fdea354a8,78f25640-05d7-49e6-ba0e-2fdc47ad0a69
56bc9ef1-e398-4017-9891-993dd48c7779,0a21020e-ff8c-4797-b767-e96fdea354a8,918accf9-30e3-446a-b514-5f3e902baee6,->,56bc9ef1-e398-4017-9891-993dd48c7779,view/doctor/EmergencyTreatmentPanel.java,add
56bc9ef1-e398-4017-9891-993dd48c7779,0a21020e-ff8c-4797-b767-e96fdea354a8,918accf9-30e3-446a-b514-5f3e902baee6,->,56bc9ef1-e398-4017-9891-993dd48c7779,0a21020e-ff8c-4797-b767-e96fdea354a8,61dec703-d21e-4f92-b96c-7faaf7372691
56bc9ef1-e398-4017-9891-993dd48c7779,0a21020e-ff8c-4797-b767-e96fdea354a8,918accf9-30e3-446a-b514-5f3e902baee6,->,56bc9ef1-e398-4017-9891-993dd48c7779,view/doctor/EmergencyTreatmentPanel.java,add
56bc9ef1-e398-4017-9891-993dd48c7779,0a21020e-ff8c-4797-b767-e96fdea354a8,918accf9-30e3-446a-b514-5f3e902baee6,->,56bc9ef1-e398-4017-9891-993dd48c7779,0a21020e-ff8c-4797-b767-e96fdea354a8,9a644023-2901-411a-a79e-908021da37ee
56bc9ef1-e398-4017-9891-993dd48c7779,0a21020e-ff8c-4797-b767-e96fdea354a8,918accf9-30e3-446a-b514-5f3e902baee6,->,56bc9ef1-e398-4017-9891-993dd48c7779,view/doctor/EmergencyTreatmentPanel.java,add
56bc9ef1-e398-4017-9891-993dd48c7779,0a21020e-ff8c-4797-b767-e96fdea354a8,918accf9-30e3-446a-b514-5f3e902baee6,->,56bc9ef1-e398-4017-9891-993dd48c7779,view/doctor/EmergencyTreatmentPanel.java,add
56bc9ef1-e398-4017-9891-993dd48c7779,0a21020e-ff8c-4797-b767-e96fdea354a8,8e41d6a6-13e0-490d-b092-befe82263cab,->,56bc9ef1-e398-4017-9891-993dd48c7779,javax/swing/JButton.java,setText
56bc9ef1-e398-4017-9891-993dd48c7779,0a21020e-ff8c-4797-b767-e96fdea354a8,8e41d6a6-13e0-490d-b092-befe82263cab,->,56bc9ef1-e398-4017-9891-993dd48c7779,javax/swing/JButton.java,addActionListener
56bc9ef1-e398-4017-9891-993dd48c7779,0a21020e-ff8c-4797-b767-e96fdea354a8,6f47a9e5-4fdb-48d2-9377-6863baf2a641,->,56bc9ef1-e398-4017-9891-993dd48c7779,javax/swing/JTextField.java,setColumns
56bc9ef1-e398-4017-9891-993dd48c7779,0a21020e-ff8c-4797-b767-e96fdea354a8,78f25640-05d7-49e6-ba0e-2fdc47ad0a69,->,56bc9ef1-e398-4017-9891-993dd48c7779,javax/swing/JTextField.java,setColumns
56bc9ef1-e398-4017-9891-993dd48c7779,0a21020e-ff8c-4797-b767-e96fdea354a8,61dec703-d21e-4f92-b96c-7faaf7372691,->,56bc9ef1-e398-4017-9891-993dd48c7779,javax/swing/JTextField.java,setColumns
56bc9ef1-e398-4017-9891-993dd48c7779,0a21020e-ff8c-4797-b767-e96fdea354a8,9a644023-2901-411a-a79e-908021da37ee,->,56bc9ef1-e398-4017-9891-993dd48c7779,javax/swing/JTextField.java,setColumns
56bc9ef1-e398-4017-9891-993dd48c7779,view/doctor/SeeCaseHistoryPanel$1.java,actionPerformed,->,56bc9ef1-e398-4017-9891-993dd48c7779,097f82c6-ab9d-4d49-9ff0-e79a430fd0f8,49da4ba8-1e3a-4334-be74-3ad964f85291
56bc9ef1-e398-4017-9891-993dd48c7779,view/doctor/SeeCaseHistoryPanel$1.java,actionPerformed,->,56bc9ef1-e398-4017-9891-993dd48c7779,view/doctor/SeeCaseHistoryPanel.java,access$000
56bc9ef1-e398-4017-9891-993dd48c7779,view/doctor/SeeCaseHistoryPanel$1.java,actionPerformed,->,56bc9ef1-e398-4017-9891-993dd48c7779,javax/swing/JTextField.java,getText
56bc9ef1-e398-4017-9891-993dd48c7779,view/doctor/SeeCaseHistoryPanel$1.java,actionPerformed,->,56bc9ef1-e398-4017-9891-993dd48c7779,storage/patient/PatientStorage.java,get
56bc9ef1-e398-4017-9891-993dd48c7779,view/doctor/SeeCaseHistoryPanel$1.java,actionPerformed,->,56bc9ef1-e398-4017-9891-993dd48c7779,javax/swing/JOptionPane.java,showMessageDialog
56bc9ef1-e398-4017-9891-993dd48c7779,view/doctor/SeeCaseHistoryPanel$1.java,actionPerformed,->,56bc9ef1-e398-4017-9891-993dd48c7779,7740c065-e988-455a-bc7d-b47146ad5216,977defe4-efc4-4f07-9329-58ecd5d3dc43
56bc9ef1-e398-4017-9891-993dd48c7779,view/doctor/SeeCaseHistoryPanel$1.java,actionPerformed,->,56bc9ef1-e398-4017-9891-993dd48c7779,storage/casehistory/CaseHistoryStorage.java,iterator
56bc9ef1-e398-4017-9891-993dd48c7779,view/doctor/SeeCaseHistoryPanel$1.java,actionPerformed,->,56bc9ef1-e398-4017-9891-993dd48c7779,java/util/Iterator.java,hasNext
56bc9ef1-e398-4017-9891-993dd48c7779,view/doctor/SeeCaseHistoryPanel$1.java,actionPerformed,->,56bc9ef1-e398-4017-9891-993dd48c7779,java/util/Iterator.java,next
56bc9ef1-e398-4017-9891-993dd48c7779,view/doctor/SeeCaseHistoryPanel$1.java,actionPerformed,->,56bc9ef1-e398-4017-9891-993dd48c7779,dbba2b56-a023-44c5-9ad8-a0f17770d5cc,c29171ce-6c80-4f8d-a518-8bba9691ad99
56bc9ef1-e398-4017-9891-993dd48c7779,view/doctor/SeeCaseHistoryPanel$1.java,actionPerformed,->,56bc9ef1-e398-4017-9891-993dd48c7779,view/doctor/SeeCaseHistoryPanel.java,access$000
56bc9ef1-e398-4017-9891-993dd48c7779,view/doctor/SeeCaseHistoryPanel$1.java,actionPerformed,->,56bc9ef1-e398-4017-9891-993dd48c7779,javax/swing/JTextField.java,getText
56bc9ef1-e398-4017-9891-993dd48c7779,view/doctor/SeeCaseHistoryPanel$1.java,actionPerformed,->,56bc9ef1-e398-4017-9891-993dd48c7779,java/lang/String.java,equals
56bc9ef1-e398-4017-9891-993dd48c7779,view/doctor/SeeCaseHistoryPanel$1.java,actionPerformed,->,56bc9ef1-e398-4017-9891-993dd48c7779,java/lang/StringBuilder.java,append
56bc9ef1-e398-4017-9891-993dd48c7779,view/doctor/SeeCaseHistoryPanel$1.java,actionPerformed,->,56bc9ef1-e398-4017-9891-993dd48c7779,dbba2b56-a023-44c5-9ad8-a0f17770d5cc,c29171ce-6c80-4f8d-a518-8bba9691ad99
56bc9ef1-e398-4017-9891-993dd48c7779,view/doctor/SeeCaseHistoryPanel$1.java,actionPerformed,->,56bc9ef1-e398-4017-9891-993dd48c7779,java/lang/StringBuilder.java,append
56bc9ef1-e398-4017-9891-993dd48c7779,view/doctor/SeeCaseHistoryPanel$1.java,actionPerformed,->,56bc9ef1-e398-4017-9891-993dd48c7779,java/lang/StringBuilder.java,append
56bc9ef1-e398-4017-9891-993dd48c7779,view/doctor/SeeCaseHistoryPanel$1.java,actionPerformed,->,56bc9ef1-e398-4017-9891-993dd48c7779,java/lang/StringBuilder.java,append
56bc9ef1-e398-4017-9891-993dd48c7779,view/doctor/SeeCaseHistoryPanel$1.java,actionPerformed,->,56bc9ef1-e398-4017-9891-993dd48c7779,dbba2b56-a023-44c5-9ad8-a0f17770d5cc,a0863024-5dc0-47ac-adde-529c4e767e8a
56bc9ef1-e398-4017-9891-993dd48c7779,view/doctor/SeeCaseHistoryPanel$1.java,actionPerformed,->,56bc9ef1-e398-4017-9891-993dd48c7779,java/lang/StringBuilder.java,append
56bc9ef1-e398-4017-9891-993dd48c7779,view/doctor/SeeCaseHistoryPanel$1.java,actionPerformed,->,56bc9ef1-e398-4017-9891-993dd48c7779,java/lang/StringBuilder.java,append
56bc9ef1-e398-4017-9891-993dd48c7779,view/doctor/SeeCaseHistoryPanel$1.java,actionPerformed,->,56bc9ef1-e398-4017-9891-993dd48c7779,java/lang/StringBuilder.java,append
56bc9ef1-e398-4017-9891-993dd48c7779,view/doctor/SeeCaseHistoryPanel$1.java,actionPerformed,->,56bc9ef1-e398-4017-9891-993dd48c7779,dbba2b56-a023-44c5-9ad8-a0f17770d5cc,686b4e21-174e-4869-9732-7e235dad2195
56bc9ef1-e398-4017-9891-993dd48c7779,view/doctor/SeeCaseHistoryPanel$1.java,actionPerformed,->,56bc9ef1-e398-4017-9891-993dd48c7779,java/lang/StringBuilder.java,append
56bc9ef1-e398-4017-9891-993dd48c7779,view/doctor/SeeCaseHistoryPanel$1.java,actionPerformed,->,56bc9ef1-e398-4017-9891-993dd48c7779,java/lang/StringBuilder.java,append
56bc9ef1-e398-4017-9891-993dd48c7779,view/doctor/SeeCaseHistoryPanel$1.java,actionPerformed,->,56bc9ef1-e398-4017-9891-993dd48c7779,java/lang/StringBuilder.java,append
56bc9ef1-e398-4017-9891-993dd48c7779,view/doctor/SeeCaseHistoryPanel$1.java,actionPerformed,->,56bc9ef1-e398-4017-9891-993dd48c7779,dbba2b56-a023-44c5-9ad8-a0f17770d5cc,c9772979-26c5-4e05-bf90-4168139dfc07
56bc9ef1-e398-4017-9891-993dd48c7779,view/doctor/SeeCaseHistoryPanel$1.java,actionPerformed,->,56bc9ef1-e398-4017-9891-993dd48c7779,java/lang/StringBuilder.java,append
56bc9ef1-e398-4017-9891-993dd48c7779,view/doctor/SeeCaseHistoryPanel$1.java,actionPerformed,->,56bc9ef1-e398-4017-9891-993dd48c7779,java/lang/StringBuilder.java,toString
56bc9ef1-e398-4017-9891-993dd48c7779,view/doctor/SeeCaseHistoryPanel$1.java,actionPerformed,->,56bc9ef1-e398-4017-9891-993dd48c7779,javax/swing/JOptionPane.java,showMessageDialog
56bc9ef1-e398-4017-9891-993dd48c7779,view/doctor/WritePrescriptionPanel$1.java,actionPerformed,->,56bc9ef1-e398-4017-9891-993dd48c7779,097f82c6-ab9d-4d49-9ff0-e79a430fd0f8,49da4ba8-1e3a-4334-be74-3ad964f85291
56bc9ef1-e398-4017-9891-993dd48c7779,view/doctor/WritePrescriptionPanel$1.java,actionPerformed,->,56bc9ef1-e398-4017-9891-993dd48c7779,view/doctor/WritePrescriptionPanel.java,access$000
56bc9ef1-e398-4017-9891-993dd48c7779,view/doctor/WritePrescriptionPanel$1.java,actionPerformed,->,56bc9ef1-e398-4017-9891-993dd48c7779,javax/swing/JTextField.java,getText
56bc9ef1-e398-4017-9891-993dd48c7779,view/doctor/WritePrescriptionPanel$1.java,actionPerformed,->,56bc9ef1-e398-4017-9891-993dd48c7779,storage/patient/PatientStorage.java,get
56bc9ef1-e398-4017-9891-993dd48c7779,view/doctor/WritePrescriptionPanel$1.java,actionPerformed,->,56bc9ef1-e398-4017-9891-993dd48c7779,javax/swing/JOptionPane.java,showMessageDialog
56bc9ef1-e398-4017-9891-993dd48c7779,view/doctor/WritePrescriptionPanel$1.java,actionPerformed,->,56bc9ef1-e398-4017-9891-993dd48c7779,4b8d5f65-5cf8-4a32-a5a0-d360506f8ce3,5561e1ad-ef29-4af0-b176-12a16cd01774
56bc9ef1-e398-4017-9891-993dd48c7779,view/doctor/WritePrescriptionPanel$1.java,actionPerformed,->,56bc9ef1-e398-4017-9891-993dd48c7779,view/doctor/WritePrescriptionPanel.java,access$000
56bc9ef1-e398-4017-9891-993dd48c7779,view/doctor/WritePrescriptionPanel$1.java,actionPerformed,->,56bc9ef1-e398-4017-9891-993dd48c7779,javax/swing/JTextField.java,getText
56bc9ef1-e398-4017-9891-993dd48c7779,view/doctor/WritePrescriptionPanel$1.java,actionPerformed,->,56bc9ef1-e398-4017-9891-993dd48c7779,view/doctor/WritePrescriptionPanel.java,access$100
56bc9ef1-e398-4017-9891-993dd48c7779,view/doctor/WritePrescriptionPanel$1.java,actionPerformed,->,56bc9ef1-e398-4017-9891-993dd48c7779,storage/prescription/PrescriptionStorage.java,add
56bc9ef1-e398-4017-9891-993dd48c7779,view/doctor/WritePrescriptionPanel$1.java,actionPerformed,->,56bc9ef1-e398-4017-9891-993dd48c7779,javax/swing/JOptionPane.java,showMessageDialog
56bc9ef1-e398-4017-9891-993dd48c7779,view/doctor/WritePrescriptionPanel$1.java,actionPerformed,->,56bc9ef1-e398-4017-9891-993dd48c7779,view/doctor/WritePrescriptionPanel.java,access$100
56bc9ef1-e398-4017-9891-993dd48c7779,view/doctor/WritePrescriptionPanel$1.java,actionPerformed,->,56bc9ef1-e398-4017-9891-993dd48c7779,java/util/HashMap.java,clear
56bc9ef1-e398-4017-9891-993dd48c7779,view/doctor/WritePrescriptionPanel$1.java,actionPerformed,->,56bc9ef1-e398-4017-9891-993dd48c7779,view/doctor/WritePrescriptionPanel.java,access$200
56bc9ef1-e398-4017-9891-993dd48c7779,view/doctor/WritePrescriptionPanel$1.java,actionPerformed,->,56bc9ef1-e398-4017-9891-993dd48c7779,javax/swing/JTextArea.java,setText
56bc9ef1-e398-4017-9891-993dd48c7779,view/doctor/DecideHospitalizePanel$2.java,actionPerformed,->,56bc9ef1-e398-4017-9891-993dd48c7779,097f82c6-ab9d-4d49-9ff0-e79a430fd0f8,49da4ba8-1e3a-4334-be74-3ad964f85291
56bc9ef1-e398-4017-9891-993dd48c7779,view/doctor/DecideHospitalizePanel$2.java,actionPerformed,->,56bc9ef1-e398-4017-9891-993dd48c7779,view/doctor/DecideHospitalizePanel.java,access$000
56bc9ef1-e398-4017-9891-993dd48c7779,view/doctor/DecideHospitalizePanel$2.java,actionPerformed,->,56bc9ef1-e398-4017-9891-993dd48c7779,javax/swing/JTextField.java,getText
56bc9ef1-e398-4017-9891-993dd48c7779,view/doctor/DecideHospitalizePanel$2.java,actionPerformed,->,56bc9ef1-e398-4017-9891-993dd48c7779,storage/patient/PatientStorage.java,get
56bc9ef1-e398-4017-9891-993dd48c7779,view/doctor/DecideHospitalizePanel$2.java,actionPerformed,->,56bc9ef1-e398-4017-9891-993dd48c7779,javax/swing/JOptionPane.java,showMessageDialog
56bc9ef1-e398-4017-9891-993dd48c7779,view/doctor/DecideHospitalizePanel$2.java,actionPerformed,->,56bc9ef1-e398-4017-9891-993dd48c7779,27603c7e-a233-400e-8a03-29b8bfb534b0,5eafdadf-5aec-4bda-96cf-908733df8275
56bc9ef1-e398-4017-9891-993dd48c7779,view/doctor/DecideHospitalizePanel$2.java,actionPerformed,->,56bc9ef1-e398-4017-9891-993dd48c7779,view/doctor/DecideHospitalizePanel.java,access$000
56bc9ef1-e398-4017-9891-993dd48c7779,view/doctor/DecideHospitalizePanel$2.java,actionPerformed,->,56bc9ef1-e398-4017-9891-993dd48c7779,javax/swing/JTextField.java,getText
56bc9ef1-e398-4017-9891-993dd48c7779,view/doctor/DecideHospitalizePanel$2.java,actionPerformed,->,56bc9ef1-e398-4017-9891-993dd48c7779,list/CheckinList.java,add
56bc9ef1-e398-4017-9891-993dd48c7779,view/doctor/DecideHospitalizePanel$2.java,actionPerformed,->,56bc9ef1-e398-4017-9891-993dd48c7779,javax/swing/JOptionPane.java,showMessageDialog
56bc9ef1-e398-4017-9891-993dd48c7779,66c0d269-ec1d-4c27-9b5f-b3209d8f8c38,4925046b-4c5c-4b70-8601-795868ea39a8,->,56bc9ef1-e398-4017-9891-993dd48c7779,javax/swing/JLabel.java,setText
56bc9ef1-e398-4017-9891-993dd48c7779,66c0d269-ec1d-4c27-9b5f-b3209d8f8c38,4925046b-4c5c-4b70-8601-795868ea39a8,->,56bc9ef1-e398-4017-9891-993dd48c7779,javax/swing/JLabel.java,setText
56bc9ef1-e398-4017-9891-993dd48c7779,66c0d269-ec1d-4c27-9b5f-b3209d8f8c38,4925046b-4c5c-4b70-8601-795868ea39a8,->,56bc9ef1-e398-4017-9891-993dd48c7779,javax/swing/JLabel.java,setText
56bc9ef1-e398-4017-9891-993dd48c7779,66c0d269-ec1d-4c27-9b5f-b3209d8f8c38,4925046b-4c5c-4b70-8601-795868ea39a8,->,56bc9ef1-e398-4017-9891-993dd48c7779,javax/swing/JLabel.java,setText
56bc9ef1-e398-4017-9891-993dd48c7779,66c0d269-ec1d-4c27-9b5f-b3209d8f8c38,4925046b-4c5c-4b70-8601-795868ea39a8,->,56bc9ef1-e398-4017-9891-993dd48c7779,view/doctor/SeeRegisteredPatientFoundamentalDataPanel.java,setSize
56bc9ef1-e398-4017-9891-993dd48c7779,66c0d269-ec1d-4c27-9b5f-b3209d8f8c38,4925046b-4c5c-4b70-8601-795868ea39a8,->,56bc9ef1-e398-4017-9891-993dd48c7779,view/doctor/SeeRegisteredPatientFoundamentalDataPanel.java,setLayout
56bc9ef1-e398-4017-9891-993dd48c7779,66c0d269-ec1d-4c27-9b5f-b3209d8f8c38,4925046b-4c5c-4b70-8601-795868ea39a8,->,56bc9ef1-e398-4017-9891-993dd48c7779,66c0d269-ec1d-4c27-9b5f-b3209d8f8c38,a9f456f1-ab66-42f6-a4e7-29131ce4d4e4
56bc9ef1-e398-4017-9891-993dd48c7779,66c0d269-ec1d-4c27-9b5f-b3209d8f8c38,4925046b-4c5c-4b70-8601-795868ea39a8,->,56bc9ef1-e398-4017-9891-993dd48c7779,view/doctor/SeeRegisteredPatientFoundamentalDataPanel.java,add
56bc9ef1-e398-4017-9891-993dd48c7779,66c0d269-ec1d-4c27-9b5f-b3209d8f8c38,4925046b-4c5c-4b70-8601-795868ea39a8,->,56bc9ef1-e398-4017-9891-993dd48c7779,66c0d269-ec1d-4c27-9b5f-b3209d8f8c38,d0c7dc5b-e0fb-4b0e-9d48-80eb56b69338
56bc9ef1-e398-4017-9891-993dd48c7779,66c0d269-ec1d-4c27-9b5f-b3209d8f8c38,4925046b-4c5c-4b70-8601-795868ea39a8,->,56bc9ef1-e398-4017-9891-993dd48c7779,view/doctor/SeeRegisteredPatientFoundamentalDataPanel.java,add
56bc9ef1-e398-4017-9891-993dd48c7779,66c0d269-ec1d-4c27-9b5f-b3209d8f8c38,4925046b-4c5c-4b70-8601-795868ea39a8,->,56bc9ef1-e398-4017-9891-993dd48c7779,66c0d269-ec1d-4c27-9b5f-b3209d8f8c38,2034b611-dd01-4363-a798-396ebb935cfa
56bc9ef1-e398-4017-9891-993dd48c7779,66c0d269-ec1d-4c27-9b5f-b3209d8f8c38,4925046b-4c5c-4b70-8601-795868ea39a8,->,56bc9ef1-e398-4017-9891-993dd48c7779,view/doctor/SeeRegisteredPatientFoundamentalDataPanel.java,add
56bc9ef1-e398-4017-9891-993dd48c7779,66c0d269-ec1d-4c27-9b5f-b3209d8f8c38,4925046b-4c5c-4b70-8601-795868ea39a8,->,56bc9ef1-e398-4017-9891-993dd48c7779,view/doctor/SeeRegisteredPatientFoundamentalDataPanel.java,add
56bc9ef1-e398-4017-9891-993dd48c7779,66c0d269-ec1d-4c27-9b5f-b3209d8f8c38,4925046b-4c5c-4b70-8601-795868ea39a8,->,56bc9ef1-e398-4017-9891-993dd48c7779,view/doctor/SeeRegisteredPatientFoundamentalDataPanel.java,add
56bc9ef1-e398-4017-9891-993dd48c7779,66c0d269-ec1d-4c27-9b5f-b3209d8f8c38,4925046b-4c5c-4b70-8601-795868ea39a8,->,56bc9ef1-e398-4017-9891-993dd48c7779,view/doctor/SeeRegisteredPatientFoundamentalDataPanel.java,add
56bc9ef1-e398-4017-9891-993dd48c7779,66c0d269-ec1d-4c27-9b5f-b3209d8f8c38,4925046b-4c5c-4b70-8601-795868ea39a8,->,56bc9ef1-e398-4017-9891-993dd48c7779,66c0d269-ec1d-4c27-9b5f-b3209d8f8c38,6995da49-afae-4a14-a37c-370c78732807
56bc9ef1-e398-4017-9891-993dd48c7779,66c0d269-ec1d-4c27-9b5f-b3209d8f8c38,4925046b-4c5c-4b70-8601-795868ea39a8,->,56bc9ef1-e398-4017-9891-993dd48c7779,view/doctor/SeeRegisteredPatientFoundamentalDataPanel.java,add
56bc9ef1-e398-4017-9891-993dd48c7779,66c0d269-ec1d-4c27-9b5f-b3209d8f8c38,4925046b-4c5c-4b70-8601-795868ea39a8,->,56bc9ef1-e398-4017-9891-993dd48c7779,view/doctor/SeeRegisteredPatientFoundamentalDataPanel.java,add
56bc9ef1-e398-4017-9891-993dd48c7779,66c0d269-ec1d-4c27-9b5f-b3209d8f8c38,4925046b-4c5c-4b70-8601-795868ea39a8,->,56bc9ef1-e398-4017-9891-993dd48c7779,66c0d269-ec1d-4c27-9b5f-b3209d8f8c38,79379f99-22e4-4352-a495-816158e9096e
56bc9ef1-e398-4017-9891-993dd48c7779,66c0d269-ec1d-4c27-9b5f-b3209d8f8c38,4925046b-4c5c-4b70-8601-795868ea39a8,->,56bc9ef1-e398-4017-9891-993dd48c7779,view/doctor/SeeRegisteredPatientFoundamentalDataPanel.java,add
56bc9ef1-e398-4017-9891-993dd48c7779,66c0d269-ec1d-4c27-9b5f-b3209d8f8c38,a9f456f1-ab66-42f6-a4e7-29131ce4d4e4,->,56bc9ef1-e398-4017-9891-993dd48c7779,javax/swing/JTextField.java,setColumns
56bc9ef1-e398-4017-9891-993dd48c7779,66c0d269-ec1d-4c27-9b5f-b3209d8f8c38,d0c7dc5b-e0fb-4b0e-9d48-80eb56b69338,->,56bc9ef1-e398-4017-9891-993dd48c7779,javax/swing/JTextField.java,setColumns
56bc9ef1-e398-4017-9891-993dd48c7779,66c0d269-ec1d-4c27-9b5f-b3209d8f8c38,2034b611-dd01-4363-a798-396ebb935cfa,->,56bc9ef1-e398-4017-9891-993dd48c7779,javax/swing/JTextField.java,setColumns
56bc9ef1-e398-4017-9891-993dd48c7779,66c0d269-ec1d-4c27-9b5f-b3209d8f8c38,6995da49-afae-4a14-a37c-370c78732807,->,56bc9ef1-e398-4017-9891-993dd48c7779,javax/swing/JButton.java,setText
56bc9ef1-e398-4017-9891-993dd48c7779,66c0d269-ec1d-4c27-9b5f-b3209d8f8c38,6995da49-afae-4a14-a37c-370c78732807,->,56bc9ef1-e398-4017-9891-993dd48c7779,javax/swing/JButton.java,addActionListener
56bc9ef1-e398-4017-9891-993dd48c7779,66c0d269-ec1d-4c27-9b5f-b3209d8f8c38,14bdb714-e223-4fb1-8a3a-f0d9ae2aa16b,->,56bc9ef1-e398-4017-9891-993dd48c7779,java/io/PrintStream.java,println
56bc9ef1-e398-4017-9891-993dd48c7779,66c0d269-ec1d-4c27-9b5f-b3209d8f8c38,14bdb714-e223-4fb1-8a3a-f0d9ae2aa16b,->,56bc9ef1-e398-4017-9891-993dd48c7779,view/doctor/SeeRegisteredPatientFoundamentalDataPanel.java,getRootPane
56bc9ef1-e398-4017-9891-993dd48c7779,66c0d269-ec1d-4c27-9b5f-b3209d8f8c38,14bdb714-e223-4fb1-8a3a-f0d9ae2aa16b,->,56bc9ef1-e398-4017-9891-993dd48c7779,javax/swing/JRootPane.java,getParent
56bc9ef1-e398-4017-9891-993dd48c7779,66c0d269-ec1d-4c27-9b5f-b3209d8f8c38,14bdb714-e223-4fb1-8a3a-f0d9ae2aa16b,->,56bc9ef1-e398-4017-9891-993dd48c7779,3f5337fe-fd0c-4b93-be81-e1b4a5390170,c78de76b-a694-4dc7-a950-965620f9144b
56bc9ef1-e398-4017-9891-993dd48c7779,66c0d269-ec1d-4c27-9b5f-b3209d8f8c38,14bdb714-e223-4fb1-8a3a-f0d9ae2aa16b,->,56bc9ef1-e398-4017-9891-993dd48c7779,f9e2f9f7-fac7-4759-b1fc-92f891d1d5fe,379534d7-69d7-4942-a284-2523df157ed9
56bc9ef1-e398-4017-9891-993dd48c7779,66c0d269-ec1d-4c27-9b5f-b3209d8f8c38,14bdb714-e223-4fb1-8a3a-f0d9ae2aa16b,->,56bc9ef1-e398-4017-9891-993dd48c7779,storage/staff/DoctorStorage.java,get
56bc9ef1-e398-4017-9891-993dd48c7779,66c0d269-ec1d-4c27-9b5f-b3209d8f8c38,14bdb714-e223-4fb1-8a3a-f0d9ae2aa16b,->,56bc9ef1-e398-4017-9891-993dd48c7779,20edbcd8-60aa-4ab1-96e2-6d66118a26c2,d4e3d03d-dba3-429c-96e5-5bd84a21e480
56bc9ef1-e398-4017-9891-993dd48c7779,66c0d269-ec1d-4c27-9b5f-b3209d8f8c38,14bdb714-e223-4fb1-8a3a-f0d9ae2aa16b,->,56bc9ef1-e398-4017-9891-993dd48c7779,list/DiagnosisList.java,isEmpty
56bc9ef1-e398-4017-9891-993dd48c7779,66c0d269-ec1d-4c27-9b5f-b3209d8f8c38,14bdb714-e223-4fb1-8a3a-f0d9ae2aa16b,->,56bc9ef1-e398-4017-9891-993dd48c7779,javax/swing/JOptionPane.java,showMessageDialog
56bc9ef1-e398-4017-9891-993dd48c7779,66c0d269-ec1d-4c27-9b5f-b3209d8f8c38,14bdb714-e223-4fb1-8a3a-f0d9ae2aa16b,->,56bc9ef1-e398-4017-9891-993dd48c7779,20edbcd8-60aa-4ab1-96e2-6d66118a26c2,d4e3d03d-dba3-429c-96e5-5bd84a21e480
56bc9ef1-e398-4017-9891-993dd48c7779,66c0d269-ec1d-4c27-9b5f-b3209d8f8c38,14bdb714-e223-4fb1-8a3a-f0d9ae2aa16b,->,56bc9ef1-e398-4017-9891-993dd48c7779,list/DiagnosisList.java,remove
56bc9ef1-e398-4017-9891-993dd48c7779,66c0d269-ec1d-4c27-9b5f-b3209d8f8c38,14bdb714-e223-4fb1-8a3a-f0d9ae2aa16b,->,56bc9ef1-e398-4017-9891-993dd48c7779,d4ad3386-44a8-4883-8879-e05766f6ac5d,142314a7-c194-43d7-87f0-2aa22e21aa83
56bc9ef1-e398-4017-9891-993dd48c7779,66c0d269-ec1d-4c27-9b5f-b3209d8f8c38,14bdb714-e223-4fb1-8a3a-f0d9ae2aa16b,->,56bc9ef1-e398-4017-9891-993dd48c7779,ab8911e5-49dd-4a06-8898-fdc189323d30,34cde23b-94f6-469b-96ac-18cc486e5056
56bc9ef1-e398-4017-9891-993dd48c7779,66c0d269-ec1d-4c27-9b5f-b3209d8f8c38,14bdb714-e223-4fb1-8a3a-f0d9ae2aa16b,->,56bc9ef1-e398-4017-9891-993dd48c7779,javax/swing/JTextField.java,setText
56bc9ef1-e398-4017-9891-993dd48c7779,66c0d269-ec1d-4c27-9b5f-b3209d8f8c38,14bdb714-e223-4fb1-8a3a-f0d9ae2aa16b,->,56bc9ef1-e398-4017-9891-993dd48c7779,d4ad3386-44a8-4883-8879-e05766f6ac5d,142314a7-c194-43d7-87f0-2aa22e21aa83
56bc9ef1-e398-4017-9891-993dd48c7779,66c0d269-ec1d-4c27-9b5f-b3209d8f8c38,14bdb714-e223-4fb1-8a3a-f0d9ae2aa16b,->,56bc9ef1-e398-4017-9891-993dd48c7779,ab8911e5-49dd-4a06-8898-fdc189323d30,9fd514ef-2ee4-4f6d-b92a-97b2ec45b54e
56bc9ef1-e398-4017-9891-993dd48c7779,66c0d269-ec1d-4c27-9b5f-b3209d8f8c38,14bdb714-e223-4fb1-8a3a-f0d9ae2aa16b,->,56bc9ef1-e398-4017-9891-993dd48c7779,javax/swing/JTextField.java,setText
56bc9ef1-e398-4017-9891-993dd48c7779,66c0d269-ec1d-4c27-9b5f-b3209d8f8c38,14bdb714-e223-4fb1-8a3a-f0d9ae2aa16b,->,56bc9ef1-e398-4017-9891-993dd48c7779,d4ad3386-44a8-4883-8879-e05766f6ac5d,142314a7-c194-43d7-87f0-2aa22e21aa83
56bc9ef1-e398-4017-9891-993dd48c7779,66c0d269-ec1d-4c27-9b5f-b3209d8f8c38,14bdb714-e223-4fb1-8a3a-f0d9ae2aa16b,->,56bc9ef1-e398-4017-9891-993dd48c7779,ab8911e5-49dd-4a06-8898-fdc189323d30,8588fea3-8c3d-4266-8d8f-0d404333c8c0
56bc9ef1-e398-4017-9891-993dd48c7779,66c0d269-ec1d-4c27-9b5f-b3209d8f8c38,14bdb714-e223-4fb1-8a3a-f0d9ae2aa16b,->,56bc9ef1-e398-4017-9891-993dd48c7779,javax/swing/JTextField.java,setText
56bc9ef1-e398-4017-9891-993dd48c7779,66c0d269-ec1d-4c27-9b5f-b3209d8f8c38,14bdb714-e223-4fb1-8a3a-f0d9ae2aa16b,->,56bc9ef1-e398-4017-9891-993dd48c7779,java/lang/StringBuilder.java,append
56bc9ef1-e398-4017-9891-993dd48c7779,66c0d269-ec1d-4c27-9b5f-b3209d8f8c38,14bdb714-e223-4fb1-8a3a-f0d9ae2aa16b,->,56bc9ef1-e398-4017-9891-993dd48c7779,d4ad3386-44a8-4883-8879-e05766f6ac5d,142314a7-c194-43d7-87f0-2aa22e21aa83
56bc9ef1-e398-4017-9891-993dd48c7779,66c0d269-ec1d-4c27-9b5f-b3209d8f8c38,14bdb714-e223-4fb1-8a3a-f0d9ae2aa16b,->,56bc9ef1-e398-4017-9891-993dd48c7779,ab8911e5-49dd-4a06-8898-fdc189323d30,531f2b07-cc9b-47fc-85d7-a658d62f9aaf
56bc9ef1-e398-4017-9891-993dd48c7779,66c0d269-ec1d-4c27-9b5f-b3209d8f8c38,14bdb714-e223-4fb1-8a3a-f0d9ae2aa16b,->,56bc9ef1-e398-4017-9891-993dd48c7779,java/lang/StringBuilder.java,append
56bc9ef1-e398-4017-9891-993dd48c7779,66c0d269-ec1d-4c27-9b5f-b3209d8f8c38,14bdb714-e223-4fb1-8a3a-f0d9ae2aa16b,->,56bc9ef1-e398-4017-9891-993dd48c7779,java/lang/StringBuilder.java,toString
56bc9ef1-e398-4017-9891-993dd48c7779,66c0d269-ec1d-4c27-9b5f-b3209d8f8c38,14bdb714-e223-4fb1-8a3a-f0d9ae2aa16b,->,56bc9ef1-e398-4017-9891-993dd48c7779,javax/swing/JTextField.java,setText
56bc9ef1-e398-4017-9891-993dd48c7779,66c0d269-ec1d-4c27-9b5f-b3209d8f8c38,79379f99-22e4-4352-a495-816158e9096e,->,56bc9ef1-e398-4017-9891-993dd48c7779,javax/swing/JTextField.java,setColumns
56bc9ef1-e398-4017-9891-993dd48c7779,view/doctor/SeeRegisteredPatientFoundamentalDataPanel.java,access$000,->,56bc9ef1-e398-4017-9891-993dd48c7779,66c0d269-ec1d-4c27-9b5f-b3209d8f8c38,14bdb714-e223-4fb1-8a3a-f0d9ae2aa16b
56bc9ef1-e398-4017-9891-993dd48c7779,1cd98b1c-9882-4a83-953c-12023478ee98,e1c16259-ef44-461f-9267-536afce6d625,->,56bc9ef1-e398-4017-9891-993dd48c7779,javax/swing/JLabel.java,setText
56bc9ef1-e398-4017-9891-993dd48c7779,1cd98b1c-9882-4a83-953c-12023478ee98,e1c16259-ef44-461f-9267-536afce6d625,->,56bc9ef1-e398-4017-9891-993dd48c7779,view/doctor/SeeCaseHistoryPanel.java,setSize
56bc9ef1-e398-4017-9891-993dd48c7779,1cd98b1c-9882-4a83-953c-12023478ee98,e1c16259-ef44-461f-9267-536afce6d625,->,56bc9ef1-e398-4017-9891-993dd48c7779,view/doctor/SeeCaseHistoryPanel.java,setLayout
56bc9ef1-e398-4017-9891-993dd48c7779,1cd98b1c-9882-4a83-953c-12023478ee98,e1c16259-ef44-461f-9267-536afce6d625,->,56bc9ef1-e398-4017-9891-993dd48c7779,view/doctor/SeeCaseHistoryPanel.java,add
56bc9ef1-e398-4017-9891-993dd48c7779,1cd98b1c-9882-4a83-953c-12023478ee98,e1c16259-ef44-461f-9267-536afce6d625,->,56bc9ef1-e398-4017-9891-993dd48c7779,1cd98b1c-9882-4a83-953c-12023478ee98,21c13eda-26f2-4469-b2d1-0ef44d4f103e
56bc9ef1-e398-4017-9891-993dd48c7779,1cd98b1c-9882-4a83-953c-12023478ee98,e1c16259-ef44-461f-9267-536afce6d625,->,56bc9ef1-e398-4017-9891-993dd48c7779,view/doctor/SeeCaseHistoryPanel.java,add
56bc9ef1-e398-4017-9891-993dd48c7779,1cd98b1c-9882-4a83-953c-12023478ee98,e1c16259-ef44-461f-9267-536afce6d625,->,56bc9ef1-e398-4017-9891-993dd48c7779,1cd98b1c-9882-4a83-953c-12023478ee98,72b633c5-6e4d-44db-8a5c-c23498ed3b7d
56bc9ef1-e398-4017-9891-993dd48c7779,1cd98b1c-9882-4a83-953c-12023478ee98,e1c16259-ef44-461f-9267-536afce6d625,->,56bc9ef1-e398-4017-9891-993dd48c7779,view/doctor/SeeCaseHistoryPanel.java,add
56bc9ef1-e398-4017-9891-993dd48c7779,1cd98b1c-9882-4a83-953c-12023478ee98,21c13eda-26f2-4469-b2d1-0ef44d4f103e,->,56bc9ef1-e398-4017-9891-993dd48c7779,javax/swing/JTextField.java,setColumns
56bc9ef1-e398-4017-9891-993dd48c7779,1cd98b1c-9882-4a83-953c-12023478ee98,72b633c5-6e4d-44db-8a5c-c23498ed3b7d,->,56bc9ef1-e398-4017-9891-993dd48c7779,javax/swing/JButton.java,setText
56bc9ef1-e398-4017-9891-993dd48c7779,1cd98b1c-9882-4a83-953c-12023478ee98,72b633c5-6e4d-44db-8a5c-c23498ed3b7d,->,56bc9ef1-e398-4017-9891-993dd48c7779,javax/swing/JButton.java,addActionListener
56bc9ef1-e398-4017-9891-993dd48c7779,view/doctor/DoctorMainView$1.java,windowClosing,->,56bc9ef1-e398-4017-9891-993dd48c7779,java/lang/StringBuilder.java,append
56bc9ef1-e398-4017-9891-993dd48c7779,view/doctor/DoctorMainView$1.java,windowClosing,->,56bc9ef1-e398-4017-9891-993dd48c7779,f9e2f9f7-fac7-4759-b1fc-92f891d1d5fe,2d7a37b2-95eb-4089-8168-006e2725d01d
56bc9ef1-e398-4017-9891-993dd48c7779,view/doctor/DoctorMainView$1.java,windowClosing,->,56bc9ef1-e398-4017-9891-993dd48c7779,java/lang/StringBuilder.java,append
56bc9ef1-e398-4017-9891-993dd48c7779,view/doctor/DoctorMainView$1.java,windowClosing,->,56bc9ef1-e398-4017-9891-993dd48c7779,f9e2f9f7-fac7-4759-b1fc-92f891d1d5fe,96a7b807-f74f-4915-b4aa-742ee197e255
56bc9ef1-e398-4017-9891-993dd48c7779,view/doctor/DoctorMainView$1.java,windowClosing,->,56bc9ef1-e398-4017-9891-993dd48c7779,java/lang/StringBuilder.java,append
56bc9ef1-e398-4017-9891-993dd48c7779,view/doctor/DoctorMainView$1.java,windowClosing,->,56bc9ef1-e398-4017-9891-993dd48c7779,java/lang/StringBuilder.java,append
56bc9ef1-e398-4017-9891-993dd48c7779,view/doctor/DoctorMainView$1.java,windowClosing,->,56bc9ef1-e398-4017-9891-993dd48c7779,java/lang/StringBuilder.java,toString
56bc9ef1-e398-4017-9891-993dd48c7779,view/doctor/DoctorMainView$1.java,windowClosing,->,56bc9ef1-e398-4017-9891-993dd48c7779,java/io/PrintStream.java,println
56bc9ef1-e398-4017-9891-993dd48c7779,view/doctor/DoctorMainView$1.java,windowClosing,->,56bc9ef1-e398-4017-9891-993dd48c7779,9033f050-74ea-4e93-98dd-65ad9a5d5720,b260e6ec-09d6-4901-a017-e4855f561315
56bc9ef1-e398-4017-9891-993dd48c7779,view/doctor/EmergencyTreatmentPanel$1.java,actionPerformed,->,56bc9ef1-e398-4017-9891-993dd48c7779,097f82c6-ab9d-4d49-9ff0-e79a430fd0f8,49da4ba8-1e3a-4334-be74-3ad964f85291
56bc9ef1-e398-4017-9891-993dd48c7779,view/doctor/EmergencyTreatmentPanel$1.java,actionPerformed,->,56bc9ef1-e398-4017-9891-993dd48c7779,view/doctor/EmergencyTreatmentPanel.java,access$000
56bc9ef1-e398-4017-9891-993dd48c7779,view/doctor/EmergencyTreatmentPanel$1.java,actionPerformed,->,56bc9ef1-e398-4017-9891-993dd48c7779,javax/swing/JTextField.java,getText
56bc9ef1-e398-4017-9891-993dd48c7779,view/doctor/EmergencyTreatmentPanel$1.java,actionPerformed,->,56bc9ef1-e398-4017-9891-993dd48c7779,java/lang/String.java,equals
56bc9ef1-e398-4017-9891-993dd48c7779,view/doctor/EmergencyTreatmentPanel$1.java,actionPerformed,->,56bc9ef1-e398-4017-9891-993dd48c7779,view/doctor/EmergencyTreatmentPanel.java,access$100
56bc9ef1-e398-4017-9891-993dd48c7779,view/doctor/EmergencyTreatmentPanel$1.java,actionPerformed,->,56bc9ef1-e398-4017-9891-993dd48c7779,javax/swing/JTextField.java,getText
56bc9ef1-e398-4017-9891-993dd48c7779,view/doctor/EmergencyTreatmentPanel$1.java,actionPerformed,->,56bc9ef1-e398-4017-9891-993dd48c7779,java/lang/String.java,equals
56bc9ef1-e398-4017-9891-993dd48c7779,view/doctor/EmergencyTreatmentPanel$1.java,actionPerformed,->,56bc9ef1-e398-4017-9891-993dd48c7779,view/doctor/EmergencyTreatmentPanel.java,access$200
56bc9ef1-e398-4017-9891-993dd48c7779,view/doctor/EmergencyTreatmentPanel$1.java,actionPerformed,->,56bc9ef1-e398-4017-9891-993dd48c7779,javax/swing/JTextField.java,getText
56bc9ef1-e398-4017-9891-993dd48c7779,view/doctor/EmergencyTreatmentPanel$1.java,actionPerformed,->,56bc9ef1-e398-4017-9891-993dd48c7779,java/lang/String.java,equals
56bc9ef1-e398-4017-9891-993dd48c7779,view/doctor/EmergencyTreatmentPanel$1.java,actionPerformed,->,56bc9ef1-e398-4017-9891-993dd48c7779,view/doctor/EmergencyTreatmentPanel.java,access$300
56bc9ef1-e398-4017-9891-993dd48c7779,view/doctor/EmergencyTreatmentPanel$1.java,actionPerformed,->,56bc9ef1-e398-4017-9891-993dd48c7779,javax/swing/JTextField.java,getText
56bc9ef1-e398-4017-9891-993dd48c7779,view/doctor/EmergencyTreatmentPanel$1.java,actionPerformed,->,56bc9ef1-e398-4017-9891-993dd48c7779,java/lang/String.java,equals
56bc9ef1-e398-4017-9891-993dd48c7779,view/doctor/EmergencyTreatmentPanel$1.java,actionPerformed,->,56bc9ef1-e398-4017-9891-993dd48c7779,javax/swing/JOptionPane.java,showMessageDialog
56bc9ef1-e398-4017-9891-993dd48c7779,view/doctor/EmergencyTreatmentPanel$1.java,actionPerformed,->,56bc9ef1-e398-4017-9891-993dd48c7779,view/doctor/EmergencyTreatmentPanel.java,access$300
56bc9ef1-e398-4017-9891-993dd48c7779,view/doctor/EmergencyTreatmentPanel$1.java,actionPerformed,->,56bc9ef1-e398-4017-9891-993dd48c7779,javax/swing/JTextField.java,getText
56bc9ef1-e398-4017-9891-993dd48c7779,view/doctor/EmergencyTreatmentPanel$1.java,actionPerformed,->,56bc9ef1-e398-4017-9891-993dd48c7779,view/doctor/EmergencyTreatmentPanel.java,access$000
56bc9ef1-e398-4017-9891-993dd48c7779,view/doctor/EmergencyTreatmentPanel$1.java,actionPerformed,->,56bc9ef1-e398-4017-9891-993dd48c7779,javax/swing/JTextField.java,getText
56bc9ef1-e398-4017-9891-993dd48c7779,view/doctor/EmergencyTreatmentPanel$1.java,actionPerformed,->,56bc9ef1-e398-4017-9891-993dd48c7779,view/doctor/EmergencyTreatmentPanel.java,access$100
56bc9ef1-e398-4017-9891-993dd48c7779,view/doctor/EmergencyTreatmentPanel$1.java,actionPerformed,->,56bc9ef1-e398-4017-9891-993dd48c7779,javax/swing/JTextField.java,getText
56bc9ef1-e398-4017-9891-993dd48c7779,view/doctor/EmergencyTreatmentPanel$1.java,actionPerformed,->,56bc9ef1-e398-4017-9891-993dd48c7779,java/lang/Integer.java,parseInt
56bc9ef1-e398-4017-9891-993dd48c7779,view/doctor/EmergencyTreatmentPanel$1.java,actionPerformed,->,56bc9ef1-e398-4017-9891-993dd48c7779,view/doctor/EmergencyTreatmentPanel.java,access$200
56bc9ef1-e398-4017-9891-993dd48c7779,view/doctor/EmergencyTreatmentPanel$1.java,actionPerformed,->,56bc9ef1-e398-4017-9891-993dd48c7779,javax/swing/JTextField.java,getText
56bc9ef1-e398-4017-9891-993dd48c7779,view/doctor/EmergencyTreatmentPanel$1.java,actionPerformed,->,56bc9ef1-e398-4017-9891-993dd48c7779,view/doctor/EmergencyTreatmentPanel.java,access$300
56bc9ef1-e398-4017-9891-993dd48c7779,view/doctor/EmergencyTreatmentPanel$1.java,actionPerformed,->,56bc9ef1-e398-4017-9891-993dd48c7779,javax/swing/JTextField.java,getText
56bc9ef1-e398-4017-9891-993dd48c7779,view/doctor/EmergencyTreatmentPanel$1.java,actionPerformed,->,56bc9ef1-e398-4017-9891-993dd48c7779,storage/patient/PatientStorage.java,put
56bc9ef1-e398-4017-9891-993dd48c7779,view/doctor/EmergencyTreatmentPanel$1.java,actionPerformed,->,56bc9ef1-e398-4017-9891-993dd48c7779,javax/swing/JOptionPane.java,showMessageDialog
56bc9ef1-e398-4017-9891-993dd48c7779,b294dc9c-de43-4ec3-adbb-ed2b4c866def,7d8c8b73-6227-434f-b9b2-adc33b5fd82e,->,56bc9ef1-e398-4017-9891-993dd48c7779,view/doctor/DoctorMainTabbedPane.java,setSize
56bc9ef1-e398-4017-9891-993dd48c7779,b294dc9c-de43-4ec3-adbb-ed2b4c866def,7d8c8b73-6227-434f-b9b2-adc33b5fd82e,->,56bc9ef1-e398-4017-9891-993dd48c7779,b294dc9c-de43-4ec3-adbb-ed2b4c866def,f36edd39-64ba-4248-93b1-c5028edebb9d
56bc9ef1-e398-4017-9891-993dd48c7779,b294dc9c-de43-4ec3-adbb-ed2b4c866def,7d8c8b73-6227-434f-b9b2-adc33b5fd82e,->,56bc9ef1-e398-4017-9891-993dd48c7779,view/doctor/DoctorMainTabbedPane.java,addTab
56bc9ef1-e398-4017-9891-993dd48c7779,b294dc9c-de43-4ec3-adbb-ed2b4c866def,7d8c8b73-6227-434f-b9b2-adc33b5fd82e,->,56bc9ef1-e398-4017-9891-993dd48c7779,b294dc9c-de43-4ec3-adbb-ed2b4c866def,04e3932e-aba5-4379-b844-624fe7079e1b
56bc9ef1-e398-4017-9891-993dd48c7779,b294dc9c-de43-4ec3-adbb-ed2b4c866def,7d8c8b73-6227-434f-b9b2-adc33b5fd82e,->,56bc9ef1-e398-4017-9891-993dd48c7779,view/doctor/DoctorMainTabbedPane.java,addTab
56bc9ef1-e398-4017-9891-993dd48c7779,b294dc9c-de43-4ec3-adbb-ed2b4c866def,7d8c8b73-6227-434f-b9b2-adc33b5fd82e,->,56bc9ef1-e398-4017-9891-993dd48c7779,b294dc9c-de43-4ec3-adbb-ed2b4c866def,1efdd16e-273d-4d70-9f31-32701f859a4d
56bc9ef1-e398-4017-9891-993dd48c7779,b294dc9c-de43-4ec3-adbb-ed2b4c866def,7d8c8b73-6227-434f-b9b2-adc33b5fd82e,->,56bc9ef1-e398-4017-9891-993dd48c7779,view/doctor/DoctorMainTabbedPane.java,addTab
56bc9ef1-e398-4017-9891-993dd48c7779,b294dc9c-de43-4ec3-adbb-ed2b4c866def,7d8c8b73-6227-434f-b9b2-adc33b5fd82e,->,56bc9ef1-e398-4017-9891-993dd48c7779,b294dc9c-de43-4ec3-adbb-ed2b4c866def,42ddca9e-4673-4299-9d43-027d5d8a646a
56bc9ef1-e398-4017-9891-993dd48c7779,b294dc9c-de43-4ec3-adbb-ed2b4c866def,7d8c8b73-6227-434f-b9b2-adc33b5fd82e,->,56bc9ef1-e398-4017-9891-993dd48c7779,view/doctor/DoctorMainTabbedPane.java,addTab
56bc9ef1-e398-4017-9891-993dd48c7779,b294dc9c-de43-4ec3-adbb-ed2b4c866def,7d8c8b73-6227-434f-b9b2-adc33b5fd82e,->,56bc9ef1-e398-4017-9891-993dd48c7779,b294dc9c-de43-4ec3-adbb-ed2b4c866def,8edbad84-7dd9-45d0-b908-9c526af8f4ce
56bc9ef1-e398-4017-9891-993dd48c7779,b294dc9c-de43-4ec3-adbb-ed2b4c866def,7d8c8b73-6227-434f-b9b2-adc33b5fd82e,->,56bc9ef1-e398-4017-9891-993dd48c7779,view/doctor/DoctorMainTabbedPane.java,addTab
56bc9ef1-e398-4017-9891-993dd48c7779,b294dc9c-de43-4ec3-adbb-ed2b4c866def,7d8c8b73-6227-434f-b9b2-adc33b5fd82e,->,56bc9ef1-e398-4017-9891-993dd48c7779,b294dc9c-de43-4ec3-adbb-ed2b4c866def,11c14f43-68c1-44aa-b9dc-ac72a1850069
56bc9ef1-e398-4017-9891-993dd48c7779,b294dc9c-de43-4ec3-adbb-ed2b4c866def,7d8c8b73-6227-434f-b9b2-adc33b5fd82e,->,56bc9ef1-e398-4017-9891-993dd48c7779,view/doctor/DoctorMainTabbedPane.java,addTab
56bc9ef1-e398-4017-9891-993dd48c7779,b294dc9c-de43-4ec3-adbb-ed2b4c866def,7d8c8b73-6227-434f-b9b2-adc33b5fd82e,->,56bc9ef1-e398-4017-9891-993dd48c7779,b294dc9c-de43-4ec3-adbb-ed2b4c866def,9e42781d-fd3e-436b-8f0b-27b54f5e68bd
56bc9ef1-e398-4017-9891-993dd48c7779,b294dc9c-de43-4ec3-adbb-ed2b4c866def,7d8c8b73-6227-434f-b9b2-adc33b5fd82e,->,56bc9ef1-e398-4017-9891-993dd48c7779,view/doctor/DoctorMainTabbedPane.java,addTab
56bc9ef1-e398-4017-9891-993dd48c7779,b294dc9c-de43-4ec3-adbb-ed2b4c866def,7d8c8b73-6227-434f-b9b2-adc33b5fd82e,->,56bc9ef1-e398-4017-9891-993dd48c7779,b294dc9c-de43-4ec3-adbb-ed2b4c866def,1f95a536-0d38-4cf6-8654-96c13c14da20
56bc9ef1-e398-4017-9891-993dd48c7779,b294dc9c-de43-4ec3-adbb-ed2b4c866def,7d8c8b73-6227-434f-b9b2-adc33b5fd82e,->,56bc9ef1-e398-4017-9891-993dd48c7779,view/doctor/DoctorMainTabbedPane.java,addTab
56bc9ef1-e398-4017-9891-993dd48c7779,b294dc9c-de43-4ec3-adbb-ed2b4c866def,7d8c8b73-6227-434f-b9b2-adc33b5fd82e,->,56bc9ef1-e398-4017-9891-993dd48c7779,b294dc9c-de43-4ec3-adbb-ed2b4c866def,0243e2db-9707-4b5a-98e1-0cebe664cd2b
56bc9ef1-e398-4017-9891-993dd48c7779,b294dc9c-de43-4ec3-adbb-ed2b4c866def,7d8c8b73-6227-434f-b9b2-adc33b5fd82e,->,56bc9ef1-e398-4017-9891-993dd48c7779,view/doctor/DoctorMainTabbedPane.java,addTab
56bc9ef1-e398-4017-9891-993dd48c7779,b294dc9c-de43-4ec3-adbb-ed2b4c866def,04e3932e-aba5-4379-b844-624fe7079e1b,->,56bc9ef1-e398-4017-9891-993dd48c7779,view/doctor/SeeCaseHistoryPanel.java,setLayout
56bc9ef1-e398-4017-9891-993dd48c7779,b294dc9c-de43-4ec3-adbb-ed2b4c866def,1efdd16e-273d-4d70-9f31-32701f859a4d,->,56bc9ef1-e398-4017-9891-993dd48c7779,view/doctor/SeeMedicinesPanel.java,setLayout
56bc9ef1-e398-4017-9891-993dd48c7779,962c82b3-f4b9-48fc-ace4-2edf346bfdc3,300a0d1c-4e09-4116-b32b-9bfd8f833341,->,56bc9ef1-e398-4017-9891-993dd48c7779,javax/swing/JLabel.java,setText
56bc9ef1-e398-4017-9891-993dd48c7779,962c82b3-f4b9-48fc-ace4-2edf346bfdc3,300a0d1c-4e09-4116-b32b-9bfd8f833341,->,56bc9ef1-e398-4017-9891-993dd48c7779,view/doctor/SeePatientFoundamentalDataPanel.java,setSize
56bc9ef1-e398-4017-9891-993dd48c7779,962c82b3-f4b9-48fc-ace4-2edf346bfdc3,300a0d1c-4e09-4116-b32b-9bfd8f833341,->,56bc9ef1-e398-4017-9891-993dd48c7779,view/doctor/SeePatientFoundamentalDataPanel.java,setLayout
56bc9ef1-e398-4017-9891-993dd48c7779,962c82b3-f4b9-48fc-ace4-2edf346bfdc3,300a0d1c-4e09-4116-b32b-9bfd8f833341,->,56bc9ef1-e398-4017-9891-993dd48c7779,view/doctor/SeePatientFoundamentalDataPanel.java,add
56bc9ef1-e398-4017-9891-993dd48c7779,962c82b3-f4b9-48fc-ace4-2edf346bfdc3,300a0d1c-4e09-4116-b32b-9bfd8f833341,->,56bc9ef1-e398-4017-9891-993dd48c7779,962c82b3-f4b9-48fc-ace4-2edf346bfdc3,ee39deb5-36d6-4d73-be9d-d8a2d7fd69ca
56bc9ef1-e398-4017-9891-993dd48c7779,962c82b3-f4b9-48fc-ace4-2edf346bfdc3,300a0d1c-4e09-4116-b32b-9bfd8f833341,->,56bc9ef1-e398-4017-9891-993dd48c7779,view/doctor/SeePatientFoundamentalDataPanel.java,add
56bc9ef1-e398-4017-9891-993dd48c7779,962c82b3-f4b9-48fc-ace4-2edf346bfdc3,300a0d1c-4e09-4116-b32b-9bfd8f833341,->,56bc9ef1-e398-4017-9891-993dd48c7779,962c82b3-f4b9-48fc-ace4-2edf346bfdc3,edce0e02-bdac-4eec-9e27-d53fd608f2e7
56bc9ef1-e398-4017-9891-993dd48c7779,962c82b3-f4b9-48fc-ace4-2edf346bfdc3,300a0d1c-4e09-4116-b32b-9bfd8f833341,->,56bc9ef1-e398-4017-9891-993dd48c7779,view/doctor/SeePatientFoundamentalDataPanel.java,add
56bc9ef1-e398-4017-9891-993dd48c7779,962c82b3-f4b9-48fc-ace4-2edf346bfdc3,edce0e02-bdac-4eec-9e27-d53fd608f2e7,->,56bc9ef1-e398-4017-9891-993dd48c7779,javax/swing/JButton.java,setText
56bc9ef1-e398-4017-9891-993dd48c7779,962c82b3-f4b9-48fc-ace4-2edf346bfdc3,edce0e02-bdac-4eec-9e27-d53fd608f2e7,->,56bc9ef1-e398-4017-9891-993dd48c7779,javax/swing/JButton.java,addActionListener
56bc9ef1-e398-4017-9891-993dd48c7779,280e0995-d709-449f-b006-08e1907080b6,272b93b7-ad77-4eda-a4ff-9452c01ddd29,->,56bc9ef1-e398-4017-9891-993dd48c7779,view/doctor/DoctorMainView.java,setSize
56bc9ef1-e398-4017-9891-993dd48c7779,280e0995-d709-449f-b006-08e1907080b6,272b93b7-ad77-4eda-a4ff-9452c01ddd29,->,56bc9ef1-e398-4017-9891-993dd48c7779,280e0995-d709-449f-b006-08e1907080b6,84f2f1cc-dfcb-4307-84b4-361c03760ebf
56bc9ef1-e398-4017-9891-993dd48c7779,280e0995-d709-449f-b006-08e1907080b6,272b93b7-ad77-4eda-a4ff-9452c01ddd29,->,56bc9ef1-e398-4017-9891-993dd48c7779,view/doctor/DoctorMainView.java,setContentPane
56bc9ef1-e398-4017-9891-993dd48c7779,280e0995-d709-449f-b006-08e1907080b6,272b93b7-ad77-4eda-a4ff-9452c01ddd29,->,56bc9ef1-e398-4017-9891-993dd48c7779,view/doctor/DoctorMainView.java,setTitle
56bc9ef1-e398-4017-9891-993dd48c7779,280e0995-d709-449f-b006-08e1907080b6,272b93b7-ad77-4eda-a4ff-9452c01ddd29,->,56bc9ef1-e398-4017-9891-993dd48c7779,view/doctor/DoctorMainView.java,addWindowListener
56bc9ef1-e398-4017-9891-993dd48c7779,280e0995-d709-449f-b006-08e1907080b6,84f2f1cc-dfcb-4307-84b4-361c03760ebf,->,56bc9ef1-e398-4017-9891-993dd48c7779,javax/swing/JPanel.java,setLayout
56bc9ef1-e398-4017-9891-993dd48c7779,280e0995-d709-449f-b006-08e1907080b6,84f2f1cc-dfcb-4307-84b4-361c03760ebf,->,56bc9ef1-e398-4017-9891-993dd48c7779,280e0995-d709-449f-b006-08e1907080b6,13371d99-a67c-41ba-aee1-f6adc0dcbf4a
56bc9ef1-e398-4017-9891-993dd48c7779,280e0995-d709-449f-b006-08e1907080b6,84f2f1cc-dfcb-4307-84b4-361c03760ebf,->,56bc9ef1-e398-4017-9891-993dd48c7779,javax/swing/JPanel.java,add
56bc9ef1-e398-4017-9891-993dd48c7779,view/doctor/SeePatientFoundamentalDataPanel$1.java,actionPerformed,->,56bc9ef1-e398-4017-9891-993dd48c7779,097f82c6-ab9d-4d49-9ff0-e79a430fd0f8,49da4ba8-1e3a-4334-be74-3ad964f85291
56bc9ef1-e398-4017-9891-993dd48c7779,view/doctor/SeePatientFoundamentalDataPanel$1.java,actionPerformed,->,56bc9ef1-e398-4017-9891-993dd48c7779,view/doctor/SeePatientFoundamentalDataPanel.java,access$000
56bc9ef1-e398-4017-9891-993dd48c7779,view/doctor/SeePatientFoundamentalDataPanel$1.java,actionPerformed,->,56bc9ef1-e398-4017-9891-993dd48c7779,javax/swing/JTextField.java,getText
56bc9ef1-e398-4017-9891-993dd48c7779,view/doctor/SeePatientFoundamentalDataPanel$1.java,actionPerformed,->,56bc9ef1-e398-4017-9891-993dd48c7779,storage/patient/PatientStorage.java,get
56bc9ef1-e398-4017-9891-993dd48c7779,view/doctor/SeePatientFoundamentalDataPanel$1.java,actionPerformed,->,56bc9ef1-e398-4017-9891-993dd48c7779,javax/swing/JOptionPane.java,showMessageDialog
56bc9ef1-e398-4017-9891-993dd48c7779,view/doctor/SeePatientFoundamentalDataPanel$1.java,actionPerformed,->,56bc9ef1-e398-4017-9891-993dd48c7779,java/lang/StringBuilder.java,append
56bc9ef1-e398-4017-9891-993dd48c7779,view/doctor/SeePatientFoundamentalDataPanel$1.java,actionPerformed,->,56bc9ef1-e398-4017-9891-993dd48c7779,view/doctor/SeePatientFoundamentalDataPanel.java,access$000
56bc9ef1-e398-4017-9891-993dd48c7779,view/doctor/SeePatientFoundamentalDataPanel$1.java,actionPerformed,->,56bc9ef1-e398-4017-9891-993dd48c7779,javax/swing/JTextField.java,getText
56bc9ef1-e398-4017-9891-993dd48c7779,view/doctor/SeePatientFoundamentalDataPanel$1.java,actionPerformed,->,56bc9ef1-e398-4017-9891-993dd48c7779,storage/patient/PatientStorage.java,get
56bc9ef1-e398-4017-9891-993dd48c7779,view/doctor/SeePatientFoundamentalDataPanel$1.java,actionPerformed,->,56bc9ef1-e398-4017-9891-993dd48c7779,ab8911e5-49dd-4a06-8898-fdc189323d30,34cde23b-94f6-469b-96ac-18cc486e5056
56bc9ef1-e398-4017-9891-993dd48c7779,view/doctor/SeePatientFoundamentalDataPanel$1.java,actionPerformed,->,56bc9ef1-e398-4017-9891-993dd48c7779,java/lang/StringBuilder.java,append
56bc9ef1-e398-4017-9891-993dd48c7779,view/doctor/SeePatientFoundamentalDataPanel$1.java,actionPerformed,->,56bc9ef1-e398-4017-9891-993dd48c7779,java/lang/StringBuilder.java,toString
56bc9ef1-e398-4017-9891-993dd48c7779,view/doctor/SeePatientFoundamentalDataPanel$1.java,actionPerformed,->,56bc9ef1-e398-4017-9891-993dd48c7779,javax/swing/JOptionPane.java,showMessageDialog
56bc9ef1-e398-4017-9891-993dd48c7779,view/doctor/WritePrescriptionPanel$2.java,actionPerformed,->,56bc9ef1-e398-4017-9891-993dd48c7779,097f82c6-ab9d-4d49-9ff0-e79a430fd0f8,49da4ba8-1e3a-4334-be74-3ad964f85291
56bc9ef1-e398-4017-9891-993dd48c7779,view/doctor/WritePrescriptionPanel$2.java,actionPerformed,->,56bc9ef1-e398-4017-9891-993dd48c7779,view/doctor/WritePrescriptionPanel.java,access$000
56bc9ef1-e398-4017-9891-993dd48c7779,view/doctor/WritePrescriptionPanel$2.java,actionPerformed,->,56bc9ef1-e398-4017-9891-993dd48c7779,javax/swing/JTextField.java,getText
56bc9ef1-e398-4017-9891-993dd48c7779,view/doctor/WritePrescriptionPanel$2.java,actionPerformed,->,56bc9ef1-e398-4017-9891-993dd48c7779,storage/patient/PatientStorage.java,get
56bc9ef1-e398-4017-9891-993dd48c7779,view/doctor/WritePrescriptionPanel$2.java,actionPerformed,->,56bc9ef1-e398-4017-9891-993dd48c7779,javax/swing/JOptionPane.java,showMessageDialog
56bc9ef1-e398-4017-9891-993dd48c7779,view/doctor/WritePrescriptionPanel$2.java,actionPerformed,->,56bc9ef1-e398-4017-9891-993dd48c7779,java/lang/StringBuilder.java,append
56bc9ef1-e398-4017-9891-993dd48c7779,view/doctor/WritePrescriptionPanel$2.java,actionPerformed,->,56bc9ef1-e398-4017-9891-993dd48c7779,view/doctor/WritePrescriptionPanel.java,access$000
56bc9ef1-e398-4017-9891-993dd48c7779,view/doctor/WritePrescriptionPanel$2.java,actionPerformed,->,56bc9ef1-e398-4017-9891-993dd48c7779,javax/swing/JTextField.java,getText
56bc9ef1-e398-4017-9891-993dd48c7779,view/doctor/WritePrescriptionPanel$2.java,actionPerformed,->,56bc9ef1-e398-4017-9891-993dd48c7779,storage/patient/PatientStorage.java,get
56bc9ef1-e398-4017-9891-993dd48c7779,view/doctor/WritePrescriptionPanel$2.java,actionPerformed,->,56bc9ef1-e398-4017-9891-993dd48c7779,ab8911e5-49dd-4a06-8898-fdc189323d30,34cde23b-94f6-469b-96ac-18cc486e5056
56bc9ef1-e398-4017-9891-993dd48c7779,view/doctor/WritePrescriptionPanel$2.java,actionPerformed,->,56bc9ef1-e398-4017-9891-993dd48c7779,java/lang/StringBuilder.java,append
56bc9ef1-e398-4017-9891-993dd48c7779,view/doctor/WritePrescriptionPanel$2.java,actionPerformed,->,56bc9ef1-e398-4017-9891-993dd48c7779,java/lang/StringBuilder.java,toString
56bc9ef1-e398-4017-9891-993dd48c7779,view/doctor/WritePrescriptionPanel$2.java,actionPerformed,->,56bc9ef1-e398-4017-9891-993dd48c7779,javax/swing/JOptionPane.java,showMessageDialog
56bc9ef1-e398-4017-9891-993dd48c7779,view/doctor/WritePrescriptionPanel$2.java,actionPerformed,->,56bc9ef1-e398-4017-9891-993dd48c7779,view/doctor/WritePrescriptionPanel.java,access$100
56bc9ef1-e398-4017-9891-993dd48c7779,view/doctor/WritePrescriptionPanel$2.java,actionPerformed,->,56bc9ef1-e398-4017-9891-993dd48c7779,java/util/HashMap.java,clear
56bc9ef1-e398-4017-9891-993dd48c7779,view/doctor/WritePrescriptionPanel$2.java,actionPerformed,->,56bc9ef1-e398-4017-9891-993dd48c7779,view/doctor/WritePrescriptionPanel.java,access$200
56bc9ef1-e398-4017-9891-993dd48c7779,view/doctor/WritePrescriptionPanel$2.java,actionPerformed,->,56bc9ef1-e398-4017-9891-993dd48c7779,javax/swing/JTextArea.java,setText
56bc9ef1-e398-4017-9891-993dd48c7779,ed1830a8-e2e0-4b31-a194-e4e7e63ba410,aef5488a-b539-468c-bf78-5d32c25e9906,->,56bc9ef1-e398-4017-9891-993dd48c7779,view/doctor/SeeMedicinesPanel.java,setSize
56bc9ef1-e398-4017-9891-993dd48c7779,ed1830a8-e2e0-4b31-a194-e4e7e63ba410,aef5488a-b539-468c-bf78-5d32c25e9906,->,56bc9ef1-e398-4017-9891-993dd48c7779,view/doctor/SeeMedicinesPanel.java,setLayout
56bc9ef1-e398-4017-9891-993dd48c7779,ed1830a8-e2e0-4b31-a194-e4e7e63ba410,aef5488a-b539-468c-bf78-5d32c25e9906,->,56bc9ef1-e398-4017-9891-993dd48c7779,ed1830a8-e2e0-4b31-a194-e4e7e63ba410,2aa167cf-b78b-40ab-a99a-5e4c606e6cfa
56bc9ef1-e398-4017-9891-993dd48c7779,ed1830a8-e2e0-4b31-a194-e4e7e63ba410,aef5488a-b539-468c-bf78-5d32c25e9906,->,56bc9ef1-e398-4017-9891-993dd48c7779,view/doctor/SeeMedicinesPanel.java,add
56bc9ef1-e398-4017-9891-993dd48c7779,ed1830a8-e2e0-4b31-a194-e4e7e63ba410,aef5488a-b539-468c-bf78-5d32c25e9906,->,56bc9ef1-e398-4017-9891-993dd48c7779,ed1830a8-e2e0-4b31-a194-e4e7e63ba410,74e9232e-96b7-4bcc-a5ea-28941cfc6748
56bc9ef1-e398-4017-9891-993dd48c7779,ed1830a8-e2e0-4b31-a194-e4e7e63ba410,aef5488a-b539-468c-bf78-5d32c25e9906,->,56bc9ef1-e398-4017-9891-993dd48c7779,view/doctor/SeeMedicinesPanel.java,add
56bc9ef1-e398-4017-9891-993dd48c7779,ed1830a8-e2e0-4b31-a194-e4e7e63ba410,2aa167cf-b78b-40ab-a99a-5e4c606e6cfa,->,56bc9ef1-e398-4017-9891-993dd48c7779,3b8a581e-0ab4-4f96-b50c-ab33935f7d84,9bc1e3e8-1199-489a-8cdf-db7ebeacc143
56bc9ef1-e398-4017-9891-993dd48c7779,ed1830a8-e2e0-4b31-a194-e4e7e63ba410,2aa167cf-b78b-40ab-a99a-5e4c606e6cfa,->,56bc9ef1-e398-4017-9891-993dd48c7779,2711ec2f-03c1-48f2-bb0a-34585525605a,1da99f2f-c23e-4762-8620-1d6c2626aa94
56bc9ef1-e398-4017-9891-993dd48c7779,ed1830a8-e2e0-4b31-a194-e4e7e63ba410,2aa167cf-b78b-40ab-a99a-5e4c606e6cfa,->,56bc9ef1-e398-4017-9891-993dd48c7779,javax/swing/JTextArea.java,setText
56bc9ef1-e398-4017-9891-993dd48c7779,ed1830a8-e2e0-4b31-a194-e4e7e63ba410,74e9232e-96b7-4bcc-a5ea-28941cfc6748,->,56bc9ef1-e398-4017-9891-993dd48c7779,javax/swing/JButton.java,setText
56bc9ef1-e398-4017-9891-993dd48c7779,ed1830a8-e2e0-4b31-a194-e4e7e63ba410,74e9232e-96b7-4bcc-a5ea-28941cfc6748,->,56bc9ef1-e398-4017-9891-993dd48c7779,javax/swing/JButton.java,addActionListener
56bc9ef1-e398-4017-9891-993dd48c7779,851d745a-459a-42b2-8fdc-47072ff5ce51,297c6c13-7de1-48e8-95ce-4e5662156345,->,56bc9ef1-e398-4017-9891-993dd48c7779,javax/swing/JLabel.java,setText
56bc9ef1-e398-4017-9891-993dd48c7779,851d745a-459a-42b2-8fdc-47072ff5ce51,297c6c13-7de1-48e8-95ce-4e5662156345,->,56bc9ef1-e398-4017-9891-993dd48c7779,javax/swing/JLabel.java,setText
56bc9ef1-e398-4017-9891-993dd48c7779,851d745a-459a-42b2-8fdc-47072ff5ce51,297c6c13-7de1-48e8-95ce-4e5662156345,->,56bc9ef1-e398-4017-9891-993dd48c7779,view/doctor/WriteCaseHistoryPanel.java,setSize
56bc9ef1-e398-4017-9891-993dd48c7779,851d745a-459a-42b2-8fdc-47072ff5ce51,297c6c13-7de1-48e8-95ce-4e5662156345,->,56bc9ef1-e398-4017-9891-993dd48c7779,view/doctor/WriteCaseHistoryPanel.java,setLayout
56bc9ef1-e398-4017-9891-993dd48c7779,851d745a-459a-42b2-8fdc-47072ff5ce51,297c6c13-7de1-48e8-95ce-4e5662156345,->,56bc9ef1-e398-4017-9891-993dd48c7779,view/doctor/WriteCaseHistoryPanel.java,add
56bc9ef1-e398-4017-9891-993dd48c7779,851d745a-459a-42b2-8fdc-47072ff5ce51,297c6c13-7de1-48e8-95ce-4e5662156345,->,56bc9ef1-e398-4017-9891-993dd48c7779,851d745a-459a-42b2-8fdc-47072ff5ce51,4877d820-8588-433c-b8e5-4b1792ce1368
56bc9ef1-e398-4017-9891-993dd48c7779,851d745a-459a-42b2-8fdc-47072ff5ce51,297c6c13-7de1-48e8-95ce-4e5662156345,->,56bc9ef1-e398-4017-9891-993dd48c7779,view/doctor/WriteCaseHistoryPanel.java,add
56bc9ef1-e398-4017-9891-993dd48c7779,851d745a-459a-42b2-8fdc-47072ff5ce51,297c6c13-7de1-48e8-95ce-4e5662156345,->,56bc9ef1-e398-4017-9891-993dd48c7779,851d745a-459a-42b2-8fdc-47072ff5ce51,3276849d-c499-4b07-8638-a2a98f6c541f
56bc9ef1-e398-4017-9891-993dd48c7779,851d745a-459a-42b2-8fdc-47072ff5ce51,297c6c13-7de1-48e8-95ce-4e5662156345,->,56bc9ef1-e398-4017-9891-993dd48c7779,view/doctor/WriteCaseHistoryPanel.java,add
56bc9ef1-e398-4017-9891-993dd48c7779,851d745a-459a-42b2-8fdc-47072ff5ce51,297c6c13-7de1-48e8-95ce-4e5662156345,->,56bc9ef1-e398-4017-9891-993dd48c7779,851d745a-459a-42b2-8fdc-47072ff5ce51,9f0a25d5-cf16-4af8-b3da-d90dc1368a6f
56bc9ef1-e398-4017-9891-993dd48c7779,851d745a-459a-42b2-8fdc-47072ff5ce51,297c6c13-7de1-48e8-95ce-4e5662156345,->,56bc9ef1-e398-4017-9891-993dd48c7779,view/doctor/WriteCaseHistoryPanel.java,add
56bc9ef1-e398-4017-9891-993dd48c7779,851d745a-459a-42b2-8fdc-47072ff5ce51,297c6c13-7de1-48e8-95ce-4e5662156345,->,56bc9ef1-e398-4017-9891-993dd48c7779,view/doctor/WriteCaseHistoryPanel.java,add
56bc9ef1-e398-4017-9891-993dd48c7779,851d745a-459a-42b2-8fdc-47072ff5ce51,297c6c13-7de1-48e8-95ce-4e5662156345,->,56bc9ef1-e398-4017-9891-993dd48c7779,851d745a-459a-42b2-8fdc-47072ff5ce51,1b5c5b4b-4ca2-4a06-8a27-1c502d7d36fd
56bc9ef1-e398-4017-9891-993dd48c7779,851d745a-459a-42b2-8fdc-47072ff5ce51,297c6c13-7de1-48e8-95ce-4e5662156345,->,56bc9ef1-e398-4017-9891-993dd48c7779,view/doctor/WriteCaseHistoryPanel.java,add
56bc9ef1-e398-4017-9891-993dd48c7779,851d745a-459a-42b2-8fdc-47072ff5ce51,4877d820-8588-433c-b8e5-4b1792ce1368,->,56bc9ef1-e398-4017-9891-993dd48c7779,javax/swing/JTextField.java,setColumns
56bc9ef1-e398-4017-9891-993dd48c7779,851d745a-459a-42b2-8fdc-47072ff5ce51,9f0a25d5-cf16-4af8-b3da-d90dc1368a6f,->,56bc9ef1-e398-4017-9891-993dd48c7779,javax/swing/JButton.java,setText
56bc9ef1-e398-4017-9891-993dd48c7779,851d745a-459a-42b2-8fdc-47072ff5ce51,9f0a25d5-cf16-4af8-b3da-d90dc1368a6f,->,56bc9ef1-e398-4017-9891-993dd48c7779,javax/swing/JButton.java,addActionListener
56bc9ef1-e398-4017-9891-993dd48c7779,851d745a-459a-42b2-8fdc-47072ff5ce51,1b5c5b4b-4ca2-4a06-8a27-1c502d7d36fd,->,56bc9ef1-e398-4017-9891-993dd48c7779,javax/swing/JButton.java,setText
56bc9ef1-e398-4017-9891-993dd48c7779,851d745a-459a-42b2-8fdc-47072ff5ce51,1b5c5b4b-4ca2-4a06-8a27-1c502d7d36fd,->,56bc9ef1-e398-4017-9891-993dd48c7779,javax/swing/JButton.java,addActionListener
56bc9ef1-e398-4017-9891-993dd48c7779,view/doctor/SeeRegisteredPatientFoundamentalDataPanel$1.java,actionPerformed,->,56bc9ef1-e398-4017-9891-993dd48c7779,view/doctor/SeeRegisteredPatientFoundamentalDataPanel.java,access$000
56bc9ef1-e398-4017-9891-993dd48c7779,view/doctor/WritePrescriptionPanel$3.java,actionPerformed,->,56bc9ef1-e398-4017-9891-993dd48c7779,view/doctor/WritePrescriptionPanel.java,access$300
56bc9ef1-e398-4017-9891-993dd48c7779,view/doctor/WritePrescriptionPanel$3.java,actionPerformed,->,56bc9ef1-e398-4017-9891-993dd48c7779,javax/swing/JComboBox.java,getSelectedItem
56bc9ef1-e398-4017-9891-993dd48c7779,view/doctor/WritePrescriptionPanel$3.java,actionPerformed,->,56bc9ef1-e398-4017-9891-993dd48c7779,view/doctor/WritePrescriptionPanel.java,access$400
56bc9ef1-e398-4017-9891-993dd48c7779,view/doctor/WritePrescriptionPanel$3.java,actionPerformed,->,56bc9ef1-e398-4017-9891-993dd48c7779,javax/swing/JTextField.java,getText
56bc9ef1-e398-4017-9891-993dd48c7779,view/doctor/WritePrescriptionPanel$3.java,actionPerformed,->,56bc9ef1-e398-4017-9891-993dd48c7779,java/lang/String.java,equals
56bc9ef1-e398-4017-9891-993dd48c7779,view/doctor/WritePrescriptionPanel$3.java,actionPerformed,->,56bc9ef1-e398-4017-9891-993dd48c7779,javax/swing/JOptionPane.java,showMessageDialog
56bc9ef1-e398-4017-9891-993dd48c7779,view/doctor/WritePrescriptionPanel$3.java,actionPerformed,->,56bc9ef1-e398-4017-9891-993dd48c7779,view/doctor/WritePrescriptionPanel.java,access$100
56bc9ef1-e398-4017-9891-993dd48c7779,view/doctor/WritePrescriptionPanel$3.java,actionPerformed,->,56bc9ef1-e398-4017-9891-993dd48c7779,view/doctor/WritePrescriptionPanel.java,access$300
56bc9ef1-e398-4017-9891-993dd48c7779,view/doctor/WritePrescriptionPanel$3.java,actionPerformed,->,56bc9ef1-e398-4017-9891-993dd48c7779,javax/swing/JComboBox.java,getSelectedItem
56bc9ef1-e398-4017-9891-993dd48c7779,view/doctor/WritePrescriptionPanel$3.java,actionPerformed,->,56bc9ef1-e398-4017-9891-993dd48c7779,view/doctor/WritePrescriptionPanel.java,access$400
56bc9ef1-e398-4017-9891-993dd48c7779,view/doctor/WritePrescriptionPanel$3.java,actionPerformed,->,56bc9ef1-e398-4017-9891-993dd48c7779,javax/swing/JTextField.java,getText
56bc9ef1-e398-4017-9891-993dd48c7779,view/doctor/WritePrescriptionPanel$3.java,actionPerformed,->,56bc9ef1-e398-4017-9891-993dd48c7779,java/lang/Integer.java,parseInt
56bc9ef1-e398-4017-9891-993dd48c7779,view/doctor/WritePrescriptionPanel$3.java,actionPerformed,->,56bc9ef1-e398-4017-9891-993dd48c7779,java/lang/Integer.java,valueOf
56bc9ef1-e398-4017-9891-993dd48c7779,view/doctor/WritePrescriptionPanel$3.java,actionPerformed,->,56bc9ef1-e398-4017-9891-993dd48c7779,java/util/HashMap.java,put
56bc9ef1-e398-4017-9891-993dd48c7779,view/doctor/WritePrescriptionPanel$3.java,actionPerformed,->,56bc9ef1-e398-4017-9891-993dd48c7779,view/doctor/WritePrescriptionPanel.java,access$200
56bc9ef1-e398-4017-9891-993dd48c7779,view/doctor/WritePrescriptionPanel$3.java,actionPerformed,->,56bc9ef1-e398-4017-9891-993dd48c7779,view/doctor/WritePrescriptionPanel.java,access$100
56bc9ef1-e398-4017-9891-993dd48c7779,view/doctor/WritePrescriptionPanel$3.java,actionPerformed,->,56bc9ef1-e398-4017-9891-993dd48c7779,2711ec2f-03c1-48f2-bb0a-34585525605a,1da99f2f-c23e-4762-8620-1d6c2626aa94
56bc9ef1-e398-4017-9891-993dd48c7779,view/doctor/WritePrescriptionPanel$3.java,actionPerformed,->,56bc9ef1-e398-4017-9891-993dd48c7779,javax/swing/JTextArea.java,setText
56bc9ef1-e398-4017-9891-993dd48c7779,view/doctor/SeeInspectionReportPanel$1.java,actionPerformed,->,56bc9ef1-e398-4017-9891-993dd48c7779,view/doctor/SeeInspectionReportPanel.java,access$000
56bc9ef1-e398-4017-9891-993dd48c7779,view/doctor/SeeInspectionReportPanel$1.java,actionPerformed,->,56bc9ef1-e398-4017-9891-993dd48c7779,javax/swing/JTextField.java,getText
56bc9ef1-e398-4017-9891-993dd48c7779,view/doctor/SeeInspectionReportPanel$1.java,actionPerformed,->,56bc9ef1-e398-4017-9891-993dd48c7779,java/lang/String.java,equals
56bc9ef1-e398-4017-9891-993dd48c7779,view/doctor/SeeInspectionReportPanel$1.java,actionPerformed,->,56bc9ef1-e398-4017-9891-993dd48c7779,view/doctor/SeeInspectionReportPanel.java,access$100
56bc9ef1-e398-4017-9891-993dd48c7779,view/doctor/SeeInspectionReportPanel$1.java,actionPerformed,->,56bc9ef1-e398-4017-9891-993dd48c7779,javax/swing/JComboBox.java,getSelectedItem
56bc9ef1-e398-4017-9891-993dd48c7779,view/doctor/SeeInspectionReportPanel$1.java,actionPerformed,->,56bc9ef1-e398-4017-9891-993dd48c7779,javax/swing/JOptionPane.java,showMessageDialog
56bc9ef1-e398-4017-9891-993dd48c7779,view/doctor/SeeInspectionReportPanel$1.java,actionPerformed,->,56bc9ef1-e398-4017-9891-993dd48c7779,097f82c6-ab9d-4d49-9ff0-e79a430fd0f8,49da4ba8-1e3a-4334-be74-3ad964f85291
56bc9ef1-e398-4017-9891-993dd48c7779,view/doctor/SeeInspectionReportPanel$1.java,actionPerformed,->,56bc9ef1-e398-4017-9891-993dd48c7779,view/doctor/SeeInspectionReportPanel.java,access$000
56bc9ef1-e398-4017-9891-993dd48c7779,view/doctor/SeeInspectionReportPanel$1.java,actionPerformed,->,56bc9ef1-e398-4017-9891-993dd48c7779,javax/swing/JTextField.java,getText
56bc9ef1-e398-4017-9891-993dd48c7779,view/doctor/SeeInspectionReportPanel$1.java,actionPerformed,->,56bc9ef1-e398-4017-9891-993dd48c7779,storage/patient/PatientStorage.java,get
56bc9ef1-e398-4017-9891-993dd48c7779,view/doctor/SeeInspectionReportPanel$1.java,actionPerformed,->,56bc9ef1-e398-4017-9891-993dd48c7779,javax/swing/JOptionPane.java,showMessageDialog
56bc9ef1-e398-4017-9891-993dd48c7779,view/doctor/SeeInspectionReportPanel$1.java,actionPerformed,->,56bc9ef1-e398-4017-9891-993dd48c7779,e3a80968-4f58-4d53-b77f-638d343f00cf,e257f2fa-67f2-4088-9da5-56446fa68607
56bc9ef1-e398-4017-9891-993dd48c7779,view/doctor/SeeInspectionReportPanel$1.java,actionPerformed,->,56bc9ef1-e398-4017-9891-993dd48c7779,storage/inspectionreport/InspectionReportStorage.java,iterator
56bc9ef1-e398-4017-9891-993dd48c7779,view/doctor/SeeInspectionReportPanel$1.java,actionPerformed,->,56bc9ef1-e398-4017-9891-993dd48c7779,java/util/Iterator.java,hasNext
56bc9ef1-e398-4017-9891-993dd48c7779,view/doctor/SeeInspectionReportPanel$1.java,actionPerformed,->,56bc9ef1-e398-4017-9891-993dd48c7779,java/util/Iterator.java,next
56bc9ef1-e398-4017-9891-993dd48c7779,view/doctor/SeeInspectionReportPanel$1.java,actionPerformed,->,56bc9ef1-e398-4017-9891-993dd48c7779,9ca2a552-4a5c-4e73-a86e-c4ec973fdf38,35ca00c7-e5d1-4973-a8fa-94c1701a485a
56bc9ef1-e398-4017-9891-993dd48c7779,view/doctor/SeeInspectionReportPanel$1.java,actionPerformed,->,56bc9ef1-e398-4017-9891-993dd48c7779,view/doctor/SeeInspectionReportPanel.java,access$000
56bc9ef1-e398-4017-9891-993dd48c7779,view/doctor/SeeInspectionReportPanel$1.java,actionPerformed,->,56bc9ef1-e398-4017-9891-993dd48c7779,javax/swing/JTextField.java,getText
56bc9ef1-e398-4017-9891-993dd48c7779,view/doctor/SeeInspectionReportPanel$1.java,actionPerformed,->,56bc9ef1-e398-4017-9891-993dd48c7779,java/lang/String.java,equals
56bc9ef1-e398-4017-9891-993dd48c7779,view/doctor/SeeInspectionReportPanel$1.java,actionPerformed,->,56bc9ef1-e398-4017-9891-993dd48c7779,9ca2a552-4a5c-4e73-a86e-c4ec973fdf38,ca95bb3c-4033-441d-bf24-7bc30656ae48
56bc9ef1-e398-4017-9891-993dd48c7779,view/doctor/SeeInspectionReportPanel$1.java,actionPerformed,->,56bc9ef1-e398-4017-9891-993dd48c7779,view/doctor/SeeInspectionReportPanel.java,access$100
56bc9ef1-e398-4017-9891-993dd48c7779,view/doctor/SeeInspectionReportPanel$1.java,actionPerformed,->,56bc9ef1-e398-4017-9891-993dd48c7779,javax/swing/JComboBox.java,getSelectedItem
56bc9ef1-e398-4017-9891-993dd48c7779,view/doctor/SeeInspectionReportPanel$1.java,actionPerformed,->,56bc9ef1-e398-4017-9891-993dd48c7779,storage/inspectionreport/InspectionDivision.java,equals
56bc9ef1-e398-4017-9891-993dd48c7779,view/doctor/SeeInspectionReportPanel$1.java,actionPerformed,->,56bc9ef1-e398-4017-9891-993dd48c7779,java/lang/StringBuilder.java,append
56bc9ef1-e398-4017-9891-993dd48c7779,view/doctor/SeeInspectionReportPanel$1.java,actionPerformed,->,56bc9ef1-e398-4017-9891-993dd48c7779,9ca2a552-4a5c-4e73-a86e-c4ec973fdf38,35ca00c7-e5d1-4973-a8fa-94c1701a485a
56bc9ef1-e398-4017-9891-993dd48c7779,view/doctor/SeeInspectionReportPanel$1.java,actionPerformed,->,56bc9ef1-e398-4017-9891-993dd48c7779,java/lang/StringBuilder.java,append
56bc9ef1-e398-4017-9891-993dd48c7779,view/doctor/SeeInspectionReportPanel$1.java,actionPerformed,->,56bc9ef1-e398-4017-9891-993dd48c7779,java/lang/StringBuilder.java,append
56bc9ef1-e398-4017-9891-993dd48c7779,view/doctor/SeeInspectionReportPanel$1.java,actionPerformed,->,56bc9ef1-e398-4017-9891-993dd48c7779,java/lang/StringBuilder.java,append
56bc9ef1-e398-4017-9891-993dd48c7779,view/doctor/SeeInspectionReportPanel$1.java,actionPerformed,->,56bc9ef1-e398-4017-9891-993dd48c7779,9ca2a552-4a5c-4e73-a86e-c4ec973fdf38,ca95bb3c-4033-441d-bf24-7bc30656ae48
56bc9ef1-e398-4017-9891-993dd48c7779,view/doctor/SeeInspectionReportPanel$1.java,actionPerformed,->,56bc9ef1-e398-4017-9891-993dd48c7779,java/lang/StringBuilder.java,append
56bc9ef1-e398-4017-9891-993dd48c7779,view/doctor/SeeInspectionReportPanel$1.java,actionPerformed,->,56bc9ef1-e398-4017-9891-993dd48c7779,java/lang/StringBuilder.java,append
56bc9ef1-e398-4017-9891-993dd48c7779,view/doctor/SeeInspectionReportPanel$1.java,actionPerformed,->,56bc9ef1-e398-4017-9891-993dd48c7779,java/lang/StringBuilder.java,append
56bc9ef1-e398-4017-9891-993dd48c7779,view/doctor/SeeInspectionReportPanel$1.java,actionPerformed,->,56bc9ef1-e398-4017-9891-993dd48c7779,9ca2a552-4a5c-4e73-a86e-c4ec973fdf38,7ce5c03c-0f07-458d-9c7a-91c3b67d6bfe
56bc9ef1-e398-4017-9891-993dd48c7779,view/doctor/SeeInspectionReportPanel$1.java,actionPerformed,->,56bc9ef1-e398-4017-9891-993dd48c7779,java/lang/StringBuilder.java,append
56bc9ef1-e398-4017-9891-993dd48c7779,view/doctor/SeeInspectionReportPanel$1.java,actionPerformed,->,56bc9ef1-e398-4017-9891-993dd48c7779,java/lang/StringBuilder.java,append
56bc9ef1-e398-4017-9891-993dd48c7779,view/doctor/SeeInspectionReportPanel$1.java,actionPerformed,->,56bc9ef1-e398-4017-9891-993dd48c7779,java/lang/StringBuilder.java,append
56bc9ef1-e398-4017-9891-993dd48c7779,view/doctor/SeeInspectionReportPanel$1.java,actionPerformed,->,56bc9ef1-e398-4017-9891-993dd48c7779,9ca2a552-4a5c-4e73-a86e-c4ec973fdf38,c69e0efd-a64b-4752-96f3-c96cad37cd29
56bc9ef1-e398-4017-9891-993dd48c7779,view/doctor/SeeInspectionReportPanel$1.java,actionPerformed,->,56bc9ef1-e398-4017-9891-993dd48c7779,java/lang/StringBuilder.java,append
56bc9ef1-e398-4017-9891-993dd48c7779,view/doctor/SeeInspectionReportPanel$1.java,actionPerformed,->,56bc9ef1-e398-4017-9891-993dd48c7779,java/lang/StringBuilder.java,append
56bc9ef1-e398-4017-9891-993dd48c7779,view/doctor/SeeInspectionReportPanel$1.java,actionPerformed,->,56bc9ef1-e398-4017-9891-993dd48c7779,java/lang/StringBuilder.java,toString
56bc9ef1-e398-4017-9891-993dd48c7779,view/doctor/SeeInspectionReportPanel$1.java,actionPerformed,->,56bc9ef1-e398-4017-9891-993dd48c7779,javax/swing/JOptionPane.java,showMessageDialog
56bc9ef1-e398-4017-9891-993dd48c7779,view/doctor/WriteCaseHistoryPanel$2.java,actionPerformed,->,56bc9ef1-e398-4017-9891-993dd48c7779,097f82c6-ab9d-4d49-9ff0-e79a430fd0f8,49da4ba8-1e3a-4334-be74-3ad964f85291
56bc9ef1-e398-4017-9891-993dd48c7779,view/doctor/WriteCaseHistoryPanel$2.java,actionPerformed,->,56bc9ef1-e398-4017-9891-993dd48c7779,view/doctor/WriteCaseHistoryPanel.java,access$000
56bc9ef1-e398-4017-9891-993dd48c7779,view/doctor/WriteCaseHistoryPanel$2.java,actionPerformed,->,56bc9ef1-e398-4017-9891-993dd48c7779,javax/swing/JTextField.java,getText
56bc9ef1-e398-4017-9891-993dd48c7779,view/doctor/WriteCaseHistoryPanel$2.java,actionPerformed,->,56bc9ef1-e398-4017-9891-993dd48c7779,storage/patient/PatientStorage.java,get
56bc9ef1-e398-4017-9891-993dd48c7779,view/doctor/WriteCaseHistoryPanel$2.java,actionPerformed,->,56bc9ef1-e398-4017-9891-993dd48c7779,javax/swing/JOptionPane.java,showMessageDialog
56bc9ef1-e398-4017-9891-993dd48c7779,view/doctor/WriteCaseHistoryPanel$2.java,actionPerformed,->,56bc9ef1-e398-4017-9891-993dd48c7779,java/lang/StringBuilder.java,append
56bc9ef1-e398-4017-9891-993dd48c7779,view/doctor/WriteCaseHistoryPanel$2.java,actionPerformed,->,56bc9ef1-e398-4017-9891-993dd48c7779,view/doctor/WriteCaseHistoryPanel.java,access$000
56bc9ef1-e398-4017-9891-993dd48c7779,view/doctor/WriteCaseHistoryPanel$2.java,actionPerformed,->,56bc9ef1-e398-4017-9891-993dd48c7779,javax/swing/JTextField.java,getText
56bc9ef1-e398-4017-9891-993dd48c7779,view/doctor/WriteCaseHistoryPanel$2.java,actionPerformed,->,56bc9ef1-e398-4017-9891-993dd48c7779,storage/patient/PatientStorage.java,get
56bc9ef1-e398-4017-9891-993dd48c7779,view/doctor/WriteCaseHistoryPanel$2.java,actionPerformed,->,56bc9ef1-e398-4017-9891-993dd48c7779,ab8911e5-49dd-4a06-8898-fdc189323d30,34cde23b-94f6-469b-96ac-18cc486e5056
56bc9ef1-e398-4017-9891-993dd48c7779,view/doctor/WriteCaseHistoryPanel$2.java,actionPerformed,->,56bc9ef1-e398-4017-9891-993dd48c7779,java/lang/StringBuilder.java,append
56bc9ef1-e398-4017-9891-993dd48c7779,view/doctor/WriteCaseHistoryPanel$2.java,actionPerformed,->,56bc9ef1-e398-4017-9891-993dd48c7779,java/lang/StringBuilder.java,toString
56bc9ef1-e398-4017-9891-993dd48c7779,view/doctor/WriteCaseHistoryPanel$2.java,actionPerformed,->,56bc9ef1-e398-4017-9891-993dd48c7779,javax/swing/JOptionPane.java,showMessageDialog
56bc9ef1-e398-4017-9891-993dd48c7779,view/doctor/DecideHospitalizePanel$1.java,actionPerformed,->,56bc9ef1-e398-4017-9891-993dd48c7779,097f82c6-ab9d-4d49-9ff0-e79a430fd0f8,49da4ba8-1e3a-4334-be74-3ad964f85291
56bc9ef1-e398-4017-9891-993dd48c7779,view/doctor/DecideHospitalizePanel$1.java,actionPerformed,->,56bc9ef1-e398-4017-9891-993dd48c7779,view/doctor/DecideHospitalizePanel.java,access$000
56bc9ef1-e398-4017-9891-993dd48c7779,view/doctor/DecideHospitalizePanel$1.java,actionPerformed,->,56bc9ef1-e398-4017-9891-993dd48c7779,javax/swing/JTextField.java,getText
56bc9ef1-e398-4017-9891-993dd48c7779,view/doctor/DecideHospitalizePanel$1.java,actionPerformed,->,56bc9ef1-e398-4017-9891-993dd48c7779,storage/patient/PatientStorage.java,get
56bc9ef1-e398-4017-9891-993dd48c7779,view/doctor/DecideHospitalizePanel$1.java,actionPerformed,->,56bc9ef1-e398-4017-9891-993dd48c7779,javax/swing/JOptionPane.java,showMessageDialog
56bc9ef1-e398-4017-9891-993dd48c7779,view/doctor/DecideHospitalizePanel$1.java,actionPerformed,->,56bc9ef1-e398-4017-9891-993dd48c7779,java/lang/StringBuilder.java,append
56bc9ef1-e398-4017-9891-993dd48c7779,view/doctor/DecideHospitalizePanel$1.java,actionPerformed,->,56bc9ef1-e398-4017-9891-993dd48c7779,view/doctor/DecideHospitalizePanel.java,access$000
56bc9ef1-e398-4017-9891-993dd48c7779,view/doctor/DecideHospitalizePanel$1.java,actionPerformed,->,56bc9ef1-e398-4017-9891-993dd48c7779,javax/swing/JTextField.java,getText
56bc9ef1-e398-4017-9891-993dd48c7779,view/doctor/DecideHospitalizePanel$1.java,actionPerformed,->,56bc9ef1-e398-4017-9891-993dd48c7779,storage/patient/PatientStorage.java,get
56bc9ef1-e398-4017-9891-993dd48c7779,view/doctor/DecideHospitalizePanel$1.java,actionPerformed,->,56bc9ef1-e398-4017-9891-993dd48c7779,ab8911e5-49dd-4a06-8898-fdc189323d30,34cde23b-94f6-469b-96ac-18cc486e5056
56bc9ef1-e398-4017-9891-993dd48c7779,view/doctor/DecideHospitalizePanel$1.java,actionPerformed,->,56bc9ef1-e398-4017-9891-993dd48c7779,java/lang/StringBuilder.java,append
56bc9ef1-e398-4017-9891-993dd48c7779,view/doctor/DecideHospitalizePanel$1.java,actionPerformed,->,56bc9ef1-e398-4017-9891-993dd48c7779,java/lang/StringBuilder.java,toString
56bc9ef1-e398-4017-9891-993dd48c7779,view/doctor/DecideHospitalizePanel$1.java,actionPerformed,->,56bc9ef1-e398-4017-9891-993dd48c7779,javax/swing/JOptionPane.java,showMessageDialog
56bc9ef1-e398-4017-9891-993dd48c7779,view/doctor/WriteCaseHistoryPanel$1.java,actionPerformed,->,56bc9ef1-e398-4017-9891-993dd48c7779,097f82c6-ab9d-4d49-9ff0-e79a430fd0f8,49da4ba8-1e3a-4334-be74-3ad964f85291
56bc9ef1-e398-4017-9891-993dd48c7779,view/doctor/WriteCaseHistoryPanel$1.java,actionPerformed,->,56bc9ef1-e398-4017-9891-993dd48c7779,view/doctor/WriteCaseHistoryPanel.java,access$000
56bc9ef1-e398-4017-9891-993dd48c7779,view/doctor/WriteCaseHistoryPanel$1.java,actionPerformed,->,56bc9ef1-e398-4017-9891-993dd48c7779,javax/swing/JTextField.java,getText
56bc9ef1-e398-4017-9891-993dd48c7779,view/doctor/WriteCaseHistoryPanel$1.java,actionPerformed,->,56bc9ef1-e398-4017-9891-993dd48c7779,storage/patient/PatientStorage.java,get
56bc9ef1-e398-4017-9891-993dd48c7779,view/doctor/WriteCaseHistoryPanel$1.java,actionPerformed,->,56bc9ef1-e398-4017-9891-993dd48c7779,javax/swing/JOptionPane.java,showMessageDialog
56bc9ef1-e398-4017-9891-993dd48c7779,view/doctor/WriteCaseHistoryPanel$1.java,actionPerformed,->,56bc9ef1-e398-4017-9891-993dd48c7779,7740c065-e988-455a-bc7d-b47146ad5216,977defe4-efc4-4f07-9329-58ecd5d3dc43
56bc9ef1-e398-4017-9891-993dd48c7779,view/doctor/WriteCaseHistoryPanel$1.java,actionPerformed,->,56bc9ef1-e398-4017-9891-993dd48c7779,view/doctor/WriteCaseHistoryPanel.java,access$000
56bc9ef1-e398-4017-9891-993dd48c7779,view/doctor/WriteCaseHistoryPanel$1.java,actionPerformed,->,56bc9ef1-e398-4017-9891-993dd48c7779,javax/swing/JTextField.java,getText
56bc9ef1-e398-4017-9891-993dd48c7779,view/doctor/WriteCaseHistoryPanel$1.java,actionPerformed,->,56bc9ef1-e398-4017-9891-993dd48c7779,view/doctor/WriteCaseHistoryPanel.java,access$100
56bc9ef1-e398-4017-9891-993dd48c7779,view/doctor/WriteCaseHistoryPanel$1.java,actionPerformed,->,56bc9ef1-e398-4017-9891-993dd48c7779,javax/swing/JTextArea.java,getText
56bc9ef1-e398-4017-9891-993dd48c7779,view/doctor/WriteCaseHistoryPanel$1.java,actionPerformed,->,56bc9ef1-e398-4017-9891-993dd48c7779,storage/casehistory/CaseHistoryStorage.java,add
56bc9ef1-e398-4017-9891-993dd48c7779,view/doctor/WriteCaseHistoryPanel$1.java,actionPerformed,->,56bc9ef1-e398-4017-9891-993dd48c7779,javax/swing/JOptionPane.java,showMessageDialog
56bc9ef1-e398-4017-9891-993dd48c7779,a6764ed9-a8f7-4c50-a7ec-4636ecd55f8e,32498b32-3ae1-4c1c-ab1c-b5745f81a60b,->,56bc9ef1-e398-4017-9891-993dd48c7779,javax/swing/JLabel.java,setText
56bc9ef1-e398-4017-9891-993dd48c7779,a6764ed9-a8f7-4c50-a7ec-4636ecd55f8e,32498b32-3ae1-4c1c-ab1c-b5745f81a60b,->,56bc9ef1-e398-4017-9891-993dd48c7779,javax/swing/JLabel.java,setText
56bc9ef1-e398-4017-9891-993dd48c7779,a6764ed9-a8f7-4c50-a7ec-4636ecd55f8e,32498b32-3ae1-4c1c-ab1c-b5745f81a60b,->,56bc9ef1-e398-4017-9891-993dd48c7779,view/counterstaff/ChargePanel.java,setSize
56bc9ef1-e398-4017-9891-993dd48c7779,a6764ed9-a8f7-4c50-a7ec-4636ecd55f8e,32498b32-3ae1-4c1c-ab1c-b5745f81a60b,->,56bc9ef1-e398-4017-9891-993dd48c7779,view/counterstaff/ChargePanel.java,setLayout
56bc9ef1-e398-4017-9891-993dd48c7779,a6764ed9-a8f7-4c50-a7ec-4636ecd55f8e,32498b32-3ae1-4c1c-ab1c-b5745f81a60b,->,56bc9ef1-e398-4017-9891-993dd48c7779,view/counterstaff/ChargePanel.java,add
56bc9ef1-e398-4017-9891-993dd48c7779,a6764ed9-a8f7-4c50-a7ec-4636ecd55f8e,32498b32-3ae1-4c1c-ab1c-b5745f81a60b,->,56bc9ef1-e398-4017-9891-993dd48c7779,a6764ed9-a8f7-4c50-a7ec-4636ecd55f8e,a6e87048-d5ab-422e-8d7a-27ab93b2dfd0
56bc9ef1-e398-4017-9891-993dd48c7779,a6764ed9-a8f7-4c50-a7ec-4636ecd55f8e,32498b32-3ae1-4c1c-ab1c-b5745f81a60b,->,56bc9ef1-e398-4017-9891-993dd48c7779,view/counterstaff/ChargePanel.java,add
56bc9ef1-e398-4017-9891-993dd48c7779,a6764ed9-a8f7-4c50-a7ec-4636ecd55f8e,32498b32-3ae1-4c1c-ab1c-b5745f81a60b,->,56bc9ef1-e398-4017-9891-993dd48c7779,a6764ed9-a8f7-4c50-a7ec-4636ecd55f8e,70ba0759-2028-4ea6-a1e2-126d6893b9a7
56bc9ef1-e398-4017-9891-993dd48c7779,a6764ed9-a8f7-4c50-a7ec-4636ecd55f8e,32498b32-3ae1-4c1c-ab1c-b5745f81a60b,->,56bc9ef1-e398-4017-9891-993dd48c7779,view/counterstaff/ChargePanel.java,add
56bc9ef1-e398-4017-9891-993dd48c7779,a6764ed9-a8f7-4c50-a7ec-4636ecd55f8e,32498b32-3ae1-4c1c-ab1c-b5745f81a60b,->,56bc9ef1-e398-4017-9891-993dd48c7779,view/counterstaff/ChargePanel.java,add
56bc9ef1-e398-4017-9891-993dd48c7779,a6764ed9-a8f7-4c50-a7ec-4636ecd55f8e,32498b32-3ae1-4c1c-ab1c-b5745f81a60b,->,56bc9ef1-e398-4017-9891-993dd48c7779,a6764ed9-a8f7-4c50-a7ec-4636ecd55f8e,8073a587-eeaa-44ce-8e7f-d693a8acc33e
56bc9ef1-e398-4017-9891-993dd48c7779,a6764ed9-a8f7-4c50-a7ec-4636ecd55f8e,32498b32-3ae1-4c1c-ab1c-b5745f81a60b,->,56bc9ef1-e398-4017-9891-993dd48c7779,view/counterstaff/ChargePanel.java,add
56bc9ef1-e398-4017-9891-993dd48c7779,a6764ed9-a8f7-4c50-a7ec-4636ecd55f8e,a6e87048-d5ab-422e-8d7a-27ab93b2dfd0,->,56bc9ef1-e398-4017-9891-993dd48c7779,javax/swing/JTextField.java,setColumns
56bc9ef1-e398-4017-9891-993dd48c7779,a6764ed9-a8f7-4c50-a7ec-4636ecd55f8e,70ba0759-2028-4ea6-a1e2-126d6893b9a7,->,56bc9ef1-e398-4017-9891-993dd48c7779,javax/swing/JButton.java,setText
56bc9ef1-e398-4017-9891-993dd48c7779,a6764ed9-a8f7-4c50-a7ec-4636ecd55f8e,70ba0759-2028-4ea6-a1e2-126d6893b9a7,->,56bc9ef1-e398-4017-9891-993dd48c7779,javax/swing/JButton.java,addActionListener
56bc9ef1-e398-4017-9891-993dd48c7779,a6764ed9-a8f7-4c50-a7ec-4636ecd55f8e,8073a587-eeaa-44ce-8e7f-d693a8acc33e,->,56bc9ef1-e398-4017-9891-993dd48c7779,javax/swing/JButton.java,setText
56bc9ef1-e398-4017-9891-993dd48c7779,a6764ed9-a8f7-4c50-a7ec-4636ecd55f8e,8073a587-eeaa-44ce-8e7f-d693a8acc33e,->,56bc9ef1-e398-4017-9891-993dd48c7779,javax/swing/JButton.java,addActionListener
56bc9ef1-e398-4017-9891-993dd48c7779,view/counterstaff/RegisterPanel$2.java,actionPerformed,->,56bc9ef1-e398-4017-9891-993dd48c7779,view/counterstaff/RegisterPanel.java,access$100
56bc9ef1-e398-4017-9891-993dd48c7779,view/counterstaff/RegisterPanel$2.java,actionPerformed,->,56bc9ef1-e398-4017-9891-993dd48c7779,javax/swing/JTextField.java,getText
56bc9ef1-e398-4017-9891-993dd48c7779,view/counterstaff/RegisterPanel$2.java,actionPerformed,->,56bc9ef1-e398-4017-9891-993dd48c7779,java/lang/String.java,equals
56bc9ef1-e398-4017-9891-993dd48c7779,view/counterstaff/RegisterPanel$2.java,actionPerformed,->,56bc9ef1-e398-4017-9891-993dd48c7779,view/counterstaff/RegisterPanel.java,access$200
56bc9ef1-e398-4017-9891-993dd48c7779,view/counterstaff/RegisterPanel$2.java,actionPerformed,->,56bc9ef1-e398-4017-9891-993dd48c7779,javax/swing/JComboBox.java,getSelectedItem
56bc9ef1-e398-4017-9891-993dd48c7779,view/counterstaff/RegisterPanel$2.java,actionPerformed,->,56bc9ef1-e398-4017-9891-993dd48c7779,view/counterstaff/RegisterPanel.java,access$300
56bc9ef1-e398-4017-9891-993dd48c7779,view/counterstaff/RegisterPanel$2.java,actionPerformed,->,56bc9ef1-e398-4017-9891-993dd48c7779,javax/swing/JComboBox.java,getSelectedItem
56bc9ef1-e398-4017-9891-993dd48c7779,view/counterstaff/RegisterPanel$2.java,actionPerformed,->,56bc9ef1-e398-4017-9891-993dd48c7779,javax/swing/JOptionPane.java,showMessageDialog
56bc9ef1-e398-4017-9891-993dd48c7779,view/counterstaff/RegisterPanel$2.java,actionPerformed,->,56bc9ef1-e398-4017-9891-993dd48c7779,097f82c6-ab9d-4d49-9ff0-e79a430fd0f8,49da4ba8-1e3a-4334-be74-3ad964f85291
56bc9ef1-e398-4017-9891-993dd48c7779,view/counterstaff/RegisterPanel$2.java,actionPerformed,->,56bc9ef1-e398-4017-9891-993dd48c7779,view/counterstaff/RegisterPanel.java,access$100
56bc9ef1-e398-4017-9891-993dd48c7779,view/counterstaff/RegisterPanel$2.java,actionPerformed,->,56bc9ef1-e398-4017-9891-993dd48c7779,javax/swing/JTextField.java,getText
56bc9ef1-e398-4017-9891-993dd48c7779,view/counterstaff/RegisterPanel$2.java,actionPerformed,->,56bc9ef1-e398-4017-9891-993dd48c7779,storage/patient/PatientStorage.java,get
56bc9ef1-e398-4017-9891-993dd48c7779,view/counterstaff/RegisterPanel$2.java,actionPerformed,->,56bc9ef1-e398-4017-9891-993dd48c7779,javax/swing/JOptionPane.java,showMessageDialog
56bc9ef1-e398-4017-9891-993dd48c7779,view/counterstaff/RegisterPanel$2.java,actionPerformed,->,56bc9ef1-e398-4017-9891-993dd48c7779,3f5337fe-fd0c-4b93-be81-e1b4a5390170,c78de76b-a694-4dc7-a950-965620f9144b
56bc9ef1-e398-4017-9891-993dd48c7779,view/counterstaff/RegisterPanel$2.java,actionPerformed,->,56bc9ef1-e398-4017-9891-993dd48c7779,storage/staff/DoctorStorage.java,values
56bc9ef1-e398-4017-9891-993dd48c7779,view/counterstaff/RegisterPanel$2.java,actionPerformed,->,56bc9ef1-e398-4017-9891-993dd48c7779,java/util/Collection.java,iterator
56bc9ef1-e398-4017-9891-993dd48c7779,view/counterstaff/RegisterPanel$2.java,actionPerformed,->,56bc9ef1-e398-4017-9891-993dd48c7779,java/util/Iterator.java,hasNext
56bc9ef1-e398-4017-9891-993dd48c7779,view/counterstaff/RegisterPanel$2.java,actionPerformed,->,56bc9ef1-e398-4017-9891-993dd48c7779,java/util/Iterator.java,next
56bc9ef1-e398-4017-9891-993dd48c7779,view/counterstaff/RegisterPanel$2.java,actionPerformed,->,56bc9ef1-e398-4017-9891-993dd48c7779,storage/staff/Doctor.java,name
56bc9ef1-e398-4017-9891-993dd48c7779,view/counterstaff/RegisterPanel$2.java,actionPerformed,->,56bc9ef1-e398-4017-9891-993dd48c7779,view/counterstaff/RegisterPanel.java,access$300
56bc9ef1-e398-4017-9891-993dd48c7779,view/counterstaff/RegisterPanel$2.java,actionPerformed,->,56bc9ef1-e398-4017-9891-993dd48c7779,javax/swing/JComboBox.java,getSelectedItem
56bc9ef1-e398-4017-9891-993dd48c7779,view/counterstaff/RegisterPanel$2.java,actionPerformed,->,56bc9ef1-e398-4017-9891-993dd48c7779,java/lang/String.java,equals
56bc9ef1-e398-4017-9891-993dd48c7779,view/counterstaff/RegisterPanel$2.java,actionPerformed,->,56bc9ef1-e398-4017-9891-993dd48c7779,20edbcd8-60aa-4ab1-96e2-6d66118a26c2,d4e3d03d-dba3-429c-96e5-5bd84a21e480
56bc9ef1-e398-4017-9891-993dd48c7779,view/counterstaff/RegisterPanel$2.java,actionPerformed,->,56bc9ef1-e398-4017-9891-993dd48c7779,list/DiagnosisList.java,add
56bc9ef1-e398-4017-9891-993dd48c7779,view/counterstaff/RegisterPanel$2.java,actionPerformed,->,56bc9ef1-e398-4017-9891-993dd48c7779,javax/swing/JOptionPane.java,showMessageDialog
56bc9ef1-e398-4017-9891-993dd48c7779,view/counterstaff/RegisterPanel$2.java,actionPerformed,->,56bc9ef1-e398-4017-9891-993dd48c7779,javax/swing/JOptionPane.java,showMessageDialog
56bc9ef1-e398-4017-9891-993dd48c7779,view/counterstaff/RegisterPanel$2.java,actionPerformed,->,56bc9ef1-e398-4017-9891-993dd48c7779,javax/swing/JOptionPane.java,showMessageDialog
56bc9ef1-e398-4017-9891-993dd48c7779,view/counterstaff/ChargePanel$1.java,actionPerformed,->,56bc9ef1-e398-4017-9891-993dd48c7779,view/counterstaff/ChargePanel.java,access$002
56bc9ef1-e398-4017-9891-993dd48c7779,view/counterstaff/ChargePanel$1.java,actionPerformed,->,56bc9ef1-e398-4017-9891-993dd48c7779,097f82c6-ab9d-4d49-9ff0-e79a430fd0f8,49da4ba8-1e3a-4334-be74-3ad964f85291
56bc9ef1-e398-4017-9891-993dd48c7779,view/counterstaff/ChargePanel$1.java,actionPerformed,->,56bc9ef1-e398-4017-9891-993dd48c7779,view/counterstaff/ChargePanel.java,access$100
56bc9ef1-e398-4017-9891-993dd48c7779,view/counterstaff/ChargePanel$1.java,actionPerformed,->,56bc9ef1-e398-4017-9891-993dd48c7779,javax/swing/JTextField.java,getText
56bc9ef1-e398-4017-9891-993dd48c7779,view/counterstaff/ChargePanel$1.java,actionPerformed,->,56bc9ef1-e398-4017-9891-993dd48c7779,storage/patient/PatientStorage.java,get
56bc9ef1-e398-4017-9891-993dd48c7779,view/counterstaff/ChargePanel$1.java,actionPerformed,->,56bc9ef1-e398-4017-9891-993dd48c7779,javax/swing/JOptionPane.java,showMessageDialog
56bc9ef1-e398-4017-9891-993dd48c7779,view/counterstaff/ChargePanel$1.java,actionPerformed,->,56bc9ef1-e398-4017-9891-993dd48c7779,4b8d5f65-5cf8-4a32-a5a0-d360506f8ce3,5561e1ad-ef29-4af0-b176-12a16cd01774
56bc9ef1-e398-4017-9891-993dd48c7779,view/counterstaff/ChargePanel$1.java,actionPerformed,->,56bc9ef1-e398-4017-9891-993dd48c7779,storage/prescription/PrescriptionStorage.java,iterator
56bc9ef1-e398-4017-9891-993dd48c7779,view/counterstaff/ChargePanel$1.java,actionPerformed,->,56bc9ef1-e398-4017-9891-993dd48c7779,java/util/Iterator.java,hasNext
56bc9ef1-e398-4017-9891-993dd48c7779,view/counterstaff/ChargePanel$1.java,actionPerformed,->,56bc9ef1-e398-4017-9891-993dd48c7779,java/util/Iterator.java,next
56bc9ef1-e398-4017-9891-993dd48c7779,view/counterstaff/ChargePanel$1.java,actionPerformed,->,56bc9ef1-e398-4017-9891-993dd48c7779,2711ec2f-03c1-48f2-bb0a-34585525605a,1f8f77b9-66b8-4baf-a4f8-971860e088b2
56bc9ef1-e398-4017-9891-993dd48c7779,view/counterstaff/ChargePanel$1.java,actionPerformed,->,56bc9ef1-e398-4017-9891-993dd48c7779,view/counterstaff/ChargePanel.java,access$100
56bc9ef1-e398-4017-9891-993dd48c7779,view/counterstaff/ChargePanel$1.java,actionPerformed,->,56bc9ef1-e398-4017-9891-993dd48c7779,javax/swing/JTextField.java,getText
56bc9ef1-e398-4017-9891-993dd48c7779,view/counterstaff/ChargePanel$1.java,actionPerformed,->,56bc9ef1-e398-4017-9891-993dd48c7779,java/lang/String.java,equals
56bc9ef1-e398-4017-9891-993dd48c7779,view/counterstaff/ChargePanel$1.java,actionPerformed,->,56bc9ef1-e398-4017-9891-993dd48c7779,2711ec2f-03c1-48f2-bb0a-34585525605a,68cff843-2987-489f-9820-0b64242f04d6
56bc9ef1-e398-4017-9891-993dd48c7779,view/counterstaff/ChargePanel$1.java,actionPerformed,->,56bc9ef1-e398-4017-9891-993dd48c7779,view/counterstaff/ChargePanel.java,access$200
56bc9ef1-e398-4017-9891-993dd48c7779,view/counterstaff/ChargePanel$1.java,actionPerformed,->,56bc9ef1-e398-4017-9891-993dd48c7779,view/counterstaff/ChargePanel.java,access$100
56bc9ef1-e398-4017-9891-993dd48c7779,view/counterstaff/ChargePanel$1.java,actionPerformed,->,56bc9ef1-e398-4017-9891-993dd48c7779,javax/swing/JTextField.java,getText
56bc9ef1-e398-4017-9891-993dd48c7779,view/counterstaff/ChargePanel$1.java,actionPerformed,->,56bc9ef1-e398-4017-9891-993dd48c7779,java/lang/StringBuilder.java,append
56bc9ef1-e398-4017-9891-993dd48c7779,view/counterstaff/ChargePanel$1.java,actionPerformed,->,56bc9ef1-e398-4017-9891-993dd48c7779,java/lang/StringBuilder.java,append
56bc9ef1-e398-4017-9891-993dd48c7779,view/counterstaff/ChargePanel$1.java,actionPerformed,->,56bc9ef1-e398-4017-9891-993dd48c7779,java/lang/StringBuilder.java,toString
56bc9ef1-e398-4017-9891-993dd48c7779,view/counterstaff/ChargePanel$1.java,actionPerformed,->,56bc9ef1-e398-4017-9891-993dd48c7779,javax/swing/JLabel.java,setText
56bc9ef1-e398-4017-9891-993dd48c7779,view/counterstaff/ChargePanel$1.java,actionPerformed,->,56bc9ef1-e398-4017-9891-993dd48c7779,view/counterstaff/ChargePanel.java,access$200
56bc9ef1-e398-4017-9891-993dd48c7779,view/counterstaff/ChargePanel$1.java,actionPerformed,->,56bc9ef1-e398-4017-9891-993dd48c7779,view/counterstaff/ChargePanel.java,access$100
56bc9ef1-e398-4017-9891-993dd48c7779,view/counterstaff/ChargePanel$1.java,actionPerformed,->,56bc9ef1-e398-4017-9891-993dd48c7779,javax/swing/JTextField.java,getText
56bc9ef1-e398-4017-9891-993dd48c7779,view/counterstaff/ChargePanel$1.java,actionPerformed,->,56bc9ef1-e398-4017-9891-993dd48c7779,java/lang/StringBuilder.java,append
56bc9ef1-e398-4017-9891-993dd48c7779,view/counterstaff/ChargePanel$1.java,actionPerformed,->,56bc9ef1-e398-4017-9891-993dd48c7779,java/lang/StringBuilder.java,append
56bc9ef1-e398-4017-9891-993dd48c7779,view/counterstaff/ChargePanel$1.java,actionPerformed,->,56bc9ef1-e398-4017-9891-993dd48c7779,2711ec2f-03c1-48f2-bb0a-34585525605a,aa226933-7d2d-4753-b4ca-d0ccc24c12b4
56bc9ef1-e398-4017-9891-993dd48c7779,view/counterstaff/ChargePanel$1.java,actionPerformed,->,56bc9ef1-e398-4017-9891-993dd48c7779,java/lang/StringBuilder.java,append
56bc9ef1-e398-4017-9891-993dd48c7779,view/counterstaff/ChargePanel$1.java,actionPerformed,->,56bc9ef1-e398-4017-9891-993dd48c7779,java/lang/StringBuilder.java,append
56bc9ef1-e398-4017-9891-993dd48c7779,view/counterstaff/ChargePanel$1.java,actionPerformed,->,56bc9ef1-e398-4017-9891-993dd48c7779,java/lang/StringBuilder.java,toString
56bc9ef1-e398-4017-9891-993dd48c7779,view/counterstaff/ChargePanel$1.java,actionPerformed,->,56bc9ef1-e398-4017-9891-993dd48c7779,javax/swing/JLabel.java,setText
56bc9ef1-e398-4017-9891-993dd48c7779,view/counterstaff/ChargePanel$1.java,actionPerformed,->,56bc9ef1-e398-4017-9891-993dd48c7779,view/counterstaff/ChargePanel.java,access$002
56bc9ef1-e398-4017-9891-993dd48c7779,view/counterstaff/ChargePanel$1.java,actionPerformed,->,56bc9ef1-e398-4017-9891-993dd48c7779,javax/swing/JOptionPane.java,showMessageDialog
56bc9ef1-e398-4017-9891-993dd48c7779,15dfdf2d-5c9a-4cf5-b3f3-1da1d57142a5,f1f825f0-40e6-4b53-bbbb-171d861feda5,->,56bc9ef1-e398-4017-9891-993dd48c7779,view/counterstaff/CounterStaffMainTabbedPane.java,setSize
56bc9ef1-e398-4017-9891-993dd48c7779,15dfdf2d-5c9a-4cf5-b3f3-1da1d57142a5,f1f825f0-40e6-4b53-bbbb-171d861feda5,->,56bc9ef1-e398-4017-9891-993dd48c7779,15dfdf2d-5c9a-4cf5-b3f3-1da1d57142a5,646e2652-8be0-4eb4-85e5-8644c7106efe
56bc9ef1-e398-4017-9891-993dd48c7779,15dfdf2d-5c9a-4cf5-b3f3-1da1d57142a5,f1f825f0-40e6-4b53-bbbb-171d861feda5,->,56bc9ef1-e398-4017-9891-993dd48c7779,view/counterstaff/CounterStaffMainTabbedPane.java,addTab
56bc9ef1-e398-4017-9891-993dd48c7779,15dfdf2d-5c9a-4cf5-b3f3-1da1d57142a5,f1f825f0-40e6-4b53-bbbb-171d861feda5,->,56bc9ef1-e398-4017-9891-993dd48c7779,15dfdf2d-5c9a-4cf5-b3f3-1da1d57142a5,da13958c-ae9b-407a-bcaa-612c21867475
56bc9ef1-e398-4017-9891-993dd48c7779,15dfdf2d-5c9a-4cf5-b3f3-1da1d57142a5,f1f825f0-40e6-4b53-bbbb-171d861feda5,->,56bc9ef1-e398-4017-9891-993dd48c7779,view/counterstaff/CounterStaffMainTabbedPane.java,addTab
56bc9ef1-e398-4017-9891-993dd48c7779,15dfdf2d-5c9a-4cf5-b3f3-1da1d57142a5,f1f825f0-40e6-4b53-bbbb-171d861feda5,->,56bc9ef1-e398-4017-9891-993dd48c7779,15dfdf2d-5c9a-4cf5-b3f3-1da1d57142a5,0ac90a9e-e82c-457a-ac68-6d4be75996fe
56bc9ef1-e398-4017-9891-993dd48c7779,15dfdf2d-5c9a-4cf5-b3f3-1da1d57142a5,f1f825f0-40e6-4b53-bbbb-171d861feda5,->,56bc9ef1-e398-4017-9891-993dd48c7779,view/counterstaff/CounterStaffMainTabbedPane.java,addTab
56bc9ef1-e398-4017-9891-993dd48c7779,15dfdf2d-5c9a-4cf5-b3f3-1da1d57142a5,f1f825f0-40e6-4b53-bbbb-171d861feda5,->,56bc9ef1-e398-4017-9891-993dd48c7779,15dfdf2d-5c9a-4cf5-b3f3-1da1d57142a5,4faa3002-3745-4209-a34a-808b19620c68
56bc9ef1-e398-4017-9891-993dd48c7779,15dfdf2d-5c9a-4cf5-b3f3-1da1d57142a5,f1f825f0-40e6-4b53-bbbb-171d861feda5,->,56bc9ef1-e398-4017-9891-993dd48c7779,view/counterstaff/CounterStaffMainTabbedPane.java,addTab
56bc9ef1-e398-4017-9891-993dd48c7779,15dfdf2d-5c9a-4cf5-b3f3-1da1d57142a5,f1f825f0-40e6-4b53-bbbb-171d861feda5,->,56bc9ef1-e398-4017-9891-993dd48c7779,15dfdf2d-5c9a-4cf5-b3f3-1da1d57142a5,c890b95b-1a43-43d5-b393-aece02136b80
56bc9ef1-e398-4017-9891-993dd48c7779,15dfdf2d-5c9a-4cf5-b3f3-1da1d57142a5,f1f825f0-40e6-4b53-bbbb-171d861feda5,->,56bc9ef1-e398-4017-9891-993dd48c7779,view/counterstaff/CounterStaffMainTabbedPane.java,addTab
56bc9ef1-e398-4017-9891-993dd48c7779,view/counterstaff/ChargePanel$2.java,actionPerformed,->,56bc9ef1-e398-4017-9891-993dd48c7779,view/counterstaff/ChargePanel.java,access$000
56bc9ef1-e398-4017-9891-993dd48c7779,view/counterstaff/ChargePanel$2.java,actionPerformed,->,56bc9ef1-e398-4017-9891-993dd48c7779,2711ec2f-03c1-48f2-bb0a-34585525605a,0c6e39bf-f069-40af-802d-8b74cc53815b
56bc9ef1-e398-4017-9891-993dd48c7779,view/counterstaff/ChargePanel$2.java,actionPerformed,->,56bc9ef1-e398-4017-9891-993dd48c7779,view/counterstaff/ChargePanel.java,access$002
56bc9ef1-e398-4017-9891-993dd48c7779,view/counterstaff/ChargePanel$2.java,actionPerformed,->,56bc9ef1-e398-4017-9891-993dd48c7779,javax/swing/JOptionPane.java,showMessageDialog
56bc9ef1-e398-4017-9891-993dd48c7779,view/counterstaff/HospitalizePanel$2.java,actionPerformed,->,56bc9ef1-e398-4017-9891-993dd48c7779,097f82c6-ab9d-4d49-9ff0-e79a430fd0f8,49da4ba8-1e3a-4334-be74-3ad964f85291
56bc9ef1-e398-4017-9891-993dd48c7779,view/counterstaff/HospitalizePanel$2.java,actionPerformed,->,56bc9ef1-e398-4017-9891-993dd48c7779,view/counterstaff/HospitalizePanel.java,access$000
56bc9ef1-e398-4017-9891-993dd48c7779,view/counterstaff/HospitalizePanel$2.java,actionPerformed,->,56bc9ef1-e398-4017-9891-993dd48c7779,javax/swing/JTextField.java,getText
56bc9ef1-e398-4017-9891-993dd48c7779,view/counterstaff/HospitalizePanel$2.java,actionPerformed,->,56bc9ef1-e398-4017-9891-993dd48c7779,storage/patient/PatientStorage.java,get
56bc9ef1-e398-4017-9891-993dd48c7779,view/counterstaff/HospitalizePanel$2.java,actionPerformed,->,56bc9ef1-e398-4017-9891-993dd48c7779,javax/swing/JOptionPane.java,showMessageDialog
56bc9ef1-e398-4017-9891-993dd48c7779,view/counterstaff/HospitalizePanel$2.java,actionPerformed,->,56bc9ef1-e398-4017-9891-993dd48c7779,27603c7e-a233-400e-8a03-29b8bfb534b0,5eafdadf-5aec-4bda-96cf-908733df8275
56bc9ef1-e398-4017-9891-993dd48c7779,view/counterstaff/HospitalizePanel$2.java,actionPerformed,->,56bc9ef1-e398-4017-9891-993dd48c7779,view/counterstaff/HospitalizePanel.java,access$000
56bc9ef1-e398-4017-9891-993dd48c7779,view/counterstaff/HospitalizePanel$2.java,actionPerformed,->,56bc9ef1-e398-4017-9891-993dd48c7779,javax/swing/JTextField.java,getText
56bc9ef1-e398-4017-9891-993dd48c7779,view/counterstaff/HospitalizePanel$2.java,actionPerformed,->,56bc9ef1-e398-4017-9891-993dd48c7779,list/CheckinList.java,contains
56bc9ef1-e398-4017-9891-993dd48c7779,view/counterstaff/HospitalizePanel$2.java,actionPerformed,->,56bc9ef1-e398-4017-9891-993dd48c7779,javax/swing/JOptionPane.java,showMessageDialog
56bc9ef1-e398-4017-9891-993dd48c7779,view/counterstaff/HospitalizePanel$2.java,actionPerformed,->,56bc9ef1-e398-4017-9891-993dd48c7779,ef74b80c-731d-4418-8375-52f6c9a44f5f,ee2bf950-9b99-41bb-914d-87b24a0d28bd
56bc9ef1-e398-4017-9891-993dd48c7779,view/counterstaff/HospitalizePanel$2.java,actionPerformed,->,56bc9ef1-e398-4017-9891-993dd48c7779,view/counterstaff/HospitalizePanel.java,access$100
56bc9ef1-e398-4017-9891-993dd48c7779,view/counterstaff/HospitalizePanel$2.java,actionPerformed,->,56bc9ef1-e398-4017-9891-993dd48c7779,javax/swing/JComboBox.java,getSelectedItem
56bc9ef1-e398-4017-9891-993dd48c7779,view/counterstaff/HospitalizePanel$2.java,actionPerformed,->,56bc9ef1-e398-4017-9891-993dd48c7779,storage/ward/SickbedStorage.java,get
56bc9ef1-e398-4017-9891-993dd48c7779,view/counterstaff/HospitalizePanel$2.java,actionPerformed,->,56bc9ef1-e398-4017-9891-993dd48c7779,27603c7e-a233-400e-8a03-29b8bfb534b0,5eafdadf-5aec-4bda-96cf-908733df8275
56bc9ef1-e398-4017-9891-993dd48c7779,view/counterstaff/HospitalizePanel$2.java,actionPerformed,->,56bc9ef1-e398-4017-9891-993dd48c7779,view/counterstaff/HospitalizePanel.java,access$000
56bc9ef1-e398-4017-9891-993dd48c7779,view/counterstaff/HospitalizePanel$2.java,actionPerformed,->,56bc9ef1-e398-4017-9891-993dd48c7779,javax/swing/JTextField.java,getText
56bc9ef1-e398-4017-9891-993dd48c7779,view/counterstaff/HospitalizePanel$2.java,actionPerformed,->,56bc9ef1-e398-4017-9891-993dd48c7779,list/CheckinList.java,remove
56bc9ef1-e398-4017-9891-993dd48c7779,view/counterstaff/HospitalizePanel$2.java,actionPerformed,->,56bc9ef1-e398-4017-9891-993dd48c7779,view/counterstaff/HospitalizePanel.java,access$000
56bc9ef1-e398-4017-9891-993dd48c7779,view/counterstaff/HospitalizePanel$2.java,actionPerformed,->,56bc9ef1-e398-4017-9891-993dd48c7779,javax/swing/JTextField.java,getText
56bc9ef1-e398-4017-9891-993dd48c7779,view/counterstaff/HospitalizePanel$2.java,actionPerformed,->,56bc9ef1-e398-4017-9891-993dd48c7779,6e751265-bcb0-474d-991f-258906e9f0a0,d52e5ded-94e8-4054-81c3-8354c4f41bd8
56bc9ef1-e398-4017-9891-993dd48c7779,view/counterstaff/HospitalizePanel$2.java,actionPerformed,->,56bc9ef1-e398-4017-9891-993dd48c7779,fe6f668b-fbeb-4e62-acd2-89874130368c,99b310ae-1649-4e64-9ace-8e20866df90d
56bc9ef1-e398-4017-9891-993dd48c7779,view/counterstaff/HospitalizePanel$2.java,actionPerformed,->,56bc9ef1-e398-4017-9891-993dd48c7779,storage/staff/PatrolNurseStorage.java,get
56bc9ef1-e398-4017-9891-993dd48c7779,view/counterstaff/HospitalizePanel$2.java,actionPerformed,->,56bc9ef1-e398-4017-9891-993dd48c7779,javax/swing/JOptionPane.java,showMessageDialog
56bc9ef1-e398-4017-9891-993dd48c7779,view/counterstaff/HospitalizePanel$2.java,actionPerformed,->,56bc9ef1-e398-4017-9891-993dd48c7779,fe6f668b-fbeb-4e62-acd2-89874130368c,99b310ae-1649-4e64-9ace-8e20866df90d
56bc9ef1-e398-4017-9891-993dd48c7779,view/counterstaff/HospitalizePanel$2.java,actionPerformed,->,56bc9ef1-e398-4017-9891-993dd48c7779,storage/staff/PatrolNurseStorage.java,get
56bc9ef1-e398-4017-9891-993dd48c7779,view/counterstaff/HospitalizePanel$2.java,actionPerformed,->,56bc9ef1-e398-4017-9891-993dd48c7779,1bfc7800-0cbd-4fce-ab14-193fab78edeb,96b8e601-1fcd-46a2-ac60-3786629e5c97
56bc9ef1-e398-4017-9891-993dd48c7779,view/counterstaff/HospitalizePanel$2.java,actionPerformed,->,56bc9ef1-e398-4017-9891-993dd48c7779,java/lang/StringBuilder.java,append
56bc9ef1-e398-4017-9891-993dd48c7779,view/counterstaff/HospitalizePanel$2.java,actionPerformed,->,56bc9ef1-e398-4017-9891-993dd48c7779,view/counterstaff/HospitalizePanel.java,access$000
56bc9ef1-e398-4017-9891-993dd48c7779,view/counterstaff/HospitalizePanel$2.java,actionPerformed,->,56bc9ef1-e398-4017-9891-993dd48c7779,javax/swing/JTextField.java,getText
56bc9ef1-e398-4017-9891-993dd48c7779,view/counterstaff/HospitalizePanel$2.java,actionPerformed,->,56bc9ef1-e398-4017-9891-993dd48c7779,java/lang/StringBuilder.java,append
56bc9ef1-e398-4017-9891-993dd48c7779,view/counterstaff/HospitalizePanel$2.java,actionPerformed,->,56bc9ef1-e398-4017-9891-993dd48c7779,java/lang/StringBuilder.java,append
56bc9ef1-e398-4017-9891-993dd48c7779,view/counterstaff/HospitalizePanel$2.java,actionPerformed,->,56bc9ef1-e398-4017-9891-993dd48c7779,6e751265-bcb0-474d-991f-258906e9f0a0,2a4b2555-5271-42aa-8241-fcb502eff3cc
56bc9ef1-e398-4017-9891-993dd48c7779,view/counterstaff/HospitalizePanel$2.java,actionPerformed,->,56bc9ef1-e398-4017-9891-993dd48c7779,java/lang/StringBuilder.java,append
56bc9ef1-e398-4017-9891-993dd48c7779,view/counterstaff/HospitalizePanel$2.java,actionPerformed,->,56bc9ef1-e398-4017-9891-993dd48c7779,java/lang/StringBuilder.java,append
56bc9ef1-e398-4017-9891-993dd48c7779,view/counterstaff/HospitalizePanel$2.java,actionPerformed,->,56bc9ef1-e398-4017-9891-993dd48c7779,java/lang/StringBuilder.java,toString
56bc9ef1-e398-4017-9891-993dd48c7779,view/counterstaff/HospitalizePanel$2.java,actionPerformed,->,56bc9ef1-e398-4017-9891-993dd48c7779,javax/swing/JOptionPane.java,showMessageDialog
56bc9ef1-e398-4017-9891-993dd48c7779,view/counterstaff/HospitalizePanel$2.java,actionPerformed,->,56bc9ef1-e398-4017-9891-993dd48c7779,view/counterstaff/HospitalizePanel.java,access$200
56bc9ef1-e398-4017-9891-993dd48c7779,view/counterstaff/AddFundamentalDataPanel$1.java,actionPerformed,->,56bc9ef1-e398-4017-9891-993dd48c7779,097f82c6-ab9d-4d49-9ff0-e79a430fd0f8,49da4ba8-1e3a-4334-be74-3ad964f85291
56bc9ef1-e398-4017-9891-993dd48c7779,view/counterstaff/AddFundamentalDataPanel$1.java,actionPerformed,->,56bc9ef1-e398-4017-9891-993dd48c7779,view/counterstaff/AddFundamentalDataPanel.java,access$000
56bc9ef1-e398-4017-9891-993dd48c7779,view/counterstaff/AddFundamentalDataPanel$1.java,actionPerformed,->,56bc9ef1-e398-4017-9891-993dd48c7779,javax/swing/JTextField.java,getText
56bc9ef1-e398-4017-9891-993dd48c7779,view/counterstaff/AddFundamentalDataPanel$1.java,actionPerformed,->,56bc9ef1-e398-4017-9891-993dd48c7779,java/lang/String.java,equals
56bc9ef1-e398-4017-9891-993dd48c7779,view/counterstaff/AddFundamentalDataPanel$1.java,actionPerformed,->,56bc9ef1-e398-4017-9891-993dd48c7779,view/counterstaff/AddFundamentalDataPanel.java,access$100
56bc9ef1-e398-4017-9891-993dd48c7779,view/counterstaff/AddFundamentalDataPanel$1.java,actionPerformed,->,56bc9ef1-e398-4017-9891-993dd48c7779,javax/swing/JTextField.java,getText
56bc9ef1-e398-4017-9891-993dd48c7779,view/counterstaff/AddFundamentalDataPanel$1.java,actionPerformed,->,56bc9ef1-e398-4017-9891-993dd48c7779,java/lang/String.java,equals
56bc9ef1-e398-4017-9891-993dd48c7779,view/counterstaff/AddFundamentalDataPanel$1.java,actionPerformed,->,56bc9ef1-e398-4017-9891-993dd48c7779,view/counterstaff/AddFundamentalDataPanel.java,access$200
56bc9ef1-e398-4017-9891-993dd48c7779,view/counterstaff/AddFundamentalDataPanel$1.java,actionPerformed,->,56bc9ef1-e398-4017-9891-993dd48c7779,javax/swing/JTextField.java,getText
56bc9ef1-e398-4017-9891-993dd48c7779,view/counterstaff/AddFundamentalDataPanel$1.java,actionPerformed,->,56bc9ef1-e398-4017-9891-993dd48c7779,java/lang/String.java,equals
56bc9ef1-e398-4017-9891-993dd48c7779,view/counterstaff/AddFundamentalDataPanel$1.java,actionPerformed,->,56bc9ef1-e398-4017-9891-993dd48c7779,view/counterstaff/AddFundamentalDataPanel.java,access$300
56bc9ef1-e398-4017-9891-993dd48c7779,view/counterstaff/AddFundamentalDataPanel$1.java,actionPerformed,->,56bc9ef1-e398-4017-9891-993dd48c7779,javax/swing/JTextField.java,getText
56bc9ef1-e398-4017-9891-993dd48c7779,view/counterstaff/AddFundamentalDataPanel$1.java,actionPerformed,->,56bc9ef1-e398-4017-9891-993dd48c7779,java/lang/String.java,equals
56bc9ef1-e398-4017-9891-993dd48c7779,view/counterstaff/AddFundamentalDataPanel$1.java,actionPerformed,->,56bc9ef1-e398-4017-9891-993dd48c7779,javax/swing/JOptionPane.java,showMessageDialog
56bc9ef1-e398-4017-9891-993dd48c7779,view/counterstaff/AddFundamentalDataPanel$1.java,actionPerformed,->,56bc9ef1-e398-4017-9891-993dd48c7779,view/counterstaff/AddFundamentalDataPanel.java,access$300
56bc9ef1-e398-4017-9891-993dd48c7779,view/counterstaff/AddFundamentalDataPanel$1.java,actionPerformed,->,56bc9ef1-e398-4017-9891-993dd48c7779,javax/swing/JTextField.java,getText
56bc9ef1-e398-4017-9891-993dd48c7779,view/counterstaff/AddFundamentalDataPanel$1.java,actionPerformed,->,56bc9ef1-e398-4017-9891-993dd48c7779,view/counterstaff/AddFundamentalDataPanel.java,access$000
56bc9ef1-e398-4017-9891-993dd48c7779,view/counterstaff/AddFundamentalDataPanel$1.java,actionPerformed,->,56bc9ef1-e398-4017-9891-993dd48c7779,javax/swing/JTextField.java,getText
56bc9ef1-e398-4017-9891-993dd48c7779,view/counterstaff/AddFundamentalDataPanel$1.java,actionPerformed,->,56bc9ef1-e398-4017-9891-993dd48c7779,view/counterstaff/AddFundamentalDataPanel.java,access$100
56bc9ef1-e398-4017-9891-993dd48c7779,view/counterstaff/AddFundamentalDataPanel$1.java,actionPerformed,->,56bc9ef1-e398-4017-9891-993dd48c7779,javax/swing/JTextField.java,getText
56bc9ef1-e398-4017-9891-993dd48c7779,view/counterstaff/AddFundamentalDataPanel$1.java,actionPerformed,->,56bc9ef1-e398-4017-9891-993dd48c7779,java/lang/Integer.java,parseInt
56bc9ef1-e398-4017-9891-993dd48c7779,view/counterstaff/AddFundamentalDataPanel$1.java,actionPerformed,->,56bc9ef1-e398-4017-9891-993dd48c7779,view/counterstaff/AddFundamentalDataPanel.java,access$200
56bc9ef1-e398-4017-9891-993dd48c7779,view/counterstaff/AddFundamentalDataPanel$1.java,actionPerformed,->,56bc9ef1-e398-4017-9891-993dd48c7779,javax/swing/JTextField.java,getText
56bc9ef1-e398-4017-9891-993dd48c7779,view/counterstaff/AddFundamentalDataPanel$1.java,actionPerformed,->,56bc9ef1-e398-4017-9891-993dd48c7779,view/counterstaff/AddFundamentalDataPanel.java,access$300
56bc9ef1-e398-4017-9891-993dd48c7779,view/counterstaff/AddFundamentalDataPanel$1.java,actionPerformed,->,56bc9ef1-e398-4017-9891-993dd48c7779,javax/swing/JTextField.java,getText
56bc9ef1-e398-4017-9891-993dd48c7779,view/counterstaff/AddFundamentalDataPanel$1.java,actionPerformed,->,56bc9ef1-e398-4017-9891-993dd48c7779,storage/patient/PatientStorage.java,put
56bc9ef1-e398-4017-9891-993dd48c7779,view/counterstaff/AddFundamentalDataPanel$1.java,actionPerformed,->,56bc9ef1-e398-4017-9891-993dd48c7779,javax/swing/JOptionPane.java,showMessageDialog
56bc9ef1-e398-4017-9891-993dd48c7779,view/counterstaff/UnhospitalizePanel$2.java,actionPerformed,->,56bc9ef1-e398-4017-9891-993dd48c7779,097f82c6-ab9d-4d49-9ff0-e79a430fd0f8,49da4ba8-1e3a-4334-be74-3ad964f85291
56bc9ef1-e398-4017-9891-993dd48c7779,view/counterstaff/UnhospitalizePanel$2.java,actionPerformed,->,56bc9ef1-e398-4017-9891-993dd48c7779,view/counterstaff/UnhospitalizePanel.java,access$000
56bc9ef1-e398-4017-9891-993dd48c7779,view/counterstaff/UnhospitalizePanel$2.java,actionPerformed,->,56bc9ef1-e398-4017-9891-993dd48c7779,javax/swing/JTextField.java,getText
56bc9ef1-e398-4017-9891-993dd48c7779,view/counterstaff/UnhospitalizePanel$2.java,actionPerformed,->,56bc9ef1-e398-4017-9891-993dd48c7779,storage/patient/PatientStorage.java,get
56bc9ef1-e398-4017-9891-993dd48c7779,view/counterstaff/UnhospitalizePanel$2.java,actionPerformed,->,56bc9ef1-e398-4017-9891-993dd48c7779,javax/swing/JOptionPane.java,showMessageDialog
56bc9ef1-e398-4017-9891-993dd48c7779,view/counterstaff/UnhospitalizePanel$2.java,actionPerformed,->,56bc9ef1-e398-4017-9891-993dd48c7779,ef74b80c-731d-4418-8375-52f6c9a44f5f,ee2bf950-9b99-41bb-914d-87b24a0d28bd
56bc9ef1-e398-4017-9891-993dd48c7779,view/counterstaff/UnhospitalizePanel$2.java,actionPerformed,->,56bc9ef1-e398-4017-9891-993dd48c7779,storage/ward/SickbedStorage.java,values
56bc9ef1-e398-4017-9891-993dd48c7779,view/counterstaff/UnhospitalizePanel$2.java,actionPerformed,->,56bc9ef1-e398-4017-9891-993dd48c7779,java/util/Collection.java,iterator
56bc9ef1-e398-4017-9891-993dd48c7779,view/counterstaff/UnhospitalizePanel$2.java,actionPerformed,->,56bc9ef1-e398-4017-9891-993dd48c7779,java/util/Iterator.java,hasNext
56bc9ef1-e398-4017-9891-993dd48c7779,view/counterstaff/UnhospitalizePanel$2.java,actionPerformed,->,56bc9ef1-e398-4017-9891-993dd48c7779,java/util/Iterator.java,next
56bc9ef1-e398-4017-9891-993dd48c7779,view/counterstaff/UnhospitalizePanel$2.java,actionPerformed,->,56bc9ef1-e398-4017-9891-993dd48c7779,java/lang/StringBuilder.java,append
56bc9ef1-e398-4017-9891-993dd48c7779,view/counterstaff/UnhospitalizePanel$2.java,actionPerformed,->,56bc9ef1-e398-4017-9891-993dd48c7779,6e751265-bcb0-474d-991f-258906e9f0a0,2a4b2555-5271-42aa-8241-fcb502eff3cc
56bc9ef1-e398-4017-9891-993dd48c7779,view/counterstaff/UnhospitalizePanel$2.java,actionPerformed,->,56bc9ef1-e398-4017-9891-993dd48c7779,java/lang/StringBuilder.java,append
56bc9ef1-e398-4017-9891-993dd48c7779,view/counterstaff/UnhospitalizePanel$2.java,actionPerformed,->,56bc9ef1-e398-4017-9891-993dd48c7779,java/lang/StringBuilder.java,append
56bc9ef1-e398-4017-9891-993dd48c7779,view/counterstaff/UnhospitalizePanel$2.java,actionPerformed,->,56bc9ef1-e398-4017-9891-993dd48c7779,6e751265-bcb0-474d-991f-258906e9f0a0,e9a77d67-d39f-4739-835d-631f220b43f8
56bc9ef1-e398-4017-9891-993dd48c7779,view/counterstaff/UnhospitalizePanel$2.java,actionPerformed,->,56bc9ef1-e398-4017-9891-993dd48c7779,java/lang/StringBuilder.java,append
56bc9ef1-e398-4017-9891-993dd48c7779,view/counterstaff/UnhospitalizePanel$2.java,actionPerformed,->,56bc9ef1-e398-4017-9891-993dd48c7779,java/lang/StringBuilder.java,toString
56bc9ef1-e398-4017-9891-993dd48c7779,view/counterstaff/UnhospitalizePanel$2.java,actionPerformed,->,56bc9ef1-e398-4017-9891-993dd48c7779,0c6a4130-0c98-4014-890c-e831a26653fc,6e506080-b1d1-4f52-a6be-fa1cd104237e
56bc9ef1-e398-4017-9891-993dd48c7779,view/counterstaff/UnhospitalizePanel$2.java,actionPerformed,->,56bc9ef1-e398-4017-9891-993dd48c7779,6e751265-bcb0-474d-991f-258906e9f0a0,e9a77d67-d39f-4739-835d-631f220b43f8
56bc9ef1-e398-4017-9891-993dd48c7779,view/counterstaff/UnhospitalizePanel$2.java,actionPerformed,->,56bc9ef1-e398-4017-9891-993dd48c7779,view/counterstaff/UnhospitalizePanel.java,access$000
56bc9ef1-e398-4017-9891-993dd48c7779,view/counterstaff/UnhospitalizePanel$2.java,actionPerformed,->,56bc9ef1-e398-4017-9891-993dd48c7779,javax/swing/JTextField.java,getText
56bc9ef1-e398-4017-9891-993dd48c7779,view/counterstaff/UnhospitalizePanel$2.java,actionPerformed,->,56bc9ef1-e398-4017-9891-993dd48c7779,java/lang/String.java,equals
56bc9ef1-e398-4017-9891-993dd48c7779,view/counterstaff/UnhospitalizePanel$2.java,actionPerformed,->,56bc9ef1-e398-4017-9891-993dd48c7779,6e751265-bcb0-474d-991f-258906e9f0a0,bcbff95f-a92d-465d-83b7-fc775017aa2a
56bc9ef1-e398-4017-9891-993dd48c7779,view/counterstaff/UnhospitalizePanel$2.java,actionPerformed,->,56bc9ef1-e398-4017-9891-993dd48c7779,fe6f668b-fbeb-4e62-acd2-89874130368c,99b310ae-1649-4e64-9ace-8e20866df90d
56bc9ef1-e398-4017-9891-993dd48c7779,view/counterstaff/UnhospitalizePanel$2.java,actionPerformed,->,56bc9ef1-e398-4017-9891-993dd48c7779,storage/staff/PatrolNurseStorage.java,get
56bc9ef1-e398-4017-9891-993dd48c7779,view/counterstaff/UnhospitalizePanel$2.java,actionPerformed,->,56bc9ef1-e398-4017-9891-993dd48c7779,1bfc7800-0cbd-4fce-ab14-193fab78edeb,0e89e44f-496b-46af-bfd8-7d0f868c4a66
56bc9ef1-e398-4017-9891-993dd48c7779,view/counterstaff/UnhospitalizePanel$2.java,actionPerformed,->,56bc9ef1-e398-4017-9891-993dd48c7779,java/lang/StringBuilder.java,append
56bc9ef1-e398-4017-9891-993dd48c7779,view/counterstaff/UnhospitalizePanel$2.java,actionPerformed,->,56bc9ef1-e398-4017-9891-993dd48c7779,view/counterstaff/UnhospitalizePanel.java,access$000
56bc9ef1-e398-4017-9891-993dd48c7779,view/counterstaff/UnhospitalizePanel$2.java,actionPerformed,->,56bc9ef1-e398-4017-9891-993dd48c7779,javax/swing/JTextField.java,getText
56bc9ef1-e398-4017-9891-993dd48c7779,view/counterstaff/UnhospitalizePanel$2.java,actionPerformed,->,56bc9ef1-e398-4017-9891-993dd48c7779,storage/patient/PatientStorage.java,get
56bc9ef1-e398-4017-9891-993dd48c7779,view/counterstaff/UnhospitalizePanel$2.java,actionPerformed,->,56bc9ef1-e398-4017-9891-993dd48c7779,ab8911e5-49dd-4a06-8898-fdc189323d30,34cde23b-94f6-469b-96ac-18cc486e5056
56bc9ef1-e398-4017-9891-993dd48c7779,view/counterstaff/UnhospitalizePanel$2.java,actionPerformed,->,56bc9ef1-e398-4017-9891-993dd48c7779,java/lang/StringBuilder.java,append
56bc9ef1-e398-4017-9891-993dd48c7779,view/counterstaff/UnhospitalizePanel$2.java,actionPerformed,->,56bc9ef1-e398-4017-9891-993dd48c7779,java/lang/StringBuilder.java,append
56bc9ef1-e398-4017-9891-993dd48c7779,view/counterstaff/UnhospitalizePanel$2.java,actionPerformed,->,56bc9ef1-e398-4017-9891-993dd48c7779,java/lang/StringBuilder.java,toString
56bc9ef1-e398-4017-9891-993dd48c7779,view/counterstaff/UnhospitalizePanel$2.java,actionPerformed,->,56bc9ef1-e398-4017-9891-993dd48c7779,javax/swing/JOptionPane.java,showMessageDialog
56bc9ef1-e398-4017-9891-993dd48c7779,view/counterstaff/UnhospitalizePanel$2.java,actionPerformed,->,56bc9ef1-e398-4017-9891-993dd48c7779,javax/swing/JOptionPane.java,showMessageDialog
56bc9ef1-e398-4017-9891-993dd48c7779,view/counterstaff/RegisterPanel$1.java,actionPerformed,->,56bc9ef1-e398-4017-9891-993dd48c7779,view/counterstaff/RegisterPanel.java,access$000
56bc9ef1-e398-4017-9891-993dd48c7779,b8a80f61-1068-4fba-8951-724f9731b242,5d638699-3051-4507-a2e9-b447903c1270,->,56bc9ef1-e398-4017-9891-993dd48c7779,javax/swing/JLabel.java,setText
56bc9ef1-e398-4017-9891-993dd48c7779,b8a80f61-1068-4fba-8951-724f9731b242,5d638699-3051-4507-a2e9-b447903c1270,->,56bc9ef1-e398-4017-9891-993dd48c7779,view/counterstaff/UnhospitalizePanel.java,setSize
56bc9ef1-e398-4017-9891-993dd48c7779,b8a80f61-1068-4fba-8951-724f9731b242,5d638699-3051-4507-a2e9-b447903c1270,->,56bc9ef1-e398-4017-9891-993dd48c7779,view/counterstaff/UnhospitalizePanel.java,setLayout
56bc9ef1-e398-4017-9891-993dd48c7779,b8a80f61-1068-4fba-8951-724f9731b242,5d638699-3051-4507-a2e9-b447903c1270,->,56bc9ef1-e398-4017-9891-993dd48c7779,view/counterstaff/UnhospitalizePanel.java,add
56bc9ef1-e398-4017-9891-993dd48c7779,b8a80f61-1068-4fba-8951-724f9731b242,5d638699-3051-4507-a2e9-b447903c1270,->,56bc9ef1-e398-4017-9891-993dd48c7779,b8a80f61-1068-4fba-8951-724f9731b242,b136f3da-f626-4bd1-9b36-1bed4ddbc848
56bc9ef1-e398-4017-9891-993dd48c7779,b8a80f61-1068-4fba-8951-724f9731b242,5d638699-3051-4507-a2e9-b447903c1270,->,56bc9ef1-e398-4017-9891-993dd48c7779,view/counterstaff/UnhospitalizePanel.java,add
56bc9ef1-e398-4017-9891-993dd48c7779,b8a80f61-1068-4fba-8951-724f9731b242,5d638699-3051-4507-a2e9-b447903c1270,->,56bc9ef1-e398-4017-9891-993dd48c7779,b8a80f61-1068-4fba-8951-724f9731b242,900d8071-f806-40d2-b19d-639ce5c67741
56bc9ef1-e398-4017-9891-993dd48c7779,b8a80f61-1068-4fba-8951-724f9731b242,5d638699-3051-4507-a2e9-b447903c1270,->,56bc9ef1-e398-4017-9891-993dd48c7779,view/counterstaff/UnhospitalizePanel.java,add
56bc9ef1-e398-4017-9891-993dd48c7779,b8a80f61-1068-4fba-8951-724f9731b242,5d638699-3051-4507-a2e9-b447903c1270,->,56bc9ef1-e398-4017-9891-993dd48c7779,b8a80f61-1068-4fba-8951-724f9731b242,780c84d9-bb13-4eb3-9391-cbf374337266
56bc9ef1-e398-4017-9891-993dd48c7779,b8a80f61-1068-4fba-8951-724f9731b242,5d638699-3051-4507-a2e9-b447903c1270,->,56bc9ef1-e398-4017-9891-993dd48c7779,view/counterstaff/UnhospitalizePanel.java,add
56bc9ef1-e398-4017-9891-993dd48c7779,b8a80f61-1068-4fba-8951-724f9731b242,b136f3da-f626-4bd1-9b36-1bed4ddbc848,->,56bc9ef1-e398-4017-9891-993dd48c7779,javax/swing/JTextField.java,setColumns
56bc9ef1-e398-4017-9891-993dd48c7779,b8a80f61-1068-4fba-8951-724f9731b242,900d8071-f806-40d2-b19d-639ce5c67741,->,56bc9ef1-e398-4017-9891-993dd48c7779,javax/swing/JButton.java,setText
56bc9ef1-e398-4017-9891-993dd48c7779,b8a80f61-1068-4fba-8951-724f9731b242,900d8071-f806-40d2-b19d-639ce5c67741,->,56bc9ef1-e398-4017-9891-993dd48c7779,javax/swing/JButton.java,addActionListener
56bc9ef1-e398-4017-9891-993dd48c7779,b8a80f61-1068-4fba-8951-724f9731b242,780c84d9-bb13-4eb3-9391-cbf374337266,->,56bc9ef1-e398-4017-9891-993dd48c7779,javax/swing/JButton.java,setText
56bc9ef1-e398-4017-9891-993dd48c7779,b8a80f61-1068-4fba-8951-724f9731b242,780c84d9-bb13-4eb3-9391-cbf374337266,->,56bc9ef1-e398-4017-9891-993dd48c7779,javax/swing/JButton.java,addActionListener
56bc9ef1-e398-4017-9891-993dd48c7779,a781a001-34a8-480c-b46e-d184fa45facf,3f61ecec-92ca-4566-ac4c-dd019b27e94a,->,56bc9ef1-e398-4017-9891-993dd48c7779,javax/swing/JLabel.java,setText
56bc9ef1-e398-4017-9891-993dd48c7779,a781a001-34a8-480c-b46e-d184fa45facf,3f61ecec-92ca-4566-ac4c-dd019b27e94a,->,56bc9ef1-e398-4017-9891-993dd48c7779,javax/swing/JLabel.java,setText
56bc9ef1-e398-4017-9891-993dd48c7779,a781a001-34a8-480c-b46e-d184fa45facf,3f61ecec-92ca-4566-ac4c-dd019b27e94a,->,56bc9ef1-e398-4017-9891-993dd48c7779,javax/swing/JLabel.java,setText
56bc9ef1-e398-4017-9891-993dd48c7779,a781a001-34a8-480c-b46e-d184fa45facf,3f61ecec-92ca-4566-ac4c-dd019b27e94a,->,56bc9ef1-e398-4017-9891-993dd48c7779,javax/swing/JLabel.java,setText
56bc9ef1-e398-4017-9891-993dd48c7779,a781a001-34a8-480c-b46e-d184fa45facf,3f61ecec-92ca-4566-ac4c-dd019b27e94a,->,56bc9ef1-e398-4017-9891-993dd48c7779,view/counterstaff/AddFundamentalDataPanel.java,setSize
56bc9ef1-e398-4017-9891-993dd48c7779,a781a001-34a8-480c-b46e-d184fa45facf,3f61ecec-92ca-4566-ac4c-dd019b27e94a,->,56bc9ef1-e398-4017-9891-993dd48c7779,view/counterstaff/AddFundamentalDataPanel.java,setLayout
56bc9ef1-e398-4017-9891-993dd48c7779,a781a001-34a8-480c-b46e-d184fa45facf,3f61ecec-92ca-4566-ac4c-dd019b27e94a,->,56bc9ef1-e398-4017-9891-993dd48c7779,view/counterstaff/AddFundamentalDataPanel.java,add
56bc9ef1-e398-4017-9891-993dd48c7779,a781a001-34a8-480c-b46e-d184fa45facf,3f61ecec-92ca-4566-ac4c-dd019b27e94a,->,56bc9ef1-e398-4017-9891-993dd48c7779,view/counterstaff/AddFundamentalDataPanel.java,add
56bc9ef1-e398-4017-9891-993dd48c7779,a781a001-34a8-480c-b46e-d184fa45facf,3f61ecec-92ca-4566-ac4c-dd019b27e94a,->,56bc9ef1-e398-4017-9891-993dd48c7779,view/counterstaff/AddFundamentalDataPanel.java,add
56bc9ef1-e398-4017-9891-993dd48c7779,a781a001-34a8-480c-b46e-d184fa45facf,3f61ecec-92ca-4566-ac4c-dd019b27e94a,->,56bc9ef1-e398-4017-9891-993dd48c7779,view/counterstaff/AddFundamentalDataPanel.java,add
56bc9ef1-e398-4017-9891-993dd48c7779,a781a001-34a8-480c-b46e-d184fa45facf,3f61ecec-92ca-4566-ac4c-dd019b27e94a,->,56bc9ef1-e398-4017-9891-993dd48c7779,a781a001-34a8-480c-b46e-d184fa45facf,f2a735cb-ab5d-47e7-bb6e-db26d1805ad1
56bc9ef1-e398-4017-9891-993dd48c7779,a781a001-34a8-480c-b46e-d184fa45facf,3f61ecec-92ca-4566-ac4c-dd019b27e94a,->,56bc9ef1-e398-4017-9891-993dd48c7779,view/counterstaff/AddFundamentalDataPanel.java,add
56bc9ef1-e398-4017-9891-993dd48c7779,a781a001-34a8-480c-b46e-d184fa45facf,3f61ecec-92ca-4566-ac4c-dd019b27e94a,->,56bc9ef1-e398-4017-9891-993dd48c7779,a781a001-34a8-480c-b46e-d184fa45facf,38269a97-4410-4f7c-b44f-7fe3f4e9b736
56bc9ef1-e398-4017-9891-993dd48c7779,a781a001-34a8-480c-b46e-d184fa45facf,3f61ecec-92ca-4566-ac4c-dd019b27e94a,->,56bc9ef1-e398-4017-9891-993dd48c7779,view/counterstaff/AddFundamentalDataPanel.java,add
56bc9ef1-e398-4017-9891-993dd48c7779,a781a001-34a8-480c-b46e-d184fa45facf,3f61ecec-92ca-4566-ac4c-dd019b27e94a,->,56bc9ef1-e398-4017-9891-993dd48c7779,a781a001-34a8-480c-b46e-d184fa45facf,aa4be41c-8a29-45ba-a071-b42f9e270a0f
56bc9ef1-e398-4017-9891-993dd48c7779,a781a001-34a8-480c-b46e-d184fa45facf,3f61ecec-92ca-4566-ac4c-dd019b27e94a,->,56bc9ef1-e398-4017-9891-993dd48c7779,view/counterstaff/AddFundamentalDataPanel.java,add
56bc9ef1-e398-4017-9891-993dd48c7779,a781a001-34a8-480c-b46e-d184fa45facf,3f61ecec-92ca-4566-ac4c-dd019b27e94a,->,56bc9ef1-e398-4017-9891-993dd48c7779,a781a001-34a8-480c-b46e-d184fa45facf,b240e1fd-eb92-4694-9966-ac975abf01ea
56bc9ef1-e398-4017-9891-993dd48c7779,a781a001-34a8-480c-b46e-d184fa45facf,3f61ecec-92ca-4566-ac4c-dd019b27e94a,->,56bc9ef1-e398-4017-9891-993dd48c7779,view/counterstaff/AddFundamentalDataPanel.java,add
56bc9ef1-e398-4017-9891-993dd48c7779,a781a001-34a8-480c-b46e-d184fa45facf,3f61ecec-92ca-4566-ac4c-dd019b27e94a,->,56bc9ef1-e398-4017-9891-993dd48c7779,a781a001-34a8-480c-b46e-d184fa45facf,124353bf-9c70-49dd-b033-e9aca5ef2118
56bc9ef1-e398-4017-9891-993dd48c7779,a781a001-34a8-480c-b46e-d184fa45facf,3f61ecec-92ca-4566-ac4c-dd019b27e94a,->,56bc9ef1-e398-4017-9891-993dd48c7779,view/counterstaff/AddFundamentalDataPanel.java,add
56bc9ef1-e398-4017-9891-993dd48c7779,a781a001-34a8-480c-b46e-d184fa45facf,f2a735cb-ab5d-47e7-bb6e-db26d1805ad1,->,56bc9ef1-e398-4017-9891-993dd48c7779,javax/swing/JButton.java,setText
56bc9ef1-e398-4017-9891-993dd48c7779,a781a001-34a8-480c-b46e-d184fa45facf,f2a735cb-ab5d-47e7-bb6e-db26d1805ad1,->,56bc9ef1-e398-4017-9891-993dd48c7779,javax/swing/JButton.java,addActionListener
56bc9ef1-e398-4017-9891-993dd48c7779,a781a001-34a8-480c-b46e-d184fa45facf,38269a97-4410-4f7c-b44f-7fe3f4e9b736,->,56bc9ef1-e398-4017-9891-993dd48c7779,javax/swing/JTextField.java,setColumns
56bc9ef1-e398-4017-9891-993dd48c7779,a781a001-34a8-480c-b46e-d184fa45facf,aa4be41c-8a29-45ba-a071-b42f9e270a0f,->,56bc9ef1-e398-4017-9891-993dd48c7779,javax/swing/JTextField.java,setColumns
56bc9ef1-e398-4017-9891-993dd48c7779,a781a001-34a8-480c-b46e-d184fa45facf,b240e1fd-eb92-4694-9966-ac975abf01ea,->,56bc9ef1-e398-4017-9891-993dd48c7779,javax/swing/JTextField.java,setColumns
56bc9ef1-e398-4017-9891-993dd48c7779,a781a001-34a8-480c-b46e-d184fa45facf,124353bf-9c70-49dd-b033-e9aca5ef2118,->,56bc9ef1-e398-4017-9891-993dd48c7779,javax/swing/JTextField.java,setColumns
56bc9ef1-e398-4017-9891-993dd48c7779,ae30ff0b-8753-425e-a9c3-36123c5e43dd,7e928f38-da70-4cd0-addf-d5d34c68d14f,->,56bc9ef1-e398-4017-9891-993dd48c7779,view/counterstaff/CounterStaffMainView.java,setSize
56bc9ef1-e398-4017-9891-993dd48c7779,ae30ff0b-8753-425e-a9c3-36123c5e43dd,7e928f38-da70-4cd0-addf-d5d34c68d14f,->,56bc9ef1-e398-4017-9891-993dd48c7779,ae30ff0b-8753-425e-a9c3-36123c5e43dd,2d6104fa-5b60-4ef2-bedd-ab332aa1c8b9
56bc9ef1-e398-4017-9891-993dd48c7779,ae30ff0b-8753-425e-a9c3-36123c5e43dd,7e928f38-da70-4cd0-addf-d5d34c68d14f,->,56bc9ef1-e398-4017-9891-993dd48c7779,view/counterstaff/CounterStaffMainView.java,setContentPane
56bc9ef1-e398-4017-9891-993dd48c7779,ae30ff0b-8753-425e-a9c3-36123c5e43dd,7e928f38-da70-4cd0-addf-d5d34c68d14f,->,56bc9ef1-e398-4017-9891-993dd48c7779,view/counterstaff/CounterStaffMainView.java,setTitle
56bc9ef1-e398-4017-9891-993dd48c7779,ae30ff0b-8753-425e-a9c3-36123c5e43dd,7e928f38-da70-4cd0-addf-d5d34c68d14f,->,56bc9ef1-e398-4017-9891-993dd48c7779,view/counterstaff/CounterStaffMainView.java,addWindowListener
56bc9ef1-e398-4017-9891-993dd48c7779,ae30ff0b-8753-425e-a9c3-36123c5e43dd,2d6104fa-5b60-4ef2-bedd-ab332aa1c8b9,->,56bc9ef1-e398-4017-9891-993dd48c7779,javax/swing/JPanel.java,setLayout
56bc9ef1-e398-4017-9891-993dd48c7779,ae30ff0b-8753-425e-a9c3-36123c5e43dd,2d6104fa-5b60-4ef2-bedd-ab332aa1c8b9,->,56bc9ef1-e398-4017-9891-993dd48c7779,ae30ff0b-8753-425e-a9c3-36123c5e43dd,73409f7b-6dc3-4b64-9803-004bc1aa08c9
56bc9ef1-e398-4017-9891-993dd48c7779,ae30ff0b-8753-425e-a9c3-36123c5e43dd,2d6104fa-5b60-4ef2-bedd-ab332aa1c8b9,->,56bc9ef1-e398-4017-9891-993dd48c7779,javax/swing/JPanel.java,add
56bc9ef1-e398-4017-9891-993dd48c7779,9d1ac641-37c0-47fe-b754-b459dcae9378,3971cce6-86ff-401a-b2ae-d240560e7bfc,->,56bc9ef1-e398-4017-9891-993dd48c7779,javax/swing/JLabel.java,setText
56bc9ef1-e398-4017-9891-993dd48c7779,9d1ac641-37c0-47fe-b754-b459dcae9378,3971cce6-86ff-401a-b2ae-d240560e7bfc,->,56bc9ef1-e398-4017-9891-993dd48c7779,javax/swing/JLabel.java,setText
56bc9ef1-e398-4017-9891-993dd48c7779,9d1ac641-37c0-47fe-b754-b459dcae9378,3971cce6-86ff-401a-b2ae-d240560e7bfc,->,56bc9ef1-e398-4017-9891-993dd48c7779,view/counterstaff/HospitalizePanel.java,setSize
56bc9ef1-e398-4017-9891-993dd48c7779,9d1ac641-37c0-47fe-b754-b459dcae9378,3971cce6-86ff-401a-b2ae-d240560e7bfc,->,56bc9ef1-e398-4017-9891-993dd48c7779,view/counterstaff/HospitalizePanel.java,setLayout
56bc9ef1-e398-4017-9891-993dd48c7779,9d1ac641-37c0-47fe-b754-b459dcae9378,3971cce6-86ff-401a-b2ae-d240560e7bfc,->,56bc9ef1-e398-4017-9891-993dd48c7779,view/counterstaff/HospitalizePanel.java,add
56bc9ef1-e398-4017-9891-993dd48c7779,9d1ac641-37c0-47fe-b754-b459dcae9378,3971cce6-86ff-401a-b2ae-d240560e7bfc,->,56bc9ef1-e398-4017-9891-993dd48c7779,9d1ac641-37c0-47fe-b754-b459dcae9378,60e73120-68f2-453a-9d8b-f345418e53e8
56bc9ef1-e398-4017-9891-993dd48c7779,9d1ac641-37c0-47fe-b754-b459dcae9378,3971cce6-86ff-401a-b2ae-d240560e7bfc,->,56bc9ef1-e398-4017-9891-993dd48c7779,view/counterstaff/HospitalizePanel.java,add
56bc9ef1-e398-4017-9891-993dd48c7779,9d1ac641-37c0-47fe-b754-b459dcae9378,3971cce6-86ff-401a-b2ae-d240560e7bfc,->,56bc9ef1-e398-4017-9891-993dd48c7779,9d1ac641-37c0-47fe-b754-b459dcae9378,124a397e-835b-40e4-9432-f03e26faf330
56bc9ef1-e398-4017-9891-993dd48c7779,9d1ac641-37c0-47fe-b754-b459dcae9378,3971cce6-86ff-401a-b2ae-d240560e7bfc,->,56bc9ef1-e398-4017-9891-993dd48c7779,view/counterstaff/HospitalizePanel.java,add
56bc9ef1-e398-4017-9891-993dd48c7779,9d1ac641-37c0-47fe-b754-b459dcae9378,3971cce6-86ff-401a-b2ae-d240560e7bfc,->,56bc9ef1-e398-4017-9891-993dd48c7779,9d1ac641-37c0-47fe-b754-b459dcae9378,5e547fd6-3d20-46b8-9f91-8a6b1b7f228b
56bc9ef1-e398-4017-9891-993dd48c7779,9d1ac641-37c0-47fe-b754-b459dcae9378,3971cce6-86ff-401a-b2ae-d240560e7bfc,->,56bc9ef1-e398-4017-9891-993dd48c7779,view/counterstaff/HospitalizePanel.java,add
56bc9ef1-e398-4017-9891-993dd48c7779,9d1ac641-37c0-47fe-b754-b459dcae9378,3971cce6-86ff-401a-b2ae-d240560e7bfc,->,56bc9ef1-e398-4017-9891-993dd48c7779,view/counterstaff/HospitalizePanel.java,add
56bc9ef1-e398-4017-9891-993dd48c7779,9d1ac641-37c0-47fe-b754-b459dcae9378,3971cce6-86ff-401a-b2ae-d240560e7bfc,->,56bc9ef1-e398-4017-9891-993dd48c7779,9d1ac641-37c0-47fe-b754-b459dcae9378,3f197013-3881-4c6d-926d-ef0b97e6c8c8
56bc9ef1-e398-4017-9891-993dd48c7779,9d1ac641-37c0-47fe-b754-b459dcae9378,3971cce6-86ff-401a-b2ae-d240560e7bfc,->,56bc9ef1-e398-4017-9891-993dd48c7779,view/counterstaff/HospitalizePanel.java,add
56bc9ef1-e398-4017-9891-993dd48c7779,9d1ac641-37c0-47fe-b754-b459dcae9378,60e73120-68f2-453a-9d8b-f345418e53e8,->,56bc9ef1-e398-4017-9891-993dd48c7779,javax/swing/JTextField.java,setColumns
56bc9ef1-e398-4017-9891-993dd48c7779,9d1ac641-37c0-47fe-b754-b459dcae9378,124a397e-835b-40e4-9432-f03e26faf330,->,56bc9ef1-e398-4017-9891-993dd48c7779,javax/swing/JButton.java,setText
56bc9ef1-e398-4017-9891-993dd48c7779,9d1ac641-37c0-47fe-b754-b459dcae9378,124a397e-835b-40e4-9432-f03e26faf330,->,56bc9ef1-e398-4017-9891-993dd48c7779,javax/swing/JButton.java,addActionListener
56bc9ef1-e398-4017-9891-993dd48c7779,9d1ac641-37c0-47fe-b754-b459dcae9378,5e547fd6-3d20-46b8-9f91-8a6b1b7f228b,->,56bc9ef1-e398-4017-9891-993dd48c7779,9d1ac641-37c0-47fe-b754-b459dcae9378,467a86e8-a55d-473c-a232-75786778134f
56bc9ef1-e398-4017-9891-993dd48c7779,9d1ac641-37c0-47fe-b754-b459dcae9378,467a86e8-a55d-473c-a232-75786778134f,->,56bc9ef1-e398-4017-9891-993dd48c7779,javax/swing/JComboBox.java,removeAllItems
56bc9ef1-e398-4017-9891-993dd48c7779,9d1ac641-37c0-47fe-b754-b459dcae9378,467a86e8-a55d-473c-a232-75786778134f,->,56bc9ef1-e398-4017-9891-993dd48c7779,ef74b80c-731d-4418-8375-52f6c9a44f5f,ee2bf950-9b99-41bb-914d-87b24a0d28bd
56bc9ef1-e398-4017-9891-993dd48c7779,9d1ac641-37c0-47fe-b754-b459dcae9378,467a86e8-a55d-473c-a232-75786778134f,->,56bc9ef1-e398-4017-9891-993dd48c7779,storage/ward/SickbedStorage.java,values
56bc9ef1-e398-4017-9891-993dd48c7779,9d1ac641-37c0-47fe-b754-b459dcae9378,467a86e8-a55d-473c-a232-75786778134f,->,56bc9ef1-e398-4017-9891-993dd48c7779,java/util/Collection.java,iterator
56bc9ef1-e398-4017-9891-993dd48c7779,9d1ac641-37c0-47fe-b754-b459dcae9378,467a86e8-a55d-473c-a232-75786778134f,->,56bc9ef1-e398-4017-9891-993dd48c7779,java/util/Iterator.java,hasNext
56bc9ef1-e398-4017-9891-993dd48c7779,9d1ac641-37c0-47fe-b754-b459dcae9378,467a86e8-a55d-473c-a232-75786778134f,->,56bc9ef1-e398-4017-9891-993dd48c7779,java/util/Iterator.java,next
56bc9ef1-e398-4017-9891-993dd48c7779,9d1ac641-37c0-47fe-b754-b459dcae9378,467a86e8-a55d-473c-a232-75786778134f,->,56bc9ef1-e398-4017-9891-993dd48c7779,6e751265-bcb0-474d-991f-258906e9f0a0,5668cf8b-166c-4126-9dfa-9ee56a598d32
56bc9ef1-e398-4017-9891-993dd48c7779,9d1ac641-37c0-47fe-b754-b459dcae9378,467a86e8-a55d-473c-a232-75786778134f,->,56bc9ef1-e398-4017-9891-993dd48c7779,6e751265-bcb0-474d-991f-258906e9f0a0,2a4b2555-5271-42aa-8241-fcb502eff3cc
56bc9ef1-e398-4017-9891-993dd48c7779,9d1ac641-37c0-47fe-b754-b459dcae9378,467a86e8-a55d-473c-a232-75786778134f,->,56bc9ef1-e398-4017-9891-993dd48c7779,java/lang/Integer.java,valueOf
56bc9ef1-e398-4017-9891-993dd48c7779,9d1ac641-37c0-47fe-b754-b459dcae9378,467a86e8-a55d-473c-a232-75786778134f,->,56bc9ef1-e398-4017-9891-993dd48c7779,javax/swing/JComboBox.java,addItem
56bc9ef1-e398-4017-9891-993dd48c7779,9d1ac641-37c0-47fe-b754-b459dcae9378,3f197013-3881-4c6d-926d-ef0b97e6c8c8,->,56bc9ef1-e398-4017-9891-993dd48c7779,javax/swing/JButton.java,setText
56bc9ef1-e398-4017-9891-993dd48c7779,9d1ac641-37c0-47fe-b754-b459dcae9378,3f197013-3881-4c6d-926d-ef0b97e6c8c8,->,56bc9ef1-e398-4017-9891-993dd48c7779,javax/swing/JButton.java,addActionListener
56bc9ef1-e398-4017-9891-993dd48c7779,view/counterstaff/HospitalizePanel.java,access$200,->,56bc9ef1-e398-4017-9891-993dd48c7779,9d1ac641-37c0-47fe-b754-b459dcae9378,467a86e8-a55d-473c-a232-75786778134f
56bc9ef1-e398-4017-9891-993dd48c7779,view/counterstaff/UnhospitalizePanel$1.java,actionPerformed,->,56bc9ef1-e398-4017-9891-993dd48c7779,097f82c6-ab9d-4d49-9ff0-e79a430fd0f8,49da4ba8-1e3a-4334-be74-3ad964f85291
56bc9ef1-e398-4017-9891-993dd48c7779,view/counterstaff/UnhospitalizePanel$1.java,actionPerformed,->,56bc9ef1-e398-4017-9891-993dd48c7779,view/counterstaff/UnhospitalizePanel.java,access$000
56bc9ef1-e398-4017-9891-993dd48c7779,view/counterstaff/UnhospitalizePanel$1.java,actionPerformed,->,56bc9ef1-e398-4017-9891-993dd48c7779,javax/swing/JTextField.java,getText
56bc9ef1-e398-4017-9891-993dd48c7779,view/counterstaff/UnhospitalizePanel$1.java,actionPerformed,->,56bc9ef1-e398-4017-9891-993dd48c7779,storage/patient/PatientStorage.java,get
56bc9ef1-e398-4017-9891-993dd48c7779,view/counterstaff/UnhospitalizePanel$1.java,actionPerformed,->,56bc9ef1-e398-4017-9891-993dd48c7779,javax/swing/JOptionPane.java,showMessageDialog
56bc9ef1-e398-4017-9891-993dd48c7779,view/counterstaff/UnhospitalizePanel$1.java,actionPerformed,->,56bc9ef1-e398-4017-9891-993dd48c7779,ef74b80c-731d-4418-8375-52f6c9a44f5f,ee2bf950-9b99-41bb-914d-87b24a0d28bd
56bc9ef1-e398-4017-9891-993dd48c7779,view/counterstaff/UnhospitalizePanel$1.java,actionPerformed,->,56bc9ef1-e398-4017-9891-993dd48c7779,storage/ward/SickbedStorage.java,values
56bc9ef1-e398-4017-9891-993dd48c7779,view/counterstaff/UnhospitalizePanel$1.java,actionPerformed,->,56bc9ef1-e398-4017-9891-993dd48c7779,java/util/Collection.java,iterator
56bc9ef1-e398-4017-9891-993dd48c7779,view/counterstaff/UnhospitalizePanel$1.java,actionPerformed,->,56bc9ef1-e398-4017-9891-993dd48c7779,java/util/Iterator.java,hasNext
56bc9ef1-e398-4017-9891-993dd48c7779,view/counterstaff/UnhospitalizePanel$1.java,actionPerformed,->,56bc9ef1-e398-4017-9891-993dd48c7779,java/util/Iterator.java,next
56bc9ef1-e398-4017-9891-993dd48c7779,view/counterstaff/UnhospitalizePanel$1.java,actionPerformed,->,56bc9ef1-e398-4017-9891-993dd48c7779,6e751265-bcb0-474d-991f-258906e9f0a0,e9a77d67-d39f-4739-835d-631f220b43f8
56bc9ef1-e398-4017-9891-993dd48c7779,view/counterstaff/UnhospitalizePanel$1.java,actionPerformed,->,56bc9ef1-e398-4017-9891-993dd48c7779,view/counterstaff/UnhospitalizePanel.java,access$000
56bc9ef1-e398-4017-9891-993dd48c7779,view/counterstaff/UnhospitalizePanel$1.java,actionPerformed,->,56bc9ef1-e398-4017-9891-993dd48c7779,javax/swing/JTextField.java,getText
56bc9ef1-e398-4017-9891-993dd48c7779,view/counterstaff/UnhospitalizePanel$1.java,actionPerformed,->,56bc9ef1-e398-4017-9891-993dd48c7779,java/lang/String.java,equals
56bc9ef1-e398-4017-9891-993dd48c7779,view/counterstaff/UnhospitalizePanel$1.java,actionPerformed,->,56bc9ef1-e398-4017-9891-993dd48c7779,java/lang/StringBuilder.java,append
56bc9ef1-e398-4017-9891-993dd48c7779,view/counterstaff/UnhospitalizePanel$1.java,actionPerformed,->,56bc9ef1-e398-4017-9891-993dd48c7779,view/counterstaff/UnhospitalizePanel.java,access$000
56bc9ef1-e398-4017-9891-993dd48c7779,view/counterstaff/UnhospitalizePanel$1.java,actionPerformed,->,56bc9ef1-e398-4017-9891-993dd48c7779,javax/swing/JTextField.java,getText
56bc9ef1-e398-4017-9891-993dd48c7779,view/counterstaff/UnhospitalizePanel$1.java,actionPerformed,->,56bc9ef1-e398-4017-9891-993dd48c7779,storage/patient/PatientStorage.java,get
56bc9ef1-e398-4017-9891-993dd48c7779,view/counterstaff/UnhospitalizePanel$1.java,actionPerformed,->,56bc9ef1-e398-4017-9891-993dd48c7779,ab8911e5-49dd-4a06-8898-fdc189323d30,34cde23b-94f6-469b-96ac-18cc486e5056
56bc9ef1-e398-4017-9891-993dd48c7779,view/counterstaff/UnhospitalizePanel$1.java,actionPerformed,->,56bc9ef1-e398-4017-9891-993dd48c7779,java/lang/StringBuilder.java,append
56bc9ef1-e398-4017-9891-993dd48c7779,view/counterstaff/UnhospitalizePanel$1.java,actionPerformed,->,56bc9ef1-e398-4017-9891-993dd48c7779,java/lang/StringBuilder.java,append
56bc9ef1-e398-4017-9891-993dd48c7779,view/counterstaff/UnhospitalizePanel$1.java,actionPerformed,->,56bc9ef1-e398-4017-9891-993dd48c7779,java/lang/StringBuilder.java,toString
56bc9ef1-e398-4017-9891-993dd48c7779,view/counterstaff/UnhospitalizePanel$1.java,actionPerformed,->,56bc9ef1-e398-4017-9891-993dd48c7779,javax/swing/JOptionPane.java,showMessageDialog
56bc9ef1-e398-4017-9891-993dd48c7779,view/counterstaff/UnhospitalizePanel$1.java,actionPerformed,->,56bc9ef1-e398-4017-9891-993dd48c7779,javax/swing/JOptionPane.java,showMessageDialog
56bc9ef1-e398-4017-9891-993dd48c7779,view/counterstaff/HospitalizePanel$1.java,actionPerformed,->,56bc9ef1-e398-4017-9891-993dd48c7779,097f82c6-ab9d-4d49-9ff0-e79a430fd0f8,49da4ba8-1e3a-4334-be74-3ad964f85291
56bc9ef1-e398-4017-9891-993dd48c7779,view/counterstaff/HospitalizePanel$1.java,actionPerformed,->,56bc9ef1-e398-4017-9891-993dd48c7779,view/counterstaff/HospitalizePanel.java,access$000
56bc9ef1-e398-4017-9891-993dd48c7779,view/counterstaff/HospitalizePanel$1.java,actionPerformed,->,56bc9ef1-e398-4017-9891-993dd48c7779,javax/swing/JTextField.java,getText
56bc9ef1-e398-4017-9891-993dd48c7779,view/counterstaff/HospitalizePanel$1.java,actionPerformed,->,56bc9ef1-e398-4017-9891-993dd48c7779,storage/patient/PatientStorage.java,get
56bc9ef1-e398-4017-9891-993dd48c7779,view/counterstaff/HospitalizePanel$1.java,actionPerformed,->,56bc9ef1-e398-4017-9891-993dd48c7779,javax/swing/JOptionPane.java,showMessageDialog
56bc9ef1-e398-4017-9891-993dd48c7779,view/counterstaff/HospitalizePanel$1.java,actionPerformed,->,56bc9ef1-e398-4017-9891-993dd48c7779,27603c7e-a233-400e-8a03-29b8bfb534b0,5eafdadf-5aec-4bda-96cf-908733df8275
56bc9ef1-e398-4017-9891-993dd48c7779,view/counterstaff/HospitalizePanel$1.java,actionPerformed,->,56bc9ef1-e398-4017-9891-993dd48c7779,view/counterstaff/HospitalizePanel.java,access$000
56bc9ef1-e398-4017-9891-993dd48c7779,view/counterstaff/HospitalizePanel$1.java,actionPerformed,->,56bc9ef1-e398-4017-9891-993dd48c7779,javax/swing/JTextField.java,getText
56bc9ef1-e398-4017-9891-993dd48c7779,view/counterstaff/HospitalizePanel$1.java,actionPerformed,->,56bc9ef1-e398-4017-9891-993dd48c7779,list/CheckinList.java,contains
56bc9ef1-e398-4017-9891-993dd48c7779,view/counterstaff/HospitalizePanel$1.java,actionPerformed,->,56bc9ef1-e398-4017-9891-993dd48c7779,javax/swing/JOptionPane.java,showMessageDialog
56bc9ef1-e398-4017-9891-993dd48c7779,view/counterstaff/HospitalizePanel$1.java,actionPerformed,->,56bc9ef1-e398-4017-9891-993dd48c7779,java/lang/StringBuilder.java,append
56bc9ef1-e398-4017-9891-993dd48c7779,view/counterstaff/HospitalizePanel$1.java,actionPerformed,->,56bc9ef1-e398-4017-9891-993dd48c7779,view/counterstaff/HospitalizePanel.java,access$000
56bc9ef1-e398-4017-9891-993dd48c7779,view/counterstaff/HospitalizePanel$1.java,actionPerformed,->,56bc9ef1-e398-4017-9891-993dd48c7779,javax/swing/JTextField.java,getText
56bc9ef1-e398-4017-9891-993dd48c7779,view/counterstaff/HospitalizePanel$1.java,actionPerformed,->,56bc9ef1-e398-4017-9891-993dd48c7779,storage/patient/PatientStorage.java,get
56bc9ef1-e398-4017-9891-993dd48c7779,view/counterstaff/HospitalizePanel$1.java,actionPerformed,->,56bc9ef1-e398-4017-9891-993dd48c7779,ab8911e5-49dd-4a06-8898-fdc189323d30,34cde23b-94f6-469b-96ac-18cc486e5056
56bc9ef1-e398-4017-9891-993dd48c7779,view/counterstaff/HospitalizePanel$1.java,actionPerformed,->,56bc9ef1-e398-4017-9891-993dd48c7779,java/lang/StringBuilder.java,append
56bc9ef1-e398-4017-9891-993dd48c7779,view/counterstaff/HospitalizePanel$1.java,actionPerformed,->,56bc9ef1-e398-4017-9891-993dd48c7779,java/lang/StringBuilder.java,append
56bc9ef1-e398-4017-9891-993dd48c7779,view/counterstaff/HospitalizePanel$1.java,actionPerformed,->,56bc9ef1-e398-4017-9891-993dd48c7779,java/lang/StringBuilder.java,toString
56bc9ef1-e398-4017-9891-993dd48c7779,view/counterstaff/HospitalizePanel$1.java,actionPerformed,->,56bc9ef1-e398-4017-9891-993dd48c7779,javax/swing/JOptionPane.java,showMessageDialog
56bc9ef1-e398-4017-9891-993dd48c7779,1b51db67-2eaf-4798-8a39-3a1746a0402c,6e6d48d9-3056-40fb-8ab4-3678c4291eea,->,56bc9ef1-e398-4017-9891-993dd48c7779,view/counterstaff/RegisterPanel.java,setSize
56bc9ef1-e398-4017-9891-993dd48c7779,1b51db67-2eaf-4798-8a39-3a1746a0402c,6e6d48d9-3056-40fb-8ab4-3678c4291eea,->,56bc9ef1-e398-4017-9891-993dd48c7779,view/counterstaff/RegisterPanel.java,setLayout
56bc9ef1-e398-4017-9891-993dd48c7779,1b51db67-2eaf-4798-8a39-3a1746a0402c,6e6d48d9-3056-40fb-8ab4-3678c4291eea,->,56bc9ef1-e398-4017-9891-993dd48c7779,javax/swing/JLabel.java,setText
56bc9ef1-e398-4017-9891-993dd48c7779,1b51db67-2eaf-4798-8a39-3a1746a0402c,6e6d48d9-3056-40fb-8ab4-3678c4291eea,->,56bc9ef1-e398-4017-9891-993dd48c7779,javax/swing/JLabel.java,setText
56bc9ef1-e398-4017-9891-993dd48c7779,1b51db67-2eaf-4798-8a39-3a1746a0402c,6e6d48d9-3056-40fb-8ab4-3678c4291eea,->,56bc9ef1-e398-4017-9891-993dd48c7779,javax/swing/JLabel.java,setText
56bc9ef1-e398-4017-9891-993dd48c7779,1b51db67-2eaf-4798-8a39-3a1746a0402c,6e6d48d9-3056-40fb-8ab4-3678c4291eea,->,56bc9ef1-e398-4017-9891-993dd48c7779,view/counterstaff/RegisterPanel.java,add
56bc9ef1-e398-4017-9891-993dd48c7779,1b51db67-2eaf-4798-8a39-3a1746a0402c,6e6d48d9-3056-40fb-8ab4-3678c4291eea,->,56bc9ef1-e398-4017-9891-993dd48c7779,view/counterstaff/RegisterPanel.java,add
56bc9ef1-e398-4017-9891-993dd48c7779,1b51db67-2eaf-4798-8a39-3a1746a0402c,6e6d48d9-3056-40fb-8ab4-3678c4291eea,->,56bc9ef1-e398-4017-9891-993dd48c7779,1b51db67-2eaf-4798-8a39-3a1746a0402c,e4e52f5a-502a-4052-8dc0-cbab7e0474d4
56bc9ef1-e398-4017-9891-993dd48c7779,1b51db67-2eaf-4798-8a39-3a1746a0402c,6e6d48d9-3056-40fb-8ab4-3678c4291eea,->,56bc9ef1-e398-4017-9891-993dd48c7779,view/counterstaff/RegisterPanel.java,add
56bc9ef1-e398-4017-9891-993dd48c7779,1b51db67-2eaf-4798-8a39-3a1746a0402c,6e6d48d9-3056-40fb-8ab4-3678c4291eea,->,56bc9ef1-e398-4017-9891-993dd48c7779,view/counterstaff/RegisterPanel.java,add
56bc9ef1-e398-4017-9891-993dd48c7779,1b51db67-2eaf-4798-8a39-3a1746a0402c,6e6d48d9-3056-40fb-8ab4-3678c4291eea,->,56bc9ef1-e398-4017-9891-993dd48c7779,1b51db67-2eaf-4798-8a39-3a1746a0402c,e445928d-3c90-4236-861a-3612eeb0e988
56bc9ef1-e398-4017-9891-993dd48c7779,1b51db67-2eaf-4798-8a39-3a1746a0402c,6e6d48d9-3056-40fb-8ab4-3678c4291eea,->,56bc9ef1-e398-4017-9891-993dd48c7779,view/counterstaff/RegisterPanel.java,add
56bc9ef1-e398-4017-9891-993dd48c7779,1b51db67-2eaf-4798-8a39-3a1746a0402c,6e6d48d9-3056-40fb-8ab4-3678c4291eea,->,56bc9ef1-e398-4017-9891-993dd48c7779,1b51db67-2eaf-4798-8a39-3a1746a0402c,ca26abdc-0e1a-45aa-84f2-b7718892b36d
56bc9ef1-e398-4017-9891-993dd48c7779,1b51db67-2eaf-4798-8a39-3a1746a0402c,6e6d48d9-3056-40fb-8ab4-3678c4291eea,->,56bc9ef1-e398-4017-9891-993dd48c7779,view/counterstaff/RegisterPanel.java,add
56bc9ef1-e398-4017-9891-993dd48c7779,1b51db67-2eaf-4798-8a39-3a1746a0402c,6e6d48d9-3056-40fb-8ab4-3678c4291eea,->,56bc9ef1-e398-4017-9891-993dd48c7779,1b51db67-2eaf-4798-8a39-3a1746a0402c,843747b6-3518-4499-bdb9-9c8987b2babd
56bc9ef1-e398-4017-9891-993dd48c7779,1b51db67-2eaf-4798-8a39-3a1746a0402c,6e6d48d9-3056-40fb-8ab4-3678c4291eea,->,56bc9ef1-e398-4017-9891-993dd48c7779,view/counterstaff/RegisterPanel.java,add
56bc9ef1-e398-4017-9891-993dd48c7779,1b51db67-2eaf-4798-8a39-3a1746a0402c,e445928d-3c90-4236-861a-3612eeb0e988,->,56bc9ef1-e398-4017-9891-993dd48c7779,javax/swing/JComboBox.java,addActionListener
56bc9ef1-e398-4017-9891-993dd48c7779,1b51db67-2eaf-4798-8a39-3a1746a0402c,e445928d-3c90-4236-861a-3612eeb0e988,->,56bc9ef1-e398-4017-9891-993dd48c7779,javax/swing/JComboBox.java,addItem
56bc9ef1-e398-4017-9891-993dd48c7779,1b51db67-2eaf-4798-8a39-3a1746a0402c,e445928d-3c90-4236-861a-3612eeb0e988,->,56bc9ef1-e398-4017-9891-993dd48c7779,javax/swing/JComboBox.java,addItem
56bc9ef1-e398-4017-9891-993dd48c7779,1b51db67-2eaf-4798-8a39-3a1746a0402c,e445928d-3c90-4236-861a-3612eeb0e988,->,56bc9ef1-e398-4017-9891-993dd48c7779,javax/swing/JComboBox.java,addItem
56bc9ef1-e398-4017-9891-993dd48c7779,1b51db67-2eaf-4798-8a39-3a1746a0402c,e445928d-3c90-4236-861a-3612eeb0e988,->,56bc9ef1-e398-4017-9891-993dd48c7779,javax/swing/JComboBox.java,addItem
56bc9ef1-e398-4017-9891-993dd48c7779,1b51db67-2eaf-4798-8a39-3a1746a0402c,e445928d-3c90-4236-861a-3612eeb0e988,->,56bc9ef1-e398-4017-9891-993dd48c7779,javax/swing/JComboBox.java,addItem
56bc9ef1-e398-4017-9891-993dd48c7779,1b51db67-2eaf-4798-8a39-3a1746a0402c,e445928d-3c90-4236-861a-3612eeb0e988,->,56bc9ef1-e398-4017-9891-993dd48c7779,javax/swing/JComboBox.java,addItem
56bc9ef1-e398-4017-9891-993dd48c7779,1b51db67-2eaf-4798-8a39-3a1746a0402c,e445928d-3c90-4236-861a-3612eeb0e988,->,56bc9ef1-e398-4017-9891-993dd48c7779,javax/swing/JComboBox.java,addItem
56bc9ef1-e398-4017-9891-993dd48c7779,1b51db67-2eaf-4798-8a39-3a1746a0402c,ca26abdc-0e1a-45aa-84f2-b7718892b36d,->,56bc9ef1-e398-4017-9891-993dd48c7779,javax/swing/JButton.java,setText
56bc9ef1-e398-4017-9891-993dd48c7779,1b51db67-2eaf-4798-8a39-3a1746a0402c,ca26abdc-0e1a-45aa-84f2-b7718892b36d,->,56bc9ef1-e398-4017-9891-993dd48c7779,javax/swing/JButton.java,addActionListener
56bc9ef1-e398-4017-9891-993dd48c7779,1b51db67-2eaf-4798-8a39-3a1746a0402c,843747b6-3518-4499-bdb9-9c8987b2babd,->,56bc9ef1-e398-4017-9891-993dd48c7779,javax/swing/JTextField.java,setColumns
56bc9ef1-e398-4017-9891-993dd48c7779,1b51db67-2eaf-4798-8a39-3a1746a0402c,ffae73d2-01ec-4b40-870c-b589e8b600a1,->,56bc9ef1-e398-4017-9891-993dd48c7779,javax/swing/JComboBox.java,getSelectedItem
56bc9ef1-e398-4017-9891-993dd48c7779,1b51db67-2eaf-4798-8a39-3a1746a0402c,ffae73d2-01ec-4b40-870c-b589e8b600a1,->,56bc9ef1-e398-4017-9891-993dd48c7779,javax/swing/JComboBox.java,removeAllItems
56bc9ef1-e398-4017-9891-993dd48c7779,1b51db67-2eaf-4798-8a39-3a1746a0402c,ffae73d2-01ec-4b40-870c-b589e8b600a1,->,56bc9ef1-e398-4017-9891-993dd48c7779,java/lang/String.java,equals
56bc9ef1-e398-4017-9891-993dd48c7779,1b51db67-2eaf-4798-8a39-3a1746a0402c,ffae73d2-01ec-4b40-870c-b589e8b600a1,->,56bc9ef1-e398-4017-9891-993dd48c7779,javax/swing/JComboBox.java,addItem
56bc9ef1-e398-4017-9891-993dd48c7779,1b51db67-2eaf-4798-8a39-3a1746a0402c,ffae73d2-01ec-4b40-870c-b589e8b600a1,->,56bc9ef1-e398-4017-9891-993dd48c7779,javax/swing/JComboBox.java,addItem
56bc9ef1-e398-4017-9891-993dd48c7779,1b51db67-2eaf-4798-8a39-3a1746a0402c,ffae73d2-01ec-4b40-870c-b589e8b600a1,->,56bc9ef1-e398-4017-9891-993dd48c7779,java/lang/String.java,equals
56bc9ef1-e398-4017-9891-993dd48c7779,1b51db67-2eaf-4798-8a39-3a1746a0402c,ffae73d2-01ec-4b40-870c-b589e8b600a1,->,56bc9ef1-e398-4017-9891-993dd48c7779,javax/swing/JComboBox.java,addItem
56bc9ef1-e398-4017-9891-993dd48c7779,1b51db67-2eaf-4798-8a39-3a1746a0402c,ffae73d2-01ec-4b40-870c-b589e8b600a1,->,56bc9ef1-e398-4017-9891-993dd48c7779,java/lang/String.java,equals
56bc9ef1-e398-4017-9891-993dd48c7779,1b51db67-2eaf-4798-8a39-3a1746a0402c,ffae73d2-01ec-4b40-870c-b589e8b600a1,->,56bc9ef1-e398-4017-9891-993dd48c7779,javax/swing/JComboBox.java,addItem
56bc9ef1-e398-4017-9891-993dd48c7779,1b51db67-2eaf-4798-8a39-3a1746a0402c,ffae73d2-01ec-4b40-870c-b589e8b600a1,->,56bc9ef1-e398-4017-9891-993dd48c7779,javax/swing/JComboBox.java,addItem
56bc9ef1-e398-4017-9891-993dd48c7779,view/counterstaff/RegisterPanel.java,access$000,->,56bc9ef1-e398-4017-9891-993dd48c7779,1b51db67-2eaf-4798-8a39-3a1746a0402c,ffae73d2-01ec-4b40-870c-b589e8b600a1
56bc9ef1-e398-4017-9891-993dd48c7779,view/counterstaff/CounterStaffMainView$1.java,windowClosing,->,56bc9ef1-e398-4017-9891-993dd48c7779,java/lang/StringBuilder.java,append
56bc9ef1-e398-4017-9891-993dd48c7779,view/counterstaff/CounterStaffMainView$1.java,windowClosing,->,56bc9ef1-e398-4017-9891-993dd48c7779,view/counterstaff/CounterStaffMainView.java,access$000
56bc9ef1-e398-4017-9891-993dd48c7779,view/counterstaff/CounterStaffMainView$1.java,windowClosing,->,56bc9ef1-e398-4017-9891-993dd48c7779,f9e2f9f7-fac7-4759-b1fc-92f891d1d5fe,2d7a37b2-95eb-4089-8168-006e2725d01d
56bc9ef1-e398-4017-9891-993dd48c7779,view/counterstaff/CounterStaffMainView$1.java,windowClosing,->,56bc9ef1-e398-4017-9891-993dd48c7779,java/lang/StringBuilder.java,append
56bc9ef1-e398-4017-9891-993dd48c7779,view/counterstaff/CounterStaffMainView$1.java,windowClosing,->,56bc9ef1-e398-4017-9891-993dd48c7779,view/counterstaff/CounterStaffMainView.java,access$000
56bc9ef1-e398-4017-9891-993dd48c7779,view/counterstaff/CounterStaffMainView$1.java,windowClosing,->,56bc9ef1-e398-4017-9891-993dd48c7779,f9e2f9f7-fac7-4759-b1fc-92f891d1d5fe,96a7b807-f74f-4915-b4aa-742ee197e255
56bc9ef1-e398-4017-9891-993dd48c7779,view/counterstaff/CounterStaffMainView$1.java,windowClosing,->,56bc9ef1-e398-4017-9891-993dd48c7779,java/lang/StringBuilder.java,append
56bc9ef1-e398-4017-9891-993dd48c7779,view/counterstaff/CounterStaffMainView$1.java,windowClosing,->,56bc9ef1-e398-4017-9891-993dd48c7779,java/lang/StringBuilder.java,append
56bc9ef1-e398-4017-9891-993dd48c7779,view/counterstaff/CounterStaffMainView$1.java,windowClosing,->,56bc9ef1-e398-4017-9891-993dd48c7779,java/lang/StringBuilder.java,toString
56bc9ef1-e398-4017-9891-993dd48c7779,view/counterstaff/CounterStaffMainView$1.java,windowClosing,->,56bc9ef1-e398-4017-9891-993dd48c7779,java/io/PrintStream.java,println
56bc9ef1-e398-4017-9891-993dd48c7779,view/counterstaff/CounterStaffMainView$1.java,windowClosing,->,56bc9ef1-e398-4017-9891-993dd48c7779,view/counterstaff/CounterStaffMainView.java,access$000
56bc9ef1-e398-4017-9891-993dd48c7779,view/counterstaff/CounterStaffMainView$1.java,windowClosing,->,56bc9ef1-e398-4017-9891-993dd48c7779,9033f050-74ea-4e93-98dd-65ad9a5d5720,b260e6ec-09d6-4901-a017-e4855f561315
56bc9ef1-e398-4017-9891-993dd48c7779,view/LoginFrame$1.java,actionPerformed,->,56bc9ef1-e398-4017-9891-993dd48c7779,view/LoginFrame.java,access$000
56bc9ef1-e398-4017-9891-993dd48c7779,ee587ec6-1db7-405d-8be3-1dd9ed769f5f,01eed7c0-96d9-47a5-9fbc-b2b219c83853,->,56bc9ef1-e398-4017-9891-993dd48c7779,view/inspector/InspectorMainTabbedPane.java,setSize
56bc9ef1-e398-4017-9891-993dd48c7779,ee587ec6-1db7-405d-8be3-1dd9ed769f5f,01eed7c0-96d9-47a5-9fbc-b2b219c83853,->,56bc9ef1-e398-4017-9891-993dd48c7779,ee587ec6-1db7-405d-8be3-1dd9ed769f5f,c664ab71-edc7-411f-b392-7d0697294af5
56bc9ef1-e398-4017-9891-993dd48c7779,ee587ec6-1db7-405d-8be3-1dd9ed769f5f,01eed7c0-96d9-47a5-9fbc-b2b219c83853,->,56bc9ef1-e398-4017-9891-993dd48c7779,view/inspector/InspectorMainTabbedPane.java,addTab
56bc9ef1-e398-4017-9891-993dd48c7779,ee587ec6-1db7-405d-8be3-1dd9ed769f5f,01eed7c0-96d9-47a5-9fbc-b2b219c83853,->,56bc9ef1-e398-4017-9891-993dd48c7779,ee587ec6-1db7-405d-8be3-1dd9ed769f5f,db61c835-5c7f-442f-859a-774d3d90b234
56bc9ef1-e398-4017-9891-993dd48c7779,ee587ec6-1db7-405d-8be3-1dd9ed769f5f,01eed7c0-96d9-47a5-9fbc-b2b219c83853,->,56bc9ef1-e398-4017-9891-993dd48c7779,view/inspector/InspectorMainTabbedPane.java,addTab
56bc9ef1-e398-4017-9891-993dd48c7779,7917e84a-36c5-421e-8f0f-b0d5ac66985d,5085fe1b-8623-45e1-b659-0fd80a092b16,->,56bc9ef1-e398-4017-9891-993dd48c7779,view/inspector/InspectorMainView.java,setSize
56bc9ef1-e398-4017-9891-993dd48c7779,7917e84a-36c5-421e-8f0f-b0d5ac66985d,5085fe1b-8623-45e1-b659-0fd80a092b16,->,56bc9ef1-e398-4017-9891-993dd48c7779,7917e84a-36c5-421e-8f0f-b0d5ac66985d,60e74550-a05b-40ae-a03e-d2b7d45a602c
56bc9ef1-e398-4017-9891-993dd48c7779,7917e84a-36c5-421e-8f0f-b0d5ac66985d,5085fe1b-8623-45e1-b659-0fd80a092b16,->,56bc9ef1-e398-4017-9891-993dd48c7779,view/inspector/InspectorMainView.java,setContentPane
56bc9ef1-e398-4017-9891-993dd48c7779,7917e84a-36c5-421e-8f0f-b0d5ac66985d,5085fe1b-8623-45e1-b659-0fd80a092b16,->,56bc9ef1-e398-4017-9891-993dd48c7779,view/inspector/InspectorMainView.java,setTitle
56bc9ef1-e398-4017-9891-993dd48c7779,7917e84a-36c5-421e-8f0f-b0d5ac66985d,5085fe1b-8623-45e1-b659-0fd80a092b16,->,56bc9ef1-e398-4017-9891-993dd48c7779,view/inspector/InspectorMainView.java,addWindowListener
56bc9ef1-e398-4017-9891-993dd48c7779,7917e84a-36c5-421e-8f0f-b0d5ac66985d,60e74550-a05b-40ae-a03e-d2b7d45a602c,->,56bc9ef1-e398-4017-9891-993dd48c7779,javax/swing/JPanel.java,setLayout
56bc9ef1-e398-4017-9891-993dd48c7779,7917e84a-36c5-421e-8f0f-b0d5ac66985d,60e74550-a05b-40ae-a03e-d2b7d45a602c,->,56bc9ef1-e398-4017-9891-993dd48c7779,7917e84a-36c5-421e-8f0f-b0d5ac66985d,d965599d-4455-4ef0-9114-f01d336832bb
56bc9ef1-e398-4017-9891-993dd48c7779,7917e84a-36c5-421e-8f0f-b0d5ac66985d,60e74550-a05b-40ae-a03e-d2b7d45a602c,->,56bc9ef1-e398-4017-9891-993dd48c7779,javax/swing/JPanel.java,add
56bc9ef1-e398-4017-9891-993dd48c7779,view/inspector/WritePatientInspectionReport$2.java,actionPerformed,->,56bc9ef1-e398-4017-9891-993dd48c7779,e3a80968-4f58-4d53-b77f-638d343f00cf,e257f2fa-67f2-4088-9da5-56446fa68607
56bc9ef1-e398-4017-9891-993dd48c7779,view/inspector/WritePatientInspectionReport$2.java,actionPerformed,->,56bc9ef1-e398-4017-9891-993dd48c7779,view/inspector/WritePatientInspectionReport.java,access$000
56bc9ef1-e398-4017-9891-993dd48c7779,view/inspector/WritePatientInspectionReport$2.java,actionPerformed,->,56bc9ef1-e398-4017-9891-993dd48c7779,javax/swing/JTextField.java,getText
56bc9ef1-e398-4017-9891-993dd48c7779,view/inspector/WritePatientInspectionReport$2.java,actionPerformed,->,56bc9ef1-e398-4017-9891-993dd48c7779,view/inspector/WritePatientInspectionReport.java,access$200
56bc9ef1-e398-4017-9891-993dd48c7779,view/inspector/WritePatientInspectionReport$2.java,actionPerformed,->,56bc9ef1-e398-4017-9891-993dd48c7779,javax/swing/JComboBox.java,getSelectedItem
56bc9ef1-e398-4017-9891-993dd48c7779,view/inspector/WritePatientInspectionReport$2.java,actionPerformed,->,56bc9ef1-e398-4017-9891-993dd48c7779,view/inspector/WritePatientInspectionReport.java,access$100
56bc9ef1-e398-4017-9891-993dd48c7779,view/inspector/WritePatientInspectionReport$2.java,actionPerformed,->,56bc9ef1-e398-4017-9891-993dd48c7779,javax/swing/JTextArea.java,getText
56bc9ef1-e398-4017-9891-993dd48c7779,view/inspector/WritePatientInspectionReport$2.java,actionPerformed,->,56bc9ef1-e398-4017-9891-993dd48c7779,storage/inspectionreport/InspectionReportStorage.java,add
56bc9ef1-e398-4017-9891-993dd48c7779,view/inspector/WritePatientInspectionReport$2.java,actionPerformed,->,56bc9ef1-e398-4017-9891-993dd48c7779,javax/swing/JOptionPane.java,showMessageDialog
56bc9ef1-e398-4017-9891-993dd48c7779,80e2ebe4-7047-4724-ab49-b2121a78cc8d,7ce0e8f7-df36-420f-8ac1-10c1fe19d4a9,->,56bc9ef1-e398-4017-9891-993dd48c7779,javax/swing/JLabel.java,setText
56bc9ef1-e398-4017-9891-993dd48c7779,80e2ebe4-7047-4724-ab49-b2121a78cc8d,7ce0e8f7-df36-420f-8ac1-10c1fe19d4a9,->,56bc9ef1-e398-4017-9891-993dd48c7779,javax/swing/JTextArea.java,setVisible
56bc9ef1-e398-4017-9891-993dd48c7779,80e2ebe4-7047-4724-ab49-b2121a78cc8d,7ce0e8f7-df36-420f-8ac1-10c1fe19d4a9,->,56bc9ef1-e398-4017-9891-993dd48c7779,javax/swing/JLabel.java,setText
56bc9ef1-e398-4017-9891-993dd48c7779,80e2ebe4-7047-4724-ab49-b2121a78cc8d,7ce0e8f7-df36-420f-8ac1-10c1fe19d4a9,->,56bc9ef1-e398-4017-9891-993dd48c7779,view/inspector/WritePatientInspectionReport.java,setSize
56bc9ef1-e398-4017-9891-993dd48c7779,80e2ebe4-7047-4724-ab49-b2121a78cc8d,7ce0e8f7-df36-420f-8ac1-10c1fe19d4a9,->,56bc9ef1-e398-4017-9891-993dd48c7779,view/inspector/WritePatientInspectionReport.java,setLayout
56bc9ef1-e398-4017-9891-993dd48c7779,80e2ebe4-7047-4724-ab49-b2121a78cc8d,7ce0e8f7-df36-420f-8ac1-10c1fe19d4a9,->,56bc9ef1-e398-4017-9891-993dd48c7779,view/inspector/WritePatientInspectionReport.java,add
56bc9ef1-e398-4017-9891-993dd48c7779,80e2ebe4-7047-4724-ab49-b2121a78cc8d,7ce0e8f7-df36-420f-8ac1-10c1fe19d4a9,->,56bc9ef1-e398-4017-9891-993dd48c7779,80e2ebe4-7047-4724-ab49-b2121a78cc8d,ed26212c-d6db-4d71-8c8d-57a209956115
56bc9ef1-e398-4017-9891-993dd48c7779,80e2ebe4-7047-4724-ab49-b2121a78cc8d,7ce0e8f7-df36-420f-8ac1-10c1fe19d4a9,->,56bc9ef1-e398-4017-9891-993dd48c7779,view/inspector/WritePatientInspectionReport.java,add
56bc9ef1-e398-4017-9891-993dd48c7779,80e2ebe4-7047-4724-ab49-b2121a78cc8d,7ce0e8f7-df36-420f-8ac1-10c1fe19d4a9,->,56bc9ef1-e398-4017-9891-993dd48c7779,80e2ebe4-7047-4724-ab49-b2121a78cc8d,855a795a-a769-4f9a-b16b-7509566ac459
56bc9ef1-e398-4017-9891-993dd48c7779,80e2ebe4-7047-4724-ab49-b2121a78cc8d,7ce0e8f7-df36-420f-8ac1-10c1fe19d4a9,->,56bc9ef1-e398-4017-9891-993dd48c7779,view/inspector/WritePatientInspectionReport.java,add
56bc9ef1-e398-4017-9891-993dd48c7779,80e2ebe4-7047-4724-ab49-b2121a78cc8d,7ce0e8f7-df36-420f-8ac1-10c1fe19d4a9,->,56bc9ef1-e398-4017-9891-993dd48c7779,view/inspector/WritePatientInspectionReport.java,add
56bc9ef1-e398-4017-9891-993dd48c7779,80e2ebe4-7047-4724-ab49-b2121a78cc8d,7ce0e8f7-df36-420f-8ac1-10c1fe19d4a9,->,56bc9ef1-e398-4017-9891-993dd48c7779,80e2ebe4-7047-4724-ab49-b2121a78cc8d,890d1b96-7818-465b-b775-daf13eafd3ab
56bc9ef1-e398-4017-9891-993dd48c7779,80e2ebe4-7047-4724-ab49-b2121a78cc8d,7ce0e8f7-df36-420f-8ac1-10c1fe19d4a9,->,56bc9ef1-e398-4017-9891-993dd48c7779,view/inspector/WritePatientInspectionReport.java,add
56bc9ef1-e398-4017-9891-993dd48c7779,80e2ebe4-7047-4724-ab49-b2121a78cc8d,7ce0e8f7-df36-420f-8ac1-10c1fe19d4a9,->,56bc9ef1-e398-4017-9891-993dd48c7779,view/inspector/WritePatientInspectionReport.java,add
56bc9ef1-e398-4017-9891-993dd48c7779,80e2ebe4-7047-4724-ab49-b2121a78cc8d,7ce0e8f7-df36-420f-8ac1-10c1fe19d4a9,->,56bc9ef1-e398-4017-9891-993dd48c7779,80e2ebe4-7047-4724-ab49-b2121a78cc8d,049df720-d9d8-4222-ae70-cf40a1c28ca6
56bc9ef1-e398-4017-9891-993dd48c7779,80e2ebe4-7047-4724-ab49-b2121a78cc8d,7ce0e8f7-df36-420f-8ac1-10c1fe19d4a9,->,56bc9ef1-e398-4017-9891-993dd48c7779,view/inspector/WritePatientInspectionReport.java,add
56bc9ef1-e398-4017-9891-993dd48c7779,80e2ebe4-7047-4724-ab49-b2121a78cc8d,ed26212c-d6db-4d71-8c8d-57a209956115,->,56bc9ef1-e398-4017-9891-993dd48c7779,javax/swing/JTextField.java,setColumns
56bc9ef1-e398-4017-9891-993dd48c7779,80e2ebe4-7047-4724-ab49-b2121a78cc8d,855a795a-a769-4f9a-b16b-7509566ac459,->,56bc9ef1-e398-4017-9891-993dd48c7779,javax/swing/JButton.java,setText
56bc9ef1-e398-4017-9891-993dd48c7779,80e2ebe4-7047-4724-ab49-b2121a78cc8d,855a795a-a769-4f9a-b16b-7509566ac459,->,56bc9ef1-e398-4017-9891-993dd48c7779,javax/swing/JButton.java,addActionListener
56bc9ef1-e398-4017-9891-993dd48c7779,80e2ebe4-7047-4724-ab49-b2121a78cc8d,890d1b96-7818-465b-b775-daf13eafd3ab,->,56bc9ef1-e398-4017-9891-993dd48c7779,javax/swing/JButton.java,setText
56bc9ef1-e398-4017-9891-993dd48c7779,80e2ebe4-7047-4724-ab49-b2121a78cc8d,890d1b96-7818-465b-b775-daf13eafd3ab,->,56bc9ef1-e398-4017-9891-993dd48c7779,javax/swing/JButton.java,addActionListener
56bc9ef1-e398-4017-9891-993dd48c7779,80e2ebe4-7047-4724-ab49-b2121a78cc8d,049df720-d9d8-4222-ae70-cf40a1c28ca6,->,56bc9ef1-e398-4017-9891-993dd48c7779,storage/inspectionreport/InspectionDivision.java,values
56bc9ef1-e398-4017-9891-993dd48c7779,80e2ebe4-7047-4724-ab49-b2121a78cc8d,049df720-d9d8-4222-ae70-cf40a1c28ca6,->,56bc9ef1-e398-4017-9891-993dd48c7779,javax/swing/JComboBox.java,addItem
56bc9ef1-e398-4017-9891-993dd48c7779,view/inspector/InspectorMainView$1.java,windowClosing,->,56bc9ef1-e398-4017-9891-993dd48c7779,java/lang/StringBuilder.java,append
56bc9ef1-e398-4017-9891-993dd48c7779,view/inspector/InspectorMainView$1.java,windowClosing,->,56bc9ef1-e398-4017-9891-993dd48c7779,f9e2f9f7-fac7-4759-b1fc-92f891d1d5fe,2d7a37b2-95eb-4089-8168-006e2725d01d
56bc9ef1-e398-4017-9891-993dd48c7779,view/inspector/InspectorMainView$1.java,windowClosing,->,56bc9ef1-e398-4017-9891-993dd48c7779,java/lang/StringBuilder.java,append
56bc9ef1-e398-4017-9891-993dd48c7779,view/inspector/InspectorMainView$1.java,windowClosing,->,56bc9ef1-e398-4017-9891-993dd48c7779,f9e2f9f7-fac7-4759-b1fc-92f891d1d5fe,96a7b807-f74f-4915-b4aa-742ee197e255
56bc9ef1-e398-4017-9891-993dd48c7779,view/inspector/InspectorMainView$1.java,windowClosing,->,56bc9ef1-e398-4017-9891-993dd48c7779,java/lang/StringBuilder.java,append
56bc9ef1-e398-4017-9891-993dd48c7779,view/inspector/InspectorMainView$1.java,windowClosing,->,56bc9ef1-e398-4017-9891-993dd48c7779,java/lang/StringBuilder.java,append
56bc9ef1-e398-4017-9891-993dd48c7779,view/inspector/InspectorMainView$1.java,windowClosing,->,56bc9ef1-e398-4017-9891-993dd48c7779,java/lang/StringBuilder.java,toString
56bc9ef1-e398-4017-9891-993dd48c7779,view/inspector/InspectorMainView$1.java,windowClosing,->,56bc9ef1-e398-4017-9891-993dd48c7779,java/io/PrintStream.java,println
56bc9ef1-e398-4017-9891-993dd48c7779,view/inspector/InspectorMainView$1.java,windowClosing,->,56bc9ef1-e398-4017-9891-993dd48c7779,9033f050-74ea-4e93-98dd-65ad9a5d5720,b260e6ec-09d6-4901-a017-e4855f561315
56bc9ef1-e398-4017-9891-993dd48c7779,view/inspector/WritePatientInspectionReport$1.java,actionPerformed,->,56bc9ef1-e398-4017-9891-993dd48c7779,097f82c6-ab9d-4d49-9ff0-e79a430fd0f8,49da4ba8-1e3a-4334-be74-3ad964f85291
56bc9ef1-e398-4017-9891-993dd48c7779,view/inspector/WritePatientInspectionReport$1.java,actionPerformed,->,56bc9ef1-e398-4017-9891-993dd48c7779,view/inspector/WritePatientInspectionReport.java,access$000
56bc9ef1-e398-4017-9891-993dd48c7779,view/inspector/WritePatientInspectionReport$1.java,actionPerformed,->,56bc9ef1-e398-4017-9891-993dd48c7779,javax/swing/JTextField.java,getText
56bc9ef1-e398-4017-9891-993dd48c7779,view/inspector/WritePatientInspectionReport$1.java,actionPerformed,->,56bc9ef1-e398-4017-9891-993dd48c7779,storage/patient/PatientStorage.java,get
56bc9ef1-e398-4017-9891-993dd48c7779,view/inspector/WritePatientInspectionReport$1.java,actionPerformed,->,56bc9ef1-e398-4017-9891-993dd48c7779,javax/swing/JOptionPane.java,showMessageDialog
56bc9ef1-e398-4017-9891-993dd48c7779,view/inspector/WritePatientInspectionReport$1.java,actionPerformed,->,56bc9ef1-e398-4017-9891-993dd48c7779,view/inspector/WritePatientInspectionReport.java,access$100
56bc9ef1-e398-4017-9891-993dd48c7779,view/inspector/WritePatientInspectionReport$1.java,actionPerformed,->,56bc9ef1-e398-4017-9891-993dd48c7779,javax/swing/JTextArea.java,setText
56bc9ef1-e398-4017-9891-993dd48c7779,view/inspector/WritePatientInspectionReport$1.java,actionPerformed,->,56bc9ef1-e398-4017-9891-993dd48c7779,view/inspector/WritePatientInspectionReport.java,access$100
56bc9ef1-e398-4017-9891-993dd48c7779,view/inspector/WritePatientInspectionReport$1.java,actionPerformed,->,56bc9ef1-e398-4017-9891-993dd48c7779,javax/swing/JTextArea.java,setVisible
56bc9ef1-e398-4017-9891-993dd48c7779,view/inspector/WritePatientInspectionReport$1.java,actionPerformed,->,56bc9ef1-e398-4017-9891-993dd48c7779,view/inspector/WritePatientInspectionReport.java,access$100
56bc9ef1-e398-4017-9891-993dd48c7779,view/inspector/WritePatientInspectionReport$1.java,actionPerformed,->,56bc9ef1-e398-4017-9891-993dd48c7779,view/inspector/WritePatientInspectionReport.java,access$000
56bc9ef1-e398-4017-9891-993dd48c7779,view/inspector/WritePatientInspectionReport$1.java,actionPerformed,->,56bc9ef1-e398-4017-9891-993dd48c7779,javax/swing/JTextField.java,getText
56bc9ef1-e398-4017-9891-993dd48c7779,view/inspector/WritePatientInspectionReport$1.java,actionPerformed,->,56bc9ef1-e398-4017-9891-993dd48c7779,java/lang/StringBuilder.java,append
56bc9ef1-e398-4017-9891-993dd48c7779,view/inspector/WritePatientInspectionReport$1.java,actionPerformed,->,56bc9ef1-e398-4017-9891-993dd48c7779,java/lang/StringBuilder.java,append
56bc9ef1-e398-4017-9891-993dd48c7779,view/inspector/WritePatientInspectionReport$1.java,actionPerformed,->,56bc9ef1-e398-4017-9891-993dd48c7779,java/lang/StringBuilder.java,toString
56bc9ef1-e398-4017-9891-993dd48c7779,view/inspector/WritePatientInspectionReport$1.java,actionPerformed,->,56bc9ef1-e398-4017-9891-993dd48c7779,javax/swing/JTextArea.java,setText
56bc9ef1-e398-4017-9891-993dd48c7779,view/inspector/WritePatientInspectionReport$1.java,actionPerformed,->,56bc9ef1-e398-4017-9891-993dd48c7779,view/inspector/WritePatientInspectionReport.java,access$100
56bc9ef1-e398-4017-9891-993dd48c7779,view/inspector/WritePatientInspectionReport$1.java,actionPerformed,->,56bc9ef1-e398-4017-9891-993dd48c7779,javax/swing/JTextArea.java,setVisible
56bc9ef1-e398-4017-9891-993dd48c7779,view/inspector/ShowPatientInspectionItem$1.java,actionPerformed,->,56bc9ef1-e398-4017-9891-993dd48c7779,097f82c6-ab9d-4d49-9ff0-e79a430fd0f8,49da4ba8-1e3a-4334-be74-3ad964f85291
56bc9ef1-e398-4017-9891-993dd48c7779,view/inspector/ShowPatientInspectionItem$1.java,actionPerformed,->,56bc9ef1-e398-4017-9891-993dd48c7779,view/inspector/ShowPatientInspectionItem.java,access$000
56bc9ef1-e398-4017-9891-993dd48c7779,view/inspector/ShowPatientInspectionItem$1.java,actionPerformed,->,56bc9ef1-e398-4017-9891-993dd48c7779,javax/swing/JTextField.java,getText
56bc9ef1-e398-4017-9891-993dd48c7779,view/inspector/ShowPatientInspectionItem$1.java,actionPerformed,->,56bc9ef1-e398-4017-9891-993dd48c7779,storage/patient/PatientStorage.java,get
56bc9ef1-e398-4017-9891-993dd48c7779,view/inspector/ShowPatientInspectionItem$1.java,actionPerformed,->,56bc9ef1-e398-4017-9891-993dd48c7779,javax/swing/JOptionPane.java,showMessageDialog
56bc9ef1-e398-4017-9891-993dd48c7779,view/inspector/ShowPatientInspectionItem$1.java,actionPerformed,->,56bc9ef1-e398-4017-9891-993dd48c7779,view/inspector/ShowPatientInspectionItem.java,access$100
56bc9ef1-e398-4017-9891-993dd48c7779,view/inspector/ShowPatientInspectionItem$1.java,actionPerformed,->,56bc9ef1-e398-4017-9891-993dd48c7779,javax/swing/JTextArea.java,setText
56bc9ef1-e398-4017-9891-993dd48c7779,view/inspector/ShowPatientInspectionItem$1.java,actionPerformed,->,56bc9ef1-e398-4017-9891-993dd48c7779,view/inspector/ShowPatientInspectionItem.java,access$100
56bc9ef1-e398-4017-9891-993dd48c7779,view/inspector/ShowPatientInspectionItem$1.java,actionPerformed,->,56bc9ef1-e398-4017-9891-993dd48c7779,javax/swing/JTextArea.java,setVisible
56bc9ef1-e398-4017-9891-993dd48c7779,view/inspector/ShowPatientInspectionItem$1.java,actionPerformed,->,56bc9ef1-e398-4017-9891-993dd48c7779,storage/inspectionreport/InspectionDivision.java,values
56bc9ef1-e398-4017-9891-993dd48c7779,view/inspector/ShowPatientInspectionItem$1.java,actionPerformed,->,56bc9ef1-e398-4017-9891-993dd48c7779,d53a3f11-0db1-4103-8e66-3f5b79298a07,02628f01-3426-4a9f-92d9-bd0a4b558e44
56bc9ef1-e398-4017-9891-993dd48c7779,view/inspector/ShowPatientInspectionItem$1.java,actionPerformed,->,56bc9ef1-e398-4017-9891-993dd48c7779,d53a3f11-0db1-4103-8e66-3f5b79298a07,e8241a4b-9c11-469a-bf56-10e717ff3666
56bc9ef1-e398-4017-9891-993dd48c7779,view/inspector/ShowPatientInspectionItem$1.java,actionPerformed,->,56bc9ef1-e398-4017-9891-993dd48c7779,storage/InspectionPlaceStorage.java,get
56bc9ef1-e398-4017-9891-993dd48c7779,view/inspector/ShowPatientInspectionItem$1.java,actionPerformed,->,56bc9ef1-e398-4017-9891-993dd48c7779,58e3ac89-da19-4876-863a-c8369111f2d2,747f664a-1d36-4105-a39c-5f141ae8fa1e
56bc9ef1-e398-4017-9891-993dd48c7779,view/inspector/ShowPatientInspectionItem$1.java,actionPerformed,->,56bc9ef1-e398-4017-9891-993dd48c7779,list/InspectionList.java,iterator
56bc9ef1-e398-4017-9891-993dd48c7779,view/inspector/ShowPatientInspectionItem$1.java,actionPerformed,->,56bc9ef1-e398-4017-9891-993dd48c7779,java/util/Iterator.java,hasNext
56bc9ef1-e398-4017-9891-993dd48c7779,view/inspector/ShowPatientInspectionItem$1.java,actionPerformed,->,56bc9ef1-e398-4017-9891-993dd48c7779,java/util/Iterator.java,next
56bc9ef1-e398-4017-9891-993dd48c7779,view/inspector/ShowPatientInspectionItem$1.java,actionPerformed,->,56bc9ef1-e398-4017-9891-993dd48c7779,0050e63f-1c0b-4fe9-a0db-566501a2ad0a,2d54699e-9892-4fdb-bdcd-6c0262d955b6
56bc9ef1-e398-4017-9891-993dd48c7779,view/inspector/ShowPatientInspectionItem$1.java,actionPerformed,->,56bc9ef1-e398-4017-9891-993dd48c7779,ab8911e5-49dd-4a06-8898-fdc189323d30,34cde23b-94f6-469b-96ac-18cc486e5056
56bc9ef1-e398-4017-9891-993dd48c7779,view/inspector/ShowPatientInspectionItem$1.java,actionPerformed,->,56bc9ef1-e398-4017-9891-993dd48c7779,view/inspector/ShowPatientInspectionItem.java,access$000
56bc9ef1-e398-4017-9891-993dd48c7779,view/inspector/ShowPatientInspectionItem$1.java,actionPerformed,->,56bc9ef1-e398-4017-9891-993dd48c7779,javax/swing/JTextField.java,getText
56bc9ef1-e398-4017-9891-993dd48c7779,view/inspector/ShowPatientInspectionItem$1.java,actionPerformed,->,56bc9ef1-e398-4017-9891-993dd48c7779,storage/patient/PatientStorage.java,get
56bc9ef1-e398-4017-9891-993dd48c7779,view/inspector/ShowPatientInspectionItem$1.java,actionPerformed,->,56bc9ef1-e398-4017-9891-993dd48c7779,ab8911e5-49dd-4a06-8898-fdc189323d30,34cde23b-94f6-469b-96ac-18cc486e5056
56bc9ef1-e398-4017-9891-993dd48c7779,view/inspector/ShowPatientInspectionItem$1.java,actionPerformed,->,56bc9ef1-e398-4017-9891-993dd48c7779,java/lang/String.java,equals
56bc9ef1-e398-4017-9891-993dd48c7779,view/inspector/ShowPatientInspectionItem$1.java,actionPerformed,->,56bc9ef1-e398-4017-9891-993dd48c7779,java/lang/StringBuilder.java,append
56bc9ef1-e398-4017-9891-993dd48c7779,view/inspector/ShowPatientInspectionItem$1.java,actionPerformed,->,56bc9ef1-e398-4017-9891-993dd48c7779,storage/inspectionreport/InspectionDivision.java,toString
56bc9ef1-e398-4017-9891-993dd48c7779,view/inspector/ShowPatientInspectionItem$1.java,actionPerformed,->,56bc9ef1-e398-4017-9891-993dd48c7779,java/lang/StringBuilder.java,append
56bc9ef1-e398-4017-9891-993dd48c7779,view/inspector/ShowPatientInspectionItem$1.java,actionPerformed,->,56bc9ef1-e398-4017-9891-993dd48c7779,java/lang/StringBuilder.java,append
56bc9ef1-e398-4017-9891-993dd48c7779,view/inspector/ShowPatientInspectionItem$1.java,actionPerformed,->,56bc9ef1-e398-4017-9891-993dd48c7779,java/lang/StringBuilder.java,toString
56bc9ef1-e398-4017-9891-993dd48c7779,view/inspector/ShowPatientInspectionItem$1.java,actionPerformed,->,56bc9ef1-e398-4017-9891-993dd48c7779,view/inspector/ShowPatientInspectionItem.java,access$100
56bc9ef1-e398-4017-9891-993dd48c7779,view/inspector/ShowPatientInspectionItem$1.java,actionPerformed,->,56bc9ef1-e398-4017-9891-993dd48c7779,view/inspector/ShowPatientInspectionItem.java,access$000
56bc9ef1-e398-4017-9891-993dd48c7779,view/inspector/ShowPatientInspectionItem$1.java,actionPerformed,->,56bc9ef1-e398-4017-9891-993dd48c7779,javax/swing/JTextField.java,getText
56bc9ef1-e398-4017-9891-993dd48c7779,view/inspector/ShowPatientInspectionItem$1.java,actionPerformed,->,56bc9ef1-e398-4017-9891-993dd48c7779,java/lang/StringBuilder.java,append
56bc9ef1-e398-4017-9891-993dd48c7779,view/inspector/ShowPatientInspectionItem$1.java,actionPerformed,->,56bc9ef1-e398-4017-9891-993dd48c7779,java/lang/StringBuilder.java,append
56bc9ef1-e398-4017-9891-993dd48c7779,view/inspector/ShowPatientInspectionItem$1.java,actionPerformed,->,56bc9ef1-e398-4017-9891-993dd48c7779,java/lang/StringBuilder.java,append
56bc9ef1-e398-4017-9891-993dd48c7779,view/inspector/ShowPatientInspectionItem$1.java,actionPerformed,->,56bc9ef1-e398-4017-9891-993dd48c7779,java/lang/StringBuilder.java,toString
56bc9ef1-e398-4017-9891-993dd48c7779,view/inspector/ShowPatientInspectionItem$1.java,actionPerformed,->,56bc9ef1-e398-4017-9891-993dd48c7779,javax/swing/JTextArea.java,setText
56bc9ef1-e398-4017-9891-993dd48c7779,view/inspector/ShowPatientInspectionItem$1.java,actionPerformed,->,56bc9ef1-e398-4017-9891-993dd48c7779,view/inspector/ShowPatientInspectionItem.java,access$100
56bc9ef1-e398-4017-9891-993dd48c7779,view/inspector/ShowPatientInspectionItem$1.java,actionPerformed,->,56bc9ef1-e398-4017-9891-993dd48c7779,javax/swing/JTextArea.java,setVisible
56bc9ef1-e398-4017-9891-993dd48c7779,e3f3fbac-20bc-45b2-b736-418a4aa2195a,5e3ae5c4-6ed4-462b-97de-96cd2fdc1bb5,->,56bc9ef1-e398-4017-9891-993dd48c7779,javax/swing/JTextArea.java,setWrapStyleWord
56bc9ef1-e398-4017-9891-993dd48c7779,e3f3fbac-20bc-45b2-b736-418a4aa2195a,5e3ae5c4-6ed4-462b-97de-96cd2fdc1bb5,->,56bc9ef1-e398-4017-9891-993dd48c7779,javax/swing/JTextArea.java,setVisible
56bc9ef1-e398-4017-9891-993dd48c7779,e3f3fbac-20bc-45b2-b736-418a4aa2195a,5e3ae5c4-6ed4-462b-97de-96cd2fdc1bb5,->,56bc9ef1-e398-4017-9891-993dd48c7779,javax/swing/JTextArea.java,setSize
56bc9ef1-e398-4017-9891-993dd48c7779,e3f3fbac-20bc-45b2-b736-418a4aa2195a,5e3ae5c4-6ed4-462b-97de-96cd2fdc1bb5,->,56bc9ef1-e398-4017-9891-993dd48c7779,javax/swing/JLabel.java,setText
56bc9ef1-e398-4017-9891-993dd48c7779,e3f3fbac-20bc-45b2-b736-418a4aa2195a,5e3ae5c4-6ed4-462b-97de-96cd2fdc1bb5,->,56bc9ef1-e398-4017-9891-993dd48c7779,view/inspector/ShowPatientInspectionItem.java,setSize
56bc9ef1-e398-4017-9891-993dd48c7779,e3f3fbac-20bc-45b2-b736-418a4aa2195a,5e3ae5c4-6ed4-462b-97de-96cd2fdc1bb5,->,56bc9ef1-e398-4017-9891-993dd48c7779,view/inspector/ShowPatientInspectionItem.java,setLayout
56bc9ef1-e398-4017-9891-993dd48c7779,e3f3fbac-20bc-45b2-b736-418a4aa2195a,5e3ae5c4-6ed4-462b-97de-96cd2fdc1bb5,->,56bc9ef1-e398-4017-9891-993dd48c7779,view/inspector/ShowPatientInspectionItem.java,add
56bc9ef1-e398-4017-9891-993dd48c7779,e3f3fbac-20bc-45b2-b736-418a4aa2195a,5e3ae5c4-6ed4-462b-97de-96cd2fdc1bb5,->,56bc9ef1-e398-4017-9891-993dd48c7779,e3f3fbac-20bc-45b2-b736-418a4aa2195a,9693ee6a-58bf-4e51-843e-17b780f791b3
56bc9ef1-e398-4017-9891-993dd48c7779,e3f3fbac-20bc-45b2-b736-418a4aa2195a,5e3ae5c4-6ed4-462b-97de-96cd2fdc1bb5,->,56bc9ef1-e398-4017-9891-993dd48c7779,view/inspector/ShowPatientInspectionItem.java,add
56bc9ef1-e398-4017-9891-993dd48c7779,e3f3fbac-20bc-45b2-b736-418a4aa2195a,5e3ae5c4-6ed4-462b-97de-96cd2fdc1bb5,->,56bc9ef1-e398-4017-9891-993dd48c7779,e3f3fbac-20bc-45b2-b736-418a4aa2195a,eb8bf76c-1849-47a8-8e53-ebfcd9e8471e
56bc9ef1-e398-4017-9891-993dd48c7779,e3f3fbac-20bc-45b2-b736-418a4aa2195a,5e3ae5c4-6ed4-462b-97de-96cd2fdc1bb5,->,56bc9ef1-e398-4017-9891-993dd48c7779,view/inspector/ShowPatientInspectionItem.java,add
56bc9ef1-e398-4017-9891-993dd48c7779,e3f3fbac-20bc-45b2-b736-418a4aa2195a,5e3ae5c4-6ed4-462b-97de-96cd2fdc1bb5,->,56bc9ef1-e398-4017-9891-993dd48c7779,view/inspector/ShowPatientInspectionItem.java,add
56bc9ef1-e398-4017-9891-993dd48c7779,e3f3fbac-20bc-45b2-b736-418a4aa2195a,5e3ae5c4-6ed4-462b-97de-96cd2fdc1bb5,->,56bc9ef1-e398-4017-9891-993dd48c7779,e3f3fbac-20bc-45b2-b736-418a4aa2195a,3f08458b-a116-4ae0-a83e-35f8eebd41a8
56bc9ef1-e398-4017-9891-993dd48c7779,e3f3fbac-20bc-45b2-b736-418a4aa2195a,5e3ae5c4-6ed4-462b-97de-96cd2fdc1bb5,->,56bc9ef1-e398-4017-9891-993dd48c7779,view/inspector/ShowPatientInspectionItem.java,add
56bc9ef1-e398-4017-9891-993dd48c7779,e3f3fbac-20bc-45b2-b736-418a4aa2195a,5e3ae5c4-6ed4-462b-97de-96cd2fdc1bb5,->,56bc9ef1-e398-4017-9891-993dd48c7779,e3f3fbac-20bc-45b2-b736-418a4aa2195a,bee4aa4e-b410-4784-b185-bf6dacd0de30
56bc9ef1-e398-4017-9891-993dd48c7779,e3f3fbac-20bc-45b2-b736-418a4aa2195a,5e3ae5c4-6ed4-462b-97de-96cd2fdc1bb5,->,56bc9ef1-e398-4017-9891-993dd48c7779,view/inspector/ShowPatientInspectionItem.java,add
56bc9ef1-e398-4017-9891-993dd48c7779,e3f3fbac-20bc-45b2-b736-418a4aa2195a,9693ee6a-58bf-4e51-843e-17b780f791b3,->,56bc9ef1-e398-4017-9891-993dd48c7779,javax/swing/JTextField.java,setColumns
56bc9ef1-e398-4017-9891-993dd48c7779,e3f3fbac-20bc-45b2-b736-418a4aa2195a,eb8bf76c-1849-47a8-8e53-ebfcd9e8471e,->,56bc9ef1-e398-4017-9891-993dd48c7779,javax/swing/JButton.java,setText
56bc9ef1-e398-4017-9891-993dd48c7779,e3f3fbac-20bc-45b2-b736-418a4aa2195a,eb8bf76c-1849-47a8-8e53-ebfcd9e8471e,->,56bc9ef1-e398-4017-9891-993dd48c7779,javax/swing/JButton.java,addActionListener
56bc9ef1-e398-4017-9891-993dd48c7779,e3f3fbac-20bc-45b2-b736-418a4aa2195a,3f08458b-a116-4ae0-a83e-35f8eebd41a8,->,56bc9ef1-e398-4017-9891-993dd48c7779,storage/inspectionreport/InspectionDivision.java,values
56bc9ef1-e398-4017-9891-993dd48c7779,e3f3fbac-20bc-45b2-b736-418a4aa2195a,3f08458b-a116-4ae0-a83e-35f8eebd41a8,->,56bc9ef1-e398-4017-9891-993dd48c7779,javax/swing/JComboBox.java,addItem
56bc9ef1-e398-4017-9891-993dd48c7779,e3f3fbac-20bc-45b2-b736-418a4aa2195a,bee4aa4e-b410-4784-b185-bf6dacd0de30,->,56bc9ef1-e398-4017-9891-993dd48c7779,javax/swing/JButton.java,setText
56bc9ef1-e398-4017-9891-993dd48c7779,e3f3fbac-20bc-45b2-b736-418a4aa2195a,bee4aa4e-b410-4784-b185-bf6dacd0de30,->,56bc9ef1-e398-4017-9891-993dd48c7779,javax/swing/JButton.java,addActionListener
56bc9ef1-e398-4017-9891-993dd48c7779,view/inspector/ShowPatientInspectionItem$2.java,actionPerformed,->,56bc9ef1-e398-4017-9891-993dd48c7779,097f82c6-ab9d-4d49-9ff0-e79a430fd0f8,49da4ba8-1e3a-4334-be74-3ad964f85291
56bc9ef1-e398-4017-9891-993dd48c7779,view/inspector/ShowPatientInspectionItem$2.java,actionPerformed,->,56bc9ef1-e398-4017-9891-993dd48c7779,view/inspector/ShowPatientInspectionItem.java,access$000
56bc9ef1-e398-4017-9891-993dd48c7779,view/inspector/ShowPatientInspectionItem$2.java,actionPerformed,->,56bc9ef1-e398-4017-9891-993dd48c7779,javax/swing/JTextField.java,getText
56bc9ef1-e398-4017-9891-993dd48c7779,view/inspector/ShowPatientInspectionItem$2.java,actionPerformed,->,56bc9ef1-e398-4017-9891-993dd48c7779,storage/patient/PatientStorage.java,get
56bc9ef1-e398-4017-9891-993dd48c7779,view/inspector/ShowPatientInspectionItem$2.java,actionPerformed,->,56bc9ef1-e398-4017-9891-993dd48c7779,javax/swing/JOptionPane.java,showMessageDialog
56bc9ef1-e398-4017-9891-993dd48c7779,view/inspector/ShowPatientInspectionItem$2.java,actionPerformed,->,56bc9ef1-e398-4017-9891-993dd48c7779,view/inspector/ShowPatientInspectionItem.java,access$100
56bc9ef1-e398-4017-9891-993dd48c7779,view/inspector/ShowPatientInspectionItem$2.java,actionPerformed,->,56bc9ef1-e398-4017-9891-993dd48c7779,javax/swing/JTextArea.java,setText
56bc9ef1-e398-4017-9891-993dd48c7779,view/inspector/ShowPatientInspectionItem$2.java,actionPerformed,->,56bc9ef1-e398-4017-9891-993dd48c7779,view/inspector/ShowPatientInspectionItem.java,access$100
56bc9ef1-e398-4017-9891-993dd48c7779,view/inspector/ShowPatientInspectionItem$2.java,actionPerformed,->,56bc9ef1-e398-4017-9891-993dd48c7779,javax/swing/JTextArea.java,setVisible
56bc9ef1-e398-4017-9891-993dd48c7779,view/inspector/ShowPatientInspectionItem$2.java,actionPerformed,->,56bc9ef1-e398-4017-9891-993dd48c7779,storage/inspectionreport/InspectionDivision.java,values
56bc9ef1-e398-4017-9891-993dd48c7779,view/inspector/ShowPatientInspectionItem$2.java,actionPerformed,->,56bc9ef1-e398-4017-9891-993dd48c7779,d53a3f11-0db1-4103-8e66-3f5b79298a07,02628f01-3426-4a9f-92d9-bd0a4b558e44
56bc9ef1-e398-4017-9891-993dd48c7779,view/inspector/ShowPatientInspectionItem$2.java,actionPerformed,->,56bc9ef1-e398-4017-9891-993dd48c7779,d53a3f11-0db1-4103-8e66-3f5b79298a07,e8241a4b-9c11-469a-bf56-10e717ff3666
56bc9ef1-e398-4017-9891-993dd48c7779,view/inspector/ShowPatientInspectionItem$2.java,actionPerformed,->,56bc9ef1-e398-4017-9891-993dd48c7779,storage/InspectionPlaceStorage.java,get
56bc9ef1-e398-4017-9891-993dd48c7779,view/inspector/ShowPatientInspectionItem$2.java,actionPerformed,->,56bc9ef1-e398-4017-9891-993dd48c7779,58e3ac89-da19-4876-863a-c8369111f2d2,747f664a-1d36-4105-a39c-5f141ae8fa1e
56bc9ef1-e398-4017-9891-993dd48c7779,view/inspector/ShowPatientInspectionItem$2.java,actionPerformed,->,56bc9ef1-e398-4017-9891-993dd48c7779,list/InspectionList.java,iterator
56bc9ef1-e398-4017-9891-993dd48c7779,view/inspector/ShowPatientInspectionItem$2.java,actionPerformed,->,56bc9ef1-e398-4017-9891-993dd48c7779,java/util/Iterator.java,hasNext
56bc9ef1-e398-4017-9891-993dd48c7779,view/inspector/ShowPatientInspectionItem$2.java,actionPerformed,->,56bc9ef1-e398-4017-9891-993dd48c7779,java/util/Iterator.java,next
56bc9ef1-e398-4017-9891-993dd48c7779,view/inspector/ShowPatientInspectionItem$2.java,actionPerformed,->,56bc9ef1-e398-4017-9891-993dd48c7779,0050e63f-1c0b-4fe9-a0db-566501a2ad0a,2d54699e-9892-4fdb-bdcd-6c0262d955b6
56bc9ef1-e398-4017-9891-993dd48c7779,view/inspector/ShowPatientInspectionItem$2.java,actionPerformed,->,56bc9ef1-e398-4017-9891-993dd48c7779,ab8911e5-49dd-4a06-8898-fdc189323d30,34cde23b-94f6-469b-96ac-18cc486e5056
56bc9ef1-e398-4017-9891-993dd48c7779,view/inspector/ShowPatientInspectionItem$2.java,actionPerformed,->,56bc9ef1-e398-4017-9891-993dd48c7779,view/inspector/ShowPatientInspectionItem.java,access$000
56bc9ef1-e398-4017-9891-993dd48c7779,view/inspector/ShowPatientInspectionItem$2.java,actionPerformed,->,56bc9ef1-e398-4017-9891-993dd48c7779,javax/swing/JTextField.java,getText
56bc9ef1-e398-4017-9891-993dd48c7779,view/inspector/ShowPatientInspectionItem$2.java,actionPerformed,->,56bc9ef1-e398-4017-9891-993dd48c7779,storage/patient/PatientStorage.java,get
56bc9ef1-e398-4017-9891-993dd48c7779,view/inspector/ShowPatientInspectionItem$2.java,actionPerformed,->,56bc9ef1-e398-4017-9891-993dd48c7779,ab8911e5-49dd-4a06-8898-fdc189323d30,34cde23b-94f6-469b-96ac-18cc486e5056
56bc9ef1-e398-4017-9891-993dd48c7779,view/inspector/ShowPatientInspectionItem$2.java,actionPerformed,->,56bc9ef1-e398-4017-9891-993dd48c7779,java/lang/String.java,equals
56bc9ef1-e398-4017-9891-993dd48c7779,view/inspector/ShowPatientInspectionItem$2.java,actionPerformed,->,56bc9ef1-e398-4017-9891-993dd48c7779,58e3ac89-da19-4876-863a-c8369111f2d2,747f664a-1d36-4105-a39c-5f141ae8fa1e
56bc9ef1-e398-4017-9891-993dd48c7779,view/inspector/ShowPatientInspectionItem$2.java,actionPerformed,->,56bc9ef1-e398-4017-9891-993dd48c7779,list/InspectionList.java,remove
56bc9ef1-e398-4017-9891-993dd48c7779,view/inspector/ShowPatientInspectionItem$2.java,actionPerformed,->,56bc9ef1-e398-4017-9891-993dd48c7779,view/inspector/ShowPatientInspectionItem.java,access$000
56bc9ef1-e398-4017-9891-993dd48c7779,view/inspector/ShowPatientInspectionItem$2.java,actionPerformed,->,56bc9ef1-e398-4017-9891-993dd48c7779,javax/swing/JTextField.java,getText
56bc9ef1-e398-4017-9891-993dd48c7779,view/inspector/ShowPatientInspectionItem$2.java,actionPerformed,->,56bc9ef1-e398-4017-9891-993dd48c7779,java/lang/StringBuilder.java,append
56bc9ef1-e398-4017-9891-993dd48c7779,view/inspector/ShowPatientInspectionItem$2.java,actionPerformed,->,56bc9ef1-e398-4017-9891-993dd48c7779,java/lang/StringBuilder.java,append
56bc9ef1-e398-4017-9891-993dd48c7779,view/inspector/ShowPatientInspectionItem$2.java,actionPerformed,->,56bc9ef1-e398-4017-9891-993dd48c7779,java/lang/StringBuilder.java,append
56bc9ef1-e398-4017-9891-993dd48c7779,view/inspector/ShowPatientInspectionItem$2.java,actionPerformed,->,56bc9ef1-e398-4017-9891-993dd48c7779,java/lang/StringBuilder.java,append
56bc9ef1-e398-4017-9891-993dd48c7779,view/inspector/ShowPatientInspectionItem$2.java,actionPerformed,->,56bc9ef1-e398-4017-9891-993dd48c7779,java/lang/StringBuilder.java,toString
56bc9ef1-e398-4017-9891-993dd48c7779,view/inspector/ShowPatientInspectionItem$2.java,actionPerformed,->,56bc9ef1-e398-4017-9891-993dd48c7779,javax/swing/JOptionPane.java,showMessageDialog
