caller_project_id,caller_class_id,caller_method_id,CALL_DIRECTION,callee_project_id,callee_class_id,callee_method_id
7154a312-fc8a-49de-99b1-d0d1a5820f74,ca325a18-c3a3-4d38-89b9-2b70e39f1cf4,3e788e48-89f1-4772-84c3-882f41ef0275,->,7154a312-fc8a-49de-99b1-d0d1a5820f74,java/util/Arrays.java,asList
7154a312-fc8a-49de-99b1-d0d1a5820f74,ca325a18-c3a3-4d38-89b9-2b70e39f1cf4,3e788e48-89f1-4772-84c3-882f41ef0275,->,7154a312-fc8a-49de-99b1-d0d1a5820f74,java/util/ArrayList.java,size
7154a312-fc8a-49de-99b1-d0d1a5820f74,ca325a18-c3a3-4d38-89b9-2b70e39f1cf4,3e788e48-89f1-4772-84c3-882f41ef0275,->,7154a312-fc8a-49de-99b1-d0d1a5820f74,java/util/ArrayList.java,get
7154a312-fc8a-49de-99b1-d0d1a5820f74,ca325a18-c3a3-4d38-89b9-2b70e39f1cf4,3e788e48-89f1-4772-84c3-882f41ef0275,->,7154a312-fc8a-49de-99b1-d0d1a5820f74,fe2a9b2e-b60e-4071-83ae-4deb0e93d885,43447d43-d491-47e3-8106-71966b8300a9
7154a312-fc8a-49de-99b1-d0d1a5820f74,ca325a18-c3a3-4d38-89b9-2b70e39f1cf4,3e788e48-89f1-4772-84c3-882f41ef0275,->,7154a312-fc8a-49de-99b1-d0d1a5820f74,java/io/PrintStream.java,println
7154a312-fc8a-49de-99b1-d0d1a5820f74,fe2a9b2e-b60e-4071-83ae-4deb0e93d885,a067f858-3a5c-4ac6-acdc-d4047638873c,->,7154a312-fc8a-49de-99b1-d0d1a5820f74,java/lang/String.java,equals
7154a312-fc8a-49de-99b1-d0d1a5820f74,fe2a9b2e-b60e-4071-83ae-4deb0e93d885,a067f858-3a5c-4ac6-acdc-d4047638873c,->,7154a312-fc8a-49de-99b1-d0d1a5820f74,java/lang/String.java,equals
7154a312-fc8a-49de-99b1-d0d1a5820f74,fe2a9b2e-b60e-4071-83ae-4deb0e93d885,a067f858-3a5c-4ac6-acdc-d4047638873c,->,7154a312-fc8a-49de-99b1-d0d1a5820f74,java/io/PrintStream.java,println
7154a312-fc8a-49de-99b1-d0d1a5820f74,fe2a9b2e-b60e-4071-83ae-4deb0e93d885,a067f858-3a5c-4ac6-acdc-d4047638873c,->,7154a312-fc8a-49de-99b1-d0d1a5820f74,java/io/PrintStream.java,println
7154a312-fc8a-49de-99b1-d0d1a5820f74,fe2a9b2e-b60e-4071-83ae-4deb0e93d885,43447d43-d491-47e3-8106-71966b8300a9,->,7154a312-fc8a-49de-99b1-d0d1a5820f74,java/lang/StringBuilder.java,append
7154a312-fc8a-49de-99b1-d0d1a5820f74,fe2a9b2e-b60e-4071-83ae-4deb0e93d885,43447d43-d491-47e3-8106-71966b8300a9,->,7154a312-fc8a-49de-99b1-d0d1a5820f74,java/lang/StringBuilder.java,append
7154a312-fc8a-49de-99b1-d0d1a5820f74,fe2a9b2e-b60e-4071-83ae-4deb0e93d885,43447d43-d491-47e3-8106-71966b8300a9,->,7154a312-fc8a-49de-99b1-d0d1a5820f74,java/lang/StringBuilder.java,append
7154a312-fc8a-49de-99b1-d0d1a5820f74,fe2a9b2e-b60e-4071-83ae-4deb0e93d885,43447d43-d491-47e3-8106-71966b8300a9,->,7154a312-fc8a-49de-99b1-d0d1a5820f74,java/lang/StringBuilder.java,append
7154a312-fc8a-49de-99b1-d0d1a5820f74,fe2a9b2e-b60e-4071-83ae-4deb0e93d885,43447d43-d491-47e3-8106-71966b8300a9,->,7154a312-fc8a-49de-99b1-d0d1a5820f74,java/lang/StringBuilder.java,append
7154a312-fc8a-49de-99b1-d0d1a5820f74,fe2a9b2e-b60e-4071-83ae-4deb0e93d885,43447d43-d491-47e3-8106-71966b8300a9,->,7154a312-fc8a-49de-99b1-d0d1a5820f74,java/lang/StringBuilder.java,toString
7154a312-fc8a-49de-99b1-d0d1a5820f74,4148f84f-aeea-4b12-aa01-d59bd84e85bf,84dd3fa4-54ba-4c77-a4cc-72c0b8061fe6,->,7154a312-fc8a-49de-99b1-d0d1a5820f74,fe2a9b2e-b60e-4071-83ae-4deb0e93d885,a067f858-3a5c-4ac6-acdc-d4047638873c
7154a312-fc8a-49de-99b1-d0d1a5820f74,4148f84f-aeea-4b12-aa01-d59bd84e85bf,84dd3fa4-54ba-4c77-a4cc-72c0b8061fe6,->,7154a312-fc8a-49de-99b1-d0d1a5820f74,fe2a9b2e-b60e-4071-83ae-4deb0e93d885,43447d43-d491-47e3-8106-71966b8300a9
7154a312-fc8a-49de-99b1-d0d1a5820f74,4148f84f-aeea-4b12-aa01-d59bd84e85bf,84dd3fa4-54ba-4c77-a4cc-72c0b8061fe6,->,7154a312-fc8a-49de-99b1-d0d1a5820f74,java/io/PrintStream.java,println
7154a312-fc8a-49de-99b1-d0d1a5820f74,4148f84f-aeea-4b12-aa01-d59bd84e85bf,84dd3fa4-54ba-4c77-a4cc-72c0b8061fe6,->,7154a312-fc8a-49de-99b1-d0d1a5820f74,fe2a9b2e-b60e-4071-83ae-4deb0e93d885,43447d43-d491-47e3-8106-71966b8300a9
7154a312-fc8a-49de-99b1-d0d1a5820f74,4148f84f-aeea-4b12-aa01-d59bd84e85bf,84dd3fa4-54ba-4c77-a4cc-72c0b8061fe6,->,7154a312-fc8a-49de-99b1-d0d1a5820f74,java/io/PrintStream.java,println
7154a312-fc8a-49de-99b1-d0d1a5820f74,5dc8528d-a207-4e2f-a7be-e722489db3ad,6b66b9f7-63b0-4392-a182-5d34500f4e4c,->,7154a312-fc8a-49de-99b1-d0d1a5820f74,java/util/List.java,size
7154a312-fc8a-49de-99b1-d0d1a5820f74,5dc8528d-a207-4e2f-a7be-e722489db3ad,6b66b9f7-63b0-4392-a182-5d34500f4e4c,->,7154a312-fc8a-49de-99b1-d0d1a5820f74,java/util/Collections.java,shuffle
7154a312-fc8a-49de-99b1-d0d1a5820f74,5dc8528d-a207-4e2f-a7be-e722489db3ad,2a6f54a7-09c3-41e9-b737-b543badb9c6d,->,7154a312-fc8a-49de-99b1-d0d1a5820f74,java/util/List.java,get
7154a312-fc8a-49de-99b1-d0d1a5820f74,5dc8528d-a207-4e2f-a7be-e722489db3ad,2a6f54a7-09c3-41e9-b737-b543badb9c6d,->,7154a312-fc8a-49de-99b1-d0d1a5820f74,java/io/PrintStream.java,println
7154a312-fc8a-49de-99b1-d0d1a5820f74,5dc8528d-a207-4e2f-a7be-e722489db3ad,b18f656b-5310-444c-a231-1cacc2752178,->,7154a312-fc8a-49de-99b1-d0d1a5820f74,java/lang/StringBuilder.java,append
7154a312-fc8a-49de-99b1-d0d1a5820f74,5dc8528d-a207-4e2f-a7be-e722489db3ad,b18f656b-5310-444c-a231-1cacc2752178,->,7154a312-fc8a-49de-99b1-d0d1a5820f74,java/lang/StringBuilder.java,append
7154a312-fc8a-49de-99b1-d0d1a5820f74,5dc8528d-a207-4e2f-a7be-e722489db3ad,b18f656b-5310-444c-a231-1cacc2752178,->,7154a312-fc8a-49de-99b1-d0d1a5820f74,java/lang/StringBuilder.java,append
7154a312-fc8a-49de-99b1-d0d1a5820f74,5dc8528d-a207-4e2f-a7be-e722489db3ad,b18f656b-5310-444c-a231-1cacc2752178,->,7154a312-fc8a-49de-99b1-d0d1a5820f74,java/lang/StringBuilder.java,toString
7154a312-fc8a-49de-99b1-d0d1a5820f74,5dc8528d-a207-4e2f-a7be-e722489db3ad,b18f656b-5310-444c-a231-1cacc2752178,->,7154a312-fc8a-49de-99b1-d0d1a5820f74,java/lang/StringBuilder.java,append
7154a312-fc8a-49de-99b1-d0d1a5820f74,5dc8528d-a207-4e2f-a7be-e722489db3ad,b18f656b-5310-444c-a231-1cacc2752178,->,7154a312-fc8a-49de-99b1-d0d1a5820f74,java/util/List.java,get
7154a312-fc8a-49de-99b1-d0d1a5820f74,5dc8528d-a207-4e2f-a7be-e722489db3ad,b18f656b-5310-444c-a231-1cacc2752178,->,7154a312-fc8a-49de-99b1-d0d1a5820f74,java/lang/StringBuilder.java,append
7154a312-fc8a-49de-99b1-d0d1a5820f74,5dc8528d-a207-4e2f-a7be-e722489db3ad,b18f656b-5310-444c-a231-1cacc2752178,->,7154a312-fc8a-49de-99b1-d0d1a5820f74,java/lang/StringBuilder.java,toString
7154a312-fc8a-49de-99b1-d0d1a5820f74,5dc8528d-a207-4e2f-a7be-e722489db3ad,b18f656b-5310-444c-a231-1cacc2752178,->,7154a312-fc8a-49de-99b1-d0d1a5820f74,java/lang/StringBuilder.java,append
7154a312-fc8a-49de-99b1-d0d1a5820f74,5dc8528d-a207-4e2f-a7be-e722489db3ad,b18f656b-5310-444c-a231-1cacc2752178,->,7154a312-fc8a-49de-99b1-d0d1a5820f74,java/lang/StringBuilder.java,append
7154a312-fc8a-49de-99b1-d0d1a5820f74,5dc8528d-a207-4e2f-a7be-e722489db3ad,b18f656b-5310-444c-a231-1cacc2752178,->,7154a312-fc8a-49de-99b1-d0d1a5820f74,java/lang/StringBuilder.java,toString
7154a312-fc8a-49de-99b1-d0d1a5820f74,5dc8528d-a207-4e2f-a7be-e722489db3ad,b18f656b-5310-444c-a231-1cacc2752178,->,7154a312-fc8a-49de-99b1-d0d1a5820f74,java/lang/StringBuilder.java,append
7154a312-fc8a-49de-99b1-d0d1a5820f74,5dc8528d-a207-4e2f-a7be-e722489db3ad,b18f656b-5310-444c-a231-1cacc2752178,->,7154a312-fc8a-49de-99b1-d0d1a5820f74,java/lang/StringBuilder.java,append
7154a312-fc8a-49de-99b1-d0d1a5820f74,5dc8528d-a207-4e2f-a7be-e722489db3ad,b18f656b-5310-444c-a231-1cacc2752178,->,7154a312-fc8a-49de-99b1-d0d1a5820f74,java/lang/StringBuilder.java,toString
7154a312-fc8a-49de-99b1-d0d1a5820f74,5dc8528d-a207-4e2f-a7be-e722489db3ad,b18f656b-5310-444c-a231-1cacc2752178,->,7154a312-fc8a-49de-99b1-d0d1a5820f74,java/lang/StringBuilder.java,append
7154a312-fc8a-49de-99b1-d0d1a5820f74,5dc8528d-a207-4e2f-a7be-e722489db3ad,b18f656b-5310-444c-a231-1cacc2752178,->,7154a312-fc8a-49de-99b1-d0d1a5820f74,java/lang/StringBuilder.java,append
7154a312-fc8a-49de-99b1-d0d1a5820f74,5dc8528d-a207-4e2f-a7be-e722489db3ad,b18f656b-5310-444c-a231-1cacc2752178,->,7154a312-fc8a-49de-99b1-d0d1a5820f74,java/lang/StringBuilder.java,toString
7154a312-fc8a-49de-99b1-d0d1a5820f74,5dc8528d-a207-4e2f-a7be-e722489db3ad,b18f656b-5310-444c-a231-1cacc2752178,->,7154a312-fc8a-49de-99b1-d0d1a5820f74,java/util/List.java,size
7154a312-fc8a-49de-99b1-d0d1a5820f74,5dc8528d-a207-4e2f-a7be-e722489db3ad,b18f656b-5310-444c-a231-1cacc2752178,->,7154a312-fc8a-49de-99b1-d0d1a5820f74,java/lang/StringBuilder.java,append
7154a312-fc8a-49de-99b1-d0d1a5820f74,5dc8528d-a207-4e2f-a7be-e722489db3ad,b18f656b-5310-444c-a231-1cacc2752178,->,7154a312-fc8a-49de-99b1-d0d1a5820f74,java/util/List.java,get
7154a312-fc8a-49de-99b1-d0d1a5820f74,5dc8528d-a207-4e2f-a7be-e722489db3ad,b18f656b-5310-444c-a231-1cacc2752178,->,7154a312-fc8a-49de-99b1-d0d1a5820f74,java/lang/StringBuilder.java,append
7154a312-fc8a-49de-99b1-d0d1a5820f74,5dc8528d-a207-4e2f-a7be-e722489db3ad,b18f656b-5310-444c-a231-1cacc2752178,->,7154a312-fc8a-49de-99b1-d0d1a5820f74,java/lang/StringBuilder.java,toString
7154a312-fc8a-49de-99b1-d0d1a5820f74,5dc8528d-a207-4e2f-a7be-e722489db3ad,b18f656b-5310-444c-a231-1cacc2752178,->,7154a312-fc8a-49de-99b1-d0d1a5820f74,java/lang/StringBuilder.java,append
7154a312-fc8a-49de-99b1-d0d1a5820f74,5dc8528d-a207-4e2f-a7be-e722489db3ad,b18f656b-5310-444c-a231-1cacc2752178,->,7154a312-fc8a-49de-99b1-d0d1a5820f74,java/lang/StringBuilder.java,append
7154a312-fc8a-49de-99b1-d0d1a5820f74,5dc8528d-a207-4e2f-a7be-e722489db3ad,b18f656b-5310-444c-a231-1cacc2752178,->,7154a312-fc8a-49de-99b1-d0d1a5820f74,java/lang/StringBuilder.java,toString
7154a312-fc8a-49de-99b1-d0d1a5820f74,5dc8528d-a207-4e2f-a7be-e722489db3ad,b18f656b-5310-444c-a231-1cacc2752178,->,7154a312-fc8a-49de-99b1-d0d1a5820f74,java/util/List.java,size
7154a312-fc8a-49de-99b1-d0d1a5820f74,5dc8528d-a207-4e2f-a7be-e722489db3ad,b18f656b-5310-444c-a231-1cacc2752178,->,7154a312-fc8a-49de-99b1-d0d1a5820f74,java/lang/StringBuilder.java,append
7154a312-fc8a-49de-99b1-d0d1a5820f74,5dc8528d-a207-4e2f-a7be-e722489db3ad,b18f656b-5310-444c-a231-1cacc2752178,->,7154a312-fc8a-49de-99b1-d0d1a5820f74,java/lang/StringBuilder.java,append
7154a312-fc8a-49de-99b1-d0d1a5820f74,5dc8528d-a207-4e2f-a7be-e722489db3ad,b18f656b-5310-444c-a231-1cacc2752178,->,7154a312-fc8a-49de-99b1-d0d1a5820f74,java/lang/StringBuilder.java,toString
7154a312-fc8a-49de-99b1-d0d1a5820f74,5dc8528d-a207-4e2f-a7be-e722489db3ad,b18f656b-5310-444c-a231-1cacc2752178,->,7154a312-fc8a-49de-99b1-d0d1a5820f74,java/lang/StringBuilder.java,append
7154a312-fc8a-49de-99b1-d0d1a5820f74,5dc8528d-a207-4e2f-a7be-e722489db3ad,b18f656b-5310-444c-a231-1cacc2752178,->,7154a312-fc8a-49de-99b1-d0d1a5820f74,java/lang/StringBuilder.java,append
7154a312-fc8a-49de-99b1-d0d1a5820f74,5dc8528d-a207-4e2f-a7be-e722489db3ad,b18f656b-5310-444c-a231-1cacc2752178,->,7154a312-fc8a-49de-99b1-d0d1a5820f74,java/lang/StringBuilder.java,toString
7154a312-fc8a-49de-99b1-d0d1a5820f74,21742bb3-904b-47d9-a504-dd7b1d209846,46dfee21-fc9f-4aa5-b657-d3784131b34e,->,7154a312-fc8a-49de-99b1-d0d1a5820f74,java/lang/Integer.java,valueOf
7154a312-fc8a-49de-99b1-d0d1a5820f74,21742bb3-904b-47d9-a504-dd7b1d209846,46dfee21-fc9f-4aa5-b657-d3784131b34e,->,7154a312-fc8a-49de-99b1-d0d1a5820f74,java/lang/Integer.java,valueOf
7154a312-fc8a-49de-99b1-d0d1a5820f74,21742bb3-904b-47d9-a504-dd7b1d209846,46dfee21-fc9f-4aa5-b657-d3784131b34e,->,7154a312-fc8a-49de-99b1-d0d1a5820f74,java/lang/Integer.java,valueOf
7154a312-fc8a-49de-99b1-d0d1a5820f74,21742bb3-904b-47d9-a504-dd7b1d209846,46dfee21-fc9f-4aa5-b657-d3784131b34e,->,7154a312-fc8a-49de-99b1-d0d1a5820f74,java/lang/Integer.java,valueOf
7154a312-fc8a-49de-99b1-d0d1a5820f74,21742bb3-904b-47d9-a504-dd7b1d209846,46dfee21-fc9f-4aa5-b657-d3784131b34e,->,7154a312-fc8a-49de-99b1-d0d1a5820f74,java/lang/Integer.java,valueOf
7154a312-fc8a-49de-99b1-d0d1a5820f74,21742bb3-904b-47d9-a504-dd7b1d209846,46dfee21-fc9f-4aa5-b657-d3784131b34e,->,7154a312-fc8a-49de-99b1-d0d1a5820f74,java/lang/Integer.java,valueOf
7154a312-fc8a-49de-99b1-d0d1a5820f74,21742bb3-904b-47d9-a504-dd7b1d209846,46dfee21-fc9f-4aa5-b657-d3784131b34e,->,7154a312-fc8a-49de-99b1-d0d1a5820f74,java/lang/Integer.java,valueOf
7154a312-fc8a-49de-99b1-d0d1a5820f74,21742bb3-904b-47d9-a504-dd7b1d209846,46dfee21-fc9f-4aa5-b657-d3784131b34e,->,7154a312-fc8a-49de-99b1-d0d1a5820f74,java/lang/Integer.java,valueOf
7154a312-fc8a-49de-99b1-d0d1a5820f74,21742bb3-904b-47d9-a504-dd7b1d209846,46dfee21-fc9f-4aa5-b657-d3784131b34e,->,7154a312-fc8a-49de-99b1-d0d1a5820f74,java/lang/Integer.java,valueOf
7154a312-fc8a-49de-99b1-d0d1a5820f74,21742bb3-904b-47d9-a504-dd7b1d209846,46dfee21-fc9f-4aa5-b657-d3784131b34e,->,7154a312-fc8a-49de-99b1-d0d1a5820f74,java/lang/Integer.java,valueOf
7154a312-fc8a-49de-99b1-d0d1a5820f74,21742bb3-904b-47d9-a504-dd7b1d209846,46dfee21-fc9f-4aa5-b657-d3784131b34e,->,7154a312-fc8a-49de-99b1-d0d1a5820f74,java/lang/Integer.java,valueOf
7154a312-fc8a-49de-99b1-d0d1a5820f74,21742bb3-904b-47d9-a504-dd7b1d209846,46dfee21-fc9f-4aa5-b657-d3784131b34e,->,7154a312-fc8a-49de-99b1-d0d1a5820f74,java/lang/Integer.java,valueOf
7154a312-fc8a-49de-99b1-d0d1a5820f74,21742bb3-904b-47d9-a504-dd7b1d209846,46dfee21-fc9f-4aa5-b657-d3784131b34e,->,7154a312-fc8a-49de-99b1-d0d1a5820f74,java/lang/Integer.java,valueOf
7154a312-fc8a-49de-99b1-d0d1a5820f74,21742bb3-904b-47d9-a504-dd7b1d209846,46dfee21-fc9f-4aa5-b657-d3784131b34e,->,7154a312-fc8a-49de-99b1-d0d1a5820f74,5dc8528d-a207-4e2f-a7be-e722489db3ad,b18f656b-5310-444c-a231-1cacc2752178
7154a312-fc8a-49de-99b1-d0d1a5820f74,21742bb3-904b-47d9-a504-dd7b1d209846,46dfee21-fc9f-4aa5-b657-d3784131b34e,->,7154a312-fc8a-49de-99b1-d0d1a5820f74,java/io/PrintStream.java,println
7154a312-fc8a-49de-99b1-d0d1a5820f74,fc6019c7-c779-4e83-8831-5afa9580d17d,a32758b8-53bc-4826-810e-5e69a3edf98c,->,7154a312-fc8a-49de-99b1-d0d1a5820f74,java/lang/Integer.java,valueOf
7154a312-fc8a-49de-99b1-d0d1a5820f74,fc6019c7-c779-4e83-8831-5afa9580d17d,a32758b8-53bc-4826-810e-5e69a3edf98c,->,7154a312-fc8a-49de-99b1-d0d1a5820f74,java/lang/Integer.java,valueOf
7154a312-fc8a-49de-99b1-d0d1a5820f74,fc6019c7-c779-4e83-8831-5afa9580d17d,a32758b8-53bc-4826-810e-5e69a3edf98c,->,7154a312-fc8a-49de-99b1-d0d1a5820f74,5dc8528d-a207-4e2f-a7be-e722489db3ad,6b66b9f7-63b0-4392-a182-5d34500f4e4c
7154a312-fc8a-49de-99b1-d0d1a5820f74,fc6019c7-c779-4e83-8831-5afa9580d17d,a32758b8-53bc-4826-810e-5e69a3edf98c,->,7154a312-fc8a-49de-99b1-d0d1a5820f74,5dc8528d-a207-4e2f-a7be-e722489db3ad,2a6f54a7-09c3-41e9-b737-b543badb9c6d
7154a312-fc8a-49de-99b1-d0d1a5820f74,fc6019c7-c779-4e83-8831-5afa9580d17d,a32758b8-53bc-4826-810e-5e69a3edf98c,->,7154a312-fc8a-49de-99b1-d0d1a5820f74,java/io/PrintStream.java,println
7154a312-fc8a-49de-99b1-d0d1a5820f74,fc6019c7-c779-4e83-8831-5afa9580d17d,a32758b8-53bc-4826-810e-5e69a3edf98c,->,7154a312-fc8a-49de-99b1-d0d1a5820f74,5dc8528d-a207-4e2f-a7be-e722489db3ad,403128d0-92dd-4850-a9e9-416c821ce2da
7154a312-fc8a-49de-99b1-d0d1a5820f74,fc6019c7-c779-4e83-8831-5afa9580d17d,a32758b8-53bc-4826-810e-5e69a3edf98c,->,7154a312-fc8a-49de-99b1-d0d1a5820f74,java/io/PrintStream.java,println
7154a312-fc8a-49de-99b1-d0d1a5820f74,fc6019c7-c779-4e83-8831-5afa9580d17d,a32758b8-53bc-4826-810e-5e69a3edf98c,->,7154a312-fc8a-49de-99b1-d0d1a5820f74,5dc8528d-a207-4e2f-a7be-e722489db3ad,b18f656b-5310-444c-a231-1cacc2752178
7154a312-fc8a-49de-99b1-d0d1a5820f74,fc6019c7-c779-4e83-8831-5afa9580d17d,a32758b8-53bc-4826-810e-5e69a3edf98c,->,7154a312-fc8a-49de-99b1-d0d1a5820f74,java/io/PrintStream.java,println
7154a312-fc8a-49de-99b1-d0d1a5820f74,8d2ffac1-cb9a-4972-8385-7cf62e506b26,32578c2c-539f-458b-b10b-7e449c5d5eb6,->,7154a312-fc8a-49de-99b1-d0d1a5820f74,8d2ffac1-cb9a-4972-8385-7cf62e506b26,bf921ee6-484c-4d25-adde-834867b45ea1
7154a312-fc8a-49de-99b1-d0d1a5820f74,8d2ffac1-cb9a-4972-8385-7cf62e506b26,32578c2c-539f-458b-b10b-7e449c5d5eb6,->,7154a312-fc8a-49de-99b1-d0d1a5820f74,java/io/PrintStream.java,println
