caller_project_id,caller_class_id,caller_method_id,CALL_DIRECTION,callee_project_id,callee_class_id,callee_method_id
84fa2156-29fc-4c47-9cc3-6c143ce0ea53,1a9544f7-f4bc-4f7a-a782-d0cbc7ff27ad,156dbcb5-10ec-4c8f-8346-cc63d25f2c21,->,84fa2156-29fc-4c47-9cc3-6c143ce0ea53,ea/jeff/util/Jrng.java,nextFloat
84fa2156-29fc-4c47-9cc3-6c143ce0ea53,1a9544f7-f4bc-4f7a-a782-d0cbc7ff27ad,156dbcb5-10ec-4c8f-8346-cc63d25f2c21,->,84fa2156-29fc-4c47-9cc3-6c143ce0ea53,ea/jeff/util/Jrng.java,nextFloat
84fa2156-29fc-4c47-9cc3-6c143ce0ea53,1a9544f7-f4bc-4f7a-a782-d0cbc7ff27ad,156dbcb5-10ec-4c8f-8346-cc63d25f2c21,->,84fa2156-29fc-4c47-9cc3-6c143ce0ea53,ea/jeff/util/Jrng.java,nextFloat
84fa2156-29fc-4c47-9cc3-6c143ce0ea53,1a9544f7-f4bc-4f7a-a782-d0cbc7ff27ad,156dbcb5-10ec-4c8f-8346-cc63d25f2c21,->,84fa2156-29fc-4c47-9cc3-6c143ce0ea53,ea/jeff/util/Jrng.java,nextFloat
84fa2156-29fc-4c47-9cc3-6c143ce0ea53,1a9544f7-f4bc-4f7a-a782-d0cbc7ff27ad,156dbcb5-10ec-4c8f-8346-cc63d25f2c21,->,84fa2156-29fc-4c47-9cc3-6c143ce0ea53,0b034548-6caf-46ba-ade6-7ba53adb4b36,1f763807-2301-46a1-84e0-29d94f584dcb
84fa2156-29fc-4c47-9cc3-6c143ce0ea53,1a9544f7-f4bc-4f7a-a782-d0cbc7ff27ad,156dbcb5-10ec-4c8f-8346-cc63d25f2c21,->,84fa2156-29fc-4c47-9cc3-6c143ce0ea53,0b034548-6caf-46ba-ade6-7ba53adb4b36,77b87344-5d67-467d-8f60-7ffaee93f993
84fa2156-29fc-4c47-9cc3-6c143ce0ea53,1a9544f7-f4bc-4f7a-a782-d0cbc7ff27ad,156dbcb5-10ec-4c8f-8346-cc63d25f2c21,->,84fa2156-29fc-4c47-9cc3-6c143ce0ea53,0b034548-6caf-46ba-ade6-7ba53adb4b36,c4293491-ea27-49b3-af38-fbcfca86d9f8
84fa2156-29fc-4c47-9cc3-6c143ce0ea53,1a9544f7-f4bc-4f7a-a782-d0cbc7ff27ad,156dbcb5-10ec-4c8f-8346-cc63d25f2c21,->,84fa2156-29fc-4c47-9cc3-6c143ce0ea53,0b034548-6caf-46ba-ade6-7ba53adb4b36,f6363a64-86b3-4bd8-983f-960e98995fd5
84fa2156-29fc-4c47-9cc3-6c143ce0ea53,1a9544f7-f4bc-4f7a-a782-d0cbc7ff27ad,156dbcb5-10ec-4c8f-8346-cc63d25f2c21,->,84fa2156-29fc-4c47-9cc3-6c143ce0ea53,java/lang/StringBuilder.java,append
84fa2156-29fc-4c47-9cc3-6c143ce0ea53,1a9544f7-f4bc-4f7a-a782-d0cbc7ff27ad,156dbcb5-10ec-4c8f-8346-cc63d25f2c21,->,84fa2156-29fc-4c47-9cc3-6c143ce0ea53,java/lang/System.java,currentTimeMillis
84fa2156-29fc-4c47-9cc3-6c143ce0ea53,1a9544f7-f4bc-4f7a-a782-d0cbc7ff27ad,156dbcb5-10ec-4c8f-8346-cc63d25f2c21,->,84fa2156-29fc-4c47-9cc3-6c143ce0ea53,java/lang/StringBuilder.java,append
84fa2156-29fc-4c47-9cc3-6c143ce0ea53,1a9544f7-f4bc-4f7a-a782-d0cbc7ff27ad,156dbcb5-10ec-4c8f-8346-cc63d25f2c21,->,84fa2156-29fc-4c47-9cc3-6c143ce0ea53,java/lang/StringBuilder.java,append
84fa2156-29fc-4c47-9cc3-6c143ce0ea53,1a9544f7-f4bc-4f7a-a782-d0cbc7ff27ad,156dbcb5-10ec-4c8f-8346-cc63d25f2c21,->,84fa2156-29fc-4c47-9cc3-6c143ce0ea53,java/lang/StringBuilder.java,append
84fa2156-29fc-4c47-9cc3-6c143ce0ea53,1a9544f7-f4bc-4f7a-a782-d0cbc7ff27ad,156dbcb5-10ec-4c8f-8346-cc63d25f2c21,->,84fa2156-29fc-4c47-9cc3-6c143ce0ea53,java/lang/StringBuilder.java,append
84fa2156-29fc-4c47-9cc3-6c143ce0ea53,1a9544f7-f4bc-4f7a-a782-d0cbc7ff27ad,156dbcb5-10ec-4c8f-8346-cc63d25f2c21,->,84fa2156-29fc-4c47-9cc3-6c143ce0ea53,java/lang/String.java,toLowerCase
84fa2156-29fc-4c47-9cc3-6c143ce0ea53,1a9544f7-f4bc-4f7a-a782-d0cbc7ff27ad,156dbcb5-10ec-4c8f-8346-cc63d25f2c21,->,84fa2156-29fc-4c47-9cc3-6c143ce0ea53,java/lang/StringBuilder.java,append
84fa2156-29fc-4c47-9cc3-6c143ce0ea53,1a9544f7-f4bc-4f7a-a782-d0cbc7ff27ad,156dbcb5-10ec-4c8f-8346-cc63d25f2c21,->,84fa2156-29fc-4c47-9cc3-6c143ce0ea53,java/lang/StringBuilder.java,toString
84fa2156-29fc-4c47-9cc3-6c143ce0ea53,1a9544f7-f4bc-4f7a-a782-d0cbc7ff27ad,156dbcb5-10ec-4c8f-8346-cc63d25f2c21,->,84fa2156-29fc-4c47-9cc3-6c143ce0ea53,java/io/File.java,createNewFile
84fa2156-29fc-4c47-9cc3-6c143ce0ea53,1a9544f7-f4bc-4f7a-a782-d0cbc7ff27ad,156dbcb5-10ec-4c8f-8346-cc63d25f2c21,->,84fa2156-29fc-4c47-9cc3-6c143ce0ea53,javax/imageio/ImageIO.java,write
84fa2156-29fc-4c47-9cc3-6c143ce0ea53,1a9544f7-f4bc-4f7a-a782-d0cbc7ff27ad,156dbcb5-10ec-4c8f-8346-cc63d25f2c21,->,84fa2156-29fc-4c47-9cc3-6c143ce0ea53,java/io/PrintStream.java,println
84fa2156-29fc-4c47-9cc3-6c143ce0ea53,1a9544f7-f4bc-4f7a-a782-d0cbc7ff27ad,156dbcb5-10ec-4c8f-8346-cc63d25f2c21,->,84fa2156-29fc-4c47-9cc3-6c143ce0ea53,java/io/PrintStream.java,println
84fa2156-29fc-4c47-9cc3-6c143ce0ea53,1a9544f7-f4bc-4f7a-a782-d0cbc7ff27ad,156dbcb5-10ec-4c8f-8346-cc63d25f2c21,->,84fa2156-29fc-4c47-9cc3-6c143ce0ea53,java/io/File.java,delete
84fa2156-29fc-4c47-9cc3-6c143ce0ea53,1a9544f7-f4bc-4f7a-a782-d0cbc7ff27ad,156dbcb5-10ec-4c8f-8346-cc63d25f2c21,->,84fa2156-29fc-4c47-9cc3-6c143ce0ea53,javax/imageio/ImageIO.java,getWriterFormatNames
84fa2156-29fc-4c47-9cc3-6c143ce0ea53,1a9544f7-f4bc-4f7a-a782-d0cbc7ff27ad,156dbcb5-10ec-4c8f-8346-cc63d25f2c21,->,84fa2156-29fc-4c47-9cc3-6c143ce0ea53,java/io/PrintStream.java,println
84fa2156-29fc-4c47-9cc3-6c143ce0ea53,1a9544f7-f4bc-4f7a-a782-d0cbc7ff27ad,156dbcb5-10ec-4c8f-8346-cc63d25f2c21,->,84fa2156-29fc-4c47-9cc3-6c143ce0ea53,java/io/PrintStream.java,println
84fa2156-29fc-4c47-9cc3-6c143ce0ea53,1a9544f7-f4bc-4f7a-a782-d0cbc7ff27ad,156dbcb5-10ec-4c8f-8346-cc63d25f2c21,->,84fa2156-29fc-4c47-9cc3-6c143ce0ea53,java/io/IOException.java,printStackTrace
84fa2156-29fc-4c47-9cc3-6c143ce0ea53,8f582a9b-0ef1-4ddb-b783-dc6bddd96912,ff046b75-8fad-42e9-bac6-e9eeab0c31b5,->,84fa2156-29fc-4c47-9cc3-6c143ce0ea53,java/util/LinkedList.java,pop
84fa2156-29fc-4c47-9cc3-6c143ce0ea53,8f582a9b-0ef1-4ddb-b783-dc6bddd96912,ff046b75-8fad-42e9-bac6-e9eeab0c31b5,->,84fa2156-29fc-4c47-9cc3-6c143ce0ea53,java/lang/Integer.java,intValue
84fa2156-29fc-4c47-9cc3-6c143ce0ea53,8f582a9b-0ef1-4ddb-b783-dc6bddd96912,ff046b75-8fad-42e9-bac6-e9eeab0c31b5,->,84fa2156-29fc-4c47-9cc3-6c143ce0ea53,java/util/LinkedList.java,peekLast
84fa2156-29fc-4c47-9cc3-6c143ce0ea53,8f582a9b-0ef1-4ddb-b783-dc6bddd96912,ff046b75-8fad-42e9-bac6-e9eeab0c31b5,->,84fa2156-29fc-4c47-9cc3-6c143ce0ea53,java/lang/Integer.java,intValue
84fa2156-29fc-4c47-9cc3-6c143ce0ea53,8f582a9b-0ef1-4ddb-b783-dc6bddd96912,ff046b75-8fad-42e9-bac6-e9eeab0c31b5,->,84fa2156-29fc-4c47-9cc3-6c143ce0ea53,java/util/LinkedList.java,peekLast
84fa2156-29fc-4c47-9cc3-6c143ce0ea53,8f582a9b-0ef1-4ddb-b783-dc6bddd96912,ff046b75-8fad-42e9-bac6-e9eeab0c31b5,->,84fa2156-29fc-4c47-9cc3-6c143ce0ea53,java/lang/Integer.java,intValue
84fa2156-29fc-4c47-9cc3-6c143ce0ea53,8f582a9b-0ef1-4ddb-b783-dc6bddd96912,ff046b75-8fad-42e9-bac6-e9eeab0c31b5,->,84fa2156-29fc-4c47-9cc3-6c143ce0ea53,java/lang/Integer.java,valueOf
84fa2156-29fc-4c47-9cc3-6c143ce0ea53,8f582a9b-0ef1-4ddb-b783-dc6bddd96912,ff046b75-8fad-42e9-bac6-e9eeab0c31b5,->,84fa2156-29fc-4c47-9cc3-6c143ce0ea53,java/util/LinkedList.java,addLast
84fa2156-29fc-4c47-9cc3-6c143ce0ea53,8f582a9b-0ef1-4ddb-b783-dc6bddd96912,ff046b75-8fad-42e9-bac6-e9eeab0c31b5,->,84fa2156-29fc-4c47-9cc3-6c143ce0ea53,java/util/LinkedList.java,peekLast
84fa2156-29fc-4c47-9cc3-6c143ce0ea53,8f582a9b-0ef1-4ddb-b783-dc6bddd96912,ff046b75-8fad-42e9-bac6-e9eeab0c31b5,->,84fa2156-29fc-4c47-9cc3-6c143ce0ea53,java/lang/Integer.java,intValue
84fa2156-29fc-4c47-9cc3-6c143ce0ea53,5a97d00d-cb4d-42f9-af22-08aed776cc2e,adf558b4-7e00-4be6-8f7d-09607d0a0e2e,->,84fa2156-29fc-4c47-9cc3-6c143ce0ea53,5a97d00d-cb4d-42f9-af22-08aed776cc2e,214863c7-97bb-4e59-aad9-77ab0d341893
84fa2156-29fc-4c47-9cc3-6c143ce0ea53,5a97d00d-cb4d-42f9-af22-08aed776cc2e,cc4424e0-c0ee-45f6-9b9c-584114ef744b,->,84fa2156-29fc-4c47-9cc3-6c143ce0ea53,5a97d00d-cb4d-42f9-af22-08aed776cc2e,adf558b4-7e00-4be6-8f7d-09607d0a0e2e
84fa2156-29fc-4c47-9cc3-6c143ce0ea53,5a97d00d-cb4d-42f9-af22-08aed776cc2e,4ce72edd-0199-4d0c-8e51-eb559d2dc433,->,84fa2156-29fc-4c47-9cc3-6c143ce0ea53,5a97d00d-cb4d-42f9-af22-08aed776cc2e,214863c7-97bb-4e59-aad9-77ab0d341893
84fa2156-29fc-4c47-9cc3-6c143ce0ea53,5a97d00d-cb4d-42f9-af22-08aed776cc2e,4ce72edd-0199-4d0c-8e51-eb559d2dc433,->,84fa2156-29fc-4c47-9cc3-6c143ce0ea53,5a97d00d-cb4d-42f9-af22-08aed776cc2e,214863c7-97bb-4e59-aad9-77ab0d341893
84fa2156-29fc-4c47-9cc3-6c143ce0ea53,5a97d00d-cb4d-42f9-af22-08aed776cc2e,da9003cd-7a41-413f-bf0d-9074fa42f620,->,84fa2156-29fc-4c47-9cc3-6c143ce0ea53,5a97d00d-cb4d-42f9-af22-08aed776cc2e,4ce72edd-0199-4d0c-8e51-eb559d2dc433
84fa2156-29fc-4c47-9cc3-6c143ce0ea53,5a97d00d-cb4d-42f9-af22-08aed776cc2e,3f663c68-2617-484f-bf1e-e629c32248f7,->,84fa2156-29fc-4c47-9cc3-6c143ce0ea53,5a97d00d-cb4d-42f9-af22-08aed776cc2e,da9003cd-7a41-413f-bf0d-9074fa42f620
84fa2156-29fc-4c47-9cc3-6c143ce0ea53,5a97d00d-cb4d-42f9-af22-08aed776cc2e,e3228a35-326b-4f0c-ae25-60c2953e8186,->,84fa2156-29fc-4c47-9cc3-6c143ce0ea53,5a97d00d-cb4d-42f9-af22-08aed776cc2e,214863c7-97bb-4e59-aad9-77ab0d341893
84fa2156-29fc-4c47-9cc3-6c143ce0ea53,5a97d00d-cb4d-42f9-af22-08aed776cc2e,86f48d45-20c5-413e-8085-e43ac840b764,->,84fa2156-29fc-4c47-9cc3-6c143ce0ea53,5a97d00d-cb4d-42f9-af22-08aed776cc2e,e3228a35-326b-4f0c-ae25-60c2953e8186
84fa2156-29fc-4c47-9cc3-6c143ce0ea53,5a97d00d-cb4d-42f9-af22-08aed776cc2e,b9860dd6-5503-4f38-a4df-b8974b6b89db,->,84fa2156-29fc-4c47-9cc3-6c143ce0ea53,5a97d00d-cb4d-42f9-af22-08aed776cc2e,86f48d45-20c5-413e-8085-e43ac840b764
84fa2156-29fc-4c47-9cc3-6c143ce0ea53,5a97d00d-cb4d-42f9-af22-08aed776cc2e,476482db-9bed-484b-ba37-ffcde3038b40,->,84fa2156-29fc-4c47-9cc3-6c143ce0ea53,5a97d00d-cb4d-42f9-af22-08aed776cc2e,214863c7-97bb-4e59-aad9-77ab0d341893
84fa2156-29fc-4c47-9cc3-6c143ce0ea53,5a97d00d-cb4d-42f9-af22-08aed776cc2e,fb2e5e32-d0de-4ac6-883b-66e76e961c36,->,84fa2156-29fc-4c47-9cc3-6c143ce0ea53,5a97d00d-cb4d-42f9-af22-08aed776cc2e,476482db-9bed-484b-ba37-ffcde3038b40
84fa2156-29fc-4c47-9cc3-6c143ce0ea53,5a97d00d-cb4d-42f9-af22-08aed776cc2e,658b5c1a-1347-406d-b031-be1607be5e41,->,84fa2156-29fc-4c47-9cc3-6c143ce0ea53,5a97d00d-cb4d-42f9-af22-08aed776cc2e,fb2e5e32-d0de-4ac6-883b-66e76e961c36
84fa2156-29fc-4c47-9cc3-6c143ce0ea53,5a97d00d-cb4d-42f9-af22-08aed776cc2e,9237d780-fa04-4cdd-b37a-5c9504b4bec9,->,84fa2156-29fc-4c47-9cc3-6c143ce0ea53,5a97d00d-cb4d-42f9-af22-08aed776cc2e,214863c7-97bb-4e59-aad9-77ab0d341893
84fa2156-29fc-4c47-9cc3-6c143ce0ea53,5a97d00d-cb4d-42f9-af22-08aed776cc2e,e04fe90b-60bb-42be-a41f-a88f5ba8e41d,->,84fa2156-29fc-4c47-9cc3-6c143ce0ea53,5a97d00d-cb4d-42f9-af22-08aed776cc2e,9237d780-fa04-4cdd-b37a-5c9504b4bec9
84fa2156-29fc-4c47-9cc3-6c143ce0ea53,5a97d00d-cb4d-42f9-af22-08aed776cc2e,13b39724-fe00-4154-98fe-afe58a4f7210,->,84fa2156-29fc-4c47-9cc3-6c143ce0ea53,5a97d00d-cb4d-42f9-af22-08aed776cc2e,9237d780-fa04-4cdd-b37a-5c9504b4bec9
84fa2156-29fc-4c47-9cc3-6c143ce0ea53,5a97d00d-cb4d-42f9-af22-08aed776cc2e,211f6d2f-bbb1-4112-b510-843636fb277d,->,84fa2156-29fc-4c47-9cc3-6c143ce0ea53,5a97d00d-cb4d-42f9-af22-08aed776cc2e,9237d780-fa04-4cdd-b37a-5c9504b4bec9
84fa2156-29fc-4c47-9cc3-6c143ce0ea53,fdd559c0-7fd6-4cef-b60a-b369982dc888,bf7ffc68-9568-4617-ac9e-b73c25f13243,->,84fa2156-29fc-4c47-9cc3-6c143ce0ea53,fdd559c0-7fd6-4cef-b60a-b369982dc888,06a478b3-4827-4f11-b1a9-758a6a7835b6
84fa2156-29fc-4c47-9cc3-6c143ce0ea53,fdd559c0-7fd6-4cef-b60a-b369982dc888,06a478b3-4827-4f11-b1a9-758a6a7835b6,->,84fa2156-29fc-4c47-9cc3-6c143ce0ea53,javax/swing/JFrame.java,getContentPane
84fa2156-29fc-4c47-9cc3-6c143ce0ea53,fdd559c0-7fd6-4cef-b60a-b369982dc888,06a478b3-4827-4f11-b1a9-758a6a7835b6,->,84fa2156-29fc-4c47-9cc3-6c143ce0ea53,java/awt/Container.java,add
84fa2156-29fc-4c47-9cc3-6c143ce0ea53,fdd559c0-7fd6-4cef-b60a-b369982dc888,b806c884-d827-4a3f-a4cf-14f2f450f1b8,->,84fa2156-29fc-4c47-9cc3-6c143ce0ea53,java/awt/image/BufferedImage.java,getWidth
84fa2156-29fc-4c47-9cc3-6c143ce0ea53,fdd559c0-7fd6-4cef-b60a-b369982dc888,b806c884-d827-4a3f-a4cf-14f2f450f1b8,->,84fa2156-29fc-4c47-9cc3-6c143ce0ea53,java/awt/image/BufferedImage.java,getHeight
84fa2156-29fc-4c47-9cc3-6c143ce0ea53,fdd559c0-7fd6-4cef-b60a-b369982dc888,b806c884-d827-4a3f-a4cf-14f2f450f1b8,->,84fa2156-29fc-4c47-9cc3-6c143ce0ea53,javax/swing/JFrame.java,setSize
84fa2156-29fc-4c47-9cc3-6c143ce0ea53,fdd559c0-7fd6-4cef-b60a-b369982dc888,b806c884-d827-4a3f-a4cf-14f2f450f1b8,->,84fa2156-29fc-4c47-9cc3-6c143ce0ea53,javax/swing/JFrame.java,setDefaultCloseOperation
84fa2156-29fc-4c47-9cc3-6c143ce0ea53,fdd559c0-7fd6-4cef-b60a-b369982dc888,b806c884-d827-4a3f-a4cf-14f2f450f1b8,->,84fa2156-29fc-4c47-9cc3-6c143ce0ea53,javax/swing/JFrame.java,getContentPane
84fa2156-29fc-4c47-9cc3-6c143ce0ea53,fdd559c0-7fd6-4cef-b60a-b369982dc888,b806c884-d827-4a3f-a4cf-14f2f450f1b8,->,84fa2156-29fc-4c47-9cc3-6c143ce0ea53,java/awt/Container.java,add
84fa2156-29fc-4c47-9cc3-6c143ce0ea53,fdd559c0-7fd6-4cef-b60a-b369982dc888,b806c884-d827-4a3f-a4cf-14f2f450f1b8,->,84fa2156-29fc-4c47-9cc3-6c143ce0ea53,javax/swing/JFrame.java,setVisible
84fa2156-29fc-4c47-9cc3-6c143ce0ea53,fdd559c0-7fd6-4cef-b60a-b369982dc888,8b87f13f-48c3-492b-ab21-26e0daadc7b3,->,84fa2156-29fc-4c47-9cc3-6c143ce0ea53,fdd559c0-7fd6-4cef-b60a-b369982dc888,4311a320-73ae-4fa0-8c94-090c97d2c2b6
84fa2156-29fc-4c47-9cc3-6c143ce0ea53,fdd559c0-7fd6-4cef-b60a-b369982dc888,8b87f13f-48c3-492b-ab21-26e0daadc7b3,->,84fa2156-29fc-4c47-9cc3-6c143ce0ea53,java/awt/image/BufferedImage.java,setRGB
84fa2156-29fc-4c47-9cc3-6c143ce0ea53,ea/jeff/test/SimpleImageViewer$ImgPanel.java,paint,->,84fa2156-29fc-4c47-9cc3-6c143ce0ea53,java/awt/Graphics.java,drawImage
84fa2156-29fc-4c47-9cc3-6c143ce0ea53,80e74466-e2c4-4a93-8c66-21217fabc5d4,e7453b01-7a7c-4f37-b2e0-62343ce2a159,->,84fa2156-29fc-4c47-9cc3-6c143ce0ea53,408f5cf2-f4f8-47ad-9b6d-04741b59dde5,4b2c8072-125a-4f78-8828-82e46d7b06cc
84fa2156-29fc-4c47-9cc3-6c143ce0ea53,80e74466-e2c4-4a93-8c66-21217fabc5d4,e7453b01-7a7c-4f37-b2e0-62343ce2a159,->,84fa2156-29fc-4c47-9cc3-6c143ce0ea53,408f5cf2-f4f8-47ad-9b6d-04741b59dde5,cff391b8-0953-4b7e-a262-ad6d9117a041
84fa2156-29fc-4c47-9cc3-6c143ce0ea53,80e74466-e2c4-4a93-8c66-21217fabc5d4,e67a2f75-8c79-461f-8d83-c92f21259b68,->,84fa2156-29fc-4c47-9cc3-6c143ce0ea53,408f5cf2-f4f8-47ad-9b6d-04741b59dde5,4b2c8072-125a-4f78-8828-82e46d7b06cc
84fa2156-29fc-4c47-9cc3-6c143ce0ea53,80e74466-e2c4-4a93-8c66-21217fabc5d4,e67a2f75-8c79-461f-8d83-c92f21259b68,->,84fa2156-29fc-4c47-9cc3-6c143ce0ea53,408f5cf2-f4f8-47ad-9b6d-04741b59dde5,cff391b8-0953-4b7e-a262-ad6d9117a041
84fa2156-29fc-4c47-9cc3-6c143ce0ea53,80e74466-e2c4-4a93-8c66-21217fabc5d4,38042bf1-3665-428c-9581-15b30063452e,->,84fa2156-29fc-4c47-9cc3-6c143ce0ea53,java/lang/StringBuilder.java,append
84fa2156-29fc-4c47-9cc3-6c143ce0ea53,80e74466-e2c4-4a93-8c66-21217fabc5d4,38042bf1-3665-428c-9581-15b30063452e,->,84fa2156-29fc-4c47-9cc3-6c143ce0ea53,java/lang/StringBuilder.java,append
84fa2156-29fc-4c47-9cc3-6c143ce0ea53,80e74466-e2c4-4a93-8c66-21217fabc5d4,38042bf1-3665-428c-9581-15b30063452e,->,84fa2156-29fc-4c47-9cc3-6c143ce0ea53,java/lang/StringBuilder.java,append
84fa2156-29fc-4c47-9cc3-6c143ce0ea53,80e74466-e2c4-4a93-8c66-21217fabc5d4,38042bf1-3665-428c-9581-15b30063452e,->,84fa2156-29fc-4c47-9cc3-6c143ce0ea53,java/lang/StringBuilder.java,append
84fa2156-29fc-4c47-9cc3-6c143ce0ea53,80e74466-e2c4-4a93-8c66-21217fabc5d4,38042bf1-3665-428c-9581-15b30063452e,->,84fa2156-29fc-4c47-9cc3-6c143ce0ea53,java/lang/Integer.java,valueOf
84fa2156-29fc-4c47-9cc3-6c143ce0ea53,80e74466-e2c4-4a93-8c66-21217fabc5d4,38042bf1-3665-428c-9581-15b30063452e,->,84fa2156-29fc-4c47-9cc3-6c143ce0ea53,java/lang/String.java,format
84fa2156-29fc-4c47-9cc3-6c143ce0ea53,80e74466-e2c4-4a93-8c66-21217fabc5d4,38042bf1-3665-428c-9581-15b30063452e,->,84fa2156-29fc-4c47-9cc3-6c143ce0ea53,java/lang/StringBuilder.java,append
84fa2156-29fc-4c47-9cc3-6c143ce0ea53,80e74466-e2c4-4a93-8c66-21217fabc5d4,38042bf1-3665-428c-9581-15b30063452e,->,84fa2156-29fc-4c47-9cc3-6c143ce0ea53,java/lang/Integer.java,valueOf
84fa2156-29fc-4c47-9cc3-6c143ce0ea53,80e74466-e2c4-4a93-8c66-21217fabc5d4,38042bf1-3665-428c-9581-15b30063452e,->,84fa2156-29fc-4c47-9cc3-6c143ce0ea53,java/lang/Float.java,valueOf
84fa2156-29fc-4c47-9cc3-6c143ce0ea53,80e74466-e2c4-4a93-8c66-21217fabc5d4,38042bf1-3665-428c-9581-15b30063452e,->,84fa2156-29fc-4c47-9cc3-6c143ce0ea53,java/lang/String.java,format
84fa2156-29fc-4c47-9cc3-6c143ce0ea53,80e74466-e2c4-4a93-8c66-21217fabc5d4,38042bf1-3665-428c-9581-15b30063452e,->,84fa2156-29fc-4c47-9cc3-6c143ce0ea53,java/lang/StringBuilder.java,append
84fa2156-29fc-4c47-9cc3-6c143ce0ea53,80e74466-e2c4-4a93-8c66-21217fabc5d4,38042bf1-3665-428c-9581-15b30063452e,->,84fa2156-29fc-4c47-9cc3-6c143ce0ea53,java/lang/StringBuilder.java,append
84fa2156-29fc-4c47-9cc3-6c143ce0ea53,80e74466-e2c4-4a93-8c66-21217fabc5d4,38042bf1-3665-428c-9581-15b30063452e,->,84fa2156-29fc-4c47-9cc3-6c143ce0ea53,java/lang/StringBuilder.java,append
84fa2156-29fc-4c47-9cc3-6c143ce0ea53,80e74466-e2c4-4a93-8c66-21217fabc5d4,38042bf1-3665-428c-9581-15b30063452e,->,84fa2156-29fc-4c47-9cc3-6c143ce0ea53,java/lang/StringBuilder.java,toString
84fa2156-29fc-4c47-9cc3-6c143ce0ea53,355fc924-884c-4f69-a7aa-fb90c650facb,0a5a0572-3ea3-4cf6-8078-119bed32646c,->,84fa2156-29fc-4c47-9cc3-6c143ce0ea53,355fc924-884c-4f69-a7aa-fb90c650facb,c51221dc-b55a-4759-b231-ce4a485efd89
84fa2156-29fc-4c47-9cc3-6c143ce0ea53,355fc924-884c-4f69-a7aa-fb90c650facb,0a5a0572-3ea3-4cf6-8078-119bed32646c,->,84fa2156-29fc-4c47-9cc3-6c143ce0ea53,ea/jeff/algorithms/RoughDiamondSquareBuilder.java,cycle
84fa2156-29fc-4c47-9cc3-6c143ce0ea53,355fc924-884c-4f69-a7aa-fb90c650facb,c51221dc-b55a-4759-b231-ce4a485efd89,->,84fa2156-29fc-4c47-9cc3-6c143ce0ea53,80e74466-e2c4-4a93-8c66-21217fabc5d4,bd4f8cd5-0e42-465c-a538-87d67b537eb8
84fa2156-29fc-4c47-9cc3-6c143ce0ea53,0b034548-6caf-46ba-ade6-7ba53adb4b36,c4293491-ea27-49b3-af38-fbcfca86d9f8,->,84fa2156-29fc-4c47-9cc3-6c143ce0ea53,4c534c92-9a8c-4808-8619-3a9c5e4ea78a,b04992dd-dfe1-462e-9d4e-99d7fa65af2b
84fa2156-29fc-4c47-9cc3-6c143ce0ea53,0b034548-6caf-46ba-ade6-7ba53adb4b36,c4293491-ea27-49b3-af38-fbcfca86d9f8,->,84fa2156-29fc-4c47-9cc3-6c143ce0ea53,4c534c92-9a8c-4808-8619-3a9c5e4ea78a,68f1bf41-9ba2-43be-8ac3-acf72ce5258d
84fa2156-29fc-4c47-9cc3-6c143ce0ea53,0b034548-6caf-46ba-ade6-7ba53adb4b36,c4293491-ea27-49b3-af38-fbcfca86d9f8,->,84fa2156-29fc-4c47-9cc3-6c143ce0ea53,69e7b8f0-a2c3-4e21-a6c0-7e51f2162e9c,3c40bc50-ec00-42d5-ba2d-47fc3e6be9d3
84fa2156-29fc-4c47-9cc3-6c143ce0ea53,0b034548-6caf-46ba-ade6-7ba53adb4b36,1f763807-2301-46a1-84e0-29d94f584dcb,->,84fa2156-29fc-4c47-9cc3-6c143ce0ea53,69e7b8f0-a2c3-4e21-a6c0-7e51f2162e9c,7378762b-6127-4417-b569-d8cf704a26fc
84fa2156-29fc-4c47-9cc3-6c143ce0ea53,0b034548-6caf-46ba-ade6-7ba53adb4b36,f6363a64-86b3-4bd8-983f-960e98995fd5,->,84fa2156-29fc-4c47-9cc3-6c143ce0ea53,80e74466-e2c4-4a93-8c66-21217fabc5d4,bd4f8cd5-0e42-465c-a538-87d67b537eb8
84fa2156-29fc-4c47-9cc3-6c143ce0ea53,0b034548-6caf-46ba-ade6-7ba53adb4b36,f6363a64-86b3-4bd8-983f-960e98995fd5,->,84fa2156-29fc-4c47-9cc3-6c143ce0ea53,80e74466-e2c4-4a93-8c66-21217fabc5d4,bd4f8cd5-0e42-465c-a538-87d67b537eb8
84fa2156-29fc-4c47-9cc3-6c143ce0ea53,0b034548-6caf-46ba-ade6-7ba53adb4b36,f6363a64-86b3-4bd8-983f-960e98995fd5,->,84fa2156-29fc-4c47-9cc3-6c143ce0ea53,80e74466-e2c4-4a93-8c66-21217fabc5d4,f8df6041-c191-4c4f-b7dc-f41b66888303
84fa2156-29fc-4c47-9cc3-6c143ce0ea53,0b034548-6caf-46ba-ade6-7ba53adb4b36,f6363a64-86b3-4bd8-983f-960e98995fd5,->,84fa2156-29fc-4c47-9cc3-6c143ce0ea53,80e74466-e2c4-4a93-8c66-21217fabc5d4,176d8f55-e549-4613-842b-63a8212c4e16
84fa2156-29fc-4c47-9cc3-6c143ce0ea53,0b034548-6caf-46ba-ade6-7ba53adb4b36,f6363a64-86b3-4bd8-983f-960e98995fd5,->,84fa2156-29fc-4c47-9cc3-6c143ce0ea53,80e74466-e2c4-4a93-8c66-21217fabc5d4,bd4f8cd5-0e42-465c-a538-87d67b537eb8
84fa2156-29fc-4c47-9cc3-6c143ce0ea53,0b034548-6caf-46ba-ade6-7ba53adb4b36,f6363a64-86b3-4bd8-983f-960e98995fd5,->,84fa2156-29fc-4c47-9cc3-6c143ce0ea53,80e74466-e2c4-4a93-8c66-21217fabc5d4,bd4f8cd5-0e42-465c-a538-87d67b537eb8
84fa2156-29fc-4c47-9cc3-6c143ce0ea53,0b034548-6caf-46ba-ade6-7ba53adb4b36,f6363a64-86b3-4bd8-983f-960e98995fd5,->,84fa2156-29fc-4c47-9cc3-6c143ce0ea53,80e74466-e2c4-4a93-8c66-21217fabc5d4,59dac70a-c5a4-4ae6-a701-d856543b308f
84fa2156-29fc-4c47-9cc3-6c143ce0ea53,0b034548-6caf-46ba-ade6-7ba53adb4b36,f6363a64-86b3-4bd8-983f-960e98995fd5,->,84fa2156-29fc-4c47-9cc3-6c143ce0ea53,fdd559c0-7fd6-4cef-b60a-b369982dc888,4311a320-73ae-4fa0-8c94-090c97d2c2b6
84fa2156-29fc-4c47-9cc3-6c143ce0ea53,0b034548-6caf-46ba-ade6-7ba53adb4b36,f6363a64-86b3-4bd8-983f-960e98995fd5,->,84fa2156-29fc-4c47-9cc3-6c143ce0ea53,java/awt/image/BufferedImage.java,setRGB
84fa2156-29fc-4c47-9cc3-6c143ce0ea53,0b034548-6caf-46ba-ade6-7ba53adb4b36,4f169d2d-7969-437d-8581-af1f2aa46896,->,84fa2156-29fc-4c47-9cc3-6c143ce0ea53,4c534c92-9a8c-4808-8619-3a9c5e4ea78a,7670750b-30bd-45fc-b69b-150a7ae6518f
84fa2156-29fc-4c47-9cc3-6c143ce0ea53,0b034548-6caf-46ba-ade6-7ba53adb4b36,77b87344-5d67-467d-8f60-7ffaee93f993,->,84fa2156-29fc-4c47-9cc3-6c143ce0ea53,4c534c92-9a8c-4808-8619-3a9c5e4ea78a,0d290bae-3c52-4384-bb91-ca6b18255e67
84fa2156-29fc-4c47-9cc3-6c143ce0ea53,4c534c92-9a8c-4808-8619-3a9c5e4ea78a,970e4755-a3cc-4f34-8e37-6f8b3e7c022f,->,84fa2156-29fc-4c47-9cc3-6c143ce0ea53,4c534c92-9a8c-4808-8619-3a9c5e4ea78a,4fa9d21a-5c80-455a-b607-2413305ad57b
84fa2156-29fc-4c47-9cc3-6c143ce0ea53,4c534c92-9a8c-4808-8619-3a9c5e4ea78a,970e4755-a3cc-4f34-8e37-6f8b3e7c022f,->,84fa2156-29fc-4c47-9cc3-6c143ce0ea53,4c534c92-9a8c-4808-8619-3a9c5e4ea78a,6cf6e2ba-a551-4a37-a0d0-263cbb6e6149
84fa2156-29fc-4c47-9cc3-6c143ce0ea53,4c534c92-9a8c-4808-8619-3a9c5e4ea78a,970e4755-a3cc-4f34-8e37-6f8b3e7c022f,->,84fa2156-29fc-4c47-9cc3-6c143ce0ea53,4c534c92-9a8c-4808-8619-3a9c5e4ea78a,427f6ec0-3376-4101-a507-14b5c4a04e6e
84fa2156-29fc-4c47-9cc3-6c143ce0ea53,4c534c92-9a8c-4808-8619-3a9c5e4ea78a,970e4755-a3cc-4f34-8e37-6f8b3e7c022f,->,84fa2156-29fc-4c47-9cc3-6c143ce0ea53,4c534c92-9a8c-4808-8619-3a9c5e4ea78a,e7b6a7cc-1114-4263-b66a-40e2e748d627
84fa2156-29fc-4c47-9cc3-6c143ce0ea53,4c534c92-9a8c-4808-8619-3a9c5e4ea78a,970e4755-a3cc-4f34-8e37-6f8b3e7c022f,->,84fa2156-29fc-4c47-9cc3-6c143ce0ea53,4c534c92-9a8c-4808-8619-3a9c5e4ea78a,eb4a259d-ad58-4c70-9c3e-314582fbe5d8
84fa2156-29fc-4c47-9cc3-6c143ce0ea53,4c534c92-9a8c-4808-8619-3a9c5e4ea78a,970e4755-a3cc-4f34-8e37-6f8b3e7c022f,->,84fa2156-29fc-4c47-9cc3-6c143ce0ea53,4c534c92-9a8c-4808-8619-3a9c5e4ea78a,2ab8ffce-6cb3-4004-8f99-d32bbd921dda
84fa2156-29fc-4c47-9cc3-6c143ce0ea53,4c534c92-9a8c-4808-8619-3a9c5e4ea78a,43371119-5fa6-4fa0-8eaf-4e0a9a6bd3e0,->,84fa2156-29fc-4c47-9cc3-6c143ce0ea53,408f5cf2-f4f8-47ad-9b6d-04741b59dde5,d560537e-aa4d-4102-a5b2-3eaf8ca8a335
84fa2156-29fc-4c47-9cc3-6c143ce0ea53,4c534c92-9a8c-4808-8619-3a9c5e4ea78a,43371119-5fa6-4fa0-8eaf-4e0a9a6bd3e0,->,84fa2156-29fc-4c47-9cc3-6c143ce0ea53,408f5cf2-f4f8-47ad-9b6d-04741b59dde5,2b7a63e7-4bde-41c7-bb9a-9ed5f4328879
84fa2156-29fc-4c47-9cc3-6c143ce0ea53,4c534c92-9a8c-4808-8619-3a9c5e4ea78a,43371119-5fa6-4fa0-8eaf-4e0a9a6bd3e0,->,84fa2156-29fc-4c47-9cc3-6c143ce0ea53,4c534c92-9a8c-4808-8619-3a9c5e4ea78a,4fa9d21a-5c80-455a-b607-2413305ad57b
84fa2156-29fc-4c47-9cc3-6c143ce0ea53,4c534c92-9a8c-4808-8619-3a9c5e4ea78a,43371119-5fa6-4fa0-8eaf-4e0a9a6bd3e0,->,84fa2156-29fc-4c47-9cc3-6c143ce0ea53,4c534c92-9a8c-4808-8619-3a9c5e4ea78a,6cf6e2ba-a551-4a37-a0d0-263cbb6e6149
84fa2156-29fc-4c47-9cc3-6c143ce0ea53,4c534c92-9a8c-4808-8619-3a9c5e4ea78a,43371119-5fa6-4fa0-8eaf-4e0a9a6bd3e0,->,84fa2156-29fc-4c47-9cc3-6c143ce0ea53,4c534c92-9a8c-4808-8619-3a9c5e4ea78a,427f6ec0-3376-4101-a507-14b5c4a04e6e
84fa2156-29fc-4c47-9cc3-6c143ce0ea53,4c534c92-9a8c-4808-8619-3a9c5e4ea78a,43371119-5fa6-4fa0-8eaf-4e0a9a6bd3e0,->,84fa2156-29fc-4c47-9cc3-6c143ce0ea53,4c534c92-9a8c-4808-8619-3a9c5e4ea78a,eb4a259d-ad58-4c70-9c3e-314582fbe5d8
84fa2156-29fc-4c47-9cc3-6c143ce0ea53,4c534c92-9a8c-4808-8619-3a9c5e4ea78a,43371119-5fa6-4fa0-8eaf-4e0a9a6bd3e0,->,84fa2156-29fc-4c47-9cc3-6c143ce0ea53,4c534c92-9a8c-4808-8619-3a9c5e4ea78a,2ab8ffce-6cb3-4004-8f99-d32bbd921dda
84fa2156-29fc-4c47-9cc3-6c143ce0ea53,4c534c92-9a8c-4808-8619-3a9c5e4ea78a,0978bc0e-a856-492f-b2d4-25935a51fa2a,->,84fa2156-29fc-4c47-9cc3-6c143ce0ea53,4c534c92-9a8c-4808-8619-3a9c5e4ea78a,970e4755-a3cc-4f34-8e37-6f8b3e7c022f
84fa2156-29fc-4c47-9cc3-6c143ce0ea53,4c534c92-9a8c-4808-8619-3a9c5e4ea78a,0978bc0e-a856-492f-b2d4-25935a51fa2a,->,84fa2156-29fc-4c47-9cc3-6c143ce0ea53,80e74466-e2c4-4a93-8c66-21217fabc5d4,46e05e4f-31ef-4f23-ad3c-fb060635f6c6
84fa2156-29fc-4c47-9cc3-6c143ce0ea53,4c534c92-9a8c-4808-8619-3a9c5e4ea78a,0978bc0e-a856-492f-b2d4-25935a51fa2a,->,84fa2156-29fc-4c47-9cc3-6c143ce0ea53,java/lang/Math.java,pow
84fa2156-29fc-4c47-9cc3-6c143ce0ea53,4c534c92-9a8c-4808-8619-3a9c5e4ea78a,0978bc0e-a856-492f-b2d4-25935a51fa2a,->,84fa2156-29fc-4c47-9cc3-6c143ce0ea53,java/lang/Math.java,pow
84fa2156-29fc-4c47-9cc3-6c143ce0ea53,4c534c92-9a8c-4808-8619-3a9c5e4ea78a,0978bc0e-a856-492f-b2d4-25935a51fa2a,->,84fa2156-29fc-4c47-9cc3-6c143ce0ea53,4c534c92-9a8c-4808-8619-3a9c5e4ea78a,43371119-5fa6-4fa0-8eaf-4e0a9a6bd3e0
84fa2156-29fc-4c47-9cc3-6c143ce0ea53,4c534c92-9a8c-4808-8619-3a9c5e4ea78a,2b20cc56-a6f4-41de-bfa7-5c796f9ea117,->,84fa2156-29fc-4c47-9cc3-6c143ce0ea53,ea/jeff/util/Jrng.java,nextFloat
84fa2156-29fc-4c47-9cc3-6c143ce0ea53,4c534c92-9a8c-4808-8619-3a9c5e4ea78a,2b20cc56-a6f4-41de-bfa7-5c796f9ea117,->,84fa2156-29fc-4c47-9cc3-6c143ce0ea53,ea/jeff/util/Jrng.java,nextCoin
84fa2156-29fc-4c47-9cc3-6c143ce0ea53,4c534c92-9a8c-4808-8619-3a9c5e4ea78a,e7b6a7cc-1114-4263-b66a-40e2e748d627,->,84fa2156-29fc-4c47-9cc3-6c143ce0ea53,80e74466-e2c4-4a93-8c66-21217fabc5d4,e67a2f75-8c79-461f-8d83-c92f21259b68
84fa2156-29fc-4c47-9cc3-6c143ce0ea53,4c534c92-9a8c-4808-8619-3a9c5e4ea78a,e7b6a7cc-1114-4263-b66a-40e2e748d627,->,84fa2156-29fc-4c47-9cc3-6c143ce0ea53,80e74466-e2c4-4a93-8c66-21217fabc5d4,e67a2f75-8c79-461f-8d83-c92f21259b68
84fa2156-29fc-4c47-9cc3-6c143ce0ea53,4c534c92-9a8c-4808-8619-3a9c5e4ea78a,e7b6a7cc-1114-4263-b66a-40e2e748d627,->,84fa2156-29fc-4c47-9cc3-6c143ce0ea53,80e74466-e2c4-4a93-8c66-21217fabc5d4,e67a2f75-8c79-461f-8d83-c92f21259b68
84fa2156-29fc-4c47-9cc3-6c143ce0ea53,4c534c92-9a8c-4808-8619-3a9c5e4ea78a,e7b6a7cc-1114-4263-b66a-40e2e748d627,->,84fa2156-29fc-4c47-9cc3-6c143ce0ea53,80e74466-e2c4-4a93-8c66-21217fabc5d4,e67a2f75-8c79-461f-8d83-c92f21259b68
84fa2156-29fc-4c47-9cc3-6c143ce0ea53,4c534c92-9a8c-4808-8619-3a9c5e4ea78a,4fa9d21a-5c80-455a-b607-2413305ad57b,->,84fa2156-29fc-4c47-9cc3-6c143ce0ea53,408f5cf2-f4f8-47ad-9b6d-04741b59dde5,4b2c8072-125a-4f78-8828-82e46d7b06cc
84fa2156-29fc-4c47-9cc3-6c143ce0ea53,4c534c92-9a8c-4808-8619-3a9c5e4ea78a,4fa9d21a-5c80-455a-b607-2413305ad57b,->,84fa2156-29fc-4c47-9cc3-6c143ce0ea53,408f5cf2-f4f8-47ad-9b6d-04741b59dde5,d560537e-aa4d-4102-a5b2-3eaf8ca8a335
84fa2156-29fc-4c47-9cc3-6c143ce0ea53,4c534c92-9a8c-4808-8619-3a9c5e4ea78a,4fa9d21a-5c80-455a-b607-2413305ad57b,->,84fa2156-29fc-4c47-9cc3-6c143ce0ea53,408f5cf2-f4f8-47ad-9b6d-04741b59dde5,cff391b8-0953-4b7e-a262-ad6d9117a041
84fa2156-29fc-4c47-9cc3-6c143ce0ea53,4c534c92-9a8c-4808-8619-3a9c5e4ea78a,4fa9d21a-5c80-455a-b607-2413305ad57b,->,84fa2156-29fc-4c47-9cc3-6c143ce0ea53,408f5cf2-f4f8-47ad-9b6d-04741b59dde5,2b7a63e7-4bde-41c7-bb9a-9ed5f4328879
84fa2156-29fc-4c47-9cc3-6c143ce0ea53,4c534c92-9a8c-4808-8619-3a9c5e4ea78a,4fa9d21a-5c80-455a-b607-2413305ad57b,->,84fa2156-29fc-4c47-9cc3-6c143ce0ea53,408f5cf2-f4f8-47ad-9b6d-04741b59dde5,4b2c8072-125a-4f78-8828-82e46d7b06cc
84fa2156-29fc-4c47-9cc3-6c143ce0ea53,4c534c92-9a8c-4808-8619-3a9c5e4ea78a,4fa9d21a-5c80-455a-b607-2413305ad57b,->,84fa2156-29fc-4c47-9cc3-6c143ce0ea53,408f5cf2-f4f8-47ad-9b6d-04741b59dde5,d560537e-aa4d-4102-a5b2-3eaf8ca8a335
84fa2156-29fc-4c47-9cc3-6c143ce0ea53,4c534c92-9a8c-4808-8619-3a9c5e4ea78a,4fa9d21a-5c80-455a-b607-2413305ad57b,->,84fa2156-29fc-4c47-9cc3-6c143ce0ea53,408f5cf2-f4f8-47ad-9b6d-04741b59dde5,cff391b8-0953-4b7e-a262-ad6d9117a041
84fa2156-29fc-4c47-9cc3-6c143ce0ea53,4c534c92-9a8c-4808-8619-3a9c5e4ea78a,4fa9d21a-5c80-455a-b607-2413305ad57b,->,84fa2156-29fc-4c47-9cc3-6c143ce0ea53,408f5cf2-f4f8-47ad-9b6d-04741b59dde5,2b7a63e7-4bde-41c7-bb9a-9ed5f4328879
84fa2156-29fc-4c47-9cc3-6c143ce0ea53,4c534c92-9a8c-4808-8619-3a9c5e4ea78a,4fa9d21a-5c80-455a-b607-2413305ad57b,->,84fa2156-29fc-4c47-9cc3-6c143ce0ea53,408f5cf2-f4f8-47ad-9b6d-04741b59dde5,4b2c8072-125a-4f78-8828-82e46d7b06cc
84fa2156-29fc-4c47-9cc3-6c143ce0ea53,4c534c92-9a8c-4808-8619-3a9c5e4ea78a,4fa9d21a-5c80-455a-b607-2413305ad57b,->,84fa2156-29fc-4c47-9cc3-6c143ce0ea53,408f5cf2-f4f8-47ad-9b6d-04741b59dde5,d560537e-aa4d-4102-a5b2-3eaf8ca8a335
84fa2156-29fc-4c47-9cc3-6c143ce0ea53,4c534c92-9a8c-4808-8619-3a9c5e4ea78a,4fa9d21a-5c80-455a-b607-2413305ad57b,->,84fa2156-29fc-4c47-9cc3-6c143ce0ea53,408f5cf2-f4f8-47ad-9b6d-04741b59dde5,cff391b8-0953-4b7e-a262-ad6d9117a041
84fa2156-29fc-4c47-9cc3-6c143ce0ea53,4c534c92-9a8c-4808-8619-3a9c5e4ea78a,4fa9d21a-5c80-455a-b607-2413305ad57b,->,84fa2156-29fc-4c47-9cc3-6c143ce0ea53,408f5cf2-f4f8-47ad-9b6d-04741b59dde5,2b7a63e7-4bde-41c7-bb9a-9ed5f4328879
84fa2156-29fc-4c47-9cc3-6c143ce0ea53,4c534c92-9a8c-4808-8619-3a9c5e4ea78a,427f6ec0-3376-4101-a507-14b5c4a04e6e,->,84fa2156-29fc-4c47-9cc3-6c143ce0ea53,408f5cf2-f4f8-47ad-9b6d-04741b59dde5,4b2c8072-125a-4f78-8828-82e46d7b06cc
84fa2156-29fc-4c47-9cc3-6c143ce0ea53,4c534c92-9a8c-4808-8619-3a9c5e4ea78a,427f6ec0-3376-4101-a507-14b5c4a04e6e,->,84fa2156-29fc-4c47-9cc3-6c143ce0ea53,408f5cf2-f4f8-47ad-9b6d-04741b59dde5,d560537e-aa4d-4102-a5b2-3eaf8ca8a335
84fa2156-29fc-4c47-9cc3-6c143ce0ea53,4c534c92-9a8c-4808-8619-3a9c5e4ea78a,427f6ec0-3376-4101-a507-14b5c4a04e6e,->,84fa2156-29fc-4c47-9cc3-6c143ce0ea53,408f5cf2-f4f8-47ad-9b6d-04741b59dde5,cff391b8-0953-4b7e-a262-ad6d9117a041
84fa2156-29fc-4c47-9cc3-6c143ce0ea53,4c534c92-9a8c-4808-8619-3a9c5e4ea78a,427f6ec0-3376-4101-a507-14b5c4a04e6e,->,84fa2156-29fc-4c47-9cc3-6c143ce0ea53,408f5cf2-f4f8-47ad-9b6d-04741b59dde5,2b7a63e7-4bde-41c7-bb9a-9ed5f4328879
84fa2156-29fc-4c47-9cc3-6c143ce0ea53,4c534c92-9a8c-4808-8619-3a9c5e4ea78a,427f6ec0-3376-4101-a507-14b5c4a04e6e,->,84fa2156-29fc-4c47-9cc3-6c143ce0ea53,408f5cf2-f4f8-47ad-9b6d-04741b59dde5,4b2c8072-125a-4f78-8828-82e46d7b06cc
84fa2156-29fc-4c47-9cc3-6c143ce0ea53,4c534c92-9a8c-4808-8619-3a9c5e4ea78a,427f6ec0-3376-4101-a507-14b5c4a04e6e,->,84fa2156-29fc-4c47-9cc3-6c143ce0ea53,408f5cf2-f4f8-47ad-9b6d-04741b59dde5,d560537e-aa4d-4102-a5b2-3eaf8ca8a335
84fa2156-29fc-4c47-9cc3-6c143ce0ea53,4c534c92-9a8c-4808-8619-3a9c5e4ea78a,427f6ec0-3376-4101-a507-14b5c4a04e6e,->,84fa2156-29fc-4c47-9cc3-6c143ce0ea53,408f5cf2-f4f8-47ad-9b6d-04741b59dde5,cff391b8-0953-4b7e-a262-ad6d9117a041
84fa2156-29fc-4c47-9cc3-6c143ce0ea53,4c534c92-9a8c-4808-8619-3a9c5e4ea78a,427f6ec0-3376-4101-a507-14b5c4a04e6e,->,84fa2156-29fc-4c47-9cc3-6c143ce0ea53,408f5cf2-f4f8-47ad-9b6d-04741b59dde5,2b7a63e7-4bde-41c7-bb9a-9ed5f4328879
84fa2156-29fc-4c47-9cc3-6c143ce0ea53,4c534c92-9a8c-4808-8619-3a9c5e4ea78a,427f6ec0-3376-4101-a507-14b5c4a04e6e,->,84fa2156-29fc-4c47-9cc3-6c143ce0ea53,408f5cf2-f4f8-47ad-9b6d-04741b59dde5,4b2c8072-125a-4f78-8828-82e46d7b06cc
84fa2156-29fc-4c47-9cc3-6c143ce0ea53,4c534c92-9a8c-4808-8619-3a9c5e4ea78a,427f6ec0-3376-4101-a507-14b5c4a04e6e,->,84fa2156-29fc-4c47-9cc3-6c143ce0ea53,408f5cf2-f4f8-47ad-9b6d-04741b59dde5,d560537e-aa4d-4102-a5b2-3eaf8ca8a335
84fa2156-29fc-4c47-9cc3-6c143ce0ea53,4c534c92-9a8c-4808-8619-3a9c5e4ea78a,427f6ec0-3376-4101-a507-14b5c4a04e6e,->,84fa2156-29fc-4c47-9cc3-6c143ce0ea53,408f5cf2-f4f8-47ad-9b6d-04741b59dde5,cff391b8-0953-4b7e-a262-ad6d9117a041
84fa2156-29fc-4c47-9cc3-6c143ce0ea53,4c534c92-9a8c-4808-8619-3a9c5e4ea78a,427f6ec0-3376-4101-a507-14b5c4a04e6e,->,84fa2156-29fc-4c47-9cc3-6c143ce0ea53,408f5cf2-f4f8-47ad-9b6d-04741b59dde5,2b7a63e7-4bde-41c7-bb9a-9ed5f4328879
84fa2156-29fc-4c47-9cc3-6c143ce0ea53,4c534c92-9a8c-4808-8619-3a9c5e4ea78a,427f6ec0-3376-4101-a507-14b5c4a04e6e,->,84fa2156-29fc-4c47-9cc3-6c143ce0ea53,408f5cf2-f4f8-47ad-9b6d-04741b59dde5,4b2c8072-125a-4f78-8828-82e46d7b06cc
84fa2156-29fc-4c47-9cc3-6c143ce0ea53,4c534c92-9a8c-4808-8619-3a9c5e4ea78a,427f6ec0-3376-4101-a507-14b5c4a04e6e,->,84fa2156-29fc-4c47-9cc3-6c143ce0ea53,408f5cf2-f4f8-47ad-9b6d-04741b59dde5,d560537e-aa4d-4102-a5b2-3eaf8ca8a335
84fa2156-29fc-4c47-9cc3-6c143ce0ea53,4c534c92-9a8c-4808-8619-3a9c5e4ea78a,427f6ec0-3376-4101-a507-14b5c4a04e6e,->,84fa2156-29fc-4c47-9cc3-6c143ce0ea53,408f5cf2-f4f8-47ad-9b6d-04741b59dde5,cff391b8-0953-4b7e-a262-ad6d9117a041
84fa2156-29fc-4c47-9cc3-6c143ce0ea53,4c534c92-9a8c-4808-8619-3a9c5e4ea78a,427f6ec0-3376-4101-a507-14b5c4a04e6e,->,84fa2156-29fc-4c47-9cc3-6c143ce0ea53,408f5cf2-f4f8-47ad-9b6d-04741b59dde5,2b7a63e7-4bde-41c7-bb9a-9ed5f4328879
84fa2156-29fc-4c47-9cc3-6c143ce0ea53,4c534c92-9a8c-4808-8619-3a9c5e4ea78a,6cf6e2ba-a551-4a37-a0d0-263cbb6e6149,->,84fa2156-29fc-4c47-9cc3-6c143ce0ea53,408f5cf2-f4f8-47ad-9b6d-04741b59dde5,4b2c8072-125a-4f78-8828-82e46d7b06cc
84fa2156-29fc-4c47-9cc3-6c143ce0ea53,4c534c92-9a8c-4808-8619-3a9c5e4ea78a,6cf6e2ba-a551-4a37-a0d0-263cbb6e6149,->,84fa2156-29fc-4c47-9cc3-6c143ce0ea53,408f5cf2-f4f8-47ad-9b6d-04741b59dde5,d560537e-aa4d-4102-a5b2-3eaf8ca8a335
84fa2156-29fc-4c47-9cc3-6c143ce0ea53,4c534c92-9a8c-4808-8619-3a9c5e4ea78a,6cf6e2ba-a551-4a37-a0d0-263cbb6e6149,->,84fa2156-29fc-4c47-9cc3-6c143ce0ea53,408f5cf2-f4f8-47ad-9b6d-04741b59dde5,cff391b8-0953-4b7e-a262-ad6d9117a041
84fa2156-29fc-4c47-9cc3-6c143ce0ea53,4c534c92-9a8c-4808-8619-3a9c5e4ea78a,6cf6e2ba-a551-4a37-a0d0-263cbb6e6149,->,84fa2156-29fc-4c47-9cc3-6c143ce0ea53,408f5cf2-f4f8-47ad-9b6d-04741b59dde5,2b7a63e7-4bde-41c7-bb9a-9ed5f4328879
84fa2156-29fc-4c47-9cc3-6c143ce0ea53,4c534c92-9a8c-4808-8619-3a9c5e4ea78a,eb4a259d-ad58-4c70-9c3e-314582fbe5d8,->,84fa2156-29fc-4c47-9cc3-6c143ce0ea53,80e74466-e2c4-4a93-8c66-21217fabc5d4,e7453b01-7a7c-4f37-b2e0-62343ce2a159
84fa2156-29fc-4c47-9cc3-6c143ce0ea53,4c534c92-9a8c-4808-8619-3a9c5e4ea78a,eb4a259d-ad58-4c70-9c3e-314582fbe5d8,->,84fa2156-29fc-4c47-9cc3-6c143ce0ea53,80e74466-e2c4-4a93-8c66-21217fabc5d4,e7453b01-7a7c-4f37-b2e0-62343ce2a159
84fa2156-29fc-4c47-9cc3-6c143ce0ea53,4c534c92-9a8c-4808-8619-3a9c5e4ea78a,eb4a259d-ad58-4c70-9c3e-314582fbe5d8,->,84fa2156-29fc-4c47-9cc3-6c143ce0ea53,80e74466-e2c4-4a93-8c66-21217fabc5d4,e7453b01-7a7c-4f37-b2e0-62343ce2a159
84fa2156-29fc-4c47-9cc3-6c143ce0ea53,4c534c92-9a8c-4808-8619-3a9c5e4ea78a,eb4a259d-ad58-4c70-9c3e-314582fbe5d8,->,84fa2156-29fc-4c47-9cc3-6c143ce0ea53,80e74466-e2c4-4a93-8c66-21217fabc5d4,e7453b01-7a7c-4f37-b2e0-62343ce2a159
84fa2156-29fc-4c47-9cc3-6c143ce0ea53,4c534c92-9a8c-4808-8619-3a9c5e4ea78a,eb4a259d-ad58-4c70-9c3e-314582fbe5d8,->,84fa2156-29fc-4c47-9cc3-6c143ce0ea53,4c534c92-9a8c-4808-8619-3a9c5e4ea78a,2b20cc56-a6f4-41de-bfa7-5c796f9ea117
84fa2156-29fc-4c47-9cc3-6c143ce0ea53,4c534c92-9a8c-4808-8619-3a9c5e4ea78a,eb4a259d-ad58-4c70-9c3e-314582fbe5d8,->,84fa2156-29fc-4c47-9cc3-6c143ce0ea53,80e74466-e2c4-4a93-8c66-21217fabc5d4,e67a2f75-8c79-461f-8d83-c92f21259b68
84fa2156-29fc-4c47-9cc3-6c143ce0ea53,4c534c92-9a8c-4808-8619-3a9c5e4ea78a,2ab8ffce-6cb3-4004-8f99-d32bbd921dda,->,84fa2156-29fc-4c47-9cc3-6c143ce0ea53,80e74466-e2c4-4a93-8c66-21217fabc5d4,e7453b01-7a7c-4f37-b2e0-62343ce2a159
84fa2156-29fc-4c47-9cc3-6c143ce0ea53,4c534c92-9a8c-4808-8619-3a9c5e4ea78a,2ab8ffce-6cb3-4004-8f99-d32bbd921dda,->,84fa2156-29fc-4c47-9cc3-6c143ce0ea53,80e74466-e2c4-4a93-8c66-21217fabc5d4,e7453b01-7a7c-4f37-b2e0-62343ce2a159
84fa2156-29fc-4c47-9cc3-6c143ce0ea53,4c534c92-9a8c-4808-8619-3a9c5e4ea78a,2ab8ffce-6cb3-4004-8f99-d32bbd921dda,->,84fa2156-29fc-4c47-9cc3-6c143ce0ea53,4c534c92-9a8c-4808-8619-3a9c5e4ea78a,2b20cc56-a6f4-41de-bfa7-5c796f9ea117
84fa2156-29fc-4c47-9cc3-6c143ce0ea53,4c534c92-9a8c-4808-8619-3a9c5e4ea78a,2ab8ffce-6cb3-4004-8f99-d32bbd921dda,->,84fa2156-29fc-4c47-9cc3-6c143ce0ea53,80e74466-e2c4-4a93-8c66-21217fabc5d4,e67a2f75-8c79-461f-8d83-c92f21259b68
84fa2156-29fc-4c47-9cc3-6c143ce0ea53,4c534c92-9a8c-4808-8619-3a9c5e4ea78a,2ab8ffce-6cb3-4004-8f99-d32bbd921dda,->,84fa2156-29fc-4c47-9cc3-6c143ce0ea53,80e74466-e2c4-4a93-8c66-21217fabc5d4,e7453b01-7a7c-4f37-b2e0-62343ce2a159
84fa2156-29fc-4c47-9cc3-6c143ce0ea53,4c534c92-9a8c-4808-8619-3a9c5e4ea78a,2ab8ffce-6cb3-4004-8f99-d32bbd921dda,->,84fa2156-29fc-4c47-9cc3-6c143ce0ea53,80e74466-e2c4-4a93-8c66-21217fabc5d4,e7453b01-7a7c-4f37-b2e0-62343ce2a159
84fa2156-29fc-4c47-9cc3-6c143ce0ea53,4c534c92-9a8c-4808-8619-3a9c5e4ea78a,2ab8ffce-6cb3-4004-8f99-d32bbd921dda,->,84fa2156-29fc-4c47-9cc3-6c143ce0ea53,4c534c92-9a8c-4808-8619-3a9c5e4ea78a,2b20cc56-a6f4-41de-bfa7-5c796f9ea117
84fa2156-29fc-4c47-9cc3-6c143ce0ea53,4c534c92-9a8c-4808-8619-3a9c5e4ea78a,2ab8ffce-6cb3-4004-8f99-d32bbd921dda,->,84fa2156-29fc-4c47-9cc3-6c143ce0ea53,80e74466-e2c4-4a93-8c66-21217fabc5d4,e67a2f75-8c79-461f-8d83-c92f21259b68
84fa2156-29fc-4c47-9cc3-6c143ce0ea53,4c534c92-9a8c-4808-8619-3a9c5e4ea78a,2ab8ffce-6cb3-4004-8f99-d32bbd921dda,->,84fa2156-29fc-4c47-9cc3-6c143ce0ea53,80e74466-e2c4-4a93-8c66-21217fabc5d4,e7453b01-7a7c-4f37-b2e0-62343ce2a159
84fa2156-29fc-4c47-9cc3-6c143ce0ea53,4c534c92-9a8c-4808-8619-3a9c5e4ea78a,2ab8ffce-6cb3-4004-8f99-d32bbd921dda,->,84fa2156-29fc-4c47-9cc3-6c143ce0ea53,80e74466-e2c4-4a93-8c66-21217fabc5d4,e7453b01-7a7c-4f37-b2e0-62343ce2a159
84fa2156-29fc-4c47-9cc3-6c143ce0ea53,4c534c92-9a8c-4808-8619-3a9c5e4ea78a,2ab8ffce-6cb3-4004-8f99-d32bbd921dda,->,84fa2156-29fc-4c47-9cc3-6c143ce0ea53,4c534c92-9a8c-4808-8619-3a9c5e4ea78a,2b20cc56-a6f4-41de-bfa7-5c796f9ea117
84fa2156-29fc-4c47-9cc3-6c143ce0ea53,4c534c92-9a8c-4808-8619-3a9c5e4ea78a,2ab8ffce-6cb3-4004-8f99-d32bbd921dda,->,84fa2156-29fc-4c47-9cc3-6c143ce0ea53,80e74466-e2c4-4a93-8c66-21217fabc5d4,e67a2f75-8c79-461f-8d83-c92f21259b68
84fa2156-29fc-4c47-9cc3-6c143ce0ea53,4c534c92-9a8c-4808-8619-3a9c5e4ea78a,2ab8ffce-6cb3-4004-8f99-d32bbd921dda,->,84fa2156-29fc-4c47-9cc3-6c143ce0ea53,80e74466-e2c4-4a93-8c66-21217fabc5d4,e7453b01-7a7c-4f37-b2e0-62343ce2a159
84fa2156-29fc-4c47-9cc3-6c143ce0ea53,4c534c92-9a8c-4808-8619-3a9c5e4ea78a,2ab8ffce-6cb3-4004-8f99-d32bbd921dda,->,84fa2156-29fc-4c47-9cc3-6c143ce0ea53,80e74466-e2c4-4a93-8c66-21217fabc5d4,e7453b01-7a7c-4f37-b2e0-62343ce2a159
84fa2156-29fc-4c47-9cc3-6c143ce0ea53,4c534c92-9a8c-4808-8619-3a9c5e4ea78a,2ab8ffce-6cb3-4004-8f99-d32bbd921dda,->,84fa2156-29fc-4c47-9cc3-6c143ce0ea53,4c534c92-9a8c-4808-8619-3a9c5e4ea78a,2b20cc56-a6f4-41de-bfa7-5c796f9ea117
84fa2156-29fc-4c47-9cc3-6c143ce0ea53,4c534c92-9a8c-4808-8619-3a9c5e4ea78a,2ab8ffce-6cb3-4004-8f99-d32bbd921dda,->,84fa2156-29fc-4c47-9cc3-6c143ce0ea53,80e74466-e2c4-4a93-8c66-21217fabc5d4,e67a2f75-8c79-461f-8d83-c92f21259b68
