caller_project_id,caller_class_id,caller_method_id,CALL_DIRECTION,callee_project_id,callee_class_id,callee_method_id
affa9014-f0f1-4dab-ab49-d207a31eacb5,Counting$1.java,actionPerformed,->,affa9014-f0f1-4dab-ab49-d207a31eacb5,java/lang/System.java,exit
affa9014-f0f1-4dab-ab49-d207a31eacb5,Counting$2.java,actionPerformed,->,affa9014-f0f1-4dab-ab49-d207a31eacb5,java/lang/Integer.java,intValue
affa9014-f0f1-4dab-ab49-d207a31eacb5,Counting$2.java,actionPerformed,->,affa9014-f0f1-4dab-ab49-d207a31eacb5,cd5826c8-ab1d-458f-a75a-5974be024937,8f3e8f13-c6eb-4ba1-870b-755a0a78917f
affa9014-f0f1-4dab-ab49-d207a31eacb5,cd5826c8-ab1d-458f-a75a-5974be024937,23cc1a85-0b45-4e09-84f3-cf8e613a5930,->,affa9014-f0f1-4dab-ab49-d207a31eacb5,javax/swing/JFrame.java,addKeyListener
affa9014-f0f1-4dab-ab49-d207a31eacb5,cd5826c8-ab1d-458f-a75a-5974be024937,23cc1a85-0b45-4e09-84f3-cf8e613a5930,->,affa9014-f0f1-4dab-ab49-d207a31eacb5,javax/swing/JMenu.java,add
affa9014-f0f1-4dab-ab49-d207a31eacb5,cd5826c8-ab1d-458f-a75a-5974be024937,23cc1a85-0b45-4e09-84f3-cf8e613a5930,->,affa9014-f0f1-4dab-ab49-d207a31eacb5,javax/swing/JMenuItem.java,addActionListener
affa9014-f0f1-4dab-ab49-d207a31eacb5,cd5826c8-ab1d-458f-a75a-5974be024937,23cc1a85-0b45-4e09-84f3-cf8e613a5930,->,affa9014-f0f1-4dab-ab49-d207a31eacb5,javax/swing/JMenu.java,setMnemonic
affa9014-f0f1-4dab-ab49-d207a31eacb5,cd5826c8-ab1d-458f-a75a-5974be024937,23cc1a85-0b45-4e09-84f3-cf8e613a5930,->,affa9014-f0f1-4dab-ab49-d207a31eacb5,javax/swing/JMenu.java,setFont
affa9014-f0f1-4dab-ab49-d207a31eacb5,cd5826c8-ab1d-458f-a75a-5974be024937,23cc1a85-0b45-4e09-84f3-cf8e613a5930,->,affa9014-f0f1-4dab-ab49-d207a31eacb5,javax/swing/JMenu.java,setFont
affa9014-f0f1-4dab-ab49-d207a31eacb5,cd5826c8-ab1d-458f-a75a-5974be024937,23cc1a85-0b45-4e09-84f3-cf8e613a5930,->,affa9014-f0f1-4dab-ab49-d207a31eacb5,javax/swing/JMenu.java,setFont
affa9014-f0f1-4dab-ab49-d207a31eacb5,cd5826c8-ab1d-458f-a75a-5974be024937,23cc1a85-0b45-4e09-84f3-cf8e613a5930,->,affa9014-f0f1-4dab-ab49-d207a31eacb5,javax/swing/JMenu.java,setFont
affa9014-f0f1-4dab-ab49-d207a31eacb5,cd5826c8-ab1d-458f-a75a-5974be024937,23cc1a85-0b45-4e09-84f3-cf8e613a5930,->,affa9014-f0f1-4dab-ab49-d207a31eacb5,javax/swing/JMenu.java,setFont
affa9014-f0f1-4dab-ab49-d207a31eacb5,cd5826c8-ab1d-458f-a75a-5974be024937,23cc1a85-0b45-4e09-84f3-cf8e613a5930,->,affa9014-f0f1-4dab-ab49-d207a31eacb5,828d5f87-0dee-4690-ad21-e97e2075e09e,04225a2f-5b96-4172-b5cb-1a55911b07a0
affa9014-f0f1-4dab-ab49-d207a31eacb5,cd5826c8-ab1d-458f-a75a-5974be024937,23cc1a85-0b45-4e09-84f3-cf8e613a5930,->,affa9014-f0f1-4dab-ab49-d207a31eacb5,java/util/List.java,iterator
affa9014-f0f1-4dab-ab49-d207a31eacb5,cd5826c8-ab1d-458f-a75a-5974be024937,23cc1a85-0b45-4e09-84f3-cf8e613a5930,->,affa9014-f0f1-4dab-ab49-d207a31eacb5,java/util/Iterator.java,hasNext
affa9014-f0f1-4dab-ab49-d207a31eacb5,cd5826c8-ab1d-458f-a75a-5974be024937,23cc1a85-0b45-4e09-84f3-cf8e613a5930,->,affa9014-f0f1-4dab-ab49-d207a31eacb5,java/util/Iterator.java,next
affa9014-f0f1-4dab-ab49-d207a31eacb5,cd5826c8-ab1d-458f-a75a-5974be024937,23cc1a85-0b45-4e09-84f3-cf8e613a5930,->,affa9014-f0f1-4dab-ab49-d207a31eacb5,java/lang/Integer.java,toString
affa9014-f0f1-4dab-ab49-d207a31eacb5,cd5826c8-ab1d-458f-a75a-5974be024937,23cc1a85-0b45-4e09-84f3-cf8e613a5930,->,affa9014-f0f1-4dab-ab49-d207a31eacb5,java/lang/Integer.java,intValue
affa9014-f0f1-4dab-ab49-d207a31eacb5,cd5826c8-ab1d-458f-a75a-5974be024937,23cc1a85-0b45-4e09-84f3-cf8e613a5930,->,affa9014-f0f1-4dab-ab49-d207a31eacb5,828d5f87-0dee-4690-ad21-e97e2075e09e,8892dfea-3a1d-4cf9-a3d7-19ef7ea29e7e
affa9014-f0f1-4dab-ab49-d207a31eacb5,cd5826c8-ab1d-458f-a75a-5974be024937,23cc1a85-0b45-4e09-84f3-cf8e613a5930,->,affa9014-f0f1-4dab-ab49-d207a31eacb5,javax/swing/JMenuItem.java,setBackground
affa9014-f0f1-4dab-ab49-d207a31eacb5,cd5826c8-ab1d-458f-a75a-5974be024937,23cc1a85-0b45-4e09-84f3-cf8e613a5930,->,affa9014-f0f1-4dab-ab49-d207a31eacb5,javax/swing/JMenu.java,add
affa9014-f0f1-4dab-ab49-d207a31eacb5,cd5826c8-ab1d-458f-a75a-5974be024937,23cc1a85-0b45-4e09-84f3-cf8e613a5930,->,affa9014-f0f1-4dab-ab49-d207a31eacb5,javax/swing/JMenuItem.java,addActionListener
affa9014-f0f1-4dab-ab49-d207a31eacb5,cd5826c8-ab1d-458f-a75a-5974be024937,23cc1a85-0b45-4e09-84f3-cf8e613a5930,->,affa9014-f0f1-4dab-ab49-d207a31eacb5,javax/swing/JMenu.java,addSeparator
affa9014-f0f1-4dab-ab49-d207a31eacb5,cd5826c8-ab1d-458f-a75a-5974be024937,23cc1a85-0b45-4e09-84f3-cf8e613a5930,->,affa9014-f0f1-4dab-ab49-d207a31eacb5,javax/swing/JMenu.java,add
affa9014-f0f1-4dab-ab49-d207a31eacb5,cd5826c8-ab1d-458f-a75a-5974be024937,23cc1a85-0b45-4e09-84f3-cf8e613a5930,->,affa9014-f0f1-4dab-ab49-d207a31eacb5,javax/swing/JMenuBar.java,add
affa9014-f0f1-4dab-ab49-d207a31eacb5,cd5826c8-ab1d-458f-a75a-5974be024937,23cc1a85-0b45-4e09-84f3-cf8e613a5930,->,affa9014-f0f1-4dab-ab49-d207a31eacb5,javax/swing/JMenuBar.java,add
affa9014-f0f1-4dab-ab49-d207a31eacb5,cd5826c8-ab1d-458f-a75a-5974be024937,23cc1a85-0b45-4e09-84f3-cf8e613a5930,->,affa9014-f0f1-4dab-ab49-d207a31eacb5,javax/swing/JMenuBar.java,add
affa9014-f0f1-4dab-ab49-d207a31eacb5,cd5826c8-ab1d-458f-a75a-5974be024937,23cc1a85-0b45-4e09-84f3-cf8e613a5930,->,affa9014-f0f1-4dab-ab49-d207a31eacb5,javax/swing/JFrame.java,setJMenuBar
affa9014-f0f1-4dab-ab49-d207a31eacb5,cd5826c8-ab1d-458f-a75a-5974be024937,23cc1a85-0b45-4e09-84f3-cf8e613a5930,->,affa9014-f0f1-4dab-ab49-d207a31eacb5,javax/swing/JMenuBar.java,add
affa9014-f0f1-4dab-ab49-d207a31eacb5,cd5826c8-ab1d-458f-a75a-5974be024937,23cc1a85-0b45-4e09-84f3-cf8e613a5930,->,affa9014-f0f1-4dab-ab49-d207a31eacb5,javax/swing/JMenuBar.java,add
affa9014-f0f1-4dab-ab49-d207a31eacb5,cd5826c8-ab1d-458f-a75a-5974be024937,23cc1a85-0b45-4e09-84f3-cf8e613a5930,->,affa9014-f0f1-4dab-ab49-d207a31eacb5,javax/swing/JMenuBar.java,add
affa9014-f0f1-4dab-ab49-d207a31eacb5,cd5826c8-ab1d-458f-a75a-5974be024937,23cc1a85-0b45-4e09-84f3-cf8e613a5930,->,affa9014-f0f1-4dab-ab49-d207a31eacb5,javax/swing/JMenuBar.java,add
affa9014-f0f1-4dab-ab49-d207a31eacb5,cd5826c8-ab1d-458f-a75a-5974be024937,23cc1a85-0b45-4e09-84f3-cf8e613a5930,->,affa9014-f0f1-4dab-ab49-d207a31eacb5,javax/swing/JMenuBar.java,add
affa9014-f0f1-4dab-ab49-d207a31eacb5,cd5826c8-ab1d-458f-a75a-5974be024937,23cc1a85-0b45-4e09-84f3-cf8e613a5930,->,affa9014-f0f1-4dab-ab49-d207a31eacb5,javax/swing/JMenuBar.java,add
affa9014-f0f1-4dab-ab49-d207a31eacb5,cd5826c8-ab1d-458f-a75a-5974be024937,23cc1a85-0b45-4e09-84f3-cf8e613a5930,->,affa9014-f0f1-4dab-ab49-d207a31eacb5,RoundedPanel.java,setLayout
affa9014-f0f1-4dab-ab49-d207a31eacb5,cd5826c8-ab1d-458f-a75a-5974be024937,23cc1a85-0b45-4e09-84f3-cf8e613a5930,->,affa9014-f0f1-4dab-ab49-d207a31eacb5,RoundedPanel.java,setBounds
affa9014-f0f1-4dab-ab49-d207a31eacb5,cd5826c8-ab1d-458f-a75a-5974be024937,23cc1a85-0b45-4e09-84f3-cf8e613a5930,->,affa9014-f0f1-4dab-ab49-d207a31eacb5,RoundedPanel.java,setFocusable
affa9014-f0f1-4dab-ab49-d207a31eacb5,cd5826c8-ab1d-458f-a75a-5974be024937,23cc1a85-0b45-4e09-84f3-cf8e613a5930,->,affa9014-f0f1-4dab-ab49-d207a31eacb5,3fc2c088-4ce2-4842-a7f6-5bc0c306a2c9,0c18f6ef-763a-46c0-8459-2b559261cd5c
affa9014-f0f1-4dab-ab49-d207a31eacb5,cd5826c8-ab1d-458f-a75a-5974be024937,23cc1a85-0b45-4e09-84f3-cf8e613a5930,->,affa9014-f0f1-4dab-ab49-d207a31eacb5,javax/swing/JPanel.java,setBackground
affa9014-f0f1-4dab-ab49-d207a31eacb5,cd5826c8-ab1d-458f-a75a-5974be024937,23cc1a85-0b45-4e09-84f3-cf8e613a5930,->,affa9014-f0f1-4dab-ab49-d207a31eacb5,javax/swing/JPanel.java,setBorder
affa9014-f0f1-4dab-ab49-d207a31eacb5,cd5826c8-ab1d-458f-a75a-5974be024937,23cc1a85-0b45-4e09-84f3-cf8e613a5930,->,affa9014-f0f1-4dab-ab49-d207a31eacb5,javax/swing/Box.java,createRigidArea
affa9014-f0f1-4dab-ab49-d207a31eacb5,cd5826c8-ab1d-458f-a75a-5974be024937,23cc1a85-0b45-4e09-84f3-cf8e613a5930,->,affa9014-f0f1-4dab-ab49-d207a31eacb5,RoundedPanel.java,add
affa9014-f0f1-4dab-ab49-d207a31eacb5,cd5826c8-ab1d-458f-a75a-5974be024937,23cc1a85-0b45-4e09-84f3-cf8e613a5930,->,affa9014-f0f1-4dab-ab49-d207a31eacb5,javax/swing/JLabel.java,setFont
affa9014-f0f1-4dab-ab49-d207a31eacb5,cd5826c8-ab1d-458f-a75a-5974be024937,23cc1a85-0b45-4e09-84f3-cf8e613a5930,->,affa9014-f0f1-4dab-ab49-d207a31eacb5,RoundedPanel.java,add
affa9014-f0f1-4dab-ab49-d207a31eacb5,cd5826c8-ab1d-458f-a75a-5974be024937,23cc1a85-0b45-4e09-84f3-cf8e613a5930,->,affa9014-f0f1-4dab-ab49-d207a31eacb5,javax/swing/Box.java,createRigidArea
affa9014-f0f1-4dab-ab49-d207a31eacb5,cd5826c8-ab1d-458f-a75a-5974be024937,23cc1a85-0b45-4e09-84f3-cf8e613a5930,->,affa9014-f0f1-4dab-ab49-d207a31eacb5,RoundedPanel.java,add
affa9014-f0f1-4dab-ab49-d207a31eacb5,cd5826c8-ab1d-458f-a75a-5974be024937,23cc1a85-0b45-4e09-84f3-cf8e613a5930,->,affa9014-f0f1-4dab-ab49-d207a31eacb5,javax/swing/JPanel.java,add
affa9014-f0f1-4dab-ab49-d207a31eacb5,cd5826c8-ab1d-458f-a75a-5974be024937,23cc1a85-0b45-4e09-84f3-cf8e613a5930,->,affa9014-f0f1-4dab-ab49-d207a31eacb5,javax/swing/JPanel.java,setLayout
affa9014-f0f1-4dab-ab49-d207a31eacb5,cd5826c8-ab1d-458f-a75a-5974be024937,23cc1a85-0b45-4e09-84f3-cf8e613a5930,->,affa9014-f0f1-4dab-ab49-d207a31eacb5,javax/swing/JPanel.java,setAlignmentY
affa9014-f0f1-4dab-ab49-d207a31eacb5,cd5826c8-ab1d-458f-a75a-5974be024937,23cc1a85-0b45-4e09-84f3-cf8e613a5930,->,affa9014-f0f1-4dab-ab49-d207a31eacb5,javax/swing/JPanel.java,setBackground
affa9014-f0f1-4dab-ab49-d207a31eacb5,cd5826c8-ab1d-458f-a75a-5974be024937,23cc1a85-0b45-4e09-84f3-cf8e613a5930,->,affa9014-f0f1-4dab-ab49-d207a31eacb5,javax/swing/Box.java,createRigidArea
affa9014-f0f1-4dab-ab49-d207a31eacb5,cd5826c8-ab1d-458f-a75a-5974be024937,23cc1a85-0b45-4e09-84f3-cf8e613a5930,->,affa9014-f0f1-4dab-ab49-d207a31eacb5,javax/swing/JPanel.java,add
affa9014-f0f1-4dab-ab49-d207a31eacb5,cd5826c8-ab1d-458f-a75a-5974be024937,23cc1a85-0b45-4e09-84f3-cf8e613a5930,->,affa9014-f0f1-4dab-ab49-d207a31eacb5,828d5f87-0dee-4690-ad21-e97e2075e09e,9c2d5f75-3247-4dfa-90bf-5a67b313c7a4
affa9014-f0f1-4dab-ab49-d207a31eacb5,cd5826c8-ab1d-458f-a75a-5974be024937,23cc1a85-0b45-4e09-84f3-cf8e613a5930,->,affa9014-f0f1-4dab-ab49-d207a31eacb5,java/lang/Integer.java,valueOf
affa9014-f0f1-4dab-ab49-d207a31eacb5,cd5826c8-ab1d-458f-a75a-5974be024937,23cc1a85-0b45-4e09-84f3-cf8e613a5930,->,affa9014-f0f1-4dab-ab49-d207a31eacb5,java/lang/Integer.java,toString
affa9014-f0f1-4dab-ab49-d207a31eacb5,cd5826c8-ab1d-458f-a75a-5974be024937,23cc1a85-0b45-4e09-84f3-cf8e613a5930,->,affa9014-f0f1-4dab-ab49-d207a31eacb5,javax/swing/JLabel.java,setFont
affa9014-f0f1-4dab-ab49-d207a31eacb5,cd5826c8-ab1d-458f-a75a-5974be024937,23cc1a85-0b45-4e09-84f3-cf8e613a5930,->,affa9014-f0f1-4dab-ab49-d207a31eacb5,javax/swing/JPanel.java,add
affa9014-f0f1-4dab-ab49-d207a31eacb5,cd5826c8-ab1d-458f-a75a-5974be024937,23cc1a85-0b45-4e09-84f3-cf8e613a5930,->,affa9014-f0f1-4dab-ab49-d207a31eacb5,javax/swing/Box.java,createRigidArea
affa9014-f0f1-4dab-ab49-d207a31eacb5,cd5826c8-ab1d-458f-a75a-5974be024937,23cc1a85-0b45-4e09-84f3-cf8e613a5930,->,affa9014-f0f1-4dab-ab49-d207a31eacb5,javax/swing/JPanel.java,add
affa9014-f0f1-4dab-ab49-d207a31eacb5,cd5826c8-ab1d-458f-a75a-5974be024937,23cc1a85-0b45-4e09-84f3-cf8e613a5930,->,affa9014-f0f1-4dab-ab49-d207a31eacb5,javax/swing/JLabel.java,setFont
affa9014-f0f1-4dab-ab49-d207a31eacb5,cd5826c8-ab1d-458f-a75a-5974be024937,23cc1a85-0b45-4e09-84f3-cf8e613a5930,->,affa9014-f0f1-4dab-ab49-d207a31eacb5,javax/swing/JPanel.java,add
affa9014-f0f1-4dab-ab49-d207a31eacb5,cd5826c8-ab1d-458f-a75a-5974be024937,23cc1a85-0b45-4e09-84f3-cf8e613a5930,->,affa9014-f0f1-4dab-ab49-d207a31eacb5,javax/swing/Box.java,createRigidArea
affa9014-f0f1-4dab-ab49-d207a31eacb5,cd5826c8-ab1d-458f-a75a-5974be024937,23cc1a85-0b45-4e09-84f3-cf8e613a5930,->,affa9014-f0f1-4dab-ab49-d207a31eacb5,javax/swing/JPanel.java,add
affa9014-f0f1-4dab-ab49-d207a31eacb5,cd5826c8-ab1d-458f-a75a-5974be024937,23cc1a85-0b45-4e09-84f3-cf8e613a5930,->,affa9014-f0f1-4dab-ab49-d207a31eacb5,828d5f87-0dee-4690-ad21-e97e2075e09e,e1885596-946a-4a19-8fbf-2eb57511a614
affa9014-f0f1-4dab-ab49-d207a31eacb5,cd5826c8-ab1d-458f-a75a-5974be024937,23cc1a85-0b45-4e09-84f3-cf8e613a5930,->,affa9014-f0f1-4dab-ab49-d207a31eacb5,java/lang/Integer.java,valueOf
affa9014-f0f1-4dab-ab49-d207a31eacb5,cd5826c8-ab1d-458f-a75a-5974be024937,23cc1a85-0b45-4e09-84f3-cf8e613a5930,->,affa9014-f0f1-4dab-ab49-d207a31eacb5,java/lang/Integer.java,toString
affa9014-f0f1-4dab-ab49-d207a31eacb5,cd5826c8-ab1d-458f-a75a-5974be024937,23cc1a85-0b45-4e09-84f3-cf8e613a5930,->,affa9014-f0f1-4dab-ab49-d207a31eacb5,java/lang/String.java,length
affa9014-f0f1-4dab-ab49-d207a31eacb5,cd5826c8-ab1d-458f-a75a-5974be024937,23cc1a85-0b45-4e09-84f3-cf8e613a5930,->,affa9014-f0f1-4dab-ab49-d207a31eacb5,javax/swing/JTextField.java,addKeyListener
affa9014-f0f1-4dab-ab49-d207a31eacb5,cd5826c8-ab1d-458f-a75a-5974be024937,23cc1a85-0b45-4e09-84f3-cf8e613a5930,->,affa9014-f0f1-4dab-ab49-d207a31eacb5,javax/swing/JTextField.java,setText
affa9014-f0f1-4dab-ab49-d207a31eacb5,cd5826c8-ab1d-458f-a75a-5974be024937,23cc1a85-0b45-4e09-84f3-cf8e613a5930,->,affa9014-f0f1-4dab-ab49-d207a31eacb5,javax/swing/JTextField.java,setFont
affa9014-f0f1-4dab-ab49-d207a31eacb5,cd5826c8-ab1d-458f-a75a-5974be024937,23cc1a85-0b45-4e09-84f3-cf8e613a5930,->,affa9014-f0f1-4dab-ab49-d207a31eacb5,javax/swing/BorderFactory.java,createEmptyBorder
affa9014-f0f1-4dab-ab49-d207a31eacb5,cd5826c8-ab1d-458f-a75a-5974be024937,23cc1a85-0b45-4e09-84f3-cf8e613a5930,->,affa9014-f0f1-4dab-ab49-d207a31eacb5,javax/swing/JTextField.java,setBorder
affa9014-f0f1-4dab-ab49-d207a31eacb5,cd5826c8-ab1d-458f-a75a-5974be024937,23cc1a85-0b45-4e09-84f3-cf8e613a5930,->,affa9014-f0f1-4dab-ab49-d207a31eacb5,javax/swing/JTextField.java,setBackground
affa9014-f0f1-4dab-ab49-d207a31eacb5,cd5826c8-ab1d-458f-a75a-5974be024937,23cc1a85-0b45-4e09-84f3-cf8e613a5930,->,affa9014-f0f1-4dab-ab49-d207a31eacb5,javax/swing/JTextField.java,getDocument
affa9014-f0f1-4dab-ab49-d207a31eacb5,cd5826c8-ab1d-458f-a75a-5974be024937,23cc1a85-0b45-4e09-84f3-cf8e613a5930,->,affa9014-f0f1-4dab-ab49-d207a31eacb5,java/lang/String.java,charAt
affa9014-f0f1-4dab-ab49-d207a31eacb5,cd5826c8-ab1d-458f-a75a-5974be024937,23cc1a85-0b45-4e09-84f3-cf8e613a5930,->,affa9014-f0f1-4dab-ab49-d207a31eacb5,javax/swing/text/PlainDocument.java,setDocumentFilter
affa9014-f0f1-4dab-ab49-d207a31eacb5,cd5826c8-ab1d-458f-a75a-5974be024937,23cc1a85-0b45-4e09-84f3-cf8e613a5930,->,affa9014-f0f1-4dab-ab49-d207a31eacb5,javax/swing/JTextField.java,setVisible
affa9014-f0f1-4dab-ab49-d207a31eacb5,cd5826c8-ab1d-458f-a75a-5974be024937,23cc1a85-0b45-4e09-84f3-cf8e613a5930,->,affa9014-f0f1-4dab-ab49-d207a31eacb5,javax/swing/text/PlainDocument.java,setDocumentFilter
affa9014-f0f1-4dab-ab49-d207a31eacb5,cd5826c8-ab1d-458f-a75a-5974be024937,23cc1a85-0b45-4e09-84f3-cf8e613a5930,->,affa9014-f0f1-4dab-ab49-d207a31eacb5,javax/swing/JTextField.java,setVisible
affa9014-f0f1-4dab-ab49-d207a31eacb5,cd5826c8-ab1d-458f-a75a-5974be024937,23cc1a85-0b45-4e09-84f3-cf8e613a5930,->,affa9014-f0f1-4dab-ab49-d207a31eacb5,javax/swing/JPanel.java,add
affa9014-f0f1-4dab-ab49-d207a31eacb5,cd5826c8-ab1d-458f-a75a-5974be024937,23cc1a85-0b45-4e09-84f3-cf8e613a5930,->,affa9014-f0f1-4dab-ab49-d207a31eacb5,RoundedPanel.java,add
affa9014-f0f1-4dab-ab49-d207a31eacb5,cd5826c8-ab1d-458f-a75a-5974be024937,23cc1a85-0b45-4e09-84f3-cf8e613a5930,->,affa9014-f0f1-4dab-ab49-d207a31eacb5,javax/swing/JPanel.java,setBackground
affa9014-f0f1-4dab-ab49-d207a31eacb5,cd5826c8-ab1d-458f-a75a-5974be024937,23cc1a85-0b45-4e09-84f3-cf8e613a5930,->,affa9014-f0f1-4dab-ab49-d207a31eacb5,javax/swing/JLabel.java,setVisible
affa9014-f0f1-4dab-ab49-d207a31eacb5,cd5826c8-ab1d-458f-a75a-5974be024937,23cc1a85-0b45-4e09-84f3-cf8e613a5930,->,affa9014-f0f1-4dab-ab49-d207a31eacb5,RoundedPanel.java,add
affa9014-f0f1-4dab-ab49-d207a31eacb5,cd5826c8-ab1d-458f-a75a-5974be024937,23cc1a85-0b45-4e09-84f3-cf8e613a5930,->,affa9014-f0f1-4dab-ab49-d207a31eacb5,javax/swing/JLabel.java,setFont
affa9014-f0f1-4dab-ab49-d207a31eacb5,cd5826c8-ab1d-458f-a75a-5974be024937,23cc1a85-0b45-4e09-84f3-cf8e613a5930,->,affa9014-f0f1-4dab-ab49-d207a31eacb5,RoundedPanel.java,add
affa9014-f0f1-4dab-ab49-d207a31eacb5,cd5826c8-ab1d-458f-a75a-5974be024937,23cc1a85-0b45-4e09-84f3-cf8e613a5930,->,affa9014-f0f1-4dab-ab49-d207a31eacb5,javax/swing/JFrame.java,add
affa9014-f0f1-4dab-ab49-d207a31eacb5,cd5826c8-ab1d-458f-a75a-5974be024937,23cc1a85-0b45-4e09-84f3-cf8e613a5930,->,affa9014-f0f1-4dab-ab49-d207a31eacb5,javax/swing/JPanel.java,setBackground
affa9014-f0f1-4dab-ab49-d207a31eacb5,cd5826c8-ab1d-458f-a75a-5974be024937,23cc1a85-0b45-4e09-84f3-cf8e613a5930,->,affa9014-f0f1-4dab-ab49-d207a31eacb5,javax/swing/JPanel.java,setMaximumSize
affa9014-f0f1-4dab-ab49-d207a31eacb5,cd5826c8-ab1d-458f-a75a-5974be024937,23cc1a85-0b45-4e09-84f3-cf8e613a5930,->,affa9014-f0f1-4dab-ab49-d207a31eacb5,javax/swing/JLabel.java,setFont
affa9014-f0f1-4dab-ab49-d207a31eacb5,cd5826c8-ab1d-458f-a75a-5974be024937,23cc1a85-0b45-4e09-84f3-cf8e613a5930,->,affa9014-f0f1-4dab-ab49-d207a31eacb5,javax/swing/JPanel.java,add
affa9014-f0f1-4dab-ab49-d207a31eacb5,cd5826c8-ab1d-458f-a75a-5974be024937,23cc1a85-0b45-4e09-84f3-cf8e613a5930,->,affa9014-f0f1-4dab-ab49-d207a31eacb5,javax/swing/JPanel.java,add
affa9014-f0f1-4dab-ab49-d207a31eacb5,cd5826c8-ab1d-458f-a75a-5974be024937,23cc1a85-0b45-4e09-84f3-cf8e613a5930,->,affa9014-f0f1-4dab-ab49-d207a31eacb5,javax/swing/JFrame.java,setTitle
affa9014-f0f1-4dab-ab49-d207a31eacb5,cd5826c8-ab1d-458f-a75a-5974be024937,23cc1a85-0b45-4e09-84f3-cf8e613a5930,->,affa9014-f0f1-4dab-ab49-d207a31eacb5,javax/swing/JFrame.java,setDefaultCloseOperation
affa9014-f0f1-4dab-ab49-d207a31eacb5,cd5826c8-ab1d-458f-a75a-5974be024937,23cc1a85-0b45-4e09-84f3-cf8e613a5930,->,affa9014-f0f1-4dab-ab49-d207a31eacb5,javax/swing/JFrame.java,setLocationRelativeTo
affa9014-f0f1-4dab-ab49-d207a31eacb5,cd5826c8-ab1d-458f-a75a-5974be024937,23cc1a85-0b45-4e09-84f3-cf8e613a5930,->,affa9014-f0f1-4dab-ab49-d207a31eacb5,javax/swing/JFrame.java,setExtendedState
affa9014-f0f1-4dab-ab49-d207a31eacb5,cd5826c8-ab1d-458f-a75a-5974be024937,23cc1a85-0b45-4e09-84f3-cf8e613a5930,->,affa9014-f0f1-4dab-ab49-d207a31eacb5,482bc59b-99da-49eb-845b-d6933212620f,8ecc08ab-f8c8-4257-ad40-b288ae4ef0b5
affa9014-f0f1-4dab-ab49-d207a31eacb5,cd5826c8-ab1d-458f-a75a-5974be024937,23cc1a85-0b45-4e09-84f3-cf8e613a5930,->,affa9014-f0f1-4dab-ab49-d207a31eacb5,482bc59b-99da-49eb-845b-d6933212620f,3ff9cb4b-28ae-4a97-bbda-b418ee32e881
affa9014-f0f1-4dab-ab49-d207a31eacb5,cd5826c8-ab1d-458f-a75a-5974be024937,23cc1a85-0b45-4e09-84f3-cf8e613a5930,->,affa9014-f0f1-4dab-ab49-d207a31eacb5,482bc59b-99da-49eb-845b-d6933212620f,8ecc08ab-f8c8-4257-ad40-b288ae4ef0b5
affa9014-f0f1-4dab-ab49-d207a31eacb5,cd5826c8-ab1d-458f-a75a-5974be024937,23cc1a85-0b45-4e09-84f3-cf8e613a5930,->,affa9014-f0f1-4dab-ab49-d207a31eacb5,java/lang/Integer.java,toString
affa9014-f0f1-4dab-ab49-d207a31eacb5,cd5826c8-ab1d-458f-a75a-5974be024937,23cc1a85-0b45-4e09-84f3-cf8e613a5930,->,affa9014-f0f1-4dab-ab49-d207a31eacb5,482bc59b-99da-49eb-845b-d6933212620f,ab212240-194d-4a39-8875-4882adb5a2e5
affa9014-f0f1-4dab-ab49-d207a31eacb5,cd5826c8-ab1d-458f-a75a-5974be024937,23cc1a85-0b45-4e09-84f3-cf8e613a5930,->,affa9014-f0f1-4dab-ab49-d207a31eacb5,javax/swing/JTextField.java,requestFocus
affa9014-f0f1-4dab-ab49-d207a31eacb5,cd5826c8-ab1d-458f-a75a-5974be024937,86a718fc-b89b-4708-a093-8fb673f54c8a,->,affa9014-f0f1-4dab-ab49-d207a31eacb5,java/lang/String.java,length
affa9014-f0f1-4dab-ab49-d207a31eacb5,cd5826c8-ab1d-458f-a75a-5974be024937,86a718fc-b89b-4708-a093-8fb673f54c8a,->,affa9014-f0f1-4dab-ab49-d207a31eacb5,java/lang/StringBuilder.java,append
affa9014-f0f1-4dab-ab49-d207a31eacb5,cd5826c8-ab1d-458f-a75a-5974be024937,86a718fc-b89b-4708-a093-8fb673f54c8a,->,affa9014-f0f1-4dab-ab49-d207a31eacb5,javax/swing/JTextField.java,getText
affa9014-f0f1-4dab-ab49-d207a31eacb5,cd5826c8-ab1d-458f-a75a-5974be024937,86a718fc-b89b-4708-a093-8fb673f54c8a,->,affa9014-f0f1-4dab-ab49-d207a31eacb5,java/lang/StringBuilder.java,append
affa9014-f0f1-4dab-ab49-d207a31eacb5,cd5826c8-ab1d-458f-a75a-5974be024937,86a718fc-b89b-4708-a093-8fb673f54c8a,->,affa9014-f0f1-4dab-ab49-d207a31eacb5,java/lang/StringBuilder.java,toString
affa9014-f0f1-4dab-ab49-d207a31eacb5,cd5826c8-ab1d-458f-a75a-5974be024937,86a718fc-b89b-4708-a093-8fb673f54c8a,->,affa9014-f0f1-4dab-ab49-d207a31eacb5,java/lang/String.java,equals
affa9014-f0f1-4dab-ab49-d207a31eacb5,cd5826c8-ab1d-458f-a75a-5974be024937,86a718fc-b89b-4708-a093-8fb673f54c8a,->,affa9014-f0f1-4dab-ab49-d207a31eacb5,java/lang/StringBuilder.java,append
affa9014-f0f1-4dab-ab49-d207a31eacb5,cd5826c8-ab1d-458f-a75a-5974be024937,86a718fc-b89b-4708-a093-8fb673f54c8a,->,affa9014-f0f1-4dab-ab49-d207a31eacb5,java/lang/StringBuilder.java,append
affa9014-f0f1-4dab-ab49-d207a31eacb5,cd5826c8-ab1d-458f-a75a-5974be024937,86a718fc-b89b-4708-a093-8fb673f54c8a,->,affa9014-f0f1-4dab-ab49-d207a31eacb5,java/lang/StringBuilder.java,toString
affa9014-f0f1-4dab-ab49-d207a31eacb5,cd5826c8-ab1d-458f-a75a-5974be024937,86a718fc-b89b-4708-a093-8fb673f54c8a,->,affa9014-f0f1-4dab-ab49-d207a31eacb5,javax/swing/JLabel.java,setText
affa9014-f0f1-4dab-ab49-d207a31eacb5,cd5826c8-ab1d-458f-a75a-5974be024937,86a718fc-b89b-4708-a093-8fb673f54c8a,->,affa9014-f0f1-4dab-ab49-d207a31eacb5,javax/swing/JLabel.java,setVisible
affa9014-f0f1-4dab-ab49-d207a31eacb5,cd5826c8-ab1d-458f-a75a-5974be024937,86a718fc-b89b-4708-a093-8fb673f54c8a,->,affa9014-f0f1-4dab-ab49-d207a31eacb5,javax/swing/JLabel.java,setFont
affa9014-f0f1-4dab-ab49-d207a31eacb5,cd5826c8-ab1d-458f-a75a-5974be024937,86a718fc-b89b-4708-a093-8fb673f54c8a,->,affa9014-f0f1-4dab-ab49-d207a31eacb5,482bc59b-99da-49eb-845b-d6933212620f,8ecc08ab-f8c8-4257-ad40-b288ae4ef0b5
affa9014-f0f1-4dab-ab49-d207a31eacb5,cd5826c8-ab1d-458f-a75a-5974be024937,86a718fc-b89b-4708-a093-8fb673f54c8a,->,affa9014-f0f1-4dab-ab49-d207a31eacb5,482bc59b-99da-49eb-845b-d6933212620f,ab212240-194d-4a39-8875-4882adb5a2e5
affa9014-f0f1-4dab-ab49-d207a31eacb5,cd5826c8-ab1d-458f-a75a-5974be024937,86a718fc-b89b-4708-a093-8fb673f54c8a,->,affa9014-f0f1-4dab-ab49-d207a31eacb5,482bc59b-99da-49eb-845b-d6933212620f,8ecc08ab-f8c8-4257-ad40-b288ae4ef0b5
affa9014-f0f1-4dab-ab49-d207a31eacb5,cd5826c8-ab1d-458f-a75a-5974be024937,86a718fc-b89b-4708-a093-8fb673f54c8a,->,affa9014-f0f1-4dab-ab49-d207a31eacb5,e2e6cd6f-2f33-4c81-bf2c-df8cfb8e2792,081fe691-5eb1-470d-8f70-8019242acbf9
affa9014-f0f1-4dab-ab49-d207a31eacb5,cd5826c8-ab1d-458f-a75a-5974be024937,86a718fc-b89b-4708-a093-8fb673f54c8a,->,affa9014-f0f1-4dab-ab49-d207a31eacb5,482bc59b-99da-49eb-845b-d6933212620f,ab212240-194d-4a39-8875-4882adb5a2e5
affa9014-f0f1-4dab-ab49-d207a31eacb5,cd5826c8-ab1d-458f-a75a-5974be024937,8f3e8f13-c6eb-4ba1-870b-755a0a78917f,->,affa9014-f0f1-4dab-ab49-d207a31eacb5,java/lang/String.java,length
affa9014-f0f1-4dab-ab49-d207a31eacb5,cd5826c8-ab1d-458f-a75a-5974be024937,8f3e8f13-c6eb-4ba1-870b-755a0a78917f,->,affa9014-f0f1-4dab-ab49-d207a31eacb5,javax/swing/JTextField.java,setVisible
affa9014-f0f1-4dab-ab49-d207a31eacb5,cd5826c8-ab1d-458f-a75a-5974be024937,8f3e8f13-c6eb-4ba1-870b-755a0a78917f,->,affa9014-f0f1-4dab-ab49-d207a31eacb5,javax/swing/JLabel.java,setVisible
affa9014-f0f1-4dab-ab49-d207a31eacb5,cd5826c8-ab1d-458f-a75a-5974be024937,8f3e8f13-c6eb-4ba1-870b-755a0a78917f,->,affa9014-f0f1-4dab-ab49-d207a31eacb5,828d5f87-0dee-4690-ad21-e97e2075e09e,8892dfea-3a1d-4cf9-a3d7-19ef7ea29e7e
affa9014-f0f1-4dab-ab49-d207a31eacb5,cd5826c8-ab1d-458f-a75a-5974be024937,8f3e8f13-c6eb-4ba1-870b-755a0a78917f,->,affa9014-f0f1-4dab-ab49-d207a31eacb5,javax/swing/JMenu.java,getItem
affa9014-f0f1-4dab-ab49-d207a31eacb5,cd5826c8-ab1d-458f-a75a-5974be024937,8f3e8f13-c6eb-4ba1-870b-755a0a78917f,->,affa9014-f0f1-4dab-ab49-d207a31eacb5,javax/swing/JMenu.java,getBackground
affa9014-f0f1-4dab-ab49-d207a31eacb5,cd5826c8-ab1d-458f-a75a-5974be024937,8f3e8f13-c6eb-4ba1-870b-755a0a78917f,->,affa9014-f0f1-4dab-ab49-d207a31eacb5,javax/swing/JMenuItem.java,setBackground
affa9014-f0f1-4dab-ab49-d207a31eacb5,cd5826c8-ab1d-458f-a75a-5974be024937,8f3e8f13-c6eb-4ba1-870b-755a0a78917f,->,affa9014-f0f1-4dab-ab49-d207a31eacb5,828d5f87-0dee-4690-ad21-e97e2075e09e,ffef6bd9-a34a-44b4-8877-c79de3d32788
affa9014-f0f1-4dab-ab49-d207a31eacb5,cd5826c8-ab1d-458f-a75a-5974be024937,8f3e8f13-c6eb-4ba1-870b-755a0a78917f,->,affa9014-f0f1-4dab-ab49-d207a31eacb5,javax/swing/JMenu.java,getItem
affa9014-f0f1-4dab-ab49-d207a31eacb5,cd5826c8-ab1d-458f-a75a-5974be024937,8f3e8f13-c6eb-4ba1-870b-755a0a78917f,->,affa9014-f0f1-4dab-ab49-d207a31eacb5,javax/swing/JMenuItem.java,setBackground
affa9014-f0f1-4dab-ab49-d207a31eacb5,cd5826c8-ab1d-458f-a75a-5974be024937,8f3e8f13-c6eb-4ba1-870b-755a0a78917f,->,affa9014-f0f1-4dab-ab49-d207a31eacb5,828d5f87-0dee-4690-ad21-e97e2075e09e,9c2d5f75-3247-4dfa-90bf-5a67b313c7a4
affa9014-f0f1-4dab-ab49-d207a31eacb5,cd5826c8-ab1d-458f-a75a-5974be024937,8f3e8f13-c6eb-4ba1-870b-755a0a78917f,->,affa9014-f0f1-4dab-ab49-d207a31eacb5,java/lang/Integer.java,valueOf
affa9014-f0f1-4dab-ab49-d207a31eacb5,cd5826c8-ab1d-458f-a75a-5974be024937,8f3e8f13-c6eb-4ba1-870b-755a0a78917f,->,affa9014-f0f1-4dab-ab49-d207a31eacb5,java/lang/Integer.java,toString
affa9014-f0f1-4dab-ab49-d207a31eacb5,cd5826c8-ab1d-458f-a75a-5974be024937,8f3e8f13-c6eb-4ba1-870b-755a0a78917f,->,affa9014-f0f1-4dab-ab49-d207a31eacb5,javax/swing/JLabel.java,setText
affa9014-f0f1-4dab-ab49-d207a31eacb5,cd5826c8-ab1d-458f-a75a-5974be024937,8f3e8f13-c6eb-4ba1-870b-755a0a78917f,->,affa9014-f0f1-4dab-ab49-d207a31eacb5,828d5f87-0dee-4690-ad21-e97e2075e09e,e1885596-946a-4a19-8fbf-2eb57511a614
affa9014-f0f1-4dab-ab49-d207a31eacb5,cd5826c8-ab1d-458f-a75a-5974be024937,8f3e8f13-c6eb-4ba1-870b-755a0a78917f,->,affa9014-f0f1-4dab-ab49-d207a31eacb5,java/lang/Integer.java,valueOf
affa9014-f0f1-4dab-ab49-d207a31eacb5,cd5826c8-ab1d-458f-a75a-5974be024937,8f3e8f13-c6eb-4ba1-870b-755a0a78917f,->,affa9014-f0f1-4dab-ab49-d207a31eacb5,java/lang/Integer.java,toString
affa9014-f0f1-4dab-ab49-d207a31eacb5,cd5826c8-ab1d-458f-a75a-5974be024937,8f3e8f13-c6eb-4ba1-870b-755a0a78917f,->,affa9014-f0f1-4dab-ab49-d207a31eacb5,java/lang/String.java,length
affa9014-f0f1-4dab-ab49-d207a31eacb5,cd5826c8-ab1d-458f-a75a-5974be024937,8f3e8f13-c6eb-4ba1-870b-755a0a78917f,->,affa9014-f0f1-4dab-ab49-d207a31eacb5,javax/swing/JTextField.java,setText
affa9014-f0f1-4dab-ab49-d207a31eacb5,cd5826c8-ab1d-458f-a75a-5974be024937,8f3e8f13-c6eb-4ba1-870b-755a0a78917f,->,affa9014-f0f1-4dab-ab49-d207a31eacb5,javax/swing/JTextField.java,setBackground
affa9014-f0f1-4dab-ab49-d207a31eacb5,cd5826c8-ab1d-458f-a75a-5974be024937,8f3e8f13-c6eb-4ba1-870b-755a0a78917f,->,affa9014-f0f1-4dab-ab49-d207a31eacb5,javax/swing/JTextField.java,setVisible
affa9014-f0f1-4dab-ab49-d207a31eacb5,cd5826c8-ab1d-458f-a75a-5974be024937,8f3e8f13-c6eb-4ba1-870b-755a0a78917f,->,affa9014-f0f1-4dab-ab49-d207a31eacb5,javax/swing/JTextField.java,getDocument
affa9014-f0f1-4dab-ab49-d207a31eacb5,cd5826c8-ab1d-458f-a75a-5974be024937,8f3e8f13-c6eb-4ba1-870b-755a0a78917f,->,affa9014-f0f1-4dab-ab49-d207a31eacb5,javax/swing/text/PlainDocument.java,getDocumentFilter
affa9014-f0f1-4dab-ab49-d207a31eacb5,cd5826c8-ab1d-458f-a75a-5974be024937,8f3e8f13-c6eb-4ba1-870b-755a0a78917f,->,affa9014-f0f1-4dab-ab49-d207a31eacb5,java/lang/String.java,charAt
affa9014-f0f1-4dab-ab49-d207a31eacb5,cd5826c8-ab1d-458f-a75a-5974be024937,8f3e8f13-c6eb-4ba1-870b-755a0a78917f,->,affa9014-f0f1-4dab-ab49-d207a31eacb5,MyDocumentFilter.java,setAnswer
affa9014-f0f1-4dab-ab49-d207a31eacb5,cd5826c8-ab1d-458f-a75a-5974be024937,8f3e8f13-c6eb-4ba1-870b-755a0a78917f,->,affa9014-f0f1-4dab-ab49-d207a31eacb5,javax/swing/JTextField.java,requestFocus
affa9014-f0f1-4dab-ab49-d207a31eacb5,cd5826c8-ab1d-458f-a75a-5974be024937,8f3e8f13-c6eb-4ba1-870b-755a0a78917f,->,affa9014-f0f1-4dab-ab49-d207a31eacb5,482bc59b-99da-49eb-845b-d6933212620f,8ecc08ab-f8c8-4257-ad40-b288ae4ef0b5
affa9014-f0f1-4dab-ab49-d207a31eacb5,cd5826c8-ab1d-458f-a75a-5974be024937,8f3e8f13-c6eb-4ba1-870b-755a0a78917f,->,affa9014-f0f1-4dab-ab49-d207a31eacb5,java/lang/Integer.java,toString
affa9014-f0f1-4dab-ab49-d207a31eacb5,cd5826c8-ab1d-458f-a75a-5974be024937,8f3e8f13-c6eb-4ba1-870b-755a0a78917f,->,affa9014-f0f1-4dab-ab49-d207a31eacb5,482bc59b-99da-49eb-845b-d6933212620f,ab212240-194d-4a39-8875-4882adb5a2e5
affa9014-f0f1-4dab-ab49-d207a31eacb5,cd5826c8-ab1d-458f-a75a-5974be024937,9473b0d1-6af4-4043-8127-7cb2f974b6e7,->,affa9014-f0f1-4dab-ab49-d207a31eacb5,java/awt/event/KeyEvent.java,getKeyCode
affa9014-f0f1-4dab-ab49-d207a31eacb5,cd5826c8-ab1d-458f-a75a-5974be024937,9473b0d1-6af4-4043-8127-7cb2f974b6e7,->,affa9014-f0f1-4dab-ab49-d207a31eacb5,828d5f87-0dee-4690-ad21-e97e2075e09e,8892dfea-3a1d-4cf9-a3d7-19ef7ea29e7e
affa9014-f0f1-4dab-ab49-d207a31eacb5,cd5826c8-ab1d-458f-a75a-5974be024937,9473b0d1-6af4-4043-8127-7cb2f974b6e7,->,affa9014-f0f1-4dab-ab49-d207a31eacb5,cd5826c8-ab1d-458f-a75a-5974be024937,8f3e8f13-c6eb-4ba1-870b-755a0a78917f
affa9014-f0f1-4dab-ab49-d207a31eacb5,cd5826c8-ab1d-458f-a75a-5974be024937,9473b0d1-6af4-4043-8127-7cb2f974b6e7,->,affa9014-f0f1-4dab-ab49-d207a31eacb5,java/io/PrintStream.java,println
affa9014-f0f1-4dab-ab49-d207a31eacb5,cd5826c8-ab1d-458f-a75a-5974be024937,9473b0d1-6af4-4043-8127-7cb2f974b6e7,->,affa9014-f0f1-4dab-ab49-d207a31eacb5,javax/swing/JMenu.java,doClick
affa9014-f0f1-4dab-ab49-d207a31eacb5,cd5826c8-ab1d-458f-a75a-5974be024937,9473b0d1-6af4-4043-8127-7cb2f974b6e7,->,affa9014-f0f1-4dab-ab49-d207a31eacb5,javax/swing/JMenu.java,doClick
affa9014-f0f1-4dab-ab49-d207a31eacb5,cd5826c8-ab1d-458f-a75a-5974be024937,9473b0d1-6af4-4043-8127-7cb2f974b6e7,->,affa9014-f0f1-4dab-ab49-d207a31eacb5,javax/swing/JMenu.java,doClick
affa9014-f0f1-4dab-ab49-d207a31eacb5,cd5826c8-ab1d-458f-a75a-5974be024937,9473b0d1-6af4-4043-8127-7cb2f974b6e7,->,affa9014-f0f1-4dab-ab49-d207a31eacb5,javax/swing/JMenu.java,doClick
affa9014-f0f1-4dab-ab49-d207a31eacb5,cd5826c8-ab1d-458f-a75a-5974be024937,9473b0d1-6af4-4043-8127-7cb2f974b6e7,->,affa9014-f0f1-4dab-ab49-d207a31eacb5,javax/swing/JMenu.java,doClick
affa9014-f0f1-4dab-ab49-d207a31eacb5,Game.java,startGame,->,affa9014-f0f1-4dab-ab49-d207a31eacb5,cd5826c8-ab1d-458f-a75a-5974be024937,23cc1a85-0b45-4e09-84f3-cf8e613a5930
affa9014-f0f1-4dab-ab49-d207a31eacb5,828d5f87-0dee-4690-ad21-e97e2075e09e,9c2d5f75-3247-4dfa-90bf-5a67b313c7a4,->,affa9014-f0f1-4dab-ab49-d207a31eacb5,828d5f87-0dee-4690-ad21-e97e2075e09e,7dd38563-d4cb-4ae7-ae95-13ea887a78d1
affa9014-f0f1-4dab-ab49-d207a31eacb5,828d5f87-0dee-4690-ad21-e97e2075e09e,9c2d5f75-3247-4dfa-90bf-5a67b313c7a4,->,affa9014-f0f1-4dab-ab49-d207a31eacb5,828d5f87-0dee-4690-ad21-e97e2075e09e,792afb28-791f-4298-a006-3b2f2b3d43ac
affa9014-f0f1-4dab-ab49-d207a31eacb5,828d5f87-0dee-4690-ad21-e97e2075e09e,9c2d5f75-3247-4dfa-90bf-5a67b313c7a4,->,affa9014-f0f1-4dab-ab49-d207a31eacb5,java/util/Random.java,nextInt
affa9014-f0f1-4dab-ab49-d207a31eacb5,828d5f87-0dee-4690-ad21-e97e2075e09e,04225a2f-5b96-4172-b5cb-1a55911b07a0,->,affa9014-f0f1-4dab-ab49-d207a31eacb5,java/lang/Integer.java,valueOf
affa9014-f0f1-4dab-ab49-d207a31eacb5,828d5f87-0dee-4690-ad21-e97e2075e09e,04225a2f-5b96-4172-b5cb-1a55911b07a0,->,affa9014-f0f1-4dab-ab49-d207a31eacb5,java/util/List.java,add
affa9014-f0f1-4dab-ab49-d207a31eacb5,ca260f45-2b14-436c-8747-9acd8fe3d1d6,58f62fe7-00c2-4329-a828-b7a814aeb75f,->,affa9014-f0f1-4dab-ab49-d207a31eacb5,java/awt/GraphicsEnvironment.java,getLocalGraphicsEnvironment
affa9014-f0f1-4dab-ab49-d207a31eacb5,ca260f45-2b14-436c-8747-9acd8fe3d1d6,58f62fe7-00c2-4329-a828-b7a814aeb75f,->,affa9014-f0f1-4dab-ab49-d207a31eacb5,java/awt/GraphicsEnvironment.java,getMaximumWindowBounds
affa9014-f0f1-4dab-ab49-d207a31eacb5,ca260f45-2b14-436c-8747-9acd8fe3d1d6,58f62fe7-00c2-4329-a828-b7a814aeb75f,->,affa9014-f0f1-4dab-ab49-d207a31eacb5,java/awt/GraphicsEnvironment.java,getLocalGraphicsEnvironment
affa9014-f0f1-4dab-ab49-d207a31eacb5,ca260f45-2b14-436c-8747-9acd8fe3d1d6,58f62fe7-00c2-4329-a828-b7a814aeb75f,->,affa9014-f0f1-4dab-ab49-d207a31eacb5,java/awt/GraphicsEnvironment.java,getMaximumWindowBounds
affa9014-f0f1-4dab-ab49-d207a31eacb5,ca260f45-2b14-436c-8747-9acd8fe3d1d6,54aabd6d-6598-4cd8-bfa1-0c1fa1dfb413,->,affa9014-f0f1-4dab-ab49-d207a31eacb5,java/awt/GraphicsEnvironment.java,getLocalGraphicsEnvironment
affa9014-f0f1-4dab-ab49-d207a31eacb5,ca260f45-2b14-436c-8747-9acd8fe3d1d6,54aabd6d-6598-4cd8-bfa1-0c1fa1dfb413,->,affa9014-f0f1-4dab-ab49-d207a31eacb5,java/awt/GraphicsEnvironment.java,getMaximumWindowBounds
affa9014-f0f1-4dab-ab49-d207a31eacb5,ca260f45-2b14-436c-8747-9acd8fe3d1d6,54aabd6d-6598-4cd8-bfa1-0c1fa1dfb413,->,affa9014-f0f1-4dab-ab49-d207a31eacb5,java/awt/GraphicsEnvironment.java,getLocalGraphicsEnvironment
affa9014-f0f1-4dab-ab49-d207a31eacb5,ca260f45-2b14-436c-8747-9acd8fe3d1d6,54aabd6d-6598-4cd8-bfa1-0c1fa1dfb413,->,affa9014-f0f1-4dab-ab49-d207a31eacb5,java/awt/GraphicsEnvironment.java,getMaximumWindowBounds
affa9014-f0f1-4dab-ab49-d207a31eacb5,MyDocumentFilter.java,replace,->,affa9014-f0f1-4dab-ab49-d207a31eacb5,java/lang/String.java,length
affa9014-f0f1-4dab-ab49-d207a31eacb5,MyDocumentFilter.java,replace,->,affa9014-f0f1-4dab-ab49-d207a31eacb5,java/lang/String.java,charAt
affa9014-f0f1-4dab-ab49-d207a31eacb5,MyDocumentFilter.java,replace,->,affa9014-f0f1-4dab-ab49-d207a31eacb5,java/lang/Character.java,isDigit
affa9014-f0f1-4dab-ab49-d207a31eacb5,MyDocumentFilter.java,replace,->,affa9014-f0f1-4dab-ab49-d207a31eacb5,java/lang/String.java,charAt
affa9014-f0f1-4dab-ab49-d207a31eacb5,MyDocumentFilter.java,replace,->,affa9014-f0f1-4dab-ab49-d207a31eacb5,javax/swing/text/DocumentFilter.java,remove
affa9014-f0f1-4dab-ab49-d207a31eacb5,MyDocumentFilter.java,replace,->,affa9014-f0f1-4dab-ab49-d207a31eacb5,javax/swing/text/DocumentFilter.java,insertString
affa9014-f0f1-4dab-ab49-d207a31eacb5,MyDocumentFilter.java,replace,->,affa9014-f0f1-4dab-ab49-d207a31eacb5,482bc59b-99da-49eb-845b-d6933212620f,8ecc08ab-f8c8-4257-ad40-b288ae4ef0b5
affa9014-f0f1-4dab-ab49-d207a31eacb5,MyDocumentFilter.java,replace,->,affa9014-f0f1-4dab-ab49-d207a31eacb5,482bc59b-99da-49eb-845b-d6933212620f,3ff9cb4b-28ae-4a97-bbda-b418ee32e881
affa9014-f0f1-4dab-ab49-d207a31eacb5,MyDocumentFilter.java,replace,->,affa9014-f0f1-4dab-ab49-d207a31eacb5,javax/swing/JTextField.java,getText
affa9014-f0f1-4dab-ab49-d207a31eacb5,MyDocumentFilter.java,replace,->,affa9014-f0f1-4dab-ab49-d207a31eacb5,java/lang/String.java,charAt
affa9014-f0f1-4dab-ab49-d207a31eacb5,MyDocumentFilter.java,replace,->,affa9014-f0f1-4dab-ab49-d207a31eacb5,javax/swing/JTextField.java,setBackground
affa9014-f0f1-4dab-ab49-d207a31eacb5,MyDocumentFilter.java,replace,->,affa9014-f0f1-4dab-ab49-d207a31eacb5,cd5826c8-ab1d-458f-a75a-5974be024937,86a718fc-b89b-4708-a093-8fb673f54c8a
affa9014-f0f1-4dab-ab49-d207a31eacb5,MyDocumentFilter.java,replace,->,affa9014-f0f1-4dab-ab49-d207a31eacb5,javax/swing/JTextField.java,setBackground
affa9014-f0f1-4dab-ab49-d207a31eacb5,3fc2c088-4ce2-4842-a7f6-5bc0c306a2c9,3e4d6153-05f9-430c-aa10-643954e803e5,->,affa9014-f0f1-4dab-ab49-d207a31eacb5,javax/swing/JPanel.java,paintComponent
affa9014-f0f1-4dab-ab49-d207a31eacb5,3fc2c088-4ce2-4842-a7f6-5bc0c306a2c9,3e4d6153-05f9-430c-aa10-643954e803e5,->,affa9014-f0f1-4dab-ab49-d207a31eacb5,RoundedPanel.java,getWidth
affa9014-f0f1-4dab-ab49-d207a31eacb5,3fc2c088-4ce2-4842-a7f6-5bc0c306a2c9,3e4d6153-05f9-430c-aa10-643954e803e5,->,affa9014-f0f1-4dab-ab49-d207a31eacb5,RoundedPanel.java,getHeight
affa9014-f0f1-4dab-ab49-d207a31eacb5,3fc2c088-4ce2-4842-a7f6-5bc0c306a2c9,3e4d6153-05f9-430c-aa10-643954e803e5,->,affa9014-f0f1-4dab-ab49-d207a31eacb5,java/awt/Color.java,getRed
affa9014-f0f1-4dab-ab49-d207a31eacb5,3fc2c088-4ce2-4842-a7f6-5bc0c306a2c9,3e4d6153-05f9-430c-aa10-643954e803e5,->,affa9014-f0f1-4dab-ab49-d207a31eacb5,java/awt/Color.java,getGreen
affa9014-f0f1-4dab-ab49-d207a31eacb5,3fc2c088-4ce2-4842-a7f6-5bc0c306a2c9,3e4d6153-05f9-430c-aa10-643954e803e5,->,affa9014-f0f1-4dab-ab49-d207a31eacb5,java/awt/Color.java,getBlue
affa9014-f0f1-4dab-ab49-d207a31eacb5,3fc2c088-4ce2-4842-a7f6-5bc0c306a2c9,3e4d6153-05f9-430c-aa10-643954e803e5,->,affa9014-f0f1-4dab-ab49-d207a31eacb5,java/awt/Graphics2D.java,setRenderingHint
affa9014-f0f1-4dab-ab49-d207a31eacb5,3fc2c088-4ce2-4842-a7f6-5bc0c306a2c9,3e4d6153-05f9-430c-aa10-643954e803e5,->,affa9014-f0f1-4dab-ab49-d207a31eacb5,java/awt/Graphics2D.java,setColor
affa9014-f0f1-4dab-ab49-d207a31eacb5,3fc2c088-4ce2-4842-a7f6-5bc0c306a2c9,3e4d6153-05f9-430c-aa10-643954e803e5,->,affa9014-f0f1-4dab-ab49-d207a31eacb5,java/awt/Graphics2D.java,fillRoundRect
affa9014-f0f1-4dab-ab49-d207a31eacb5,3fc2c088-4ce2-4842-a7f6-5bc0c306a2c9,3e4d6153-05f9-430c-aa10-643954e803e5,->,affa9014-f0f1-4dab-ab49-d207a31eacb5,java/awt/Graphics2D.java,setColor
affa9014-f0f1-4dab-ab49-d207a31eacb5,3fc2c088-4ce2-4842-a7f6-5bc0c306a2c9,3e4d6153-05f9-430c-aa10-643954e803e5,->,affa9014-f0f1-4dab-ab49-d207a31eacb5,java/awt/Graphics2D.java,fillRoundRect
affa9014-f0f1-4dab-ab49-d207a31eacb5,3fc2c088-4ce2-4842-a7f6-5bc0c306a2c9,3e4d6153-05f9-430c-aa10-643954e803e5,->,affa9014-f0f1-4dab-ab49-d207a31eacb5,java/awt/Graphics2D.java,setStroke
affa9014-f0f1-4dab-ab49-d207a31eacb5,3fc2c088-4ce2-4842-a7f6-5bc0c306a2c9,3e4d6153-05f9-430c-aa10-643954e803e5,->,affa9014-f0f1-4dab-ab49-d207a31eacb5,RoundedPanel.java,getForeground
affa9014-f0f1-4dab-ab49-d207a31eacb5,3fc2c088-4ce2-4842-a7f6-5bc0c306a2c9,3e4d6153-05f9-430c-aa10-643954e803e5,->,affa9014-f0f1-4dab-ab49-d207a31eacb5,java/awt/Graphics2D.java,setColor
affa9014-f0f1-4dab-ab49-d207a31eacb5,3fc2c088-4ce2-4842-a7f6-5bc0c306a2c9,3e4d6153-05f9-430c-aa10-643954e803e5,->,affa9014-f0f1-4dab-ab49-d207a31eacb5,java/awt/Graphics2D.java,drawRoundRect
affa9014-f0f1-4dab-ab49-d207a31eacb5,3fc2c088-4ce2-4842-a7f6-5bc0c306a2c9,3e4d6153-05f9-430c-aa10-643954e803e5,->,affa9014-f0f1-4dab-ab49-d207a31eacb5,java/awt/Graphics2D.java,setStroke
affa9014-f0f1-4dab-ab49-d207a31eacb5,gui/OptionMenu$FontDialogAction.java,actionPerformed,->,affa9014-f0f1-4dab-ab49-d207a31eacb5,gui/OptionMenu.java,access$002
affa9014-f0f1-4dab-ab49-d207a31eacb5,gui/OptionMenu$FontDialogAction.java,actionPerformed,->,affa9014-f0f1-4dab-ab49-d207a31eacb5,gui/OptionMenu$Dialog.java,access$800
affa9014-f0f1-4dab-ab49-d207a31eacb5,gui/OptionMenu$BackDialogAction.java,actionPerformed,->,affa9014-f0f1-4dab-ab49-d207a31eacb5,gui/OptionMenu.java,access$002
affa9014-f0f1-4dab-ab49-d207a31eacb5,gui/OptionMenu$BackDialogAction.java,actionPerformed,->,affa9014-f0f1-4dab-ab49-d207a31eacb5,gui/OptionMenu$Dialog.java,access$800
affa9014-f0f1-4dab-ab49-d207a31eacb5,gui/OptionMenu$BackDialogAction.java,actionPerformed,->,affa9014-f0f1-4dab-ab49-d207a31eacb5,gui/OptionMenu.java,access$600
affa9014-f0f1-4dab-ab49-d207a31eacb5,gui/OptionMenu$BackDialogAction.java,actionPerformed,->,affa9014-f0f1-4dab-ab49-d207a31eacb5,gui/OptionMenu.java,setVisible
affa9014-f0f1-4dab-ab49-d207a31eacb5,gui/OptionMenu$BackDialogAction.java,actionPerformed,->,affa9014-f0f1-4dab-ab49-d207a31eacb5,gui/OptionMenu.java,dispose
affa9014-f0f1-4dab-ab49-d207a31eacb5,516b7791-2414-40f2-9f67-a403f31b61c3,642e325b-f66d-400c-8435-d1f5662f03db,->,affa9014-f0f1-4dab-ab49-d207a31eacb5,9c3f6de5-7d47-4149-b0ea-9d76183b5def,2678c812-9619-490c-8f4b-f15329cb8ac0
affa9014-f0f1-4dab-ab49-d207a31eacb5,516b7791-2414-40f2-9f67-a403f31b61c3,642e325b-f66d-400c-8435-d1f5662f03db,->,affa9014-f0f1-4dab-ab49-d207a31eacb5,be9524de-0ed5-43f0-a5e7-0122fddea003,6ac3d7cd-dfc0-4d58-9a53-43231dc1d5e3
affa9014-f0f1-4dab-ab49-d207a31eacb5,516b7791-2414-40f2-9f67-a403f31b61c3,642e325b-f66d-400c-8435-d1f5662f03db,->,affa9014-f0f1-4dab-ab49-d207a31eacb5,fa879229-5246-4341-8c98-177b875973ef,459d9f70-886a-49b8-8fa1-0aa174b1013b
affa9014-f0f1-4dab-ab49-d207a31eacb5,516b7791-2414-40f2-9f67-a403f31b61c3,642e325b-f66d-400c-8435-d1f5662f03db,->,affa9014-f0f1-4dab-ab49-d207a31eacb5,java/util/List.java,size
affa9014-f0f1-4dab-ab49-d207a31eacb5,516b7791-2414-40f2-9f67-a403f31b61c3,642e325b-f66d-400c-8435-d1f5662f03db,->,affa9014-f0f1-4dab-ab49-d207a31eacb5,java/lang/StringBuilder.java,append
affa9014-f0f1-4dab-ab49-d207a31eacb5,516b7791-2414-40f2-9f67-a403f31b61c3,642e325b-f66d-400c-8435-d1f5662f03db,->,affa9014-f0f1-4dab-ab49-d207a31eacb5,java/lang/StringBuilder.java,append
affa9014-f0f1-4dab-ab49-d207a31eacb5,516b7791-2414-40f2-9f67-a403f31b61c3,642e325b-f66d-400c-8435-d1f5662f03db,->,affa9014-f0f1-4dab-ab49-d207a31eacb5,java/lang/StringBuilder.java,append
affa9014-f0f1-4dab-ab49-d207a31eacb5,516b7791-2414-40f2-9f67-a403f31b61c3,642e325b-f66d-400c-8435-d1f5662f03db,->,affa9014-f0f1-4dab-ab49-d207a31eacb5,java/lang/StringBuilder.java,append
affa9014-f0f1-4dab-ab49-d207a31eacb5,516b7791-2414-40f2-9f67-a403f31b61c3,642e325b-f66d-400c-8435-d1f5662f03db,->,affa9014-f0f1-4dab-ab49-d207a31eacb5,java/lang/StringBuilder.java,append
affa9014-f0f1-4dab-ab49-d207a31eacb5,516b7791-2414-40f2-9f67-a403f31b61c3,642e325b-f66d-400c-8435-d1f5662f03db,->,affa9014-f0f1-4dab-ab49-d207a31eacb5,java/lang/StringBuilder.java,append
affa9014-f0f1-4dab-ab49-d207a31eacb5,516b7791-2414-40f2-9f67-a403f31b61c3,642e325b-f66d-400c-8435-d1f5662f03db,->,affa9014-f0f1-4dab-ab49-d207a31eacb5,java/util/List.java,get
affa9014-f0f1-4dab-ab49-d207a31eacb5,516b7791-2414-40f2-9f67-a403f31b61c3,642e325b-f66d-400c-8435-d1f5662f03db,->,affa9014-f0f1-4dab-ab49-d207a31eacb5,java/lang/StringBuilder.java,append
affa9014-f0f1-4dab-ab49-d207a31eacb5,516b7791-2414-40f2-9f67-a403f31b61c3,642e325b-f66d-400c-8435-d1f5662f03db,->,affa9014-f0f1-4dab-ab49-d207a31eacb5,java/lang/StringBuilder.java,append
affa9014-f0f1-4dab-ab49-d207a31eacb5,516b7791-2414-40f2-9f67-a403f31b61c3,642e325b-f66d-400c-8435-d1f5662f03db,->,affa9014-f0f1-4dab-ab49-d207a31eacb5,java/lang/StringBuilder.java,toString
affa9014-f0f1-4dab-ab49-d207a31eacb5,516b7791-2414-40f2-9f67-a403f31b61c3,642e325b-f66d-400c-8435-d1f5662f03db,->,affa9014-f0f1-4dab-ab49-d207a31eacb5,javax/swing/JButton.java,setText
affa9014-f0f1-4dab-ab49-d207a31eacb5,516b7791-2414-40f2-9f67-a403f31b61c3,642e325b-f66d-400c-8435-d1f5662f03db,->,affa9014-f0f1-4dab-ab49-d207a31eacb5,javax/swing/JButton.java,setSize
affa9014-f0f1-4dab-ab49-d207a31eacb5,516b7791-2414-40f2-9f67-a403f31b61c3,642e325b-f66d-400c-8435-d1f5662f03db,->,affa9014-f0f1-4dab-ab49-d207a31eacb5,javax/swing/JButton.java,getInputMap
affa9014-f0f1-4dab-ab49-d207a31eacb5,516b7791-2414-40f2-9f67-a403f31b61c3,642e325b-f66d-400c-8435-d1f5662f03db,->,affa9014-f0f1-4dab-ab49-d207a31eacb5,java/lang/Integer.java,toString
affa9014-f0f1-4dab-ab49-d207a31eacb5,516b7791-2414-40f2-9f67-a403f31b61c3,642e325b-f66d-400c-8435-d1f5662f03db,->,affa9014-f0f1-4dab-ab49-d207a31eacb5,javax/swing/KeyStroke.java,getKeyStroke
affa9014-f0f1-4dab-ab49-d207a31eacb5,516b7791-2414-40f2-9f67-a403f31b61c3,642e325b-f66d-400c-8435-d1f5662f03db,->,affa9014-f0f1-4dab-ab49-d207a31eacb5,javax/swing/InputMap.java,put
affa9014-f0f1-4dab-ab49-d207a31eacb5,516b7791-2414-40f2-9f67-a403f31b61c3,642e325b-f66d-400c-8435-d1f5662f03db,->,affa9014-f0f1-4dab-ab49-d207a31eacb5,javax/swing/JButton.java,getActionMap
affa9014-f0f1-4dab-ab49-d207a31eacb5,516b7791-2414-40f2-9f67-a403f31b61c3,642e325b-f66d-400c-8435-d1f5662f03db,->,affa9014-f0f1-4dab-ab49-d207a31eacb5,javax/swing/ActionMap.java,put
affa9014-f0f1-4dab-ab49-d207a31eacb5,516b7791-2414-40f2-9f67-a403f31b61c3,642e325b-f66d-400c-8435-d1f5662f03db,->,affa9014-f0f1-4dab-ab49-d207a31eacb5,javax/swing/JButton.java,addActionListener
affa9014-f0f1-4dab-ab49-d207a31eacb5,516b7791-2414-40f2-9f67-a403f31b61c3,642e325b-f66d-400c-8435-d1f5662f03db,->,affa9014-f0f1-4dab-ab49-d207a31eacb5,java/lang/StringBuilder.java,append
affa9014-f0f1-4dab-ab49-d207a31eacb5,516b7791-2414-40f2-9f67-a403f31b61c3,642e325b-f66d-400c-8435-d1f5662f03db,->,affa9014-f0f1-4dab-ab49-d207a31eacb5,java/lang/StringBuilder.java,append
affa9014-f0f1-4dab-ab49-d207a31eacb5,516b7791-2414-40f2-9f67-a403f31b61c3,642e325b-f66d-400c-8435-d1f5662f03db,->,affa9014-f0f1-4dab-ab49-d207a31eacb5,java/util/List.java,get
affa9014-f0f1-4dab-ab49-d207a31eacb5,516b7791-2414-40f2-9f67-a403f31b61c3,642e325b-f66d-400c-8435-d1f5662f03db,->,affa9014-f0f1-4dab-ab49-d207a31eacb5,java/lang/StringBuilder.java,append
affa9014-f0f1-4dab-ab49-d207a31eacb5,516b7791-2414-40f2-9f67-a403f31b61c3,642e325b-f66d-400c-8435-d1f5662f03db,->,affa9014-f0f1-4dab-ab49-d207a31eacb5,java/lang/StringBuilder.java,toString
affa9014-f0f1-4dab-ab49-d207a31eacb5,516b7791-2414-40f2-9f67-a403f31b61c3,642e325b-f66d-400c-8435-d1f5662f03db,->,affa9014-f0f1-4dab-ab49-d207a31eacb5,javax/swing/JButton.java,setName
affa9014-f0f1-4dab-ab49-d207a31eacb5,516b7791-2414-40f2-9f67-a403f31b61c3,642e325b-f66d-400c-8435-d1f5662f03db,->,affa9014-f0f1-4dab-ab49-d207a31eacb5,gui/GameMenu.java,add
affa9014-f0f1-4dab-ab49-d207a31eacb5,516b7791-2414-40f2-9f67-a403f31b61c3,642e325b-f66d-400c-8435-d1f5662f03db,->,affa9014-f0f1-4dab-ab49-d207a31eacb5,java/util/ArrayList.java,add
affa9014-f0f1-4dab-ab49-d207a31eacb5,516b7791-2414-40f2-9f67-a403f31b61c3,642e325b-f66d-400c-8435-d1f5662f03db,->,affa9014-f0f1-4dab-ab49-d207a31eacb5,javax/swing/JButton.java,setSize
affa9014-f0f1-4dab-ab49-d207a31eacb5,516b7791-2414-40f2-9f67-a403f31b61c3,642e325b-f66d-400c-8435-d1f5662f03db,->,affa9014-f0f1-4dab-ab49-d207a31eacb5,javax/swing/JButton.java,getInputMap
affa9014-f0f1-4dab-ab49-d207a31eacb5,516b7791-2414-40f2-9f67-a403f31b61c3,642e325b-f66d-400c-8435-d1f5662f03db,->,affa9014-f0f1-4dab-ab49-d207a31eacb5,javax/swing/KeyStroke.java,getKeyStroke
affa9014-f0f1-4dab-ab49-d207a31eacb5,516b7791-2414-40f2-9f67-a403f31b61c3,642e325b-f66d-400c-8435-d1f5662f03db,->,affa9014-f0f1-4dab-ab49-d207a31eacb5,javax/swing/InputMap.java,put
affa9014-f0f1-4dab-ab49-d207a31eacb5,516b7791-2414-40f2-9f67-a403f31b61c3,642e325b-f66d-400c-8435-d1f5662f03db,->,affa9014-f0f1-4dab-ab49-d207a31eacb5,java/lang/StringBuilder.java,append
affa9014-f0f1-4dab-ab49-d207a31eacb5,516b7791-2414-40f2-9f67-a403f31b61c3,642e325b-f66d-400c-8435-d1f5662f03db,->,affa9014-f0f1-4dab-ab49-d207a31eacb5,java/lang/StringBuilder.java,append
affa9014-f0f1-4dab-ab49-d207a31eacb5,516b7791-2414-40f2-9f67-a403f31b61c3,642e325b-f66d-400c-8435-d1f5662f03db,->,affa9014-f0f1-4dab-ab49-d207a31eacb5,java/lang/StringBuilder.java,append
affa9014-f0f1-4dab-ab49-d207a31eacb5,516b7791-2414-40f2-9f67-a403f31b61c3,642e325b-f66d-400c-8435-d1f5662f03db,->,affa9014-f0f1-4dab-ab49-d207a31eacb5,java/lang/StringBuilder.java,append
affa9014-f0f1-4dab-ab49-d207a31eacb5,516b7791-2414-40f2-9f67-a403f31b61c3,642e325b-f66d-400c-8435-d1f5662f03db,->,affa9014-f0f1-4dab-ab49-d207a31eacb5,java/lang/StringBuilder.java,toString
affa9014-f0f1-4dab-ab49-d207a31eacb5,516b7791-2414-40f2-9f67-a403f31b61c3,642e325b-f66d-400c-8435-d1f5662f03db,->,affa9014-f0f1-4dab-ab49-d207a31eacb5,javax/swing/JButton.java,setText
affa9014-f0f1-4dab-ab49-d207a31eacb5,516b7791-2414-40f2-9f67-a403f31b61c3,642e325b-f66d-400c-8435-d1f5662f03db,->,affa9014-f0f1-4dab-ab49-d207a31eacb5,javax/swing/JButton.java,getActionMap
affa9014-f0f1-4dab-ab49-d207a31eacb5,516b7791-2414-40f2-9f67-a403f31b61c3,642e325b-f66d-400c-8435-d1f5662f03db,->,affa9014-f0f1-4dab-ab49-d207a31eacb5,javax/swing/ActionMap.java,put
affa9014-f0f1-4dab-ab49-d207a31eacb5,516b7791-2414-40f2-9f67-a403f31b61c3,642e325b-f66d-400c-8435-d1f5662f03db,->,affa9014-f0f1-4dab-ab49-d207a31eacb5,javax/swing/JButton.java,addActionListener
affa9014-f0f1-4dab-ab49-d207a31eacb5,516b7791-2414-40f2-9f67-a403f31b61c3,642e325b-f66d-400c-8435-d1f5662f03db,->,affa9014-f0f1-4dab-ab49-d207a31eacb5,javax/swing/JButton.java,setName
affa9014-f0f1-4dab-ab49-d207a31eacb5,516b7791-2414-40f2-9f67-a403f31b61c3,642e325b-f66d-400c-8435-d1f5662f03db,->,affa9014-f0f1-4dab-ab49-d207a31eacb5,gui/GameMenu.java,add
affa9014-f0f1-4dab-ab49-d207a31eacb5,516b7791-2414-40f2-9f67-a403f31b61c3,642e325b-f66d-400c-8435-d1f5662f03db,->,affa9014-f0f1-4dab-ab49-d207a31eacb5,java/util/ArrayList.java,add
affa9014-f0f1-4dab-ab49-d207a31eacb5,gui/OptionMenu$SpeedDialogAction.java,actionPerformed,->,affa9014-f0f1-4dab-ab49-d207a31eacb5,gui/OptionMenu.java,access$002
affa9014-f0f1-4dab-ab49-d207a31eacb5,gui/OptionMenu$SpeedDialogAction.java,actionPerformed,->,affa9014-f0f1-4dab-ab49-d207a31eacb5,gui/OptionMenu$Dialog.java,access$800
affa9014-f0f1-4dab-ab49-d207a31eacb5,gui/GameMenu$CategoryButtonAction.java,actionPerformed,->,affa9014-f0f1-4dab-ab49-d207a31eacb5,482bc59b-99da-49eb-845b-d6933212620f,8ecc08ab-f8c8-4257-ad40-b288ae4ef0b5
affa9014-f0f1-4dab-ab49-d207a31eacb5,gui/GameMenu$CategoryButtonAction.java,actionPerformed,->,affa9014-f0f1-4dab-ab49-d207a31eacb5,482bc59b-99da-49eb-845b-d6933212620f,0d585b4e-f4fe-47a8-9e3e-8991bb363642
affa9014-f0f1-4dab-ab49-d207a31eacb5,b24860d7-b280-410c-8a83-ac3b96a81722,983614c4-8bad-452c-81d2-d0e68c3ef3d2,->,affa9014-f0f1-4dab-ab49-d207a31eacb5,9c3f6de5-7d47-4149-b0ea-9d76183b5def,2678c812-9619-490c-8f4b-f15329cb8ac0
affa9014-f0f1-4dab-ab49-d207a31eacb5,b24860d7-b280-410c-8a83-ac3b96a81722,983614c4-8bad-452c-81d2-d0e68c3ef3d2,->,affa9014-f0f1-4dab-ab49-d207a31eacb5,be9524de-0ed5-43f0-a5e7-0122fddea003,6ac3d7cd-dfc0-4d58-9a53-43231dc1d5e3
affa9014-f0f1-4dab-ab49-d207a31eacb5,b24860d7-b280-410c-8a83-ac3b96a81722,983614c4-8bad-452c-81d2-d0e68c3ef3d2,->,affa9014-f0f1-4dab-ab49-d207a31eacb5,fa879229-5246-4341-8c98-177b875973ef,459d9f70-886a-49b8-8fa1-0aa174b1013b
affa9014-f0f1-4dab-ab49-d207a31eacb5,b24860d7-b280-410c-8a83-ac3b96a81722,983614c4-8bad-452c-81d2-d0e68c3ef3d2,->,affa9014-f0f1-4dab-ab49-d207a31eacb5,java/util/List.java,size
affa9014-f0f1-4dab-ab49-d207a31eacb5,b24860d7-b280-410c-8a83-ac3b96a81722,983614c4-8bad-452c-81d2-d0e68c3ef3d2,->,affa9014-f0f1-4dab-ab49-d207a31eacb5,java/lang/StringBuilder.java,append
affa9014-f0f1-4dab-ab49-d207a31eacb5,b24860d7-b280-410c-8a83-ac3b96a81722,983614c4-8bad-452c-81d2-d0e68c3ef3d2,->,affa9014-f0f1-4dab-ab49-d207a31eacb5,java/lang/StringBuilder.java,append
affa9014-f0f1-4dab-ab49-d207a31eacb5,b24860d7-b280-410c-8a83-ac3b96a81722,983614c4-8bad-452c-81d2-d0e68c3ef3d2,->,affa9014-f0f1-4dab-ab49-d207a31eacb5,java/lang/StringBuilder.java,append
affa9014-f0f1-4dab-ab49-d207a31eacb5,b24860d7-b280-410c-8a83-ac3b96a81722,983614c4-8bad-452c-81d2-d0e68c3ef3d2,->,affa9014-f0f1-4dab-ab49-d207a31eacb5,java/lang/StringBuilder.java,append
affa9014-f0f1-4dab-ab49-d207a31eacb5,b24860d7-b280-410c-8a83-ac3b96a81722,983614c4-8bad-452c-81d2-d0e68c3ef3d2,->,affa9014-f0f1-4dab-ab49-d207a31eacb5,java/lang/StringBuilder.java,append
affa9014-f0f1-4dab-ab49-d207a31eacb5,b24860d7-b280-410c-8a83-ac3b96a81722,983614c4-8bad-452c-81d2-d0e68c3ef3d2,->,affa9014-f0f1-4dab-ab49-d207a31eacb5,java/lang/StringBuilder.java,append
affa9014-f0f1-4dab-ab49-d207a31eacb5,b24860d7-b280-410c-8a83-ac3b96a81722,983614c4-8bad-452c-81d2-d0e68c3ef3d2,->,affa9014-f0f1-4dab-ab49-d207a31eacb5,java/util/List.java,get
affa9014-f0f1-4dab-ab49-d207a31eacb5,b24860d7-b280-410c-8a83-ac3b96a81722,983614c4-8bad-452c-81d2-d0e68c3ef3d2,->,affa9014-f0f1-4dab-ab49-d207a31eacb5,java/lang/StringBuilder.java,append
affa9014-f0f1-4dab-ab49-d207a31eacb5,b24860d7-b280-410c-8a83-ac3b96a81722,983614c4-8bad-452c-81d2-d0e68c3ef3d2,->,affa9014-f0f1-4dab-ab49-d207a31eacb5,java/lang/StringBuilder.java,append
affa9014-f0f1-4dab-ab49-d207a31eacb5,b24860d7-b280-410c-8a83-ac3b96a81722,983614c4-8bad-452c-81d2-d0e68c3ef3d2,->,affa9014-f0f1-4dab-ab49-d207a31eacb5,java/lang/StringBuilder.java,toString
affa9014-f0f1-4dab-ab49-d207a31eacb5,b24860d7-b280-410c-8a83-ac3b96a81722,983614c4-8bad-452c-81d2-d0e68c3ef3d2,->,affa9014-f0f1-4dab-ab49-d207a31eacb5,javax/swing/JButton.java,setText
affa9014-f0f1-4dab-ab49-d207a31eacb5,b24860d7-b280-410c-8a83-ac3b96a81722,983614c4-8bad-452c-81d2-d0e68c3ef3d2,->,affa9014-f0f1-4dab-ab49-d207a31eacb5,gui/CategoryMenu.java,add
affa9014-f0f1-4dab-ab49-d207a31eacb5,b24860d7-b280-410c-8a83-ac3b96a81722,983614c4-8bad-452c-81d2-d0e68c3ef3d2,->,affa9014-f0f1-4dab-ab49-d207a31eacb5,javax/swing/JButton.java,getInputMap
affa9014-f0f1-4dab-ab49-d207a31eacb5,b24860d7-b280-410c-8a83-ac3b96a81722,983614c4-8bad-452c-81d2-d0e68c3ef3d2,->,affa9014-f0f1-4dab-ab49-d207a31eacb5,java/lang/Integer.java,toString
affa9014-f0f1-4dab-ab49-d207a31eacb5,b24860d7-b280-410c-8a83-ac3b96a81722,983614c4-8bad-452c-81d2-d0e68c3ef3d2,->,affa9014-f0f1-4dab-ab49-d207a31eacb5,javax/swing/KeyStroke.java,getKeyStroke
affa9014-f0f1-4dab-ab49-d207a31eacb5,b24860d7-b280-410c-8a83-ac3b96a81722,983614c4-8bad-452c-81d2-d0e68c3ef3d2,->,affa9014-f0f1-4dab-ab49-d207a31eacb5,java/lang/StringBuilder.java,append
affa9014-f0f1-4dab-ab49-d207a31eacb5,b24860d7-b280-410c-8a83-ac3b96a81722,983614c4-8bad-452c-81d2-d0e68c3ef3d2,->,affa9014-f0f1-4dab-ab49-d207a31eacb5,java/util/List.java,get
affa9014-f0f1-4dab-ab49-d207a31eacb5,b24860d7-b280-410c-8a83-ac3b96a81722,983614c4-8bad-452c-81d2-d0e68c3ef3d2,->,affa9014-f0f1-4dab-ab49-d207a31eacb5,java/lang/StringBuilder.java,append
affa9014-f0f1-4dab-ab49-d207a31eacb5,b24860d7-b280-410c-8a83-ac3b96a81722,983614c4-8bad-452c-81d2-d0e68c3ef3d2,->,affa9014-f0f1-4dab-ab49-d207a31eacb5,java/lang/StringBuilder.java,append
affa9014-f0f1-4dab-ab49-d207a31eacb5,b24860d7-b280-410c-8a83-ac3b96a81722,983614c4-8bad-452c-81d2-d0e68c3ef3d2,->,affa9014-f0f1-4dab-ab49-d207a31eacb5,java/lang/StringBuilder.java,toString
affa9014-f0f1-4dab-ab49-d207a31eacb5,b24860d7-b280-410c-8a83-ac3b96a81722,983614c4-8bad-452c-81d2-d0e68c3ef3d2,->,affa9014-f0f1-4dab-ab49-d207a31eacb5,javax/swing/InputMap.java,put
affa9014-f0f1-4dab-ab49-d207a31eacb5,b24860d7-b280-410c-8a83-ac3b96a81722,983614c4-8bad-452c-81d2-d0e68c3ef3d2,->,affa9014-f0f1-4dab-ab49-d207a31eacb5,java/lang/StringBuilder.java,append
affa9014-f0f1-4dab-ab49-d207a31eacb5,b24860d7-b280-410c-8a83-ac3b96a81722,983614c4-8bad-452c-81d2-d0e68c3ef3d2,->,affa9014-f0f1-4dab-ab49-d207a31eacb5,java/lang/StringBuilder.java,append
affa9014-f0f1-4dab-ab49-d207a31eacb5,b24860d7-b280-410c-8a83-ac3b96a81722,983614c4-8bad-452c-81d2-d0e68c3ef3d2,->,affa9014-f0f1-4dab-ab49-d207a31eacb5,java/util/List.java,get
affa9014-f0f1-4dab-ab49-d207a31eacb5,b24860d7-b280-410c-8a83-ac3b96a81722,983614c4-8bad-452c-81d2-d0e68c3ef3d2,->,affa9014-f0f1-4dab-ab49-d207a31eacb5,java/lang/StringBuilder.java,append
affa9014-f0f1-4dab-ab49-d207a31eacb5,b24860d7-b280-410c-8a83-ac3b96a81722,983614c4-8bad-452c-81d2-d0e68c3ef3d2,->,affa9014-f0f1-4dab-ab49-d207a31eacb5,java/lang/StringBuilder.java,toString
affa9014-f0f1-4dab-ab49-d207a31eacb5,b24860d7-b280-410c-8a83-ac3b96a81722,983614c4-8bad-452c-81d2-d0e68c3ef3d2,->,affa9014-f0f1-4dab-ab49-d207a31eacb5,javax/swing/JButton.java,setName
affa9014-f0f1-4dab-ab49-d207a31eacb5,b24860d7-b280-410c-8a83-ac3b96a81722,983614c4-8bad-452c-81d2-d0e68c3ef3d2,->,affa9014-f0f1-4dab-ab49-d207a31eacb5,java/lang/StringBuilder.java,append
affa9014-f0f1-4dab-ab49-d207a31eacb5,b24860d7-b280-410c-8a83-ac3b96a81722,983614c4-8bad-452c-81d2-d0e68c3ef3d2,->,affa9014-f0f1-4dab-ab49-d207a31eacb5,java/lang/StringBuilder.java,append
affa9014-f0f1-4dab-ab49-d207a31eacb5,b24860d7-b280-410c-8a83-ac3b96a81722,983614c4-8bad-452c-81d2-d0e68c3ef3d2,->,affa9014-f0f1-4dab-ab49-d207a31eacb5,6e849cba-66d5-4d40-aadd-bea49bae12a7,442d4fd7-bae2-4177-b99e-c4d02240c95d
affa9014-f0f1-4dab-ab49-d207a31eacb5,b24860d7-b280-410c-8a83-ac3b96a81722,983614c4-8bad-452c-81d2-d0e68c3ef3d2,->,affa9014-f0f1-4dab-ab49-d207a31eacb5,java/util/List.java,get
affa9014-f0f1-4dab-ab49-d207a31eacb5,b24860d7-b280-410c-8a83-ac3b96a81722,983614c4-8bad-452c-81d2-d0e68c3ef3d2,->,affa9014-f0f1-4dab-ab49-d207a31eacb5,java/lang/StringBuilder.java,append
affa9014-f0f1-4dab-ab49-d207a31eacb5,b24860d7-b280-410c-8a83-ac3b96a81722,983614c4-8bad-452c-81d2-d0e68c3ef3d2,->,affa9014-f0f1-4dab-ab49-d207a31eacb5,java/lang/StringBuilder.java,append
affa9014-f0f1-4dab-ab49-d207a31eacb5,b24860d7-b280-410c-8a83-ac3b96a81722,983614c4-8bad-452c-81d2-d0e68c3ef3d2,->,affa9014-f0f1-4dab-ab49-d207a31eacb5,java/util/List.java,get
affa9014-f0f1-4dab-ab49-d207a31eacb5,b24860d7-b280-410c-8a83-ac3b96a81722,983614c4-8bad-452c-81d2-d0e68c3ef3d2,->,affa9014-f0f1-4dab-ab49-d207a31eacb5,java/lang/StringBuilder.java,append
affa9014-f0f1-4dab-ab49-d207a31eacb5,b24860d7-b280-410c-8a83-ac3b96a81722,983614c4-8bad-452c-81d2-d0e68c3ef3d2,->,affa9014-f0f1-4dab-ab49-d207a31eacb5,java/lang/StringBuilder.java,append
affa9014-f0f1-4dab-ab49-d207a31eacb5,b24860d7-b280-410c-8a83-ac3b96a81722,983614c4-8bad-452c-81d2-d0e68c3ef3d2,->,affa9014-f0f1-4dab-ab49-d207a31eacb5,java/lang/StringBuilder.java,toString
affa9014-f0f1-4dab-ab49-d207a31eacb5,b24860d7-b280-410c-8a83-ac3b96a81722,983614c4-8bad-452c-81d2-d0e68c3ef3d2,->,affa9014-f0f1-4dab-ab49-d207a31eacb5,javax/swing/JButton.java,getActionMap
affa9014-f0f1-4dab-ab49-d207a31eacb5,b24860d7-b280-410c-8a83-ac3b96a81722,983614c4-8bad-452c-81d2-d0e68c3ef3d2,->,affa9014-f0f1-4dab-ab49-d207a31eacb5,java/lang/StringBuilder.java,append
affa9014-f0f1-4dab-ab49-d207a31eacb5,b24860d7-b280-410c-8a83-ac3b96a81722,983614c4-8bad-452c-81d2-d0e68c3ef3d2,->,affa9014-f0f1-4dab-ab49-d207a31eacb5,java/util/List.java,get
affa9014-f0f1-4dab-ab49-d207a31eacb5,b24860d7-b280-410c-8a83-ac3b96a81722,983614c4-8bad-452c-81d2-d0e68c3ef3d2,->,affa9014-f0f1-4dab-ab49-d207a31eacb5,java/lang/StringBuilder.java,append
affa9014-f0f1-4dab-ab49-d207a31eacb5,b24860d7-b280-410c-8a83-ac3b96a81722,983614c4-8bad-452c-81d2-d0e68c3ef3d2,->,affa9014-f0f1-4dab-ab49-d207a31eacb5,java/lang/StringBuilder.java,append
affa9014-f0f1-4dab-ab49-d207a31eacb5,b24860d7-b280-410c-8a83-ac3b96a81722,983614c4-8bad-452c-81d2-d0e68c3ef3d2,->,affa9014-f0f1-4dab-ab49-d207a31eacb5,java/lang/StringBuilder.java,toString
affa9014-f0f1-4dab-ab49-d207a31eacb5,b24860d7-b280-410c-8a83-ac3b96a81722,983614c4-8bad-452c-81d2-d0e68c3ef3d2,->,affa9014-f0f1-4dab-ab49-d207a31eacb5,javax/swing/ActionMap.java,put
affa9014-f0f1-4dab-ab49-d207a31eacb5,b24860d7-b280-410c-8a83-ac3b96a81722,983614c4-8bad-452c-81d2-d0e68c3ef3d2,->,affa9014-f0f1-4dab-ab49-d207a31eacb5,javax/swing/JButton.java,addActionListener
affa9014-f0f1-4dab-ab49-d207a31eacb5,b24860d7-b280-410c-8a83-ac3b96a81722,983614c4-8bad-452c-81d2-d0e68c3ef3d2,->,affa9014-f0f1-4dab-ab49-d207a31eacb5,java/util/ArrayList.java,add
affa9014-f0f1-4dab-ab49-d207a31eacb5,b24860d7-b280-410c-8a83-ac3b96a81722,983614c4-8bad-452c-81d2-d0e68c3ef3d2,->,affa9014-f0f1-4dab-ab49-d207a31eacb5,javax/swing/JButton.java,addActionListener
affa9014-f0f1-4dab-ab49-d207a31eacb5,b24860d7-b280-410c-8a83-ac3b96a81722,983614c4-8bad-452c-81d2-d0e68c3ef3d2,->,affa9014-f0f1-4dab-ab49-d207a31eacb5,java/lang/StringBuilder.java,append
affa9014-f0f1-4dab-ab49-d207a31eacb5,b24860d7-b280-410c-8a83-ac3b96a81722,983614c4-8bad-452c-81d2-d0e68c3ef3d2,->,affa9014-f0f1-4dab-ab49-d207a31eacb5,java/lang/StringBuilder.java,append
affa9014-f0f1-4dab-ab49-d207a31eacb5,b24860d7-b280-410c-8a83-ac3b96a81722,983614c4-8bad-452c-81d2-d0e68c3ef3d2,->,affa9014-f0f1-4dab-ab49-d207a31eacb5,java/lang/StringBuilder.java,append
affa9014-f0f1-4dab-ab49-d207a31eacb5,b24860d7-b280-410c-8a83-ac3b96a81722,983614c4-8bad-452c-81d2-d0e68c3ef3d2,->,affa9014-f0f1-4dab-ab49-d207a31eacb5,java/lang/StringBuilder.java,append
affa9014-f0f1-4dab-ab49-d207a31eacb5,b24860d7-b280-410c-8a83-ac3b96a81722,983614c4-8bad-452c-81d2-d0e68c3ef3d2,->,affa9014-f0f1-4dab-ab49-d207a31eacb5,java/lang/StringBuilder.java,toString
affa9014-f0f1-4dab-ab49-d207a31eacb5,b24860d7-b280-410c-8a83-ac3b96a81722,983614c4-8bad-452c-81d2-d0e68c3ef3d2,->,affa9014-f0f1-4dab-ab49-d207a31eacb5,javax/swing/JButton.java,setText
affa9014-f0f1-4dab-ab49-d207a31eacb5,b24860d7-b280-410c-8a83-ac3b96a81722,983614c4-8bad-452c-81d2-d0e68c3ef3d2,->,affa9014-f0f1-4dab-ab49-d207a31eacb5,javax/swing/JButton.java,getInputMap
affa9014-f0f1-4dab-ab49-d207a31eacb5,b24860d7-b280-410c-8a83-ac3b96a81722,983614c4-8bad-452c-81d2-d0e68c3ef3d2,->,affa9014-f0f1-4dab-ab49-d207a31eacb5,javax/swing/KeyStroke.java,getKeyStroke
affa9014-f0f1-4dab-ab49-d207a31eacb5,b24860d7-b280-410c-8a83-ac3b96a81722,983614c4-8bad-452c-81d2-d0e68c3ef3d2,->,affa9014-f0f1-4dab-ab49-d207a31eacb5,javax/swing/InputMap.java,put
affa9014-f0f1-4dab-ab49-d207a31eacb5,b24860d7-b280-410c-8a83-ac3b96a81722,983614c4-8bad-452c-81d2-d0e68c3ef3d2,->,affa9014-f0f1-4dab-ab49-d207a31eacb5,javax/swing/JButton.java,getActionMap
affa9014-f0f1-4dab-ab49-d207a31eacb5,b24860d7-b280-410c-8a83-ac3b96a81722,983614c4-8bad-452c-81d2-d0e68c3ef3d2,->,affa9014-f0f1-4dab-ab49-d207a31eacb5,javax/swing/ActionMap.java,put
affa9014-f0f1-4dab-ab49-d207a31eacb5,b24860d7-b280-410c-8a83-ac3b96a81722,983614c4-8bad-452c-81d2-d0e68c3ef3d2,->,affa9014-f0f1-4dab-ab49-d207a31eacb5,482bc59b-99da-49eb-845b-d6933212620f,8ecc08ab-f8c8-4257-ad40-b288ae4ef0b5
affa9014-f0f1-4dab-ab49-d207a31eacb5,b24860d7-b280-410c-8a83-ac3b96a81722,983614c4-8bad-452c-81d2-d0e68c3ef3d2,->,affa9014-f0f1-4dab-ab49-d207a31eacb5,482bc59b-99da-49eb-845b-d6933212620f,ab212240-194d-4a39-8875-4882adb5a2e5
affa9014-f0f1-4dab-ab49-d207a31eacb5,b24860d7-b280-410c-8a83-ac3b96a81722,983614c4-8bad-452c-81d2-d0e68c3ef3d2,->,affa9014-f0f1-4dab-ab49-d207a31eacb5,gui/CategoryMenu.java,add
affa9014-f0f1-4dab-ab49-d207a31eacb5,b24860d7-b280-410c-8a83-ac3b96a81722,983614c4-8bad-452c-81d2-d0e68c3ef3d2,->,affa9014-f0f1-4dab-ab49-d207a31eacb5,javax/swing/JButton.java,setName
affa9014-f0f1-4dab-ab49-d207a31eacb5,b24860d7-b280-410c-8a83-ac3b96a81722,983614c4-8bad-452c-81d2-d0e68c3ef3d2,->,affa9014-f0f1-4dab-ab49-d207a31eacb5,java/util/ArrayList.java,add
affa9014-f0f1-4dab-ab49-d207a31eacb5,gui/CategoryMenu$GameLaunchAction.java,actionPerformed,->,affa9014-f0f1-4dab-ab49-d207a31eacb5,1014af69-3ea6-48c2-8a20-81f6319aeb0f,babeb4d7-d064-4413-a228-01194ef0b0fa
affa9014-f0f1-4dab-ab49-d207a31eacb5,gui/CategoryMenu$GameLaunchAction.java,actionPerformed,->,affa9014-f0f1-4dab-ab49-d207a31eacb5,482bc59b-99da-49eb-845b-d6933212620f,8ecc08ab-f8c8-4257-ad40-b288ae4ef0b5
affa9014-f0f1-4dab-ab49-d207a31eacb5,gui/CategoryMenu$GameLaunchAction.java,actionPerformed,->,affa9014-f0f1-4dab-ab49-d207a31eacb5,482bc59b-99da-49eb-845b-d6933212620f,0d585b4e-f4fe-47a8-9e3e-8991bb363642
affa9014-f0f1-4dab-ab49-d207a31eacb5,gui/ButtonPane$1.java,keyPressed,->,affa9014-f0f1-4dab-ab49-d207a31eacb5,java/awt/event/KeyEvent.java,getKeyCode
affa9014-f0f1-4dab-ab49-d207a31eacb5,gui/ButtonPane$1.java,keyPressed,->,affa9014-f0f1-4dab-ab49-d207a31eacb5,gui/ButtonPane.java,access$000
affa9014-f0f1-4dab-ab49-d207a31eacb5,gui/ButtonPane$1.java,keyPressed,->,affa9014-f0f1-4dab-ab49-d207a31eacb5,gui/ButtonPane.java,access$100
affa9014-f0f1-4dab-ab49-d207a31eacb5,gui/ButtonPane$1.java,keyPressed,->,affa9014-f0f1-4dab-ab49-d207a31eacb5,gui/ButtonPane.java,access$000
affa9014-f0f1-4dab-ab49-d207a31eacb5,gui/ButtonPane$1.java,keyPressed,->,affa9014-f0f1-4dab-ab49-d207a31eacb5,gui/ButtonPane.java,access$200
affa9014-f0f1-4dab-ab49-d207a31eacb5,gui/UserMenu$CreateNewUserDialogAction.java,actionPerformed,->,affa9014-f0f1-4dab-ab49-d207a31eacb5,gui/UserMenu$NewUserDialog.java,access$200
affa9014-f0f1-4dab-ab49-d207a31eacb5,gui/mainGUI$ExitAction.java,actionPerformed,->,affa9014-f0f1-4dab-ab49-d207a31eacb5,javax/swing/JFrame.java,dispose
affa9014-f0f1-4dab-ab49-d207a31eacb5,gui/mainGUI$ExitAction.java,actionPerformed,->,affa9014-f0f1-4dab-ab49-d207a31eacb5,482bc59b-99da-49eb-845b-d6933212620f,8ecc08ab-f8c8-4257-ad40-b288ae4ef0b5
affa9014-f0f1-4dab-ab49-d207a31eacb5,gui/mainGUI$ExitAction.java,actionPerformed,->,affa9014-f0f1-4dab-ab49-d207a31eacb5,482bc59b-99da-49eb-845b-d6933212620f,0d585b4e-f4fe-47a8-9e3e-8991bb363642
affa9014-f0f1-4dab-ab49-d207a31eacb5,gui/OptionMenu$Dialog.java,createAndShowDialog,->,affa9014-f0f1-4dab-ab49-d207a31eacb5,gui/OptionMenu.java,access$000
affa9014-f0f1-4dab-ab49-d207a31eacb5,gui/OptionMenu$Dialog.java,createAndShowDialog,->,affa9014-f0f1-4dab-ab49-d207a31eacb5,gui/OptionMenu.java,access$000
affa9014-f0f1-4dab-ab49-d207a31eacb5,gui/OptionMenu$Dialog.java,createAndShowDialog,->,affa9014-f0f1-4dab-ab49-d207a31eacb5,gui/OptionMenu.java,access$000
affa9014-f0f1-4dab-ab49-d207a31eacb5,gui/OptionMenu$Dialog.java,createAndShowDialog,->,affa9014-f0f1-4dab-ab49-d207a31eacb5,gui/OptionMenu.java,access$100
affa9014-f0f1-4dab-ab49-d207a31eacb5,gui/OptionMenu$Dialog.java,createAndShowDialog,->,affa9014-f0f1-4dab-ab49-d207a31eacb5,java/lang/StringBuilder.java,append
affa9014-f0f1-4dab-ab49-d207a31eacb5,gui/OptionMenu$Dialog.java,createAndShowDialog,->,affa9014-f0f1-4dab-ab49-d207a31eacb5,java/lang/StringBuilder.java,append
affa9014-f0f1-4dab-ab49-d207a31eacb5,gui/OptionMenu$Dialog.java,createAndShowDialog,->,affa9014-f0f1-4dab-ab49-d207a31eacb5,java/lang/StringBuilder.java,toString
affa9014-f0f1-4dab-ab49-d207a31eacb5,gui/OptionMenu$Dialog.java,createAndShowDialog,->,affa9014-f0f1-4dab-ab49-d207a31eacb5,javax/swing/JButton.java,setText
affa9014-f0f1-4dab-ab49-d207a31eacb5,gui/OptionMenu$Dialog.java,createAndShowDialog,->,affa9014-f0f1-4dab-ab49-d207a31eacb5,gui/OptionMenu.java,access$202
affa9014-f0f1-4dab-ab49-d207a31eacb5,gui/OptionMenu$Dialog.java,createAndShowDialog,->,affa9014-f0f1-4dab-ab49-d207a31eacb5,javax/swing/JButton.java,setText
affa9014-f0f1-4dab-ab49-d207a31eacb5,gui/OptionMenu$Dialog.java,createAndShowDialog,->,affa9014-f0f1-4dab-ab49-d207a31eacb5,gui/OptionMenu.java,access$000
affa9014-f0f1-4dab-ab49-d207a31eacb5,gui/OptionMenu$Dialog.java,createAndShowDialog,->,affa9014-f0f1-4dab-ab49-d207a31eacb5,gui/OptionMenu.java,access$300
affa9014-f0f1-4dab-ab49-d207a31eacb5,gui/OptionMenu$Dialog.java,createAndShowDialog,->,affa9014-f0f1-4dab-ab49-d207a31eacb5,java/lang/StringBuilder.java,append
affa9014-f0f1-4dab-ab49-d207a31eacb5,gui/OptionMenu$Dialog.java,createAndShowDialog,->,affa9014-f0f1-4dab-ab49-d207a31eacb5,java/lang/StringBuilder.java,append
affa9014-f0f1-4dab-ab49-d207a31eacb5,gui/OptionMenu$Dialog.java,createAndShowDialog,->,affa9014-f0f1-4dab-ab49-d207a31eacb5,java/lang/StringBuilder.java,toString
affa9014-f0f1-4dab-ab49-d207a31eacb5,gui/OptionMenu$Dialog.java,createAndShowDialog,->,affa9014-f0f1-4dab-ab49-d207a31eacb5,javax/swing/JButton.java,setText
affa9014-f0f1-4dab-ab49-d207a31eacb5,gui/OptionMenu$Dialog.java,createAndShowDialog,->,affa9014-f0f1-4dab-ab49-d207a31eacb5,gui/OptionMenu.java,access$202
affa9014-f0f1-4dab-ab49-d207a31eacb5,gui/OptionMenu$Dialog.java,createAndShowDialog,->,affa9014-f0f1-4dab-ab49-d207a31eacb5,javax/swing/JButton.java,setText
affa9014-f0f1-4dab-ab49-d207a31eacb5,gui/OptionMenu$Dialog.java,createAndShowDialog,->,affa9014-f0f1-4dab-ab49-d207a31eacb5,gui/OptionMenu.java,access$000
affa9014-f0f1-4dab-ab49-d207a31eacb5,gui/OptionMenu$Dialog.java,createAndShowDialog,->,affa9014-f0f1-4dab-ab49-d207a31eacb5,gui/OptionMenu.java,access$400
affa9014-f0f1-4dab-ab49-d207a31eacb5,gui/OptionMenu$Dialog.java,createAndShowDialog,->,affa9014-f0f1-4dab-ab49-d207a31eacb5,java/lang/StringBuilder.java,append
affa9014-f0f1-4dab-ab49-d207a31eacb5,gui/OptionMenu$Dialog.java,createAndShowDialog,->,affa9014-f0f1-4dab-ab49-d207a31eacb5,java/lang/Integer.java,toString
affa9014-f0f1-4dab-ab49-d207a31eacb5,gui/OptionMenu$Dialog.java,createAndShowDialog,->,affa9014-f0f1-4dab-ab49-d207a31eacb5,java/lang/StringBuilder.java,append
affa9014-f0f1-4dab-ab49-d207a31eacb5,gui/OptionMenu$Dialog.java,createAndShowDialog,->,affa9014-f0f1-4dab-ab49-d207a31eacb5,java/lang/StringBuilder.java,toString
affa9014-f0f1-4dab-ab49-d207a31eacb5,gui/OptionMenu$Dialog.java,createAndShowDialog,->,affa9014-f0f1-4dab-ab49-d207a31eacb5,javax/swing/JButton.java,setText
affa9014-f0f1-4dab-ab49-d207a31eacb5,gui/OptionMenu$Dialog.java,createAndShowDialog,->,affa9014-f0f1-4dab-ab49-d207a31eacb5,gui/OptionMenu.java,access$202
affa9014-f0f1-4dab-ab49-d207a31eacb5,gui/OptionMenu$Dialog.java,createAndShowDialog,->,affa9014-f0f1-4dab-ab49-d207a31eacb5,gui/OptionMenu.java,access$000
affa9014-f0f1-4dab-ab49-d207a31eacb5,gui/OptionMenu$Dialog.java,createAndShowDialog,->,affa9014-f0f1-4dab-ab49-d207a31eacb5,gui/OptionMenu.java,access$500
affa9014-f0f1-4dab-ab49-d207a31eacb5,gui/OptionMenu$Dialog.java,createAndShowDialog,->,affa9014-f0f1-4dab-ab49-d207a31eacb5,java/lang/StringBuilder.java,append
affa9014-f0f1-4dab-ab49-d207a31eacb5,gui/OptionMenu$Dialog.java,createAndShowDialog,->,affa9014-f0f1-4dab-ab49-d207a31eacb5,java/lang/Integer.java,toString
affa9014-f0f1-4dab-ab49-d207a31eacb5,gui/OptionMenu$Dialog.java,createAndShowDialog,->,affa9014-f0f1-4dab-ab49-d207a31eacb5,java/lang/StringBuilder.java,append
affa9014-f0f1-4dab-ab49-d207a31eacb5,gui/OptionMenu$Dialog.java,createAndShowDialog,->,affa9014-f0f1-4dab-ab49-d207a31eacb5,java/lang/StringBuilder.java,toString
affa9014-f0f1-4dab-ab49-d207a31eacb5,gui/OptionMenu$Dialog.java,createAndShowDialog,->,affa9014-f0f1-4dab-ab49-d207a31eacb5,javax/swing/JButton.java,setText
affa9014-f0f1-4dab-ab49-d207a31eacb5,gui/OptionMenu$Dialog.java,createAndShowDialog,->,affa9014-f0f1-4dab-ab49-d207a31eacb5,gui/OptionMenu.java,access$202
affa9014-f0f1-4dab-ab49-d207a31eacb5,gui/OptionMenu$Dialog.java,createAndShowDialog,->,affa9014-f0f1-4dab-ab49-d207a31eacb5,java/lang/Integer.java,toString
affa9014-f0f1-4dab-ab49-d207a31eacb5,gui/OptionMenu$Dialog.java,createAndShowDialog,->,affa9014-f0f1-4dab-ab49-d207a31eacb5,javax/swing/JButton.java,setText
affa9014-f0f1-4dab-ab49-d207a31eacb5,gui/OptionMenu$Dialog.java,createAndShowDialog,->,affa9014-f0f1-4dab-ab49-d207a31eacb5,gui/OptionMenu$Dialog.java,add
affa9014-f0f1-4dab-ab49-d207a31eacb5,gui/OptionMenu$Dialog.java,createAndShowDialog,->,affa9014-f0f1-4dab-ab49-d207a31eacb5,java/util/ArrayList.java,add
affa9014-f0f1-4dab-ab49-d207a31eacb5,gui/OptionMenu$Dialog.java,createAndShowDialog,->,affa9014-f0f1-4dab-ab49-d207a31eacb5,javax/swing/JButton.java,getInputMap
affa9014-f0f1-4dab-ab49-d207a31eacb5,gui/OptionMenu$Dialog.java,createAndShowDialog,->,affa9014-f0f1-4dab-ab49-d207a31eacb5,java/lang/Integer.java,toString
affa9014-f0f1-4dab-ab49-d207a31eacb5,gui/OptionMenu$Dialog.java,createAndShowDialog,->,affa9014-f0f1-4dab-ab49-d207a31eacb5,javax/swing/KeyStroke.java,getKeyStroke
affa9014-f0f1-4dab-ab49-d207a31eacb5,gui/OptionMenu$Dialog.java,createAndShowDialog,->,affa9014-f0f1-4dab-ab49-d207a31eacb5,java/lang/Integer.java,valueOf
affa9014-f0f1-4dab-ab49-d207a31eacb5,gui/OptionMenu$Dialog.java,createAndShowDialog,->,affa9014-f0f1-4dab-ab49-d207a31eacb5,javax/swing/InputMap.java,put
affa9014-f0f1-4dab-ab49-d207a31eacb5,gui/OptionMenu$Dialog.java,createAndShowDialog,->,affa9014-f0f1-4dab-ab49-d207a31eacb5,javax/swing/JButton.java,addActionListener
affa9014-f0f1-4dab-ab49-d207a31eacb5,gui/OptionMenu$Dialog.java,createAndShowDialog,->,affa9014-f0f1-4dab-ab49-d207a31eacb5,javax/swing/JPanel.java,add
affa9014-f0f1-4dab-ab49-d207a31eacb5,gui/OptionMenu$Dialog.java,createAndShowDialog,->,affa9014-f0f1-4dab-ab49-d207a31eacb5,javax/swing/JButton.java,addActionListener
affa9014-f0f1-4dab-ab49-d207a31eacb5,gui/OptionMenu$Dialog.java,createAndShowDialog,->,affa9014-f0f1-4dab-ab49-d207a31eacb5,javax/swing/JPanel.java,add
affa9014-f0f1-4dab-ab49-d207a31eacb5,gui/OptionMenu$Dialog.java,createAndShowDialog,->,affa9014-f0f1-4dab-ab49-d207a31eacb5,javax/swing/JButton.java,addActionListener
affa9014-f0f1-4dab-ab49-d207a31eacb5,gui/OptionMenu$Dialog.java,createAndShowDialog,->,affa9014-f0f1-4dab-ab49-d207a31eacb5,javax/swing/JPanel.java,add
affa9014-f0f1-4dab-ab49-d207a31eacb5,gui/OptionMenu$Dialog.java,createAndShowDialog,->,affa9014-f0f1-4dab-ab49-d207a31eacb5,java/util/ArrayList.java,add
affa9014-f0f1-4dab-ab49-d207a31eacb5,gui/OptionMenu$Dialog.java,createAndShowDialog,->,affa9014-f0f1-4dab-ab49-d207a31eacb5,java/util/ArrayList.java,add
affa9014-f0f1-4dab-ab49-d207a31eacb5,gui/OptionMenu$Dialog.java,createAndShowDialog,->,affa9014-f0f1-4dab-ab49-d207a31eacb5,gui/OptionMenu$Dialog.java,setContentPane
affa9014-f0f1-4dab-ab49-d207a31eacb5,gui/OptionMenu$Dialog.java,createAndShowDialog,->,affa9014-f0f1-4dab-ab49-d207a31eacb5,javax/swing/JPanel.java,add
affa9014-f0f1-4dab-ab49-d207a31eacb5,gui/OptionMenu$Dialog.java,createAndShowDialog,->,affa9014-f0f1-4dab-ab49-d207a31eacb5,javax/swing/JPanel.java,add
affa9014-f0f1-4dab-ab49-d207a31eacb5,gui/OptionMenu$Dialog.java,createAndShowDialog,->,affa9014-f0f1-4dab-ab49-d207a31eacb5,java/awt/Toolkit.java,getDefaultToolkit
affa9014-f0f1-4dab-ab49-d207a31eacb5,gui/OptionMenu$Dialog.java,createAndShowDialog,->,affa9014-f0f1-4dab-ab49-d207a31eacb5,java/awt/Toolkit.java,getScreenSize
affa9014-f0f1-4dab-ab49-d207a31eacb5,gui/OptionMenu$Dialog.java,createAndShowDialog,->,affa9014-f0f1-4dab-ab49-d207a31eacb5,gui/OptionMenu$Dialog.java,setSize
affa9014-f0f1-4dab-ab49-d207a31eacb5,gui/OptionMenu$Dialog.java,createAndShowDialog,->,affa9014-f0f1-4dab-ab49-d207a31eacb5,gui/OptionMenu$Dialog.java,setVisible
affa9014-f0f1-4dab-ab49-d207a31eacb5,gui/OptionMenu$Dialog.java,access$800,->,affa9014-f0f1-4dab-ab49-d207a31eacb5,gui/OptionMenu$Dialog.java,createAndShowDialog
affa9014-f0f1-4dab-ab49-d207a31eacb5,gui/OptionMenu$Dialog$2.java,actionPerformed,->,affa9014-f0f1-4dab-ab49-d207a31eacb5,9c3f6de5-7d47-4149-b0ea-9d76183b5def,2678c812-9619-490c-8f4b-f15329cb8ac0
affa9014-f0f1-4dab-ab49-d207a31eacb5,gui/OptionMenu$Dialog$2.java,actionPerformed,->,affa9014-f0f1-4dab-ab49-d207a31eacb5,gui/OptionMenu.java,access$000
affa9014-f0f1-4dab-ab49-d207a31eacb5,gui/OptionMenu$Dialog$2.java,actionPerformed,->,affa9014-f0f1-4dab-ab49-d207a31eacb5,gui/OptionMenu.java,access$500
affa9014-f0f1-4dab-ab49-d207a31eacb5,gui/OptionMenu$Dialog$2.java,actionPerformed,->,affa9014-f0f1-4dab-ab49-d207a31eacb5,be9524de-0ed5-43f0-a5e7-0122fddea003,189c7471-e118-441d-8418-67996766c53c
affa9014-f0f1-4dab-ab49-d207a31eacb5,gui/OptionMenu$Dialog$2.java,actionPerformed,->,affa9014-f0f1-4dab-ab49-d207a31eacb5,gui/OptionMenu.java,access$000
affa9014-f0f1-4dab-ab49-d207a31eacb5,gui/OptionMenu$Dialog$2.java,actionPerformed,->,affa9014-f0f1-4dab-ab49-d207a31eacb5,gui/OptionMenu.java,access$100
affa9014-f0f1-4dab-ab49-d207a31eacb5,gui/OptionMenu$Dialog$2.java,actionPerformed,->,affa9014-f0f1-4dab-ab49-d207a31eacb5,be9524de-0ed5-43f0-a5e7-0122fddea003,d487b597-f160-46cc-9641-e6819d39ffb0
affa9014-f0f1-4dab-ab49-d207a31eacb5,gui/OptionMenu$Dialog$2.java,actionPerformed,->,affa9014-f0f1-4dab-ab49-d207a31eacb5,gui/OptionMenu.java,access$000
affa9014-f0f1-4dab-ab49-d207a31eacb5,gui/OptionMenu$Dialog$2.java,actionPerformed,->,affa9014-f0f1-4dab-ab49-d207a31eacb5,gui/OptionMenu.java,access$400
affa9014-f0f1-4dab-ab49-d207a31eacb5,gui/OptionMenu$Dialog$2.java,actionPerformed,->,affa9014-f0f1-4dab-ab49-d207a31eacb5,be9524de-0ed5-43f0-a5e7-0122fddea003,69e6f2ac-8120-4ee2-aa67-eabf1c794534
affa9014-f0f1-4dab-ab49-d207a31eacb5,gui/OptionMenu$Dialog$2.java,actionPerformed,->,affa9014-f0f1-4dab-ab49-d207a31eacb5,gui/OptionMenu.java,access$000
affa9014-f0f1-4dab-ab49-d207a31eacb5,gui/OptionMenu$Dialog$2.java,actionPerformed,->,affa9014-f0f1-4dab-ab49-d207a31eacb5,gui/OptionMenu.java,access$300
affa9014-f0f1-4dab-ab49-d207a31eacb5,gui/OptionMenu$Dialog$2.java,actionPerformed,->,affa9014-f0f1-4dab-ab49-d207a31eacb5,be9524de-0ed5-43f0-a5e7-0122fddea003,6655258e-fbf7-4d33-9326-489582bd5e78
affa9014-f0f1-4dab-ab49-d207a31eacb5,gui/OptionMenu$Dialog$2.java,actionPerformed,->,affa9014-f0f1-4dab-ab49-d207a31eacb5,gui/OptionMenu.java,access$600
affa9014-f0f1-4dab-ab49-d207a31eacb5,gui/OptionMenu$Dialog$2.java,actionPerformed,->,affa9014-f0f1-4dab-ab49-d207a31eacb5,gui/OptionMenu$Dialog.java,setVisible
affa9014-f0f1-4dab-ab49-d207a31eacb5,gui/OptionMenu$Dialog$2.java,actionPerformed,->,affa9014-f0f1-4dab-ab49-d207a31eacb5,0b64f2e7-aefe-4b1c-b13e-18980f79852f,2fffd7e7-f60a-4448-ba46-67e62b055928
affa9014-f0f1-4dab-ab49-d207a31eacb5,6539bcc0-2068-4978-ba24-35a15c31a26c,aefeb5f3-2aa3-419f-b543-f92e0ef275f6,->,affa9014-f0f1-4dab-ab49-d207a31eacb5,0069dc56-9c23-4ede-958b-588c731bc634,d687ca53-64a0-4c47-af43-646acb0f7277
affa9014-f0f1-4dab-ab49-d207a31eacb5,6539bcc0-2068-4978-ba24-35a15c31a26c,aefeb5f3-2aa3-419f-b543-f92e0ef275f6,->,affa9014-f0f1-4dab-ab49-d207a31eacb5,0069dc56-9c23-4ede-958b-588c731bc634,7d397d50-8231-48d0-a655-24a4495dca90
affa9014-f0f1-4dab-ab49-d207a31eacb5,6539bcc0-2068-4978-ba24-35a15c31a26c,aefeb5f3-2aa3-419f-b543-f92e0ef275f6,->,affa9014-f0f1-4dab-ab49-d207a31eacb5,9c3f6de5-7d47-4149-b0ea-9d76183b5def,2678c812-9619-490c-8f4b-f15329cb8ac0
affa9014-f0f1-4dab-ab49-d207a31eacb5,6539bcc0-2068-4978-ba24-35a15c31a26c,aefeb5f3-2aa3-419f-b543-f92e0ef275f6,->,affa9014-f0f1-4dab-ab49-d207a31eacb5,be9524de-0ed5-43f0-a5e7-0122fddea003,6ac3d7cd-dfc0-4d58-9a53-43231dc1d5e3
affa9014-f0f1-4dab-ab49-d207a31eacb5,6539bcc0-2068-4978-ba24-35a15c31a26c,aefeb5f3-2aa3-419f-b543-f92e0ef275f6,->,affa9014-f0f1-4dab-ab49-d207a31eacb5,fa879229-5246-4341-8c98-177b875973ef,459d9f70-886a-49b8-8fa1-0aa174b1013b
affa9014-f0f1-4dab-ab49-d207a31eacb5,6539bcc0-2068-4978-ba24-35a15c31a26c,aefeb5f3-2aa3-419f-b543-f92e0ef275f6,->,affa9014-f0f1-4dab-ab49-d207a31eacb5,java/lang/StringBuilder.java,append
affa9014-f0f1-4dab-ab49-d207a31eacb5,6539bcc0-2068-4978-ba24-35a15c31a26c,aefeb5f3-2aa3-419f-b543-f92e0ef275f6,->,affa9014-f0f1-4dab-ab49-d207a31eacb5,java/lang/StringBuilder.java,append
affa9014-f0f1-4dab-ab49-d207a31eacb5,6539bcc0-2068-4978-ba24-35a15c31a26c,aefeb5f3-2aa3-419f-b543-f92e0ef275f6,->,affa9014-f0f1-4dab-ab49-d207a31eacb5,java/lang/StringBuilder.java,append
affa9014-f0f1-4dab-ab49-d207a31eacb5,6539bcc0-2068-4978-ba24-35a15c31a26c,aefeb5f3-2aa3-419f-b543-f92e0ef275f6,->,affa9014-f0f1-4dab-ab49-d207a31eacb5,java/lang/StringBuilder.java,append
affa9014-f0f1-4dab-ab49-d207a31eacb5,6539bcc0-2068-4978-ba24-35a15c31a26c,aefeb5f3-2aa3-419f-b543-f92e0ef275f6,->,affa9014-f0f1-4dab-ab49-d207a31eacb5,java/lang/StringBuilder.java,append
affa9014-f0f1-4dab-ab49-d207a31eacb5,6539bcc0-2068-4978-ba24-35a15c31a26c,aefeb5f3-2aa3-419f-b543-f92e0ef275f6,->,affa9014-f0f1-4dab-ab49-d207a31eacb5,java/lang/StringBuilder.java,append
affa9014-f0f1-4dab-ab49-d207a31eacb5,6539bcc0-2068-4978-ba24-35a15c31a26c,aefeb5f3-2aa3-419f-b543-f92e0ef275f6,->,affa9014-f0f1-4dab-ab49-d207a31eacb5,java/lang/StringBuilder.java,append
affa9014-f0f1-4dab-ab49-d207a31eacb5,6539bcc0-2068-4978-ba24-35a15c31a26c,aefeb5f3-2aa3-419f-b543-f92e0ef275f6,->,affa9014-f0f1-4dab-ab49-d207a31eacb5,java/lang/StringBuilder.java,toString
affa9014-f0f1-4dab-ab49-d207a31eacb5,6539bcc0-2068-4978-ba24-35a15c31a26c,aefeb5f3-2aa3-419f-b543-f92e0ef275f6,->,affa9014-f0f1-4dab-ab49-d207a31eacb5,javax/swing/JButton.java,addActionListener
affa9014-f0f1-4dab-ab49-d207a31eacb5,6539bcc0-2068-4978-ba24-35a15c31a26c,aefeb5f3-2aa3-419f-b543-f92e0ef275f6,->,affa9014-f0f1-4dab-ab49-d207a31eacb5,javax/swing/JButton.java,getInputMap
affa9014-f0f1-4dab-ab49-d207a31eacb5,6539bcc0-2068-4978-ba24-35a15c31a26c,aefeb5f3-2aa3-419f-b543-f92e0ef275f6,->,affa9014-f0f1-4dab-ab49-d207a31eacb5,javax/swing/KeyStroke.java,getKeyStroke
affa9014-f0f1-4dab-ab49-d207a31eacb5,6539bcc0-2068-4978-ba24-35a15c31a26c,aefeb5f3-2aa3-419f-b543-f92e0ef275f6,->,affa9014-f0f1-4dab-ab49-d207a31eacb5,javax/swing/InputMap.java,put
affa9014-f0f1-4dab-ab49-d207a31eacb5,6539bcc0-2068-4978-ba24-35a15c31a26c,aefeb5f3-2aa3-419f-b543-f92e0ef275f6,->,affa9014-f0f1-4dab-ab49-d207a31eacb5,javax/swing/JButton.java,getActionMap
affa9014-f0f1-4dab-ab49-d207a31eacb5,6539bcc0-2068-4978-ba24-35a15c31a26c,aefeb5f3-2aa3-419f-b543-f92e0ef275f6,->,affa9014-f0f1-4dab-ab49-d207a31eacb5,javax/swing/ActionMap.java,put
affa9014-f0f1-4dab-ab49-d207a31eacb5,6539bcc0-2068-4978-ba24-35a15c31a26c,aefeb5f3-2aa3-419f-b543-f92e0ef275f6,->,affa9014-f0f1-4dab-ab49-d207a31eacb5,gui/HelpMenu.java,add
affa9014-f0f1-4dab-ab49-d207a31eacb5,6539bcc0-2068-4978-ba24-35a15c31a26c,7206ce1e-1593-4b9e-8236-88649586c8a2,->,affa9014-f0f1-4dab-ab49-d207a31eacb5,8c56c5d5-b75c-4279-82be-db92781d1e2b,08a066a5-4d67-4c7f-bf22-3b71230e4dac
affa9014-f0f1-4dab-ab49-d207a31eacb5,6539bcc0-2068-4978-ba24-35a15c31a26c,7206ce1e-1593-4b9e-8236-88649586c8a2,->,affa9014-f0f1-4dab-ab49-d207a31eacb5,gui/SelectionTextPane.java,setCaretPosition
affa9014-f0f1-4dab-ab49-d207a31eacb5,6539bcc0-2068-4978-ba24-35a15c31a26c,7206ce1e-1593-4b9e-8236-88649586c8a2,->,affa9014-f0f1-4dab-ab49-d207a31eacb5,gui/HelpMenu.java,add
affa9014-f0f1-4dab-ab49-d207a31eacb5,0b64f2e7-aefe-4b1c-b13e-18980f79852f,8faa21fc-b561-4a1e-9595-6bd3aaa707b1,->,affa9014-f0f1-4dab-ab49-d207a31eacb5,9c3f6de5-7d47-4149-b0ea-9d76183b5def,2678c812-9619-490c-8f4b-f15329cb8ac0
affa9014-f0f1-4dab-ab49-d207a31eacb5,0b64f2e7-aefe-4b1c-b13e-18980f79852f,8faa21fc-b561-4a1e-9595-6bd3aaa707b1,->,affa9014-f0f1-4dab-ab49-d207a31eacb5,be9524de-0ed5-43f0-a5e7-0122fddea003,189c7471-e118-441d-8418-67996766c53c
affa9014-f0f1-4dab-ab49-d207a31eacb5,0b64f2e7-aefe-4b1c-b13e-18980f79852f,8faa21fc-b561-4a1e-9595-6bd3aaa707b1,->,affa9014-f0f1-4dab-ab49-d207a31eacb5,be9524de-0ed5-43f0-a5e7-0122fddea003,69e6f2ac-8120-4ee2-aa67-eabf1c794534
affa9014-f0f1-4dab-ab49-d207a31eacb5,0b64f2e7-aefe-4b1c-b13e-18980f79852f,8faa21fc-b561-4a1e-9595-6bd3aaa707b1,->,affa9014-f0f1-4dab-ab49-d207a31eacb5,be9524de-0ed5-43f0-a5e7-0122fddea003,6655258e-fbf7-4d33-9326-489582bd5e78
affa9014-f0f1-4dab-ab49-d207a31eacb5,0b64f2e7-aefe-4b1c-b13e-18980f79852f,8faa21fc-b561-4a1e-9595-6bd3aaa707b1,->,affa9014-f0f1-4dab-ab49-d207a31eacb5,be9524de-0ed5-43f0-a5e7-0122fddea003,d487b597-f160-46cc-9641-e6819d39ffb0
affa9014-f0f1-4dab-ab49-d207a31eacb5,0b64f2e7-aefe-4b1c-b13e-18980f79852f,8faa21fc-b561-4a1e-9595-6bd3aaa707b1,->,affa9014-f0f1-4dab-ab49-d207a31eacb5,0069dc56-9c23-4ede-958b-588c731bc634,d687ca53-64a0-4c47-af43-646acb0f7277
affa9014-f0f1-4dab-ab49-d207a31eacb5,0b64f2e7-aefe-4b1c-b13e-18980f79852f,8faa21fc-b561-4a1e-9595-6bd3aaa707b1,->,affa9014-f0f1-4dab-ab49-d207a31eacb5,0069dc56-9c23-4ede-958b-588c731bc634,7d397d50-8231-48d0-a655-24a4495dca90
affa9014-f0f1-4dab-ab49-d207a31eacb5,0b64f2e7-aefe-4b1c-b13e-18980f79852f,8faa21fc-b561-4a1e-9595-6bd3aaa707b1,->,affa9014-f0f1-4dab-ab49-d207a31eacb5,9c3f6de5-7d47-4149-b0ea-9d76183b5def,98d775ff-b762-4efb-b7d5-c60b9c77cf1a
affa9014-f0f1-4dab-ab49-d207a31eacb5,0b64f2e7-aefe-4b1c-b13e-18980f79852f,8faa21fc-b561-4a1e-9595-6bd3aaa707b1,->,affa9014-f0f1-4dab-ab49-d207a31eacb5,java/lang/StringBuilder.java,append
affa9014-f0f1-4dab-ab49-d207a31eacb5,0b64f2e7-aefe-4b1c-b13e-18980f79852f,8faa21fc-b561-4a1e-9595-6bd3aaa707b1,->,affa9014-f0f1-4dab-ab49-d207a31eacb5,java/lang/StringBuilder.java,append
affa9014-f0f1-4dab-ab49-d207a31eacb5,0b64f2e7-aefe-4b1c-b13e-18980f79852f,8faa21fc-b561-4a1e-9595-6bd3aaa707b1,->,affa9014-f0f1-4dab-ab49-d207a31eacb5,java/lang/StringBuilder.java,toString
affa9014-f0f1-4dab-ab49-d207a31eacb5,0b64f2e7-aefe-4b1c-b13e-18980f79852f,8faa21fc-b561-4a1e-9595-6bd3aaa707b1,->,affa9014-f0f1-4dab-ab49-d207a31eacb5,java/io/PrintStream.java,println
affa9014-f0f1-4dab-ab49-d207a31eacb5,0b64f2e7-aefe-4b1c-b13e-18980f79852f,8faa21fc-b561-4a1e-9595-6bd3aaa707b1,->,affa9014-f0f1-4dab-ab49-d207a31eacb5,0069dc56-9c23-4ede-958b-588c731bc634,d687ca53-64a0-4c47-af43-646acb0f7277
affa9014-f0f1-4dab-ab49-d207a31eacb5,0b64f2e7-aefe-4b1c-b13e-18980f79852f,8faa21fc-b561-4a1e-9595-6bd3aaa707b1,->,affa9014-f0f1-4dab-ab49-d207a31eacb5,0069dc56-9c23-4ede-958b-588c731bc634,5f298bba-ec9d-40d4-8507-0497e44d7ff8
affa9014-f0f1-4dab-ab49-d207a31eacb5,0b64f2e7-aefe-4b1c-b13e-18980f79852f,2fffd7e7-f60a-4448-ba46-67e62b055928,->,affa9014-f0f1-4dab-ab49-d207a31eacb5,gui/OptionMenu.java,setVisible
affa9014-f0f1-4dab-ab49-d207a31eacb5,0b64f2e7-aefe-4b1c-b13e-18980f79852f,2fffd7e7-f60a-4448-ba46-67e62b055928,->,affa9014-f0f1-4dab-ab49-d207a31eacb5,gui/OptionMenu.java,remove
affa9014-f0f1-4dab-ab49-d207a31eacb5,0b64f2e7-aefe-4b1c-b13e-18980f79852f,2fffd7e7-f60a-4448-ba46-67e62b055928,->,affa9014-f0f1-4dab-ab49-d207a31eacb5,gui/OptionMenu.java,remove
affa9014-f0f1-4dab-ab49-d207a31eacb5,0b64f2e7-aefe-4b1c-b13e-18980f79852f,2fffd7e7-f60a-4448-ba46-67e62b055928,->,affa9014-f0f1-4dab-ab49-d207a31eacb5,gui/OptionMenu.java,remove
affa9014-f0f1-4dab-ab49-d207a31eacb5,0b64f2e7-aefe-4b1c-b13e-18980f79852f,2fffd7e7-f60a-4448-ba46-67e62b055928,->,affa9014-f0f1-4dab-ab49-d207a31eacb5,gui/OptionMenu.java,remove
affa9014-f0f1-4dab-ab49-d207a31eacb5,0b64f2e7-aefe-4b1c-b13e-18980f79852f,2fffd7e7-f60a-4448-ba46-67e62b055928,->,affa9014-f0f1-4dab-ab49-d207a31eacb5,gui/OptionMenu.java,remove
affa9014-f0f1-4dab-ab49-d207a31eacb5,0b64f2e7-aefe-4b1c-b13e-18980f79852f,2fffd7e7-f60a-4448-ba46-67e62b055928,->,affa9014-f0f1-4dab-ab49-d207a31eacb5,0069dc56-9c23-4ede-958b-588c731bc634,d687ca53-64a0-4c47-af43-646acb0f7277
affa9014-f0f1-4dab-ab49-d207a31eacb5,0b64f2e7-aefe-4b1c-b13e-18980f79852f,2fffd7e7-f60a-4448-ba46-67e62b055928,->,affa9014-f0f1-4dab-ab49-d207a31eacb5,0069dc56-9c23-4ede-958b-588c731bc634,7d397d50-8231-48d0-a655-24a4495dca90
affa9014-f0f1-4dab-ab49-d207a31eacb5,0b64f2e7-aefe-4b1c-b13e-18980f79852f,2fffd7e7-f60a-4448-ba46-67e62b055928,->,affa9014-f0f1-4dab-ab49-d207a31eacb5,gui/OptionMenu.java,userPref
affa9014-f0f1-4dab-ab49-d207a31eacb5,0b64f2e7-aefe-4b1c-b13e-18980f79852f,2fffd7e7-f60a-4448-ba46-67e62b055928,->,affa9014-f0f1-4dab-ab49-d207a31eacb5,0b64f2e7-aefe-4b1c-b13e-18980f79852f,eb84a523-0b4f-44b7-9802-fb72ab7e8f73
affa9014-f0f1-4dab-ab49-d207a31eacb5,0b64f2e7-aefe-4b1c-b13e-18980f79852f,2fffd7e7-f60a-4448-ba46-67e62b055928,->,affa9014-f0f1-4dab-ab49-d207a31eacb5,gui/OptionMenu.java,setVisible
affa9014-f0f1-4dab-ab49-d207a31eacb5,0b64f2e7-aefe-4b1c-b13e-18980f79852f,eb84a523-0b4f-44b7-9802-fb72ab7e8f73,->,affa9014-f0f1-4dab-ab49-d207a31eacb5,0069dc56-9c23-4ede-958b-588c731bc634,d687ca53-64a0-4c47-af43-646acb0f7277
affa9014-f0f1-4dab-ab49-d207a31eacb5,0b64f2e7-aefe-4b1c-b13e-18980f79852f,eb84a523-0b4f-44b7-9802-fb72ab7e8f73,->,affa9014-f0f1-4dab-ab49-d207a31eacb5,0069dc56-9c23-4ede-958b-588c731bc634,7d397d50-8231-48d0-a655-24a4495dca90
affa9014-f0f1-4dab-ab49-d207a31eacb5,0b64f2e7-aefe-4b1c-b13e-18980f79852f,eb84a523-0b4f-44b7-9802-fb72ab7e8f73,->,affa9014-f0f1-4dab-ab49-d207a31eacb5,9c3f6de5-7d47-4149-b0ea-9d76183b5def,2678c812-9619-490c-8f4b-f15329cb8ac0
affa9014-f0f1-4dab-ab49-d207a31eacb5,0b64f2e7-aefe-4b1c-b13e-18980f79852f,eb84a523-0b4f-44b7-9802-fb72ab7e8f73,->,affa9014-f0f1-4dab-ab49-d207a31eacb5,be9524de-0ed5-43f0-a5e7-0122fddea003,6ac3d7cd-dfc0-4d58-9a53-43231dc1d5e3
affa9014-f0f1-4dab-ab49-d207a31eacb5,0b64f2e7-aefe-4b1c-b13e-18980f79852f,eb84a523-0b4f-44b7-9802-fb72ab7e8f73,->,affa9014-f0f1-4dab-ab49-d207a31eacb5,fa879229-5246-4341-8c98-177b875973ef,459d9f70-886a-49b8-8fa1-0aa174b1013b
affa9014-f0f1-4dab-ab49-d207a31eacb5,0b64f2e7-aefe-4b1c-b13e-18980f79852f,eb84a523-0b4f-44b7-9802-fb72ab7e8f73,->,affa9014-f0f1-4dab-ab49-d207a31eacb5,java/lang/StringBuilder.java,append
affa9014-f0f1-4dab-ab49-d207a31eacb5,0b64f2e7-aefe-4b1c-b13e-18980f79852f,eb84a523-0b4f-44b7-9802-fb72ab7e8f73,->,affa9014-f0f1-4dab-ab49-d207a31eacb5,java/lang/StringBuilder.java,append
affa9014-f0f1-4dab-ab49-d207a31eacb5,0b64f2e7-aefe-4b1c-b13e-18980f79852f,eb84a523-0b4f-44b7-9802-fb72ab7e8f73,->,affa9014-f0f1-4dab-ab49-d207a31eacb5,java/lang/StringBuilder.java,append
affa9014-f0f1-4dab-ab49-d207a31eacb5,0b64f2e7-aefe-4b1c-b13e-18980f79852f,eb84a523-0b4f-44b7-9802-fb72ab7e8f73,->,affa9014-f0f1-4dab-ab49-d207a31eacb5,java/lang/StringBuilder.java,append
affa9014-f0f1-4dab-ab49-d207a31eacb5,0b64f2e7-aefe-4b1c-b13e-18980f79852f,eb84a523-0b4f-44b7-9802-fb72ab7e8f73,->,affa9014-f0f1-4dab-ab49-d207a31eacb5,java/lang/StringBuilder.java,append
affa9014-f0f1-4dab-ab49-d207a31eacb5,0b64f2e7-aefe-4b1c-b13e-18980f79852f,eb84a523-0b4f-44b7-9802-fb72ab7e8f73,->,affa9014-f0f1-4dab-ab49-d207a31eacb5,java/lang/StringBuilder.java,append
affa9014-f0f1-4dab-ab49-d207a31eacb5,0b64f2e7-aefe-4b1c-b13e-18980f79852f,eb84a523-0b4f-44b7-9802-fb72ab7e8f73,->,affa9014-f0f1-4dab-ab49-d207a31eacb5,java/lang/StringBuilder.java,append
affa9014-f0f1-4dab-ab49-d207a31eacb5,0b64f2e7-aefe-4b1c-b13e-18980f79852f,eb84a523-0b4f-44b7-9802-fb72ab7e8f73,->,affa9014-f0f1-4dab-ab49-d207a31eacb5,java/lang/StringBuilder.java,toString
affa9014-f0f1-4dab-ab49-d207a31eacb5,0b64f2e7-aefe-4b1c-b13e-18980f79852f,eb84a523-0b4f-44b7-9802-fb72ab7e8f73,->,affa9014-f0f1-4dab-ab49-d207a31eacb5,javax/swing/JButton.java,getInputMap
affa9014-f0f1-4dab-ab49-d207a31eacb5,0b64f2e7-aefe-4b1c-b13e-18980f79852f,eb84a523-0b4f-44b7-9802-fb72ab7e8f73,->,affa9014-f0f1-4dab-ab49-d207a31eacb5,javax/swing/KeyStroke.java,getKeyStroke
affa9014-f0f1-4dab-ab49-d207a31eacb5,0b64f2e7-aefe-4b1c-b13e-18980f79852f,eb84a523-0b4f-44b7-9802-fb72ab7e8f73,->,affa9014-f0f1-4dab-ab49-d207a31eacb5,javax/swing/InputMap.java,put
affa9014-f0f1-4dab-ab49-d207a31eacb5,0b64f2e7-aefe-4b1c-b13e-18980f79852f,eb84a523-0b4f-44b7-9802-fb72ab7e8f73,->,affa9014-f0f1-4dab-ab49-d207a31eacb5,javax/swing/JButton.java,addActionListener
affa9014-f0f1-4dab-ab49-d207a31eacb5,0b64f2e7-aefe-4b1c-b13e-18980f79852f,eb84a523-0b4f-44b7-9802-fb72ab7e8f73,->,affa9014-f0f1-4dab-ab49-d207a31eacb5,javax/swing/JButton.java,getActionMap
affa9014-f0f1-4dab-ab49-d207a31eacb5,0b64f2e7-aefe-4b1c-b13e-18980f79852f,eb84a523-0b4f-44b7-9802-fb72ab7e8f73,->,affa9014-f0f1-4dab-ab49-d207a31eacb5,javax/swing/ActionMap.java,put
affa9014-f0f1-4dab-ab49-d207a31eacb5,0b64f2e7-aefe-4b1c-b13e-18980f79852f,eb84a523-0b4f-44b7-9802-fb72ab7e8f73,->,affa9014-f0f1-4dab-ab49-d207a31eacb5,javax/swing/JButton.java,setName
affa9014-f0f1-4dab-ab49-d207a31eacb5,0b64f2e7-aefe-4b1c-b13e-18980f79852f,eb84a523-0b4f-44b7-9802-fb72ab7e8f73,->,affa9014-f0f1-4dab-ab49-d207a31eacb5,java/lang/StringBuilder.java,append
affa9014-f0f1-4dab-ab49-d207a31eacb5,0b64f2e7-aefe-4b1c-b13e-18980f79852f,eb84a523-0b4f-44b7-9802-fb72ab7e8f73,->,affa9014-f0f1-4dab-ab49-d207a31eacb5,java/lang/StringBuilder.java,append
affa9014-f0f1-4dab-ab49-d207a31eacb5,0b64f2e7-aefe-4b1c-b13e-18980f79852f,eb84a523-0b4f-44b7-9802-fb72ab7e8f73,->,affa9014-f0f1-4dab-ab49-d207a31eacb5,java/lang/StringBuilder.java,append
affa9014-f0f1-4dab-ab49-d207a31eacb5,0b64f2e7-aefe-4b1c-b13e-18980f79852f,eb84a523-0b4f-44b7-9802-fb72ab7e8f73,->,affa9014-f0f1-4dab-ab49-d207a31eacb5,java/lang/StringBuilder.java,append
affa9014-f0f1-4dab-ab49-d207a31eacb5,0b64f2e7-aefe-4b1c-b13e-18980f79852f,eb84a523-0b4f-44b7-9802-fb72ab7e8f73,->,affa9014-f0f1-4dab-ab49-d207a31eacb5,java/lang/StringBuilder.java,append
affa9014-f0f1-4dab-ab49-d207a31eacb5,0b64f2e7-aefe-4b1c-b13e-18980f79852f,eb84a523-0b4f-44b7-9802-fb72ab7e8f73,->,affa9014-f0f1-4dab-ab49-d207a31eacb5,java/lang/StringBuilder.java,append
affa9014-f0f1-4dab-ab49-d207a31eacb5,0b64f2e7-aefe-4b1c-b13e-18980f79852f,eb84a523-0b4f-44b7-9802-fb72ab7e8f73,->,affa9014-f0f1-4dab-ab49-d207a31eacb5,java/lang/StringBuilder.java,append
affa9014-f0f1-4dab-ab49-d207a31eacb5,0b64f2e7-aefe-4b1c-b13e-18980f79852f,eb84a523-0b4f-44b7-9802-fb72ab7e8f73,->,affa9014-f0f1-4dab-ab49-d207a31eacb5,java/lang/StringBuilder.java,toString
affa9014-f0f1-4dab-ab49-d207a31eacb5,0b64f2e7-aefe-4b1c-b13e-18980f79852f,eb84a523-0b4f-44b7-9802-fb72ab7e8f73,->,affa9014-f0f1-4dab-ab49-d207a31eacb5,javax/swing/JButton.java,getInputMap
affa9014-f0f1-4dab-ab49-d207a31eacb5,0b64f2e7-aefe-4b1c-b13e-18980f79852f,eb84a523-0b4f-44b7-9802-fb72ab7e8f73,->,affa9014-f0f1-4dab-ab49-d207a31eacb5,javax/swing/KeyStroke.java,getKeyStroke
affa9014-f0f1-4dab-ab49-d207a31eacb5,0b64f2e7-aefe-4b1c-b13e-18980f79852f,eb84a523-0b4f-44b7-9802-fb72ab7e8f73,->,affa9014-f0f1-4dab-ab49-d207a31eacb5,javax/swing/InputMap.java,put
affa9014-f0f1-4dab-ab49-d207a31eacb5,0b64f2e7-aefe-4b1c-b13e-18980f79852f,eb84a523-0b4f-44b7-9802-fb72ab7e8f73,->,affa9014-f0f1-4dab-ab49-d207a31eacb5,javax/swing/JButton.java,addActionListener
affa9014-f0f1-4dab-ab49-d207a31eacb5,0b64f2e7-aefe-4b1c-b13e-18980f79852f,eb84a523-0b4f-44b7-9802-fb72ab7e8f73,->,affa9014-f0f1-4dab-ab49-d207a31eacb5,javax/swing/JButton.java,getActionMap
affa9014-f0f1-4dab-ab49-d207a31eacb5,0b64f2e7-aefe-4b1c-b13e-18980f79852f,eb84a523-0b4f-44b7-9802-fb72ab7e8f73,->,affa9014-f0f1-4dab-ab49-d207a31eacb5,javax/swing/ActionMap.java,put
affa9014-f0f1-4dab-ab49-d207a31eacb5,0b64f2e7-aefe-4b1c-b13e-18980f79852f,eb84a523-0b4f-44b7-9802-fb72ab7e8f73,->,affa9014-f0f1-4dab-ab49-d207a31eacb5,javax/swing/JButton.java,setName
affa9014-f0f1-4dab-ab49-d207a31eacb5,0b64f2e7-aefe-4b1c-b13e-18980f79852f,eb84a523-0b4f-44b7-9802-fb72ab7e8f73,->,affa9014-f0f1-4dab-ab49-d207a31eacb5,java/lang/StringBuilder.java,append
affa9014-f0f1-4dab-ab49-d207a31eacb5,0b64f2e7-aefe-4b1c-b13e-18980f79852f,eb84a523-0b4f-44b7-9802-fb72ab7e8f73,->,affa9014-f0f1-4dab-ab49-d207a31eacb5,java/lang/StringBuilder.java,append
affa9014-f0f1-4dab-ab49-d207a31eacb5,0b64f2e7-aefe-4b1c-b13e-18980f79852f,eb84a523-0b4f-44b7-9802-fb72ab7e8f73,->,affa9014-f0f1-4dab-ab49-d207a31eacb5,java/lang/StringBuilder.java,append
affa9014-f0f1-4dab-ab49-d207a31eacb5,0b64f2e7-aefe-4b1c-b13e-18980f79852f,eb84a523-0b4f-44b7-9802-fb72ab7e8f73,->,affa9014-f0f1-4dab-ab49-d207a31eacb5,java/lang/StringBuilder.java,append
affa9014-f0f1-4dab-ab49-d207a31eacb5,0b64f2e7-aefe-4b1c-b13e-18980f79852f,eb84a523-0b4f-44b7-9802-fb72ab7e8f73,->,affa9014-f0f1-4dab-ab49-d207a31eacb5,java/lang/StringBuilder.java,append
affa9014-f0f1-4dab-ab49-d207a31eacb5,0b64f2e7-aefe-4b1c-b13e-18980f79852f,eb84a523-0b4f-44b7-9802-fb72ab7e8f73,->,affa9014-f0f1-4dab-ab49-d207a31eacb5,java/lang/StringBuilder.java,append
affa9014-f0f1-4dab-ab49-d207a31eacb5,0b64f2e7-aefe-4b1c-b13e-18980f79852f,eb84a523-0b4f-44b7-9802-fb72ab7e8f73,->,affa9014-f0f1-4dab-ab49-d207a31eacb5,java/lang/StringBuilder.java,append
affa9014-f0f1-4dab-ab49-d207a31eacb5,0b64f2e7-aefe-4b1c-b13e-18980f79852f,eb84a523-0b4f-44b7-9802-fb72ab7e8f73,->,affa9014-f0f1-4dab-ab49-d207a31eacb5,java/lang/StringBuilder.java,toString
affa9014-f0f1-4dab-ab49-d207a31eacb5,0b64f2e7-aefe-4b1c-b13e-18980f79852f,eb84a523-0b4f-44b7-9802-fb72ab7e8f73,->,affa9014-f0f1-4dab-ab49-d207a31eacb5,javax/swing/JButton.java,getInputMap
affa9014-f0f1-4dab-ab49-d207a31eacb5,0b64f2e7-aefe-4b1c-b13e-18980f79852f,eb84a523-0b4f-44b7-9802-fb72ab7e8f73,->,affa9014-f0f1-4dab-ab49-d207a31eacb5,javax/swing/KeyStroke.java,getKeyStroke
affa9014-f0f1-4dab-ab49-d207a31eacb5,0b64f2e7-aefe-4b1c-b13e-18980f79852f,eb84a523-0b4f-44b7-9802-fb72ab7e8f73,->,affa9014-f0f1-4dab-ab49-d207a31eacb5,javax/swing/InputMap.java,put
affa9014-f0f1-4dab-ab49-d207a31eacb5,0b64f2e7-aefe-4b1c-b13e-18980f79852f,eb84a523-0b4f-44b7-9802-fb72ab7e8f73,->,affa9014-f0f1-4dab-ab49-d207a31eacb5,javax/swing/JButton.java,addActionListener
affa9014-f0f1-4dab-ab49-d207a31eacb5,0b64f2e7-aefe-4b1c-b13e-18980f79852f,eb84a523-0b4f-44b7-9802-fb72ab7e8f73,->,affa9014-f0f1-4dab-ab49-d207a31eacb5,javax/swing/JButton.java,getActionMap
affa9014-f0f1-4dab-ab49-d207a31eacb5,0b64f2e7-aefe-4b1c-b13e-18980f79852f,eb84a523-0b4f-44b7-9802-fb72ab7e8f73,->,affa9014-f0f1-4dab-ab49-d207a31eacb5,javax/swing/ActionMap.java,put
affa9014-f0f1-4dab-ab49-d207a31eacb5,0b64f2e7-aefe-4b1c-b13e-18980f79852f,eb84a523-0b4f-44b7-9802-fb72ab7e8f73,->,affa9014-f0f1-4dab-ab49-d207a31eacb5,javax/swing/JButton.java,setName
affa9014-f0f1-4dab-ab49-d207a31eacb5,0b64f2e7-aefe-4b1c-b13e-18980f79852f,eb84a523-0b4f-44b7-9802-fb72ab7e8f73,->,affa9014-f0f1-4dab-ab49-d207a31eacb5,java/lang/StringBuilder.java,append
affa9014-f0f1-4dab-ab49-d207a31eacb5,0b64f2e7-aefe-4b1c-b13e-18980f79852f,eb84a523-0b4f-44b7-9802-fb72ab7e8f73,->,affa9014-f0f1-4dab-ab49-d207a31eacb5,java/lang/StringBuilder.java,append
affa9014-f0f1-4dab-ab49-d207a31eacb5,0b64f2e7-aefe-4b1c-b13e-18980f79852f,eb84a523-0b4f-44b7-9802-fb72ab7e8f73,->,affa9014-f0f1-4dab-ab49-d207a31eacb5,java/lang/StringBuilder.java,append
affa9014-f0f1-4dab-ab49-d207a31eacb5,0b64f2e7-aefe-4b1c-b13e-18980f79852f,eb84a523-0b4f-44b7-9802-fb72ab7e8f73,->,affa9014-f0f1-4dab-ab49-d207a31eacb5,java/lang/StringBuilder.java,append
affa9014-f0f1-4dab-ab49-d207a31eacb5,0b64f2e7-aefe-4b1c-b13e-18980f79852f,eb84a523-0b4f-44b7-9802-fb72ab7e8f73,->,affa9014-f0f1-4dab-ab49-d207a31eacb5,java/lang/StringBuilder.java,append
affa9014-f0f1-4dab-ab49-d207a31eacb5,0b64f2e7-aefe-4b1c-b13e-18980f79852f,eb84a523-0b4f-44b7-9802-fb72ab7e8f73,->,affa9014-f0f1-4dab-ab49-d207a31eacb5,java/lang/StringBuilder.java,append
affa9014-f0f1-4dab-ab49-d207a31eacb5,0b64f2e7-aefe-4b1c-b13e-18980f79852f,eb84a523-0b4f-44b7-9802-fb72ab7e8f73,->,affa9014-f0f1-4dab-ab49-d207a31eacb5,java/lang/StringBuilder.java,append
affa9014-f0f1-4dab-ab49-d207a31eacb5,0b64f2e7-aefe-4b1c-b13e-18980f79852f,eb84a523-0b4f-44b7-9802-fb72ab7e8f73,->,affa9014-f0f1-4dab-ab49-d207a31eacb5,java/lang/StringBuilder.java,toString
affa9014-f0f1-4dab-ab49-d207a31eacb5,0b64f2e7-aefe-4b1c-b13e-18980f79852f,eb84a523-0b4f-44b7-9802-fb72ab7e8f73,->,affa9014-f0f1-4dab-ab49-d207a31eacb5,javax/swing/JButton.java,getInputMap
affa9014-f0f1-4dab-ab49-d207a31eacb5,0b64f2e7-aefe-4b1c-b13e-18980f79852f,eb84a523-0b4f-44b7-9802-fb72ab7e8f73,->,affa9014-f0f1-4dab-ab49-d207a31eacb5,javax/swing/KeyStroke.java,getKeyStroke
affa9014-f0f1-4dab-ab49-d207a31eacb5,0b64f2e7-aefe-4b1c-b13e-18980f79852f,eb84a523-0b4f-44b7-9802-fb72ab7e8f73,->,affa9014-f0f1-4dab-ab49-d207a31eacb5,javax/swing/InputMap.java,put
affa9014-f0f1-4dab-ab49-d207a31eacb5,0b64f2e7-aefe-4b1c-b13e-18980f79852f,eb84a523-0b4f-44b7-9802-fb72ab7e8f73,->,affa9014-f0f1-4dab-ab49-d207a31eacb5,javax/swing/JButton.java,addActionListener
affa9014-f0f1-4dab-ab49-d207a31eacb5,0b64f2e7-aefe-4b1c-b13e-18980f79852f,eb84a523-0b4f-44b7-9802-fb72ab7e8f73,->,affa9014-f0f1-4dab-ab49-d207a31eacb5,javax/swing/JButton.java,getActionMap
affa9014-f0f1-4dab-ab49-d207a31eacb5,0b64f2e7-aefe-4b1c-b13e-18980f79852f,eb84a523-0b4f-44b7-9802-fb72ab7e8f73,->,affa9014-f0f1-4dab-ab49-d207a31eacb5,javax/swing/ActionMap.java,put
affa9014-f0f1-4dab-ab49-d207a31eacb5,0b64f2e7-aefe-4b1c-b13e-18980f79852f,eb84a523-0b4f-44b7-9802-fb72ab7e8f73,->,affa9014-f0f1-4dab-ab49-d207a31eacb5,javax/swing/JButton.java,setName
affa9014-f0f1-4dab-ab49-d207a31eacb5,0b64f2e7-aefe-4b1c-b13e-18980f79852f,eb84a523-0b4f-44b7-9802-fb72ab7e8f73,->,affa9014-f0f1-4dab-ab49-d207a31eacb5,java/lang/StringBuilder.java,append
affa9014-f0f1-4dab-ab49-d207a31eacb5,0b64f2e7-aefe-4b1c-b13e-18980f79852f,eb84a523-0b4f-44b7-9802-fb72ab7e8f73,->,affa9014-f0f1-4dab-ab49-d207a31eacb5,java/lang/StringBuilder.java,append
affa9014-f0f1-4dab-ab49-d207a31eacb5,0b64f2e7-aefe-4b1c-b13e-18980f79852f,eb84a523-0b4f-44b7-9802-fb72ab7e8f73,->,affa9014-f0f1-4dab-ab49-d207a31eacb5,java/lang/StringBuilder.java,append
affa9014-f0f1-4dab-ab49-d207a31eacb5,0b64f2e7-aefe-4b1c-b13e-18980f79852f,eb84a523-0b4f-44b7-9802-fb72ab7e8f73,->,affa9014-f0f1-4dab-ab49-d207a31eacb5,java/lang/StringBuilder.java,append
affa9014-f0f1-4dab-ab49-d207a31eacb5,0b64f2e7-aefe-4b1c-b13e-18980f79852f,eb84a523-0b4f-44b7-9802-fb72ab7e8f73,->,affa9014-f0f1-4dab-ab49-d207a31eacb5,java/lang/StringBuilder.java,append
affa9014-f0f1-4dab-ab49-d207a31eacb5,0b64f2e7-aefe-4b1c-b13e-18980f79852f,eb84a523-0b4f-44b7-9802-fb72ab7e8f73,->,affa9014-f0f1-4dab-ab49-d207a31eacb5,java/lang/StringBuilder.java,append
affa9014-f0f1-4dab-ab49-d207a31eacb5,0b64f2e7-aefe-4b1c-b13e-18980f79852f,eb84a523-0b4f-44b7-9802-fb72ab7e8f73,->,affa9014-f0f1-4dab-ab49-d207a31eacb5,java/lang/StringBuilder.java,append
affa9014-f0f1-4dab-ab49-d207a31eacb5,0b64f2e7-aefe-4b1c-b13e-18980f79852f,eb84a523-0b4f-44b7-9802-fb72ab7e8f73,->,affa9014-f0f1-4dab-ab49-d207a31eacb5,java/lang/StringBuilder.java,toString
affa9014-f0f1-4dab-ab49-d207a31eacb5,0b64f2e7-aefe-4b1c-b13e-18980f79852f,eb84a523-0b4f-44b7-9802-fb72ab7e8f73,->,affa9014-f0f1-4dab-ab49-d207a31eacb5,javax/swing/JButton.java,addActionListener
affa9014-f0f1-4dab-ab49-d207a31eacb5,0b64f2e7-aefe-4b1c-b13e-18980f79852f,eb84a523-0b4f-44b7-9802-fb72ab7e8f73,->,affa9014-f0f1-4dab-ab49-d207a31eacb5,javax/swing/JButton.java,getInputMap
affa9014-f0f1-4dab-ab49-d207a31eacb5,0b64f2e7-aefe-4b1c-b13e-18980f79852f,eb84a523-0b4f-44b7-9802-fb72ab7e8f73,->,affa9014-f0f1-4dab-ab49-d207a31eacb5,javax/swing/KeyStroke.java,getKeyStroke
affa9014-f0f1-4dab-ab49-d207a31eacb5,0b64f2e7-aefe-4b1c-b13e-18980f79852f,eb84a523-0b4f-44b7-9802-fb72ab7e8f73,->,affa9014-f0f1-4dab-ab49-d207a31eacb5,javax/swing/InputMap.java,put
affa9014-f0f1-4dab-ab49-d207a31eacb5,0b64f2e7-aefe-4b1c-b13e-18980f79852f,eb84a523-0b4f-44b7-9802-fb72ab7e8f73,->,affa9014-f0f1-4dab-ab49-d207a31eacb5,javax/swing/JButton.java,addActionListener
affa9014-f0f1-4dab-ab49-d207a31eacb5,0b64f2e7-aefe-4b1c-b13e-18980f79852f,eb84a523-0b4f-44b7-9802-fb72ab7e8f73,->,affa9014-f0f1-4dab-ab49-d207a31eacb5,javax/swing/JButton.java,getActionMap
affa9014-f0f1-4dab-ab49-d207a31eacb5,0b64f2e7-aefe-4b1c-b13e-18980f79852f,eb84a523-0b4f-44b7-9802-fb72ab7e8f73,->,affa9014-f0f1-4dab-ab49-d207a31eacb5,javax/swing/ActionMap.java,put
affa9014-f0f1-4dab-ab49-d207a31eacb5,0b64f2e7-aefe-4b1c-b13e-18980f79852f,eb84a523-0b4f-44b7-9802-fb72ab7e8f73,->,affa9014-f0f1-4dab-ab49-d207a31eacb5,javax/swing/JButton.java,setName
affa9014-f0f1-4dab-ab49-d207a31eacb5,0b64f2e7-aefe-4b1c-b13e-18980f79852f,eb84a523-0b4f-44b7-9802-fb72ab7e8f73,->,affa9014-f0f1-4dab-ab49-d207a31eacb5,java/util/ArrayList.java,add
affa9014-f0f1-4dab-ab49-d207a31eacb5,0b64f2e7-aefe-4b1c-b13e-18980f79852f,eb84a523-0b4f-44b7-9802-fb72ab7e8f73,->,affa9014-f0f1-4dab-ab49-d207a31eacb5,java/util/ArrayList.java,add
affa9014-f0f1-4dab-ab49-d207a31eacb5,0b64f2e7-aefe-4b1c-b13e-18980f79852f,eb84a523-0b4f-44b7-9802-fb72ab7e8f73,->,affa9014-f0f1-4dab-ab49-d207a31eacb5,java/util/ArrayList.java,add
affa9014-f0f1-4dab-ab49-d207a31eacb5,0b64f2e7-aefe-4b1c-b13e-18980f79852f,eb84a523-0b4f-44b7-9802-fb72ab7e8f73,->,affa9014-f0f1-4dab-ab49-d207a31eacb5,java/util/ArrayList.java,add
affa9014-f0f1-4dab-ab49-d207a31eacb5,0b64f2e7-aefe-4b1c-b13e-18980f79852f,eb84a523-0b4f-44b7-9802-fb72ab7e8f73,->,affa9014-f0f1-4dab-ab49-d207a31eacb5,java/util/ArrayList.java,add
affa9014-f0f1-4dab-ab49-d207a31eacb5,0b64f2e7-aefe-4b1c-b13e-18980f79852f,eb84a523-0b4f-44b7-9802-fb72ab7e8f73,->,affa9014-f0f1-4dab-ab49-d207a31eacb5,gui/OptionMenu.java,add
affa9014-f0f1-4dab-ab49-d207a31eacb5,0b64f2e7-aefe-4b1c-b13e-18980f79852f,eb84a523-0b4f-44b7-9802-fb72ab7e8f73,->,affa9014-f0f1-4dab-ab49-d207a31eacb5,gui/OptionMenu.java,add
affa9014-f0f1-4dab-ab49-d207a31eacb5,0b64f2e7-aefe-4b1c-b13e-18980f79852f,eb84a523-0b4f-44b7-9802-fb72ab7e8f73,->,affa9014-f0f1-4dab-ab49-d207a31eacb5,gui/OptionMenu.java,add
affa9014-f0f1-4dab-ab49-d207a31eacb5,0b64f2e7-aefe-4b1c-b13e-18980f79852f,eb84a523-0b4f-44b7-9802-fb72ab7e8f73,->,affa9014-f0f1-4dab-ab49-d207a31eacb5,gui/OptionMenu.java,add
affa9014-f0f1-4dab-ab49-d207a31eacb5,0b64f2e7-aefe-4b1c-b13e-18980f79852f,eb84a523-0b4f-44b7-9802-fb72ab7e8f73,->,affa9014-f0f1-4dab-ab49-d207a31eacb5,gui/OptionMenu.java,add
affa9014-f0f1-4dab-ab49-d207a31eacb5,gui/OptionMenu.java,access$600,->,affa9014-f0f1-4dab-ab49-d207a31eacb5,0b64f2e7-aefe-4b1c-b13e-18980f79852f,8faa21fc-b561-4a1e-9595-6bd3aaa707b1
affa9014-f0f1-4dab-ab49-d207a31eacb5,gui/MainMenu$GameButtonAction.java,actionPerformed,->,affa9014-f0f1-4dab-ab49-d207a31eacb5,482bc59b-99da-49eb-845b-d6933212620f,8ecc08ab-f8c8-4257-ad40-b288ae4ef0b5
affa9014-f0f1-4dab-ab49-d207a31eacb5,gui/MainMenu$GameButtonAction.java,actionPerformed,->,affa9014-f0f1-4dab-ab49-d207a31eacb5,482bc59b-99da-49eb-845b-d6933212620f,0d585b4e-f4fe-47a8-9e3e-8991bb363642
affa9014-f0f1-4dab-ab49-d207a31eacb5,gui/MainMenu$QuitAction.java,actionPerformed,->,affa9014-f0f1-4dab-ab49-d207a31eacb5,java/lang/System.java,exit
affa9014-f0f1-4dab-ab49-d207a31eacb5,gui/UserMenu$NewUserDialog$1.java,actionPerformed,->,affa9014-f0f1-4dab-ab49-d207a31eacb5,gui/UserMenu$NewUserDialog.java,setVisible
affa9014-f0f1-4dab-ab49-d207a31eacb5,gui/UserMenu$NewUserDialog$1.java,actionPerformed,->,affa9014-f0f1-4dab-ab49-d207a31eacb5,gui/UserMenu$NewUserDialog.java,dispose
affa9014-f0f1-4dab-ab49-d207a31eacb5,gui/UserMenu$NewUserDialog.java,createAndShowNewUserDialog,->,affa9014-f0f1-4dab-ab49-d207a31eacb5,gui/UserMenu$NewUserDialog.java,setName
affa9014-f0f1-4dab-ab49-d207a31eacb5,gui/UserMenu$NewUserDialog.java,createAndShowNewUserDialog,->,affa9014-f0f1-4dab-ab49-d207a31eacb5,javax/swing/JPanel.java,add
affa9014-f0f1-4dab-ab49-d207a31eacb5,gui/UserMenu$NewUserDialog.java,createAndShowNewUserDialog,->,affa9014-f0f1-4dab-ab49-d207a31eacb5,javax/swing/JLabel.java,setLabelFor
affa9014-f0f1-4dab-ab49-d207a31eacb5,gui/UserMenu$NewUserDialog.java,createAndShowNewUserDialog,->,affa9014-f0f1-4dab-ab49-d207a31eacb5,javax/swing/JPanel.java,add
affa9014-f0f1-4dab-ab49-d207a31eacb5,gui/UserMenu$NewUserDialog.java,createAndShowNewUserDialog,->,affa9014-f0f1-4dab-ab49-d207a31eacb5,javax/swing/JButton.java,getInputMap
affa9014-f0f1-4dab-ab49-d207a31eacb5,gui/UserMenu$NewUserDialog.java,createAndShowNewUserDialog,->,affa9014-f0f1-4dab-ab49-d207a31eacb5,javax/swing/KeyStroke.java,getKeyStroke
affa9014-f0f1-4dab-ab49-d207a31eacb5,gui/UserMenu$NewUserDialog.java,createAndShowNewUserDialog,->,affa9014-f0f1-4dab-ab49-d207a31eacb5,javax/swing/InputMap.java,put
affa9014-f0f1-4dab-ab49-d207a31eacb5,gui/UserMenu$NewUserDialog.java,createAndShowNewUserDialog,->,affa9014-f0f1-4dab-ab49-d207a31eacb5,javax/swing/JButton.java,getActionMap
affa9014-f0f1-4dab-ab49-d207a31eacb5,gui/UserMenu$NewUserDialog.java,createAndShowNewUserDialog,->,affa9014-f0f1-4dab-ab49-d207a31eacb5,javax/swing/ActionMap.java,put
affa9014-f0f1-4dab-ab49-d207a31eacb5,gui/UserMenu$NewUserDialog.java,createAndShowNewUserDialog,->,affa9014-f0f1-4dab-ab49-d207a31eacb5,javax/swing/JButton.java,addActionListener
affa9014-f0f1-4dab-ab49-d207a31eacb5,gui/UserMenu$NewUserDialog.java,createAndShowNewUserDialog,->,affa9014-f0f1-4dab-ab49-d207a31eacb5,javax/swing/JButton.java,addActionListener
affa9014-f0f1-4dab-ab49-d207a31eacb5,gui/UserMenu$NewUserDialog.java,createAndShowNewUserDialog,->,affa9014-f0f1-4dab-ab49-d207a31eacb5,javax/swing/JPanel.java,add
affa9014-f0f1-4dab-ab49-d207a31eacb5,gui/UserMenu$NewUserDialog.java,createAndShowNewUserDialog,->,affa9014-f0f1-4dab-ab49-d207a31eacb5,javax/swing/JPanel.java,add
affa9014-f0f1-4dab-ab49-d207a31eacb5,gui/UserMenu$NewUserDialog.java,createAndShowNewUserDialog,->,affa9014-f0f1-4dab-ab49-d207a31eacb5,gui/UserMenu$NewUserDialog.java,setContentPane
affa9014-f0f1-4dab-ab49-d207a31eacb5,gui/UserMenu$NewUserDialog.java,createAndShowNewUserDialog,->,affa9014-f0f1-4dab-ab49-d207a31eacb5,java/awt/Toolkit.java,getDefaultToolkit
affa9014-f0f1-4dab-ab49-d207a31eacb5,gui/UserMenu$NewUserDialog.java,createAndShowNewUserDialog,->,affa9014-f0f1-4dab-ab49-d207a31eacb5,java/awt/Toolkit.java,getScreenSize
affa9014-f0f1-4dab-ab49-d207a31eacb5,gui/UserMenu$NewUserDialog.java,createAndShowNewUserDialog,->,affa9014-f0f1-4dab-ab49-d207a31eacb5,gui/UserMenu$NewUserDialog.java,setSize
affa9014-f0f1-4dab-ab49-d207a31eacb5,gui/UserMenu$NewUserDialog.java,createAndShowNewUserDialog,->,affa9014-f0f1-4dab-ab49-d207a31eacb5,gui/UserMenu$NewUserDialog.java,setVisible
affa9014-f0f1-4dab-ab49-d207a31eacb5,gui/UserMenu$NewUserDialog.java,access$200,->,affa9014-f0f1-4dab-ab49-d207a31eacb5,gui/UserMenu$NewUserDialog.java,createAndShowNewUserDialog
affa9014-f0f1-4dab-ab49-d207a31eacb5,f504d722-88f8-420c-b169-ac21cd6199ef,b4ebb7f7-d1ab-4a74-97fa-e9665d98effa,->,affa9014-f0f1-4dab-ab49-d207a31eacb5,gui/SelectionTextPane.java,getInputMap
affa9014-f0f1-4dab-ab49-d207a31eacb5,f504d722-88f8-420c-b169-ac21cd6199ef,b4ebb7f7-d1ab-4a74-97fa-e9665d98effa,->,affa9014-f0f1-4dab-ab49-d207a31eacb5,javax/swing/KeyStroke.java,getKeyStroke
affa9014-f0f1-4dab-ab49-d207a31eacb5,f504d722-88f8-420c-b169-ac21cd6199ef,b4ebb7f7-d1ab-4a74-97fa-e9665d98effa,->,affa9014-f0f1-4dab-ab49-d207a31eacb5,javax/swing/InputMap.java,put
affa9014-f0f1-4dab-ab49-d207a31eacb5,f504d722-88f8-420c-b169-ac21cd6199ef,b4ebb7f7-d1ab-4a74-97fa-e9665d98effa,->,affa9014-f0f1-4dab-ab49-d207a31eacb5,gui/SelectionTextPane.java,getActionMap
affa9014-f0f1-4dab-ab49-d207a31eacb5,f504d722-88f8-420c-b169-ac21cd6199ef,b4ebb7f7-d1ab-4a74-97fa-e9665d98effa,->,affa9014-f0f1-4dab-ab49-d207a31eacb5,javax/swing/ActionMap.java,put
affa9014-f0f1-4dab-ab49-d207a31eacb5,f504d722-88f8-420c-b169-ac21cd6199ef,b4ebb7f7-d1ab-4a74-97fa-e9665d98effa,->,affa9014-f0f1-4dab-ab49-d207a31eacb5,gui/SelectionTextPane.java,getInputMap
affa9014-f0f1-4dab-ab49-d207a31eacb5,f504d722-88f8-420c-b169-ac21cd6199ef,b4ebb7f7-d1ab-4a74-97fa-e9665d98effa,->,affa9014-f0f1-4dab-ab49-d207a31eacb5,javax/swing/KeyStroke.java,getKeyStroke
affa9014-f0f1-4dab-ab49-d207a31eacb5,f504d722-88f8-420c-b169-ac21cd6199ef,b4ebb7f7-d1ab-4a74-97fa-e9665d98effa,->,affa9014-f0f1-4dab-ab49-d207a31eacb5,javax/swing/InputMap.java,put
affa9014-f0f1-4dab-ab49-d207a31eacb5,f504d722-88f8-420c-b169-ac21cd6199ef,b4ebb7f7-d1ab-4a74-97fa-e9665d98effa,->,affa9014-f0f1-4dab-ab49-d207a31eacb5,gui/SelectionTextPane.java,getActionMap
affa9014-f0f1-4dab-ab49-d207a31eacb5,f504d722-88f8-420c-b169-ac21cd6199ef,b4ebb7f7-d1ab-4a74-97fa-e9665d98effa,->,affa9014-f0f1-4dab-ab49-d207a31eacb5,javax/swing/ActionMap.java,put
affa9014-f0f1-4dab-ab49-d207a31eacb5,f504d722-88f8-420c-b169-ac21cd6199ef,b4ebb7f7-d1ab-4a74-97fa-e9665d98effa,->,affa9014-f0f1-4dab-ab49-d207a31eacb5,gui/SelectionTextPane.java,getInputMap
affa9014-f0f1-4dab-ab49-d207a31eacb5,f504d722-88f8-420c-b169-ac21cd6199ef,b4ebb7f7-d1ab-4a74-97fa-e9665d98effa,->,affa9014-f0f1-4dab-ab49-d207a31eacb5,javax/swing/KeyStroke.java,getKeyStroke
affa9014-f0f1-4dab-ab49-d207a31eacb5,f504d722-88f8-420c-b169-ac21cd6199ef,b4ebb7f7-d1ab-4a74-97fa-e9665d98effa,->,affa9014-f0f1-4dab-ab49-d207a31eacb5,javax/swing/InputMap.java,put
affa9014-f0f1-4dab-ab49-d207a31eacb5,gui/mainGUI$HelpAction.java,actionPerformed,->,affa9014-f0f1-4dab-ab49-d207a31eacb5,482bc59b-99da-49eb-845b-d6933212620f,8ecc08ab-f8c8-4257-ad40-b288ae4ef0b5
affa9014-f0f1-4dab-ab49-d207a31eacb5,gui/mainGUI$HelpAction.java,actionPerformed,->,affa9014-f0f1-4dab-ab49-d207a31eacb5,482bc59b-99da-49eb-845b-d6933212620f,0d585b4e-f4fe-47a8-9e3e-8991bb363642
affa9014-f0f1-4dab-ab49-d207a31eacb5,gui/SelectionTextPane$SelectNextSentanceAction.java,actionPerformed,->,affa9014-f0f1-4dab-ab49-d207a31eacb5,gui/SelectionTextPane.java,getText
affa9014-f0f1-4dab-ab49-d207a31eacb5,gui/SelectionTextPane$SelectNextSentanceAction.java,actionPerformed,->,affa9014-f0f1-4dab-ab49-d207a31eacb5,gui/SelectionTextPane.java,access$200
affa9014-f0f1-4dab-ab49-d207a31eacb5,gui/SelectionTextPane$SelectNextSentanceAction.java,actionPerformed,->,affa9014-f0f1-4dab-ab49-d207a31eacb5,java/lang/String.java,indexOf
affa9014-f0f1-4dab-ab49-d207a31eacb5,gui/SelectionTextPane$SelectNextSentanceAction.java,actionPerformed,->,affa9014-f0f1-4dab-ab49-d207a31eacb5,gui/SelectionTextPane.java,access$200
affa9014-f0f1-4dab-ab49-d207a31eacb5,gui/SelectionTextPane$SelectNextSentanceAction.java,actionPerformed,->,affa9014-f0f1-4dab-ab49-d207a31eacb5,java/lang/String.java,indexOf
affa9014-f0f1-4dab-ab49-d207a31eacb5,gui/SelectionTextPane$SelectNextSentanceAction.java,actionPerformed,->,affa9014-f0f1-4dab-ab49-d207a31eacb5,gui/SelectionTextPane.java,access$200
affa9014-f0f1-4dab-ab49-d207a31eacb5,gui/SelectionTextPane$SelectNextSentanceAction.java,actionPerformed,->,affa9014-f0f1-4dab-ab49-d207a31eacb5,java/lang/String.java,indexOf
affa9014-f0f1-4dab-ab49-d207a31eacb5,gui/SelectionTextPane$SelectNextSentanceAction.java,actionPerformed,->,affa9014-f0f1-4dab-ab49-d207a31eacb5,gui/SelectionTextPane.java,getHighlighter
affa9014-f0f1-4dab-ab49-d207a31eacb5,gui/SelectionTextPane$SelectNextSentanceAction.java,actionPerformed,->,affa9014-f0f1-4dab-ab49-d207a31eacb5,javax/swing/text/Highlighter.java,removeAllHighlights
affa9014-f0f1-4dab-ab49-d207a31eacb5,gui/SelectionTextPane$SelectNextSentanceAction.java,actionPerformed,->,affa9014-f0f1-4dab-ab49-d207a31eacb5,gui/SelectionTextPane.java,getHighlighter
affa9014-f0f1-4dab-ab49-d207a31eacb5,gui/SelectionTextPane$SelectNextSentanceAction.java,actionPerformed,->,affa9014-f0f1-4dab-ab49-d207a31eacb5,gui/SelectionTextPane.java,access$200
affa9014-f0f1-4dab-ab49-d207a31eacb5,gui/SelectionTextPane$SelectNextSentanceAction.java,actionPerformed,->,affa9014-f0f1-4dab-ab49-d207a31eacb5,java/lang/String.java,length
affa9014-f0f1-4dab-ab49-d207a31eacb5,gui/SelectionTextPane$SelectNextSentanceAction.java,actionPerformed,->,affa9014-f0f1-4dab-ab49-d207a31eacb5,gui/SelectionTextPane.java,access$300
affa9014-f0f1-4dab-ab49-d207a31eacb5,gui/SelectionTextPane$SelectNextSentanceAction.java,actionPerformed,->,affa9014-f0f1-4dab-ab49-d207a31eacb5,javax/swing/text/Highlighter.java,addHighlight
affa9014-f0f1-4dab-ab49-d207a31eacb5,gui/SelectionTextPane$SelectNextSentanceAction.java,actionPerformed,->,affa9014-f0f1-4dab-ab49-d207a31eacb5,482bc59b-99da-49eb-845b-d6933212620f,8ecc08ab-f8c8-4257-ad40-b288ae4ef0b5
affa9014-f0f1-4dab-ab49-d207a31eacb5,gui/SelectionTextPane$SelectNextSentanceAction.java,actionPerformed,->,affa9014-f0f1-4dab-ab49-d207a31eacb5,gui/SelectionTextPane.java,access$200
affa9014-f0f1-4dab-ab49-d207a31eacb5,gui/SelectionTextPane$SelectNextSentanceAction.java,actionPerformed,->,affa9014-f0f1-4dab-ab49-d207a31eacb5,java/lang/String.java,length
affa9014-f0f1-4dab-ab49-d207a31eacb5,gui/SelectionTextPane$SelectNextSentanceAction.java,actionPerformed,->,affa9014-f0f1-4dab-ab49-d207a31eacb5,java/lang/String.java,substring
affa9014-f0f1-4dab-ab49-d207a31eacb5,gui/SelectionTextPane$SelectNextSentanceAction.java,actionPerformed,->,affa9014-f0f1-4dab-ab49-d207a31eacb5,482bc59b-99da-49eb-845b-d6933212620f,3ff9cb4b-28ae-4a97-bbda-b418ee32e881
affa9014-f0f1-4dab-ab49-d207a31eacb5,gui/SelectionTextPane$SelectNextSentanceAction.java,actionPerformed,->,affa9014-f0f1-4dab-ab49-d207a31eacb5,javax/swing/text/BadLocationException.java,printStackTrace
affa9014-f0f1-4dab-ab49-d207a31eacb5,gui/SelectionTextPane$SelectNextSentanceAction.java,actionPerformed,->,affa9014-f0f1-4dab-ab49-d207a31eacb5,f504d722-88f8-420c-b169-ac21cd6199ef,c43fdb96-188c-4b1c-81b4-1f913ec87af4
affa9014-f0f1-4dab-ab49-d207a31eacb5,gui/SelectionTextPane$SelectNextSentanceAction.java,actionPerformed,->,affa9014-f0f1-4dab-ab49-d207a31eacb5,gui/SelectionTextPane.java,getHighlighter
affa9014-f0f1-4dab-ab49-d207a31eacb5,gui/SelectionTextPane$SelectNextSentanceAction.java,actionPerformed,->,affa9014-f0f1-4dab-ab49-d207a31eacb5,javax/swing/text/Highlighter.java,removeAllHighlights
affa9014-f0f1-4dab-ab49-d207a31eacb5,gui/SelectionTextPane$SelectNextSentanceAction.java,actionPerformed,->,affa9014-f0f1-4dab-ab49-d207a31eacb5,gui/SelectionTextPane.java,getHighlighter
affa9014-f0f1-4dab-ab49-d207a31eacb5,gui/SelectionTextPane$SelectNextSentanceAction.java,actionPerformed,->,affa9014-f0f1-4dab-ab49-d207a31eacb5,gui/SelectionTextPane.java,access$200
affa9014-f0f1-4dab-ab49-d207a31eacb5,gui/SelectionTextPane$SelectNextSentanceAction.java,actionPerformed,->,affa9014-f0f1-4dab-ab49-d207a31eacb5,gui/SelectionTextPane.java,access$300
affa9014-f0f1-4dab-ab49-d207a31eacb5,gui/SelectionTextPane$SelectNextSentanceAction.java,actionPerformed,->,affa9014-f0f1-4dab-ab49-d207a31eacb5,javax/swing/text/Highlighter.java,addHighlight
affa9014-f0f1-4dab-ab49-d207a31eacb5,gui/SelectionTextPane$SelectNextSentanceAction.java,actionPerformed,->,affa9014-f0f1-4dab-ab49-d207a31eacb5,482bc59b-99da-49eb-845b-d6933212620f,8ecc08ab-f8c8-4257-ad40-b288ae4ef0b5
affa9014-f0f1-4dab-ab49-d207a31eacb5,gui/SelectionTextPane$SelectNextSentanceAction.java,actionPerformed,->,affa9014-f0f1-4dab-ab49-d207a31eacb5,gui/SelectionTextPane.java,access$200
affa9014-f0f1-4dab-ab49-d207a31eacb5,gui/SelectionTextPane$SelectNextSentanceAction.java,actionPerformed,->,affa9014-f0f1-4dab-ab49-d207a31eacb5,java/lang/String.java,substring
affa9014-f0f1-4dab-ab49-d207a31eacb5,gui/SelectionTextPane$SelectNextSentanceAction.java,actionPerformed,->,affa9014-f0f1-4dab-ab49-d207a31eacb5,482bc59b-99da-49eb-845b-d6933212620f,3ff9cb4b-28ae-4a97-bbda-b418ee32e881
affa9014-f0f1-4dab-ab49-d207a31eacb5,gui/SelectionTextPane$SelectNextSentanceAction.java,actionPerformed,->,affa9014-f0f1-4dab-ab49-d207a31eacb5,gui/SelectionTextPane.java,access$202
affa9014-f0f1-4dab-ab49-d207a31eacb5,gui/SelectionTextPane$SelectNextSentanceAction.java,actionPerformed,->,affa9014-f0f1-4dab-ab49-d207a31eacb5,javax/swing/text/BadLocationException.java,printStackTrace
affa9014-f0f1-4dab-ab49-d207a31eacb5,gui/SelectionTextPane$SelectNextSentanceAction.java,actionPerformed,->,affa9014-f0f1-4dab-ab49-d207a31eacb5,gui/SelectionTextPane.java,access$200
affa9014-f0f1-4dab-ab49-d207a31eacb5,gui/SelectionTextPane$SelectNextSentanceAction.java,actionPerformed,->,affa9014-f0f1-4dab-ab49-d207a31eacb5,gui/SelectionTextPane.java,setCaretPosition
affa9014-f0f1-4dab-ab49-d207a31eacb5,gui/ButtonPane$2.java,keyTyped,->,affa9014-f0f1-4dab-ab49-d207a31eacb5,java/awt/event/KeyEvent.java,getKeyChar
affa9014-f0f1-4dab-ab49-d207a31eacb5,gui/ButtonPane$2.java,keyTyped,->,affa9014-f0f1-4dab-ab49-d207a31eacb5,java/awt/event/KeyEvent.java,getComponent
affa9014-f0f1-4dab-ab49-d207a31eacb5,gui/ButtonPane$2.java,keyTyped,->,affa9014-f0f1-4dab-ab49-d207a31eacb5,javax/swing/JButton.java,doClick
affa9014-f0f1-4dab-ab49-d207a31eacb5,gui/OptionMenu$VolumeDialogAction.java,actionPerformed,->,affa9014-f0f1-4dab-ab49-d207a31eacb5,gui/OptionMenu.java,access$002
affa9014-f0f1-4dab-ab49-d207a31eacb5,gui/OptionMenu$VolumeDialogAction.java,actionPerformed,->,affa9014-f0f1-4dab-ab49-d207a31eacb5,gui/OptionMenu$Dialog.java,access$800
affa9014-f0f1-4dab-ab49-d207a31eacb5,gui/OptionMenu$1.java,actionPerformed,->,affa9014-f0f1-4dab-ab49-d207a31eacb5,gui/OptionMenu.java,access$600
affa9014-f0f1-4dab-ab49-d207a31eacb5,gui/OptionMenu$1.java,actionPerformed,->,affa9014-f0f1-4dab-ab49-d207a31eacb5,gui/OptionMenu.java,setVisible
affa9014-f0f1-4dab-ab49-d207a31eacb5,gui/OptionMenu$1.java,actionPerformed,->,affa9014-f0f1-4dab-ab49-d207a31eacb5,gui/OptionMenu.java,dispose
affa9014-f0f1-4dab-ab49-d207a31eacb5,d5124adf-aae6-4f7f-bd10-c1c0954f6e29,f5e9756b-b6e8-4f9f-bed0-7f4e35074331,->,affa9014-f0f1-4dab-ab49-d207a31eacb5,0069dc56-9c23-4ede-958b-588c731bc634,d687ca53-64a0-4c47-af43-646acb0f7277
affa9014-f0f1-4dab-ab49-d207a31eacb5,d5124adf-aae6-4f7f-bd10-c1c0954f6e29,f5e9756b-b6e8-4f9f-bed0-7f4e35074331,->,affa9014-f0f1-4dab-ab49-d207a31eacb5,0069dc56-9c23-4ede-958b-588c731bc634,7d397d50-8231-48d0-a655-24a4495dca90
affa9014-f0f1-4dab-ab49-d207a31eacb5,d5124adf-aae6-4f7f-bd10-c1c0954f6e29,f5e9756b-b6e8-4f9f-bed0-7f4e35074331,->,affa9014-f0f1-4dab-ab49-d207a31eacb5,java/awt/Toolkit.java,getDefaultToolkit
affa9014-f0f1-4dab-ab49-d207a31eacb5,d5124adf-aae6-4f7f-bd10-c1c0954f6e29,f5e9756b-b6e8-4f9f-bed0-7f4e35074331,->,affa9014-f0f1-4dab-ab49-d207a31eacb5,java/awt/Toolkit.java,getScreenSize
affa9014-f0f1-4dab-ab49-d207a31eacb5,d5124adf-aae6-4f7f-bd10-c1c0954f6e29,f5e9756b-b6e8-4f9f-bed0-7f4e35074331,->,affa9014-f0f1-4dab-ab49-d207a31eacb5,gui/mainGUI.java,setSize
affa9014-f0f1-4dab-ab49-d207a31eacb5,d5124adf-aae6-4f7f-bd10-c1c0954f6e29,f5e9756b-b6e8-4f9f-bed0-7f4e35074331,->,affa9014-f0f1-4dab-ab49-d207a31eacb5,java/awt/Toolkit.java,getDefaultToolkit
affa9014-f0f1-4dab-ab49-d207a31eacb5,d5124adf-aae6-4f7f-bd10-c1c0954f6e29,f5e9756b-b6e8-4f9f-bed0-7f4e35074331,->,affa9014-f0f1-4dab-ab49-d207a31eacb5,java/awt/Toolkit.java,getScreenSize
affa9014-f0f1-4dab-ab49-d207a31eacb5,d5124adf-aae6-4f7f-bd10-c1c0954f6e29,f5e9756b-b6e8-4f9f-bed0-7f4e35074331,->,affa9014-f0f1-4dab-ab49-d207a31eacb5,java/awt/Dimension.java,getWidth
affa9014-f0f1-4dab-ab49-d207a31eacb5,d5124adf-aae6-4f7f-bd10-c1c0954f6e29,f5e9756b-b6e8-4f9f-bed0-7f4e35074331,->,affa9014-f0f1-4dab-ab49-d207a31eacb5,gui/mainGUI.java,getToolkit
affa9014-f0f1-4dab-ab49-d207a31eacb5,d5124adf-aae6-4f7f-bd10-c1c0954f6e29,f5e9756b-b6e8-4f9f-bed0-7f4e35074331,->,affa9014-f0f1-4dab-ab49-d207a31eacb5,gui/mainGUI.java,setDefaultCloseOperation
affa9014-f0f1-4dab-ab49-d207a31eacb5,d5124adf-aae6-4f7f-bd10-c1c0954f6e29,f5e9756b-b6e8-4f9f-bed0-7f4e35074331,->,affa9014-f0f1-4dab-ab49-d207a31eacb5,javax/swing/UIManager.java,put
affa9014-f0f1-4dab-ab49-d207a31eacb5,d5124adf-aae6-4f7f-bd10-c1c0954f6e29,f5e9756b-b6e8-4f9f-bed0-7f4e35074331,->,affa9014-f0f1-4dab-ab49-d207a31eacb5,javax/swing/UIManager.java,put
affa9014-f0f1-4dab-ab49-d207a31eacb5,d5124adf-aae6-4f7f-bd10-c1c0954f6e29,f5e9756b-b6e8-4f9f-bed0-7f4e35074331,->,affa9014-f0f1-4dab-ab49-d207a31eacb5,javax/swing/UIManager.java,put
affa9014-f0f1-4dab-ab49-d207a31eacb5,d5124adf-aae6-4f7f-bd10-c1c0954f6e29,f5e9756b-b6e8-4f9f-bed0-7f4e35074331,->,affa9014-f0f1-4dab-ab49-d207a31eacb5,javax/swing/UIManager.java,put
affa9014-f0f1-4dab-ab49-d207a31eacb5,d5124adf-aae6-4f7f-bd10-c1c0954f6e29,f5e9756b-b6e8-4f9f-bed0-7f4e35074331,->,affa9014-f0f1-4dab-ab49-d207a31eacb5,javax/swing/UIManager.java,put
affa9014-f0f1-4dab-ab49-d207a31eacb5,d5124adf-aae6-4f7f-bd10-c1c0954f6e29,f5e9756b-b6e8-4f9f-bed0-7f4e35074331,->,affa9014-f0f1-4dab-ab49-d207a31eacb5,javax/swing/UIManager.java,put
affa9014-f0f1-4dab-ab49-d207a31eacb5,d5124adf-aae6-4f7f-bd10-c1c0954f6e29,f5e9756b-b6e8-4f9f-bed0-7f4e35074331,->,affa9014-f0f1-4dab-ab49-d207a31eacb5,javax/swing/UIManager.java,put
affa9014-f0f1-4dab-ab49-d207a31eacb5,d5124adf-aae6-4f7f-bd10-c1c0954f6e29,f5e9756b-b6e8-4f9f-bed0-7f4e35074331,->,affa9014-f0f1-4dab-ab49-d207a31eacb5,javax/swing/UIManager.java,put
affa9014-f0f1-4dab-ab49-d207a31eacb5,d5124adf-aae6-4f7f-bd10-c1c0954f6e29,f5e9756b-b6e8-4f9f-bed0-7f4e35074331,->,affa9014-f0f1-4dab-ab49-d207a31eacb5,javax/swing/UIManager.java,put
affa9014-f0f1-4dab-ab49-d207a31eacb5,d5124adf-aae6-4f7f-bd10-c1c0954f6e29,dc4dd548-3319-4d16-85e6-9bc716d1ea9c,->,affa9014-f0f1-4dab-ab49-d207a31eacb5,9c3f6de5-7d47-4149-b0ea-9d76183b5def,2678c812-9619-490c-8f4b-f15329cb8ac0
affa9014-f0f1-4dab-ab49-d207a31eacb5,d5124adf-aae6-4f7f-bd10-c1c0954f6e29,dc4dd548-3319-4d16-85e6-9bc716d1ea9c,->,affa9014-f0f1-4dab-ab49-d207a31eacb5,be9524de-0ed5-43f0-a5e7-0122fddea003,0b19d313-6c1d-40ba-8ef6-403eed20e5f0
affa9014-f0f1-4dab-ab49-d207a31eacb5,d5124adf-aae6-4f7f-bd10-c1c0954f6e29,dc4dd548-3319-4d16-85e6-9bc716d1ea9c,->,affa9014-f0f1-4dab-ab49-d207a31eacb5,javax/swing/UIManager.java,put
affa9014-f0f1-4dab-ab49-d207a31eacb5,d5124adf-aae6-4f7f-bd10-c1c0954f6e29,dc4dd548-3319-4d16-85e6-9bc716d1ea9c,->,affa9014-f0f1-4dab-ab49-d207a31eacb5,javax/swing/UIManager.java,put
affa9014-f0f1-4dab-ab49-d207a31eacb5,d5124adf-aae6-4f7f-bd10-c1c0954f6e29,dc4dd548-3319-4d16-85e6-9bc716d1ea9c,->,affa9014-f0f1-4dab-ab49-d207a31eacb5,javax/swing/UIManager.java,put
affa9014-f0f1-4dab-ab49-d207a31eacb5,d5124adf-aae6-4f7f-bd10-c1c0954f6e29,dc4dd548-3319-4d16-85e6-9bc716d1ea9c,->,affa9014-f0f1-4dab-ab49-d207a31eacb5,javax/swing/UIManager.java,put
affa9014-f0f1-4dab-ab49-d207a31eacb5,d5124adf-aae6-4f7f-bd10-c1c0954f6e29,dc4dd548-3319-4d16-85e6-9bc716d1ea9c,->,affa9014-f0f1-4dab-ab49-d207a31eacb5,javax/swing/UIManager.java,put
affa9014-f0f1-4dab-ab49-d207a31eacb5,d5124adf-aae6-4f7f-bd10-c1c0954f6e29,dc4dd548-3319-4d16-85e6-9bc716d1ea9c,->,affa9014-f0f1-4dab-ab49-d207a31eacb5,javax/swing/UIManager.java,put
affa9014-f0f1-4dab-ab49-d207a31eacb5,d5124adf-aae6-4f7f-bd10-c1c0954f6e29,dc4dd548-3319-4d16-85e6-9bc716d1ea9c,->,affa9014-f0f1-4dab-ab49-d207a31eacb5,javax/swing/UIManager.java,put
affa9014-f0f1-4dab-ab49-d207a31eacb5,d5124adf-aae6-4f7f-bd10-c1c0954f6e29,dc4dd548-3319-4d16-85e6-9bc716d1ea9c,->,affa9014-f0f1-4dab-ab49-d207a31eacb5,javax/swing/UIManager.java,put
affa9014-f0f1-4dab-ab49-d207a31eacb5,d5124adf-aae6-4f7f-bd10-c1c0954f6e29,dc4dd548-3319-4d16-85e6-9bc716d1ea9c,->,affa9014-f0f1-4dab-ab49-d207a31eacb5,javax/swing/UIManager.java,put
affa9014-f0f1-4dab-ab49-d207a31eacb5,d5124adf-aae6-4f7f-bd10-c1c0954f6e29,dc4dd548-3319-4d16-85e6-9bc716d1ea9c,->,affa9014-f0f1-4dab-ab49-d207a31eacb5,9c3f6de5-7d47-4149-b0ea-9d76183b5def,2678c812-9619-490c-8f4b-f15329cb8ac0
affa9014-f0f1-4dab-ab49-d207a31eacb5,d5124adf-aae6-4f7f-bd10-c1c0954f6e29,dc4dd548-3319-4d16-85e6-9bc716d1ea9c,->,affa9014-f0f1-4dab-ab49-d207a31eacb5,be9524de-0ed5-43f0-a5e7-0122fddea003,6ac3d7cd-dfc0-4d58-9a53-43231dc1d5e3
affa9014-f0f1-4dab-ab49-d207a31eacb5,d5124adf-aae6-4f7f-bd10-c1c0954f6e29,dc4dd548-3319-4d16-85e6-9bc716d1ea9c,->,affa9014-f0f1-4dab-ab49-d207a31eacb5,fa879229-5246-4341-8c98-177b875973ef,f98ba489-ae36-4182-bfb2-5dc650e9cb6d
affa9014-f0f1-4dab-ab49-d207a31eacb5,d5124adf-aae6-4f7f-bd10-c1c0954f6e29,dc4dd548-3319-4d16-85e6-9bc716d1ea9c,->,affa9014-f0f1-4dab-ab49-d207a31eacb5,9c3f6de5-7d47-4149-b0ea-9d76183b5def,2678c812-9619-490c-8f4b-f15329cb8ac0
affa9014-f0f1-4dab-ab49-d207a31eacb5,d5124adf-aae6-4f7f-bd10-c1c0954f6e29,dc4dd548-3319-4d16-85e6-9bc716d1ea9c,->,affa9014-f0f1-4dab-ab49-d207a31eacb5,be9524de-0ed5-43f0-a5e7-0122fddea003,6ac3d7cd-dfc0-4d58-9a53-43231dc1d5e3
affa9014-f0f1-4dab-ab49-d207a31eacb5,d5124adf-aae6-4f7f-bd10-c1c0954f6e29,dc4dd548-3319-4d16-85e6-9bc716d1ea9c,->,affa9014-f0f1-4dab-ab49-d207a31eacb5,fa879229-5246-4341-8c98-177b875973ef,deee9302-a127-4fdc-946d-aa0a5e815fb2
affa9014-f0f1-4dab-ab49-d207a31eacb5,d5124adf-aae6-4f7f-bd10-c1c0954f6e29,dc4dd548-3319-4d16-85e6-9bc716d1ea9c,->,affa9014-f0f1-4dab-ab49-d207a31eacb5,9c3f6de5-7d47-4149-b0ea-9d76183b5def,2678c812-9619-490c-8f4b-f15329cb8ac0
affa9014-f0f1-4dab-ab49-d207a31eacb5,d5124adf-aae6-4f7f-bd10-c1c0954f6e29,dc4dd548-3319-4d16-85e6-9bc716d1ea9c,->,affa9014-f0f1-4dab-ab49-d207a31eacb5,be9524de-0ed5-43f0-a5e7-0122fddea003,0b19d313-6c1d-40ba-8ef6-403eed20e5f0
affa9014-f0f1-4dab-ab49-d207a31eacb5,d5124adf-aae6-4f7f-bd10-c1c0954f6e29,dc4dd548-3319-4d16-85e6-9bc716d1ea9c,->,affa9014-f0f1-4dab-ab49-d207a31eacb5,javax/swing/UIManager.java,put
affa9014-f0f1-4dab-ab49-d207a31eacb5,d5124adf-aae6-4f7f-bd10-c1c0954f6e29,dc4dd548-3319-4d16-85e6-9bc716d1ea9c,->,affa9014-f0f1-4dab-ab49-d207a31eacb5,javax/swing/UIManager.java,put
affa9014-f0f1-4dab-ab49-d207a31eacb5,d5124adf-aae6-4f7f-bd10-c1c0954f6e29,dc4dd548-3319-4d16-85e6-9bc716d1ea9c,->,affa9014-f0f1-4dab-ab49-d207a31eacb5,javax/swing/UIManager.java,put
affa9014-f0f1-4dab-ab49-d207a31eacb5,d5124adf-aae6-4f7f-bd10-c1c0954f6e29,dc4dd548-3319-4d16-85e6-9bc716d1ea9c,->,affa9014-f0f1-4dab-ab49-d207a31eacb5,javax/swing/UIManager.java,put
affa9014-f0f1-4dab-ab49-d207a31eacb5,d5124adf-aae6-4f7f-bd10-c1c0954f6e29,dc4dd548-3319-4d16-85e6-9bc716d1ea9c,->,affa9014-f0f1-4dab-ab49-d207a31eacb5,javax/swing/UIManager.java,put
affa9014-f0f1-4dab-ab49-d207a31eacb5,d5124adf-aae6-4f7f-bd10-c1c0954f6e29,dc4dd548-3319-4d16-85e6-9bc716d1ea9c,->,affa9014-f0f1-4dab-ab49-d207a31eacb5,javax/swing/UIManager.java,put
affa9014-f0f1-4dab-ab49-d207a31eacb5,d5124adf-aae6-4f7f-bd10-c1c0954f6e29,dc4dd548-3319-4d16-85e6-9bc716d1ea9c,->,affa9014-f0f1-4dab-ab49-d207a31eacb5,javax/swing/UIManager.java,put
affa9014-f0f1-4dab-ab49-d207a31eacb5,d5124adf-aae6-4f7f-bd10-c1c0954f6e29,dc4dd548-3319-4d16-85e6-9bc716d1ea9c,->,affa9014-f0f1-4dab-ab49-d207a31eacb5,javax/swing/UIManager.java,put
affa9014-f0f1-4dab-ab49-d207a31eacb5,d5124adf-aae6-4f7f-bd10-c1c0954f6e29,dc4dd548-3319-4d16-85e6-9bc716d1ea9c,->,affa9014-f0f1-4dab-ab49-d207a31eacb5,javax/swing/UIManager.java,put
affa9014-f0f1-4dab-ab49-d207a31eacb5,gui/UserMenu$CreateUserAction.java,actionPerformed,->,affa9014-f0f1-4dab-ab49-d207a31eacb5,javax/swing/JTextField.java,getText
affa9014-f0f1-4dab-ab49-d207a31eacb5,gui/UserMenu$CreateUserAction.java,actionPerformed,->,affa9014-f0f1-4dab-ab49-d207a31eacb5,java/lang/String.java,equals
affa9014-f0f1-4dab-ab49-d207a31eacb5,gui/UserMenu$CreateUserAction.java,actionPerformed,->,affa9014-f0f1-4dab-ab49-d207a31eacb5,javax/swing/JOptionPane.java,showMessageDialog
affa9014-f0f1-4dab-ab49-d207a31eacb5,gui/UserMenu$CreateUserAction.java,actionPerformed,->,affa9014-f0f1-4dab-ab49-d207a31eacb5,0069dc56-9c23-4ede-958b-588c731bc634,d687ca53-64a0-4c47-af43-646acb0f7277
affa9014-f0f1-4dab-ab49-d207a31eacb5,gui/UserMenu$CreateUserAction.java,actionPerformed,->,affa9014-f0f1-4dab-ab49-d207a31eacb5,0069dc56-9c23-4ede-958b-588c731bc634,39348588-fd7f-47cb-b63a-fdf3420c9dbb
affa9014-f0f1-4dab-ab49-d207a31eacb5,gui/UserMenu$CreateUserAction.java,actionPerformed,->,affa9014-f0f1-4dab-ab49-d207a31eacb5,0069dc56-9c23-4ede-958b-588c731bc634,d687ca53-64a0-4c47-af43-646acb0f7277
affa9014-f0f1-4dab-ab49-d207a31eacb5,gui/UserMenu$CreateUserAction.java,actionPerformed,->,affa9014-f0f1-4dab-ab49-d207a31eacb5,0069dc56-9c23-4ede-958b-588c731bc634,170bc83e-2280-4515-9ca4-4cb41df4eb30
affa9014-f0f1-4dab-ab49-d207a31eacb5,gui/UserMenu$CreateUserAction.java,actionPerformed,->,affa9014-f0f1-4dab-ab49-d207a31eacb5,0069dc56-9c23-4ede-958b-588c731bc634,d687ca53-64a0-4c47-af43-646acb0f7277
affa9014-f0f1-4dab-ab49-d207a31eacb5,gui/UserMenu$CreateUserAction.java,actionPerformed,->,affa9014-f0f1-4dab-ab49-d207a31eacb5,0069dc56-9c23-4ede-958b-588c731bc634,7d397d50-8231-48d0-a655-24a4495dca90
affa9014-f0f1-4dab-ab49-d207a31eacb5,gui/UserMenu$CreateUserAction.java,actionPerformed,->,affa9014-f0f1-4dab-ab49-d207a31eacb5,gui/UserMenu.java,userPref
affa9014-f0f1-4dab-ab49-d207a31eacb5,gui/UserMenu$CreateUserAction.java,actionPerformed,->,affa9014-f0f1-4dab-ab49-d207a31eacb5,gui/UserMenu.java,access$000
affa9014-f0f1-4dab-ab49-d207a31eacb5,gui/UserMenu$CreateUserAction.java,actionPerformed,->,affa9014-f0f1-4dab-ab49-d207a31eacb5,gui/UserMenu.java,dispose
affa9014-f0f1-4dab-ab49-d207a31eacb5,gui/UserMenu$CreateUserAction.java,actionPerformed,->,affa9014-f0f1-4dab-ab49-d207a31eacb5,db7ff787-0778-4499-9c4f-d7254887feb3,aad3cddf-e8f5-49c2-9fad-1be6cdfacac8
affa9014-f0f1-4dab-ab49-d207a31eacb5,gui/UserMenu$CreateUserAction.java,actionPerformed,->,affa9014-f0f1-4dab-ab49-d207a31eacb5,javax/swing/JOptionPane.java,showMessageDialog
affa9014-f0f1-4dab-ab49-d207a31eacb5,gui/MainMenu$OptionButtonAction.java,actionPerformed,->,affa9014-f0f1-4dab-ab49-d207a31eacb5,482bc59b-99da-49eb-845b-d6933212620f,8ecc08ab-f8c8-4257-ad40-b288ae4ef0b5
affa9014-f0f1-4dab-ab49-d207a31eacb5,gui/MainMenu$OptionButtonAction.java,actionPerformed,->,affa9014-f0f1-4dab-ab49-d207a31eacb5,482bc59b-99da-49eb-845b-d6933212620f,0d585b4e-f4fe-47a8-9e3e-8991bb363642
affa9014-f0f1-4dab-ab49-d207a31eacb5,gui/MainMenu$OptionButtonAction.java,actionPerformed,->,affa9014-f0f1-4dab-ab49-d207a31eacb5,gui/MainMenu.java,setVisible
affa9014-f0f1-4dab-ab49-d207a31eacb5,gui/MainMenu$OptionButtonAction.java,actionPerformed,->,affa9014-f0f1-4dab-ab49-d207a31eacb5,gui/MainMenu.java,dispose
affa9014-f0f1-4dab-ab49-d207a31eacb5,gui/SelectionTextPane$SelectNextWordAction.java,actionPerformed,->,affa9014-f0f1-4dab-ab49-d207a31eacb5,gui/SelectionTextPane.java,getText
affa9014-f0f1-4dab-ab49-d207a31eacb5,gui/SelectionTextPane$SelectNextWordAction.java,actionPerformed,->,affa9014-f0f1-4dab-ab49-d207a31eacb5,gui/SelectionTextPane.java,access$200
affa9014-f0f1-4dab-ab49-d207a31eacb5,gui/SelectionTextPane$SelectNextWordAction.java,actionPerformed,->,affa9014-f0f1-4dab-ab49-d207a31eacb5,java/lang/String.java,charAt
affa9014-f0f1-4dab-ab49-d207a31eacb5,gui/SelectionTextPane$SelectNextWordAction.java,actionPerformed,->,affa9014-f0f1-4dab-ab49-d207a31eacb5,gui/SelectionTextPane.java,access$208
affa9014-f0f1-4dab-ab49-d207a31eacb5,gui/SelectionTextPane$SelectNextWordAction.java,actionPerformed,->,affa9014-f0f1-4dab-ab49-d207a31eacb5,gui/SelectionTextPane.java,access$200
affa9014-f0f1-4dab-ab49-d207a31eacb5,gui/SelectionTextPane$SelectNextWordAction.java,actionPerformed,->,affa9014-f0f1-4dab-ab49-d207a31eacb5,java/lang/String.java,indexOf
affa9014-f0f1-4dab-ab49-d207a31eacb5,gui/SelectionTextPane$SelectNextWordAction.java,actionPerformed,->,affa9014-f0f1-4dab-ab49-d207a31eacb5,gui/SelectionTextPane.java,access$200
affa9014-f0f1-4dab-ab49-d207a31eacb5,gui/SelectionTextPane$SelectNextWordAction.java,actionPerformed,->,affa9014-f0f1-4dab-ab49-d207a31eacb5,java/lang/String.java,indexOf
affa9014-f0f1-4dab-ab49-d207a31eacb5,gui/SelectionTextPane$SelectNextWordAction.java,actionPerformed,->,affa9014-f0f1-4dab-ab49-d207a31eacb5,gui/SelectionTextPane.java,getHighlighter
affa9014-f0f1-4dab-ab49-d207a31eacb5,gui/SelectionTextPane$SelectNextWordAction.java,actionPerformed,->,affa9014-f0f1-4dab-ab49-d207a31eacb5,javax/swing/text/Highlighter.java,removeAllHighlights
affa9014-f0f1-4dab-ab49-d207a31eacb5,gui/SelectionTextPane$SelectNextWordAction.java,actionPerformed,->,affa9014-f0f1-4dab-ab49-d207a31eacb5,482bc59b-99da-49eb-845b-d6933212620f,8ecc08ab-f8c8-4257-ad40-b288ae4ef0b5
affa9014-f0f1-4dab-ab49-d207a31eacb5,gui/SelectionTextPane$SelectNextWordAction.java,actionPerformed,->,affa9014-f0f1-4dab-ab49-d207a31eacb5,gui/SelectionTextPane.java,access$200
affa9014-f0f1-4dab-ab49-d207a31eacb5,gui/SelectionTextPane$SelectNextWordAction.java,actionPerformed,->,affa9014-f0f1-4dab-ab49-d207a31eacb5,java/lang/String.java,substring
affa9014-f0f1-4dab-ab49-d207a31eacb5,gui/SelectionTextPane$SelectNextWordAction.java,actionPerformed,->,affa9014-f0f1-4dab-ab49-d207a31eacb5,482bc59b-99da-49eb-845b-d6933212620f,3ff9cb4b-28ae-4a97-bbda-b418ee32e881
affa9014-f0f1-4dab-ab49-d207a31eacb5,gui/SelectionTextPane$SelectNextWordAction.java,actionPerformed,->,affa9014-f0f1-4dab-ab49-d207a31eacb5,gui/SelectionTextPane.java,getHighlighter
affa9014-f0f1-4dab-ab49-d207a31eacb5,gui/SelectionTextPane$SelectNextWordAction.java,actionPerformed,->,affa9014-f0f1-4dab-ab49-d207a31eacb5,gui/SelectionTextPane.java,access$200
affa9014-f0f1-4dab-ab49-d207a31eacb5,gui/SelectionTextPane$SelectNextWordAction.java,actionPerformed,->,affa9014-f0f1-4dab-ab49-d207a31eacb5,gui/SelectionTextPane.java,access$300
affa9014-f0f1-4dab-ab49-d207a31eacb5,gui/SelectionTextPane$SelectNextWordAction.java,actionPerformed,->,affa9014-f0f1-4dab-ab49-d207a31eacb5,javax/swing/text/Highlighter.java,addHighlight
affa9014-f0f1-4dab-ab49-d207a31eacb5,gui/SelectionTextPane$SelectNextWordAction.java,actionPerformed,->,affa9014-f0f1-4dab-ab49-d207a31eacb5,gui/SelectionTextPane.java,access$202
affa9014-f0f1-4dab-ab49-d207a31eacb5,gui/SelectionTextPane$SelectNextWordAction.java,actionPerformed,->,affa9014-f0f1-4dab-ab49-d207a31eacb5,javax/swing/text/BadLocationException.java,printStackTrace
affa9014-f0f1-4dab-ab49-d207a31eacb5,gui/SelectionTextPane$SelectNextWordAction.java,actionPerformed,->,affa9014-f0f1-4dab-ab49-d207a31eacb5,gui/SelectionTextPane.java,getHighlighter
affa9014-f0f1-4dab-ab49-d207a31eacb5,gui/SelectionTextPane$SelectNextWordAction.java,actionPerformed,->,affa9014-f0f1-4dab-ab49-d207a31eacb5,javax/swing/text/Highlighter.java,removeAllHighlights
affa9014-f0f1-4dab-ab49-d207a31eacb5,gui/SelectionTextPane$SelectNextWordAction.java,actionPerformed,->,affa9014-f0f1-4dab-ab49-d207a31eacb5,gui/SelectionTextPane.java,getHighlighter
affa9014-f0f1-4dab-ab49-d207a31eacb5,gui/SelectionTextPane$SelectNextWordAction.java,actionPerformed,->,affa9014-f0f1-4dab-ab49-d207a31eacb5,gui/SelectionTextPane.java,access$200
affa9014-f0f1-4dab-ab49-d207a31eacb5,gui/SelectionTextPane$SelectNextWordAction.java,actionPerformed,->,affa9014-f0f1-4dab-ab49-d207a31eacb5,java/lang/String.java,length
affa9014-f0f1-4dab-ab49-d207a31eacb5,gui/SelectionTextPane$SelectNextWordAction.java,actionPerformed,->,affa9014-f0f1-4dab-ab49-d207a31eacb5,gui/SelectionTextPane.java,access$300
affa9014-f0f1-4dab-ab49-d207a31eacb5,gui/SelectionTextPane$SelectNextWordAction.java,actionPerformed,->,affa9014-f0f1-4dab-ab49-d207a31eacb5,javax/swing/text/Highlighter.java,addHighlight
affa9014-f0f1-4dab-ab49-d207a31eacb5,gui/SelectionTextPane$SelectNextWordAction.java,actionPerformed,->,affa9014-f0f1-4dab-ab49-d207a31eacb5,javax/swing/text/BadLocationException.java,printStackTrace
affa9014-f0f1-4dab-ab49-d207a31eacb5,gui/SelectionTextPane$SelectNextWordAction.java,actionPerformed,->,affa9014-f0f1-4dab-ab49-d207a31eacb5,gui/SelectionTextPane.java,access$200
affa9014-f0f1-4dab-ab49-d207a31eacb5,gui/SelectionTextPane$SelectNextWordAction.java,actionPerformed,->,affa9014-f0f1-4dab-ab49-d207a31eacb5,gui/SelectionTextPane.java,setCaretPosition
affa9014-f0f1-4dab-ab49-d207a31eacb5,gui/ButtonPane$3.java,focusGained,->,affa9014-f0f1-4dab-ab49-d207a31eacb5,java/awt/event/FocusEvent.java,getComponent
affa9014-f0f1-4dab-ab49-d207a31eacb5,gui/ButtonPane$3.java,focusGained,->,affa9014-f0f1-4dab-ab49-d207a31eacb5,javax/swing/JButton.java,setBackground
affa9014-f0f1-4dab-ab49-d207a31eacb5,gui/ButtonPane$3.java,focusGained,->,affa9014-f0f1-4dab-ab49-d207a31eacb5,java/awt/event/FocusEvent.java,getComponent
affa9014-f0f1-4dab-ab49-d207a31eacb5,gui/ButtonPane$3.java,focusGained,->,affa9014-f0f1-4dab-ab49-d207a31eacb5,javax/swing/JButton.java,getName
affa9014-f0f1-4dab-ab49-d207a31eacb5,gui/ButtonPane$3.java,focusGained,->,affa9014-f0f1-4dab-ab49-d207a31eacb5,java/lang/String.java,length
affa9014-f0f1-4dab-ab49-d207a31eacb5,gui/ButtonPane$3.java,focusGained,->,affa9014-f0f1-4dab-ab49-d207a31eacb5,482bc59b-99da-49eb-845b-d6933212620f,8ecc08ab-f8c8-4257-ad40-b288ae4ef0b5
affa9014-f0f1-4dab-ab49-d207a31eacb5,gui/ButtonPane$3.java,focusGained,->,affa9014-f0f1-4dab-ab49-d207a31eacb5,java/awt/event/FocusEvent.java,getComponent
affa9014-f0f1-4dab-ab49-d207a31eacb5,gui/ButtonPane$3.java,focusGained,->,affa9014-f0f1-4dab-ab49-d207a31eacb5,javax/swing/JButton.java,getName
affa9014-f0f1-4dab-ab49-d207a31eacb5,gui/ButtonPane$3.java,focusGained,->,affa9014-f0f1-4dab-ab49-d207a31eacb5,482bc59b-99da-49eb-845b-d6933212620f,3ff9cb4b-28ae-4a97-bbda-b418ee32e881
affa9014-f0f1-4dab-ab49-d207a31eacb5,gui/ButtonPane$3.java,focusLost,->,affa9014-f0f1-4dab-ab49-d207a31eacb5,java/awt/event/FocusEvent.java,getComponent
affa9014-f0f1-4dab-ab49-d207a31eacb5,gui/ButtonPane$3.java,focusLost,->,affa9014-f0f1-4dab-ab49-d207a31eacb5,0069dc56-9c23-4ede-958b-588c731bc634,d687ca53-64a0-4c47-af43-646acb0f7277
affa9014-f0f1-4dab-ab49-d207a31eacb5,gui/ButtonPane$3.java,focusLost,->,affa9014-f0f1-4dab-ab49-d207a31eacb5,0069dc56-9c23-4ede-958b-588c731bc634,7d397d50-8231-48d0-a655-24a4495dca90
affa9014-f0f1-4dab-ab49-d207a31eacb5,gui/ButtonPane$3.java,focusLost,->,affa9014-f0f1-4dab-ab49-d207a31eacb5,9c3f6de5-7d47-4149-b0ea-9d76183b5def,2678c812-9619-490c-8f4b-f15329cb8ac0
affa9014-f0f1-4dab-ab49-d207a31eacb5,gui/ButtonPane$3.java,focusLost,->,affa9014-f0f1-4dab-ab49-d207a31eacb5,be9524de-0ed5-43f0-a5e7-0122fddea003,6ac3d7cd-dfc0-4d58-9a53-43231dc1d5e3
affa9014-f0f1-4dab-ab49-d207a31eacb5,gui/ButtonPane$3.java,focusLost,->,affa9014-f0f1-4dab-ab49-d207a31eacb5,fa879229-5246-4341-8c98-177b875973ef,deee9302-a127-4fdc-946d-aa0a5e815fb2
affa9014-f0f1-4dab-ab49-d207a31eacb5,gui/ButtonPane$3.java,focusLost,->,affa9014-f0f1-4dab-ab49-d207a31eacb5,javax/swing/JButton.java,setBackground
affa9014-f0f1-4dab-ab49-d207a31eacb5,gui/OptionMenu$ColorDialogAction.java,actionPerformed,->,affa9014-f0f1-4dab-ab49-d207a31eacb5,gui/OptionMenu.java,access$002
affa9014-f0f1-4dab-ab49-d207a31eacb5,gui/OptionMenu$ColorDialogAction.java,actionPerformed,->,affa9014-f0f1-4dab-ab49-d207a31eacb5,gui/OptionMenu$Dialog.java,access$800
affa9014-f0f1-4dab-ab49-d207a31eacb5,5821d00b-6af9-4eac-ae7c-7816670ca477,f86b3705-5650-4ea7-8c98-5e7899548faa,->,affa9014-f0f1-4dab-ab49-d207a31eacb5,0069dc56-9c23-4ede-958b-588c731bc634,d687ca53-64a0-4c47-af43-646acb0f7277
affa9014-f0f1-4dab-ab49-d207a31eacb5,5821d00b-6af9-4eac-ae7c-7816670ca477,f86b3705-5650-4ea7-8c98-5e7899548faa,->,affa9014-f0f1-4dab-ab49-d207a31eacb5,0069dc56-9c23-4ede-958b-588c731bc634,7d397d50-8231-48d0-a655-24a4495dca90
affa9014-f0f1-4dab-ab49-d207a31eacb5,5821d00b-6af9-4eac-ae7c-7816670ca477,f86b3705-5650-4ea7-8c98-5e7899548faa,->,affa9014-f0f1-4dab-ab49-d207a31eacb5,9c3f6de5-7d47-4149-b0ea-9d76183b5def,2678c812-9619-490c-8f4b-f15329cb8ac0
affa9014-f0f1-4dab-ab49-d207a31eacb5,5821d00b-6af9-4eac-ae7c-7816670ca477,f86b3705-5650-4ea7-8c98-5e7899548faa,->,affa9014-f0f1-4dab-ab49-d207a31eacb5,be9524de-0ed5-43f0-a5e7-0122fddea003,6ac3d7cd-dfc0-4d58-9a53-43231dc1d5e3
affa9014-f0f1-4dab-ab49-d207a31eacb5,5821d00b-6af9-4eac-ae7c-7816670ca477,f86b3705-5650-4ea7-8c98-5e7899548faa,->,affa9014-f0f1-4dab-ab49-d207a31eacb5,fa879229-5246-4341-8c98-177b875973ef,459d9f70-886a-49b8-8fa1-0aa174b1013b
affa9014-f0f1-4dab-ab49-d207a31eacb5,5821d00b-6af9-4eac-ae7c-7816670ca477,f86b3705-5650-4ea7-8c98-5e7899548faa,->,affa9014-f0f1-4dab-ab49-d207a31eacb5,5821d00b-6af9-4eac-ae7c-7816670ca477,7a6631ed-9985-41bd-bcd9-7f1b1fb7036d
affa9014-f0f1-4dab-ab49-d207a31eacb5,5821d00b-6af9-4eac-ae7c-7816670ca477,f86b3705-5650-4ea7-8c98-5e7899548faa,->,affa9014-f0f1-4dab-ab49-d207a31eacb5,9c3f6de5-7d47-4149-b0ea-9d76183b5def,2678c812-9619-490c-8f4b-f15329cb8ac0
affa9014-f0f1-4dab-ab49-d207a31eacb5,5821d00b-6af9-4eac-ae7c-7816670ca477,f86b3705-5650-4ea7-8c98-5e7899548faa,->,affa9014-f0f1-4dab-ab49-d207a31eacb5,be9524de-0ed5-43f0-a5e7-0122fddea003,6ac3d7cd-dfc0-4d58-9a53-43231dc1d5e3
affa9014-f0f1-4dab-ab49-d207a31eacb5,5821d00b-6af9-4eac-ae7c-7816670ca477,f86b3705-5650-4ea7-8c98-5e7899548faa,->,affa9014-f0f1-4dab-ab49-d207a31eacb5,fa879229-5246-4341-8c98-177b875973ef,459d9f70-886a-49b8-8fa1-0aa174b1013b
affa9014-f0f1-4dab-ab49-d207a31eacb5,5821d00b-6af9-4eac-ae7c-7816670ca477,f86b3705-5650-4ea7-8c98-5e7899548faa,->,affa9014-f0f1-4dab-ab49-d207a31eacb5,javax/swing/JButton.java,addActionListener
affa9014-f0f1-4dab-ab49-d207a31eacb5,5821d00b-6af9-4eac-ae7c-7816670ca477,f86b3705-5650-4ea7-8c98-5e7899548faa,->,affa9014-f0f1-4dab-ab49-d207a31eacb5,javax/swing/JButton.java,addActionListener
affa9014-f0f1-4dab-ab49-d207a31eacb5,5821d00b-6af9-4eac-ae7c-7816670ca477,f86b3705-5650-4ea7-8c98-5e7899548faa,->,affa9014-f0f1-4dab-ab49-d207a31eacb5,javax/swing/JButton.java,addActionListener
affa9014-f0f1-4dab-ab49-d207a31eacb5,5821d00b-6af9-4eac-ae7c-7816670ca477,f86b3705-5650-4ea7-8c98-5e7899548faa,->,affa9014-f0f1-4dab-ab49-d207a31eacb5,javax/swing/JButton.java,addActionListener
affa9014-f0f1-4dab-ab49-d207a31eacb5,5821d00b-6af9-4eac-ae7c-7816670ca477,f86b3705-5650-4ea7-8c98-5e7899548faa,->,affa9014-f0f1-4dab-ab49-d207a31eacb5,javax/swing/JButton.java,getInputMap
affa9014-f0f1-4dab-ab49-d207a31eacb5,5821d00b-6af9-4eac-ae7c-7816670ca477,f86b3705-5650-4ea7-8c98-5e7899548faa,->,affa9014-f0f1-4dab-ab49-d207a31eacb5,javax/swing/KeyStroke.java,getKeyStroke
affa9014-f0f1-4dab-ab49-d207a31eacb5,5821d00b-6af9-4eac-ae7c-7816670ca477,f86b3705-5650-4ea7-8c98-5e7899548faa,->,affa9014-f0f1-4dab-ab49-d207a31eacb5,javax/swing/InputMap.java,put
affa9014-f0f1-4dab-ab49-d207a31eacb5,5821d00b-6af9-4eac-ae7c-7816670ca477,f86b3705-5650-4ea7-8c98-5e7899548faa,->,affa9014-f0f1-4dab-ab49-d207a31eacb5,javax/swing/JButton.java,getActionMap
affa9014-f0f1-4dab-ab49-d207a31eacb5,5821d00b-6af9-4eac-ae7c-7816670ca477,f86b3705-5650-4ea7-8c98-5e7899548faa,->,affa9014-f0f1-4dab-ab49-d207a31eacb5,javax/swing/ActionMap.java,put
affa9014-f0f1-4dab-ab49-d207a31eacb5,5821d00b-6af9-4eac-ae7c-7816670ca477,f86b3705-5650-4ea7-8c98-5e7899548faa,->,affa9014-f0f1-4dab-ab49-d207a31eacb5,javax/swing/JButton.java,getInputMap
affa9014-f0f1-4dab-ab49-d207a31eacb5,5821d00b-6af9-4eac-ae7c-7816670ca477,f86b3705-5650-4ea7-8c98-5e7899548faa,->,affa9014-f0f1-4dab-ab49-d207a31eacb5,javax/swing/KeyStroke.java,getKeyStroke
affa9014-f0f1-4dab-ab49-d207a31eacb5,5821d00b-6af9-4eac-ae7c-7816670ca477,f86b3705-5650-4ea7-8c98-5e7899548faa,->,affa9014-f0f1-4dab-ab49-d207a31eacb5,javax/swing/InputMap.java,put
affa9014-f0f1-4dab-ab49-d207a31eacb5,5821d00b-6af9-4eac-ae7c-7816670ca477,f86b3705-5650-4ea7-8c98-5e7899548faa,->,affa9014-f0f1-4dab-ab49-d207a31eacb5,javax/swing/JButton.java,getActionMap
affa9014-f0f1-4dab-ab49-d207a31eacb5,5821d00b-6af9-4eac-ae7c-7816670ca477,f86b3705-5650-4ea7-8c98-5e7899548faa,->,affa9014-f0f1-4dab-ab49-d207a31eacb5,javax/swing/ActionMap.java,put
affa9014-f0f1-4dab-ab49-d207a31eacb5,5821d00b-6af9-4eac-ae7c-7816670ca477,f86b3705-5650-4ea7-8c98-5e7899548faa,->,affa9014-f0f1-4dab-ab49-d207a31eacb5,javax/swing/JButton.java,getInputMap
affa9014-f0f1-4dab-ab49-d207a31eacb5,5821d00b-6af9-4eac-ae7c-7816670ca477,f86b3705-5650-4ea7-8c98-5e7899548faa,->,affa9014-f0f1-4dab-ab49-d207a31eacb5,javax/swing/KeyStroke.java,getKeyStroke
affa9014-f0f1-4dab-ab49-d207a31eacb5,5821d00b-6af9-4eac-ae7c-7816670ca477,f86b3705-5650-4ea7-8c98-5e7899548faa,->,affa9014-f0f1-4dab-ab49-d207a31eacb5,javax/swing/InputMap.java,put
affa9014-f0f1-4dab-ab49-d207a31eacb5,5821d00b-6af9-4eac-ae7c-7816670ca477,f86b3705-5650-4ea7-8c98-5e7899548faa,->,affa9014-f0f1-4dab-ab49-d207a31eacb5,javax/swing/JButton.java,getActionMap
affa9014-f0f1-4dab-ab49-d207a31eacb5,5821d00b-6af9-4eac-ae7c-7816670ca477,f86b3705-5650-4ea7-8c98-5e7899548faa,->,affa9014-f0f1-4dab-ab49-d207a31eacb5,javax/swing/ActionMap.java,put
affa9014-f0f1-4dab-ab49-d207a31eacb5,5821d00b-6af9-4eac-ae7c-7816670ca477,f86b3705-5650-4ea7-8c98-5e7899548faa,->,affa9014-f0f1-4dab-ab49-d207a31eacb5,javax/swing/JButton.java,getInputMap
affa9014-f0f1-4dab-ab49-d207a31eacb5,5821d00b-6af9-4eac-ae7c-7816670ca477,f86b3705-5650-4ea7-8c98-5e7899548faa,->,affa9014-f0f1-4dab-ab49-d207a31eacb5,javax/swing/KeyStroke.java,getKeyStroke
affa9014-f0f1-4dab-ab49-d207a31eacb5,5821d00b-6af9-4eac-ae7c-7816670ca477,f86b3705-5650-4ea7-8c98-5e7899548faa,->,affa9014-f0f1-4dab-ab49-d207a31eacb5,javax/swing/InputMap.java,put
affa9014-f0f1-4dab-ab49-d207a31eacb5,5821d00b-6af9-4eac-ae7c-7816670ca477,f86b3705-5650-4ea7-8c98-5e7899548faa,->,affa9014-f0f1-4dab-ab49-d207a31eacb5,javax/swing/JButton.java,getActionMap
affa9014-f0f1-4dab-ab49-d207a31eacb5,5821d00b-6af9-4eac-ae7c-7816670ca477,f86b3705-5650-4ea7-8c98-5e7899548faa,->,affa9014-f0f1-4dab-ab49-d207a31eacb5,javax/swing/ActionMap.java,put
affa9014-f0f1-4dab-ab49-d207a31eacb5,5821d00b-6af9-4eac-ae7c-7816670ca477,f86b3705-5650-4ea7-8c98-5e7899548faa,->,affa9014-f0f1-4dab-ab49-d207a31eacb5,javax/swing/JButton.java,setName
affa9014-f0f1-4dab-ab49-d207a31eacb5,5821d00b-6af9-4eac-ae7c-7816670ca477,f86b3705-5650-4ea7-8c98-5e7899548faa,->,affa9014-f0f1-4dab-ab49-d207a31eacb5,javax/swing/JButton.java,setName
affa9014-f0f1-4dab-ab49-d207a31eacb5,5821d00b-6af9-4eac-ae7c-7816670ca477,f86b3705-5650-4ea7-8c98-5e7899548faa,->,affa9014-f0f1-4dab-ab49-d207a31eacb5,javax/swing/JButton.java,setName
affa9014-f0f1-4dab-ab49-d207a31eacb5,5821d00b-6af9-4eac-ae7c-7816670ca477,f86b3705-5650-4ea7-8c98-5e7899548faa,->,affa9014-f0f1-4dab-ab49-d207a31eacb5,javax/swing/JButton.java,setName
affa9014-f0f1-4dab-ab49-d207a31eacb5,5821d00b-6af9-4eac-ae7c-7816670ca477,f86b3705-5650-4ea7-8c98-5e7899548faa,->,affa9014-f0f1-4dab-ab49-d207a31eacb5,java/util/ArrayList.java,add
affa9014-f0f1-4dab-ab49-d207a31eacb5,5821d00b-6af9-4eac-ae7c-7816670ca477,f86b3705-5650-4ea7-8c98-5e7899548faa,->,affa9014-f0f1-4dab-ab49-d207a31eacb5,java/util/ArrayList.java,add
affa9014-f0f1-4dab-ab49-d207a31eacb5,5821d00b-6af9-4eac-ae7c-7816670ca477,f86b3705-5650-4ea7-8c98-5e7899548faa,->,affa9014-f0f1-4dab-ab49-d207a31eacb5,java/util/ArrayList.java,add
affa9014-f0f1-4dab-ab49-d207a31eacb5,5821d00b-6af9-4eac-ae7c-7816670ca477,f86b3705-5650-4ea7-8c98-5e7899548faa,->,affa9014-f0f1-4dab-ab49-d207a31eacb5,java/util/ArrayList.java,add
affa9014-f0f1-4dab-ab49-d207a31eacb5,5821d00b-6af9-4eac-ae7c-7816670ca477,f86b3705-5650-4ea7-8c98-5e7899548faa,->,affa9014-f0f1-4dab-ab49-d207a31eacb5,gui/MainMenu.java,add
affa9014-f0f1-4dab-ab49-d207a31eacb5,5821d00b-6af9-4eac-ae7c-7816670ca477,f86b3705-5650-4ea7-8c98-5e7899548faa,->,affa9014-f0f1-4dab-ab49-d207a31eacb5,gui/MainMenu.java,add
affa9014-f0f1-4dab-ab49-d207a31eacb5,5821d00b-6af9-4eac-ae7c-7816670ca477,f86b3705-5650-4ea7-8c98-5e7899548faa,->,affa9014-f0f1-4dab-ab49-d207a31eacb5,gui/MainMenu.java,add
affa9014-f0f1-4dab-ab49-d207a31eacb5,5821d00b-6af9-4eac-ae7c-7816670ca477,f86b3705-5650-4ea7-8c98-5e7899548faa,->,affa9014-f0f1-4dab-ab49-d207a31eacb5,gui/MainMenu.java,add
affa9014-f0f1-4dab-ab49-d207a31eacb5,5821d00b-6af9-4eac-ae7c-7816670ca477,7a6631ed-9985-41bd-bcd9-7f1b1fb7036d,->,affa9014-f0f1-4dab-ab49-d207a31eacb5,java/lang/StringBuilder.java,append
affa9014-f0f1-4dab-ab49-d207a31eacb5,5821d00b-6af9-4eac-ae7c-7816670ca477,7a6631ed-9985-41bd-bcd9-7f1b1fb7036d,->,affa9014-f0f1-4dab-ab49-d207a31eacb5,java/lang/StringBuilder.java,append
affa9014-f0f1-4dab-ab49-d207a31eacb5,5821d00b-6af9-4eac-ae7c-7816670ca477,7a6631ed-9985-41bd-bcd9-7f1b1fb7036d,->,affa9014-f0f1-4dab-ab49-d207a31eacb5,java/lang/StringBuilder.java,append
affa9014-f0f1-4dab-ab49-d207a31eacb5,5821d00b-6af9-4eac-ae7c-7816670ca477,7a6631ed-9985-41bd-bcd9-7f1b1fb7036d,->,affa9014-f0f1-4dab-ab49-d207a31eacb5,java/lang/StringBuilder.java,append
affa9014-f0f1-4dab-ab49-d207a31eacb5,5821d00b-6af9-4eac-ae7c-7816670ca477,7a6631ed-9985-41bd-bcd9-7f1b1fb7036d,->,affa9014-f0f1-4dab-ab49-d207a31eacb5,java/lang/StringBuilder.java,append
affa9014-f0f1-4dab-ab49-d207a31eacb5,5821d00b-6af9-4eac-ae7c-7816670ca477,7a6631ed-9985-41bd-bcd9-7f1b1fb7036d,->,affa9014-f0f1-4dab-ab49-d207a31eacb5,java/lang/StringBuilder.java,append
affa9014-f0f1-4dab-ab49-d207a31eacb5,5821d00b-6af9-4eac-ae7c-7816670ca477,7a6631ed-9985-41bd-bcd9-7f1b1fb7036d,->,affa9014-f0f1-4dab-ab49-d207a31eacb5,java/lang/StringBuilder.java,append
affa9014-f0f1-4dab-ab49-d207a31eacb5,5821d00b-6af9-4eac-ae7c-7816670ca477,7a6631ed-9985-41bd-bcd9-7f1b1fb7036d,->,affa9014-f0f1-4dab-ab49-d207a31eacb5,java/lang/StringBuilder.java,toString
affa9014-f0f1-4dab-ab49-d207a31eacb5,5821d00b-6af9-4eac-ae7c-7816670ca477,7a6631ed-9985-41bd-bcd9-7f1b1fb7036d,->,affa9014-f0f1-4dab-ab49-d207a31eacb5,java/lang/StringBuilder.java,append
affa9014-f0f1-4dab-ab49-d207a31eacb5,5821d00b-6af9-4eac-ae7c-7816670ca477,7a6631ed-9985-41bd-bcd9-7f1b1fb7036d,->,affa9014-f0f1-4dab-ab49-d207a31eacb5,java/lang/StringBuilder.java,append
affa9014-f0f1-4dab-ab49-d207a31eacb5,5821d00b-6af9-4eac-ae7c-7816670ca477,7a6631ed-9985-41bd-bcd9-7f1b1fb7036d,->,affa9014-f0f1-4dab-ab49-d207a31eacb5,java/lang/StringBuilder.java,append
affa9014-f0f1-4dab-ab49-d207a31eacb5,5821d00b-6af9-4eac-ae7c-7816670ca477,7a6631ed-9985-41bd-bcd9-7f1b1fb7036d,->,affa9014-f0f1-4dab-ab49-d207a31eacb5,java/lang/StringBuilder.java,append
affa9014-f0f1-4dab-ab49-d207a31eacb5,5821d00b-6af9-4eac-ae7c-7816670ca477,7a6631ed-9985-41bd-bcd9-7f1b1fb7036d,->,affa9014-f0f1-4dab-ab49-d207a31eacb5,java/lang/StringBuilder.java,append
affa9014-f0f1-4dab-ab49-d207a31eacb5,5821d00b-6af9-4eac-ae7c-7816670ca477,7a6631ed-9985-41bd-bcd9-7f1b1fb7036d,->,affa9014-f0f1-4dab-ab49-d207a31eacb5,java/lang/StringBuilder.java,append
affa9014-f0f1-4dab-ab49-d207a31eacb5,5821d00b-6af9-4eac-ae7c-7816670ca477,7a6631ed-9985-41bd-bcd9-7f1b1fb7036d,->,affa9014-f0f1-4dab-ab49-d207a31eacb5,java/lang/StringBuilder.java,append
affa9014-f0f1-4dab-ab49-d207a31eacb5,5821d00b-6af9-4eac-ae7c-7816670ca477,7a6631ed-9985-41bd-bcd9-7f1b1fb7036d,->,affa9014-f0f1-4dab-ab49-d207a31eacb5,java/lang/StringBuilder.java,append
affa9014-f0f1-4dab-ab49-d207a31eacb5,5821d00b-6af9-4eac-ae7c-7816670ca477,7a6631ed-9985-41bd-bcd9-7f1b1fb7036d,->,affa9014-f0f1-4dab-ab49-d207a31eacb5,java/lang/StringBuilder.java,toString
affa9014-f0f1-4dab-ab49-d207a31eacb5,5821d00b-6af9-4eac-ae7c-7816670ca477,7a6631ed-9985-41bd-bcd9-7f1b1fb7036d,->,affa9014-f0f1-4dab-ab49-d207a31eacb5,java/lang/StringBuilder.java,append
affa9014-f0f1-4dab-ab49-d207a31eacb5,5821d00b-6af9-4eac-ae7c-7816670ca477,7a6631ed-9985-41bd-bcd9-7f1b1fb7036d,->,affa9014-f0f1-4dab-ab49-d207a31eacb5,java/lang/StringBuilder.java,append
affa9014-f0f1-4dab-ab49-d207a31eacb5,5821d00b-6af9-4eac-ae7c-7816670ca477,7a6631ed-9985-41bd-bcd9-7f1b1fb7036d,->,affa9014-f0f1-4dab-ab49-d207a31eacb5,java/lang/StringBuilder.java,append
affa9014-f0f1-4dab-ab49-d207a31eacb5,5821d00b-6af9-4eac-ae7c-7816670ca477,7a6631ed-9985-41bd-bcd9-7f1b1fb7036d,->,affa9014-f0f1-4dab-ab49-d207a31eacb5,java/lang/StringBuilder.java,append
affa9014-f0f1-4dab-ab49-d207a31eacb5,5821d00b-6af9-4eac-ae7c-7816670ca477,7a6631ed-9985-41bd-bcd9-7f1b1fb7036d,->,affa9014-f0f1-4dab-ab49-d207a31eacb5,java/lang/StringBuilder.java,append
affa9014-f0f1-4dab-ab49-d207a31eacb5,5821d00b-6af9-4eac-ae7c-7816670ca477,7a6631ed-9985-41bd-bcd9-7f1b1fb7036d,->,affa9014-f0f1-4dab-ab49-d207a31eacb5,java/lang/StringBuilder.java,append
affa9014-f0f1-4dab-ab49-d207a31eacb5,5821d00b-6af9-4eac-ae7c-7816670ca477,7a6631ed-9985-41bd-bcd9-7f1b1fb7036d,->,affa9014-f0f1-4dab-ab49-d207a31eacb5,java/lang/StringBuilder.java,append
affa9014-f0f1-4dab-ab49-d207a31eacb5,5821d00b-6af9-4eac-ae7c-7816670ca477,7a6631ed-9985-41bd-bcd9-7f1b1fb7036d,->,affa9014-f0f1-4dab-ab49-d207a31eacb5,java/lang/StringBuilder.java,toString
affa9014-f0f1-4dab-ab49-d207a31eacb5,5821d00b-6af9-4eac-ae7c-7816670ca477,7a6631ed-9985-41bd-bcd9-7f1b1fb7036d,->,affa9014-f0f1-4dab-ab49-d207a31eacb5,java/lang/StringBuilder.java,append
affa9014-f0f1-4dab-ab49-d207a31eacb5,5821d00b-6af9-4eac-ae7c-7816670ca477,7a6631ed-9985-41bd-bcd9-7f1b1fb7036d,->,affa9014-f0f1-4dab-ab49-d207a31eacb5,java/lang/StringBuilder.java,append
affa9014-f0f1-4dab-ab49-d207a31eacb5,5821d00b-6af9-4eac-ae7c-7816670ca477,7a6631ed-9985-41bd-bcd9-7f1b1fb7036d,->,affa9014-f0f1-4dab-ab49-d207a31eacb5,java/lang/StringBuilder.java,append
affa9014-f0f1-4dab-ab49-d207a31eacb5,5821d00b-6af9-4eac-ae7c-7816670ca477,7a6631ed-9985-41bd-bcd9-7f1b1fb7036d,->,affa9014-f0f1-4dab-ab49-d207a31eacb5,java/lang/StringBuilder.java,append
affa9014-f0f1-4dab-ab49-d207a31eacb5,5821d00b-6af9-4eac-ae7c-7816670ca477,7a6631ed-9985-41bd-bcd9-7f1b1fb7036d,->,affa9014-f0f1-4dab-ab49-d207a31eacb5,java/lang/StringBuilder.java,append
affa9014-f0f1-4dab-ab49-d207a31eacb5,5821d00b-6af9-4eac-ae7c-7816670ca477,7a6631ed-9985-41bd-bcd9-7f1b1fb7036d,->,affa9014-f0f1-4dab-ab49-d207a31eacb5,java/lang/StringBuilder.java,append
affa9014-f0f1-4dab-ab49-d207a31eacb5,5821d00b-6af9-4eac-ae7c-7816670ca477,7a6631ed-9985-41bd-bcd9-7f1b1fb7036d,->,affa9014-f0f1-4dab-ab49-d207a31eacb5,java/lang/StringBuilder.java,append
affa9014-f0f1-4dab-ab49-d207a31eacb5,5821d00b-6af9-4eac-ae7c-7816670ca477,7a6631ed-9985-41bd-bcd9-7f1b1fb7036d,->,affa9014-f0f1-4dab-ab49-d207a31eacb5,java/lang/StringBuilder.java,toString
affa9014-f0f1-4dab-ab49-d207a31eacb5,gui/UserMenu$selectedUserAction.java,actionPerformed,->,affa9014-f0f1-4dab-ab49-d207a31eacb5,gui/UserMenu.java,access$300
affa9014-f0f1-4dab-ab49-d207a31eacb5,gui/UserMenu$selectedUserAction.java,actionPerformed,->,affa9014-f0f1-4dab-ab49-d207a31eacb5,javax/swing/JList.java,getSelectedValue
affa9014-f0f1-4dab-ab49-d207a31eacb5,gui/UserMenu$selectedUserAction.java,actionPerformed,->,affa9014-f0f1-4dab-ab49-d207a31eacb5,0069dc56-9c23-4ede-958b-588c731bc634,d687ca53-64a0-4c47-af43-646acb0f7277
affa9014-f0f1-4dab-ab49-d207a31eacb5,gui/UserMenu$selectedUserAction.java,actionPerformed,->,affa9014-f0f1-4dab-ab49-d207a31eacb5,0069dc56-9c23-4ede-958b-588c731bc634,170bc83e-2280-4515-9ca4-4cb41df4eb30
affa9014-f0f1-4dab-ab49-d207a31eacb5,gui/UserMenu$selectedUserAction.java,actionPerformed,->,affa9014-f0f1-4dab-ab49-d207a31eacb5,java/lang/StringBuilder.java,append
affa9014-f0f1-4dab-ab49-d207a31eacb5,gui/UserMenu$selectedUserAction.java,actionPerformed,->,affa9014-f0f1-4dab-ab49-d207a31eacb5,9c3f6de5-7d47-4149-b0ea-9d76183b5def,e2c47335-86c0-45ef-9d3f-88ba0fd2726b
affa9014-f0f1-4dab-ab49-d207a31eacb5,gui/UserMenu$selectedUserAction.java,actionPerformed,->,affa9014-f0f1-4dab-ab49-d207a31eacb5,java/lang/StringBuilder.java,append
affa9014-f0f1-4dab-ab49-d207a31eacb5,gui/UserMenu$selectedUserAction.java,actionPerformed,->,affa9014-f0f1-4dab-ab49-d207a31eacb5,java/lang/StringBuilder.java,append
affa9014-f0f1-4dab-ab49-d207a31eacb5,gui/UserMenu$selectedUserAction.java,actionPerformed,->,affa9014-f0f1-4dab-ab49-d207a31eacb5,9c3f6de5-7d47-4149-b0ea-9d76183b5def,2678c812-9619-490c-8f4b-f15329cb8ac0
affa9014-f0f1-4dab-ab49-d207a31eacb5,gui/UserMenu$selectedUserAction.java,actionPerformed,->,affa9014-f0f1-4dab-ab49-d207a31eacb5,java/lang/StringBuilder.java,append
affa9014-f0f1-4dab-ab49-d207a31eacb5,gui/UserMenu$selectedUserAction.java,actionPerformed,->,affa9014-f0f1-4dab-ab49-d207a31eacb5,java/lang/StringBuilder.java,toString
affa9014-f0f1-4dab-ab49-d207a31eacb5,gui/UserMenu$selectedUserAction.java,actionPerformed,->,affa9014-f0f1-4dab-ab49-d207a31eacb5,java/io/PrintStream.java,println
affa9014-f0f1-4dab-ab49-d207a31eacb5,gui/UserMenu$selectedUserAction.java,actionPerformed,->,affa9014-f0f1-4dab-ab49-d207a31eacb5,gui/UserMenu.java,access$000
affa9014-f0f1-4dab-ab49-d207a31eacb5,gui/OptionMenu$Dialog$1.java,actionPerformed,->,affa9014-f0f1-4dab-ab49-d207a31eacb5,java/awt/event/ActionEvent.java,getSource
affa9014-f0f1-4dab-ab49-d207a31eacb5,gui/OptionMenu$Dialog$1.java,actionPerformed,->,affa9014-f0f1-4dab-ab49-d207a31eacb5,gui/OptionMenu.java,access$200
affa9014-f0f1-4dab-ab49-d207a31eacb5,gui/OptionMenu$Dialog$1.java,actionPerformed,->,affa9014-f0f1-4dab-ab49-d207a31eacb5,javax/swing/JButton.java,getText
affa9014-f0f1-4dab-ab49-d207a31eacb5,gui/OptionMenu$Dialog$1.java,actionPerformed,->,affa9014-f0f1-4dab-ab49-d207a31eacb5,java/lang/String.java,charAt
affa9014-f0f1-4dab-ab49-d207a31eacb5,gui/OptionMenu$Dialog$1.java,actionPerformed,->,affa9014-f0f1-4dab-ab49-d207a31eacb5,gui/OptionMenu.java,access$200
affa9014-f0f1-4dab-ab49-d207a31eacb5,gui/OptionMenu$Dialog$1.java,actionPerformed,->,affa9014-f0f1-4dab-ab49-d207a31eacb5,gui/OptionMenu.java,access$200
affa9014-f0f1-4dab-ab49-d207a31eacb5,gui/OptionMenu$Dialog$1.java,actionPerformed,->,affa9014-f0f1-4dab-ab49-d207a31eacb5,javax/swing/JButton.java,getText
affa9014-f0f1-4dab-ab49-d207a31eacb5,gui/OptionMenu$Dialog$1.java,actionPerformed,->,affa9014-f0f1-4dab-ab49-d207a31eacb5,java/lang/String.java,substring
affa9014-f0f1-4dab-ab49-d207a31eacb5,gui/OptionMenu$Dialog$1.java,actionPerformed,->,affa9014-f0f1-4dab-ab49-d207a31eacb5,javax/swing/JButton.java,setText
affa9014-f0f1-4dab-ab49-d207a31eacb5,gui/OptionMenu$Dialog$1.java,actionPerformed,->,affa9014-f0f1-4dab-ab49-d207a31eacb5,javax/swing/JButton.java,getText
affa9014-f0f1-4dab-ab49-d207a31eacb5,gui/OptionMenu$Dialog$1.java,actionPerformed,->,affa9014-f0f1-4dab-ab49-d207a31eacb5,java/lang/String.java,charAt
affa9014-f0f1-4dab-ab49-d207a31eacb5,gui/OptionMenu$Dialog$1.java,actionPerformed,->,affa9014-f0f1-4dab-ab49-d207a31eacb5,java/lang/StringBuilder.java,append
affa9014-f0f1-4dab-ab49-d207a31eacb5,gui/OptionMenu$Dialog$1.java,actionPerformed,->,affa9014-f0f1-4dab-ab49-d207a31eacb5,javax/swing/JButton.java,getText
affa9014-f0f1-4dab-ab49-d207a31eacb5,gui/OptionMenu$Dialog$1.java,actionPerformed,->,affa9014-f0f1-4dab-ab49-d207a31eacb5,java/lang/StringBuilder.java,append
affa9014-f0f1-4dab-ab49-d207a31eacb5,gui/OptionMenu$Dialog$1.java,actionPerformed,->,affa9014-f0f1-4dab-ab49-d207a31eacb5,java/lang/StringBuilder.java,toString
affa9014-f0f1-4dab-ab49-d207a31eacb5,gui/OptionMenu$Dialog$1.java,actionPerformed,->,affa9014-f0f1-4dab-ab49-d207a31eacb5,javax/swing/JButton.java,setText
affa9014-f0f1-4dab-ab49-d207a31eacb5,gui/OptionMenu$Dialog$1.java,actionPerformed,->,affa9014-f0f1-4dab-ab49-d207a31eacb5,gui/OptionMenu.java,access$202
affa9014-f0f1-4dab-ab49-d207a31eacb5,gui/OptionMenu$Dialog$1.java,actionPerformed,->,affa9014-f0f1-4dab-ab49-d207a31eacb5,gui/OptionMenu.java,access$000
affa9014-f0f1-4dab-ab49-d207a31eacb5,gui/OptionMenu$Dialog$1.java,actionPerformed,->,affa9014-f0f1-4dab-ab49-d207a31eacb5,gui/OptionMenu.java,access$502
affa9014-f0f1-4dab-ab49-d207a31eacb5,gui/OptionMenu$Dialog$1.java,actionPerformed,->,affa9014-f0f1-4dab-ab49-d207a31eacb5,gui/OptionMenu.java,access$500
affa9014-f0f1-4dab-ab49-d207a31eacb5,gui/OptionMenu$Dialog$1.java,actionPerformed,->,affa9014-f0f1-4dab-ab49-d207a31eacb5,482bc59b-99da-49eb-845b-d6933212620f,8ecc08ab-f8c8-4257-ad40-b288ae4ef0b5
affa9014-f0f1-4dab-ab49-d207a31eacb5,gui/OptionMenu$Dialog$1.java,actionPerformed,->,affa9014-f0f1-4dab-ab49-d207a31eacb5,482bc59b-99da-49eb-845b-d6933212620f,c3ec1c69-6524-4f4e-ac51-f6947c33c1c6
affa9014-f0f1-4dab-ab49-d207a31eacb5,gui/OptionMenu$Dialog$1.java,actionPerformed,->,affa9014-f0f1-4dab-ab49-d207a31eacb5,482bc59b-99da-49eb-845b-d6933212620f,8ecc08ab-f8c8-4257-ad40-b288ae4ef0b5
affa9014-f0f1-4dab-ab49-d207a31eacb5,gui/OptionMenu$Dialog$1.java,actionPerformed,->,affa9014-f0f1-4dab-ab49-d207a31eacb5,482bc59b-99da-49eb-845b-d6933212620f,b1dc11ca-be61-4f00-bd58-83e70a29a0e5
affa9014-f0f1-4dab-ab49-d207a31eacb5,gui/OptionMenu$Dialog$1.java,actionPerformed,->,affa9014-f0f1-4dab-ab49-d207a31eacb5,482bc59b-99da-49eb-845b-d6933212620f,8ecc08ab-f8c8-4257-ad40-b288ae4ef0b5
affa9014-f0f1-4dab-ab49-d207a31eacb5,gui/OptionMenu$Dialog$1.java,actionPerformed,->,affa9014-f0f1-4dab-ab49-d207a31eacb5,java/lang/Integer.java,toString
affa9014-f0f1-4dab-ab49-d207a31eacb5,gui/OptionMenu$Dialog$1.java,actionPerformed,->,affa9014-f0f1-4dab-ab49-d207a31eacb5,482bc59b-99da-49eb-845b-d6933212620f,3ff9cb4b-28ae-4a97-bbda-b418ee32e881
affa9014-f0f1-4dab-ab49-d207a31eacb5,gui/OptionMenu$Dialog$1.java,actionPerformed,->,affa9014-f0f1-4dab-ab49-d207a31eacb5,gui/OptionMenu.java,access$000
affa9014-f0f1-4dab-ab49-d207a31eacb5,gui/OptionMenu$Dialog$1.java,actionPerformed,->,affa9014-f0f1-4dab-ab49-d207a31eacb5,gui/OptionMenu.java,access$102
affa9014-f0f1-4dab-ab49-d207a31eacb5,gui/OptionMenu$Dialog$1.java,actionPerformed,->,affa9014-f0f1-4dab-ab49-d207a31eacb5,gui/OptionMenu.java,access$000
affa9014-f0f1-4dab-ab49-d207a31eacb5,gui/OptionMenu$Dialog$1.java,actionPerformed,->,affa9014-f0f1-4dab-ab49-d207a31eacb5,gui/OptionMenu.java,access$402
affa9014-f0f1-4dab-ab49-d207a31eacb5,gui/OptionMenu$Dialog$1.java,actionPerformed,->,affa9014-f0f1-4dab-ab49-d207a31eacb5,482bc59b-99da-49eb-845b-d6933212620f,8ecc08ab-f8c8-4257-ad40-b288ae4ef0b5
affa9014-f0f1-4dab-ab49-d207a31eacb5,gui/OptionMenu$Dialog$1.java,actionPerformed,->,affa9014-f0f1-4dab-ab49-d207a31eacb5,gui/OptionMenu.java,access$400
affa9014-f0f1-4dab-ab49-d207a31eacb5,gui/OptionMenu$Dialog$1.java,actionPerformed,->,affa9014-f0f1-4dab-ab49-d207a31eacb5,482bc59b-99da-49eb-845b-d6933212620f,b1dc11ca-be61-4f00-bd58-83e70a29a0e5
affa9014-f0f1-4dab-ab49-d207a31eacb5,gui/OptionMenu$Dialog$1.java,actionPerformed,->,affa9014-f0f1-4dab-ab49-d207a31eacb5,482bc59b-99da-49eb-845b-d6933212620f,8ecc08ab-f8c8-4257-ad40-b288ae4ef0b5
affa9014-f0f1-4dab-ab49-d207a31eacb5,gui/OptionMenu$Dialog$1.java,actionPerformed,->,affa9014-f0f1-4dab-ab49-d207a31eacb5,482bc59b-99da-49eb-845b-d6933212620f,c3ec1c69-6524-4f4e-ac51-f6947c33c1c6
affa9014-f0f1-4dab-ab49-d207a31eacb5,gui/OptionMenu$Dialog$1.java,actionPerformed,->,affa9014-f0f1-4dab-ab49-d207a31eacb5,482bc59b-99da-49eb-845b-d6933212620f,8ecc08ab-f8c8-4257-ad40-b288ae4ef0b5
affa9014-f0f1-4dab-ab49-d207a31eacb5,gui/OptionMenu$Dialog$1.java,actionPerformed,->,affa9014-f0f1-4dab-ab49-d207a31eacb5,java/lang/Integer.java,toString
affa9014-f0f1-4dab-ab49-d207a31eacb5,gui/OptionMenu$Dialog$1.java,actionPerformed,->,affa9014-f0f1-4dab-ab49-d207a31eacb5,java/lang/StringBuilder.java,append
affa9014-f0f1-4dab-ab49-d207a31eacb5,gui/OptionMenu$Dialog$1.java,actionPerformed,->,affa9014-f0f1-4dab-ab49-d207a31eacb5,java/lang/StringBuilder.java,append
affa9014-f0f1-4dab-ab49-d207a31eacb5,gui/OptionMenu$Dialog$1.java,actionPerformed,->,affa9014-f0f1-4dab-ab49-d207a31eacb5,java/lang/StringBuilder.java,toString
affa9014-f0f1-4dab-ab49-d207a31eacb5,gui/OptionMenu$Dialog$1.java,actionPerformed,->,affa9014-f0f1-4dab-ab49-d207a31eacb5,482bc59b-99da-49eb-845b-d6933212620f,3ff9cb4b-28ae-4a97-bbda-b418ee32e881
affa9014-f0f1-4dab-ab49-d207a31eacb5,gui/OptionMenu$Dialog$1.java,actionPerformed,->,affa9014-f0f1-4dab-ab49-d207a31eacb5,gui/OptionMenu.java,access$000
affa9014-f0f1-4dab-ab49-d207a31eacb5,gui/OptionMenu$Dialog$1.java,actionPerformed,->,affa9014-f0f1-4dab-ab49-d207a31eacb5,gui/OptionMenu.java,access$302
affa9014-f0f1-4dab-ab49-d207a31eacb5,323a783a-3dbc-4701-aca9-d273e055fd63,2fdf2dec-3abd-4293-a507-0606ecab2578,->,affa9014-f0f1-4dab-ab49-d207a31eacb5,0069dc56-9c23-4ede-958b-588c731bc634,d687ca53-64a0-4c47-af43-646acb0f7277
affa9014-f0f1-4dab-ab49-d207a31eacb5,323a783a-3dbc-4701-aca9-d273e055fd63,2fdf2dec-3abd-4293-a507-0606ecab2578,->,affa9014-f0f1-4dab-ab49-d207a31eacb5,0069dc56-9c23-4ede-958b-588c731bc634,e797b4ea-fdd5-479a-985c-4c6c312f0660
affa9014-f0f1-4dab-ab49-d207a31eacb5,323a783a-3dbc-4701-aca9-d273e055fd63,2fdf2dec-3abd-4293-a507-0606ecab2578,->,affa9014-f0f1-4dab-ab49-d207a31eacb5,java/util/List.java,size
affa9014-f0f1-4dab-ab49-d207a31eacb5,323a783a-3dbc-4701-aca9-d273e055fd63,2fdf2dec-3abd-4293-a507-0606ecab2578,->,affa9014-f0f1-4dab-ab49-d207a31eacb5,java/util/List.java,toArray
affa9014-f0f1-4dab-ab49-d207a31eacb5,323a783a-3dbc-4701-aca9-d273e055fd63,2fdf2dec-3abd-4293-a507-0606ecab2578,->,affa9014-f0f1-4dab-ab49-d207a31eacb5,javax/swing/JList.java,setAutoscrolls
affa9014-f0f1-4dab-ab49-d207a31eacb5,323a783a-3dbc-4701-aca9-d273e055fd63,2fdf2dec-3abd-4293-a507-0606ecab2578,->,affa9014-f0f1-4dab-ab49-d207a31eacb5,java/util/List.java,size
affa9014-f0f1-4dab-ab49-d207a31eacb5,323a783a-3dbc-4701-aca9-d273e055fd63,2fdf2dec-3abd-4293-a507-0606ecab2578,->,affa9014-f0f1-4dab-ab49-d207a31eacb5,javax/swing/JList.java,setSelectedIndex
affa9014-f0f1-4dab-ab49-d207a31eacb5,323a783a-3dbc-4701-aca9-d273e055fd63,2fdf2dec-3abd-4293-a507-0606ecab2578,->,affa9014-f0f1-4dab-ab49-d207a31eacb5,gui/UserMenu.java,add
affa9014-f0f1-4dab-ab49-d207a31eacb5,323a783a-3dbc-4701-aca9-d273e055fd63,2fdf2dec-3abd-4293-a507-0606ecab2578,->,affa9014-f0f1-4dab-ab49-d207a31eacb5,gui/UserMenu.java,add
affa9014-f0f1-4dab-ab49-d207a31eacb5,323a783a-3dbc-4701-aca9-d273e055fd63,2fdf2dec-3abd-4293-a507-0606ecab2578,->,affa9014-f0f1-4dab-ab49-d207a31eacb5,javax/swing/JList.java,requestFocus
affa9014-f0f1-4dab-ab49-d207a31eacb5,323a783a-3dbc-4701-aca9-d273e055fd63,f7325456-29f7-4f19-97a1-9e5a703d1492,->,affa9014-f0f1-4dab-ab49-d207a31eacb5,gui/UserMenu.java,dispose
affa9014-f0f1-4dab-ab49-d207a31eacb5,323a783a-3dbc-4701-aca9-d273e055fd63,31b320d2-bdc2-4d52-9d56-9aba0b35b6d0,->,affa9014-f0f1-4dab-ab49-d207a31eacb5,javax/swing/JPanel.java,setLayout
affa9014-f0f1-4dab-ab49-d207a31eacb5,323a783a-3dbc-4701-aca9-d273e055fd63,31b320d2-bdc2-4d52-9d56-9aba0b35b6d0,->,affa9014-f0f1-4dab-ab49-d207a31eacb5,javax/swing/JButton.java,setText
affa9014-f0f1-4dab-ab49-d207a31eacb5,323a783a-3dbc-4701-aca9-d273e055fd63,31b320d2-bdc2-4d52-9d56-9aba0b35b6d0,->,affa9014-f0f1-4dab-ab49-d207a31eacb5,javax/swing/JButton.java,setText
affa9014-f0f1-4dab-ab49-d207a31eacb5,323a783a-3dbc-4701-aca9-d273e055fd63,31b320d2-bdc2-4d52-9d56-9aba0b35b6d0,->,affa9014-f0f1-4dab-ab49-d207a31eacb5,javax/swing/JButton.java,addActionListener
affa9014-f0f1-4dab-ab49-d207a31eacb5,323a783a-3dbc-4701-aca9-d273e055fd63,31b320d2-bdc2-4d52-9d56-9aba0b35b6d0,->,affa9014-f0f1-4dab-ab49-d207a31eacb5,javax/swing/JButton.java,addActionListener
affa9014-f0f1-4dab-ab49-d207a31eacb5,323a783a-3dbc-4701-aca9-d273e055fd63,31b320d2-bdc2-4d52-9d56-9aba0b35b6d0,->,affa9014-f0f1-4dab-ab49-d207a31eacb5,javax/swing/JButton.java,getInputMap
affa9014-f0f1-4dab-ab49-d207a31eacb5,323a783a-3dbc-4701-aca9-d273e055fd63,31b320d2-bdc2-4d52-9d56-9aba0b35b6d0,->,affa9014-f0f1-4dab-ab49-d207a31eacb5,javax/swing/KeyStroke.java,getKeyStroke
affa9014-f0f1-4dab-ab49-d207a31eacb5,323a783a-3dbc-4701-aca9-d273e055fd63,31b320d2-bdc2-4d52-9d56-9aba0b35b6d0,->,affa9014-f0f1-4dab-ab49-d207a31eacb5,javax/swing/InputMap.java,put
affa9014-f0f1-4dab-ab49-d207a31eacb5,323a783a-3dbc-4701-aca9-d273e055fd63,31b320d2-bdc2-4d52-9d56-9aba0b35b6d0,->,affa9014-f0f1-4dab-ab49-d207a31eacb5,javax/swing/JButton.java,getInputMap
affa9014-f0f1-4dab-ab49-d207a31eacb5,323a783a-3dbc-4701-aca9-d273e055fd63,31b320d2-bdc2-4d52-9d56-9aba0b35b6d0,->,affa9014-f0f1-4dab-ab49-d207a31eacb5,javax/swing/KeyStroke.java,getKeyStroke
affa9014-f0f1-4dab-ab49-d207a31eacb5,323a783a-3dbc-4701-aca9-d273e055fd63,31b320d2-bdc2-4d52-9d56-9aba0b35b6d0,->,affa9014-f0f1-4dab-ab49-d207a31eacb5,javax/swing/InputMap.java,put
affa9014-f0f1-4dab-ab49-d207a31eacb5,323a783a-3dbc-4701-aca9-d273e055fd63,31b320d2-bdc2-4d52-9d56-9aba0b35b6d0,->,affa9014-f0f1-4dab-ab49-d207a31eacb5,javax/swing/JButton.java,getActionMap
affa9014-f0f1-4dab-ab49-d207a31eacb5,323a783a-3dbc-4701-aca9-d273e055fd63,31b320d2-bdc2-4d52-9d56-9aba0b35b6d0,->,affa9014-f0f1-4dab-ab49-d207a31eacb5,javax/swing/ActionMap.java,put
affa9014-f0f1-4dab-ab49-d207a31eacb5,323a783a-3dbc-4701-aca9-d273e055fd63,31b320d2-bdc2-4d52-9d56-9aba0b35b6d0,->,affa9014-f0f1-4dab-ab49-d207a31eacb5,javax/swing/JButton.java,getInputMap
affa9014-f0f1-4dab-ab49-d207a31eacb5,323a783a-3dbc-4701-aca9-d273e055fd63,31b320d2-bdc2-4d52-9d56-9aba0b35b6d0,->,affa9014-f0f1-4dab-ab49-d207a31eacb5,javax/swing/KeyStroke.java,getKeyStroke
affa9014-f0f1-4dab-ab49-d207a31eacb5,323a783a-3dbc-4701-aca9-d273e055fd63,31b320d2-bdc2-4d52-9d56-9aba0b35b6d0,->,affa9014-f0f1-4dab-ab49-d207a31eacb5,javax/swing/InputMap.java,put
affa9014-f0f1-4dab-ab49-d207a31eacb5,323a783a-3dbc-4701-aca9-d273e055fd63,31b320d2-bdc2-4d52-9d56-9aba0b35b6d0,->,affa9014-f0f1-4dab-ab49-d207a31eacb5,javax/swing/JButton.java,getActionMap
affa9014-f0f1-4dab-ab49-d207a31eacb5,323a783a-3dbc-4701-aca9-d273e055fd63,31b320d2-bdc2-4d52-9d56-9aba0b35b6d0,->,affa9014-f0f1-4dab-ab49-d207a31eacb5,javax/swing/ActionMap.java,put
affa9014-f0f1-4dab-ab49-d207a31eacb5,323a783a-3dbc-4701-aca9-d273e055fd63,31b320d2-bdc2-4d52-9d56-9aba0b35b6d0,->,affa9014-f0f1-4dab-ab49-d207a31eacb5,javax/swing/JList.java,getModel
affa9014-f0f1-4dab-ab49-d207a31eacb5,323a783a-3dbc-4701-aca9-d273e055fd63,31b320d2-bdc2-4d52-9d56-9aba0b35b6d0,->,affa9014-f0f1-4dab-ab49-d207a31eacb5,javax/swing/ListModel.java,getSize
affa9014-f0f1-4dab-ab49-d207a31eacb5,323a783a-3dbc-4701-aca9-d273e055fd63,31b320d2-bdc2-4d52-9d56-9aba0b35b6d0,->,affa9014-f0f1-4dab-ab49-d207a31eacb5,javax/swing/JButton.java,setEnabled
affa9014-f0f1-4dab-ab49-d207a31eacb5,323a783a-3dbc-4701-aca9-d273e055fd63,31b320d2-bdc2-4d52-9d56-9aba0b35b6d0,->,affa9014-f0f1-4dab-ab49-d207a31eacb5,javax/swing/JPanel.java,add
affa9014-f0f1-4dab-ab49-d207a31eacb5,323a783a-3dbc-4701-aca9-d273e055fd63,31b320d2-bdc2-4d52-9d56-9aba0b35b6d0,->,affa9014-f0f1-4dab-ab49-d207a31eacb5,javax/swing/JPanel.java,add
affa9014-f0f1-4dab-ab49-d207a31eacb5,323a783a-3dbc-4701-aca9-d273e055fd63,31b320d2-bdc2-4d52-9d56-9aba0b35b6d0,->,affa9014-f0f1-4dab-ab49-d207a31eacb5,gui/UserMenu.java,add
affa9014-f0f1-4dab-ab49-d207a31eacb5,gui/UserMenu.java,access$000,->,affa9014-f0f1-4dab-ab49-d207a31eacb5,323a783a-3dbc-4701-aca9-d273e055fd63,f7325456-29f7-4f19-97a1-9e5a703d1492
affa9014-f0f1-4dab-ab49-d207a31eacb5,gui/OptionMenu$Dialog$3.java,actionPerformed,->,affa9014-f0f1-4dab-ab49-d207a31eacb5,gui/OptionMenu.java,access$600
affa9014-f0f1-4dab-ab49-d207a31eacb5,gui/OptionMenu$Dialog$3.java,actionPerformed,->,affa9014-f0f1-4dab-ab49-d207a31eacb5,gui/OptionMenu$Dialog.java,setVisible
affa9014-f0f1-4dab-ab49-d207a31eacb5,gui/OptionMenu$Dialog$3.java,actionPerformed,->,affa9014-f0f1-4dab-ab49-d207a31eacb5,gui/OptionMenu$Dialog.java,dispose
affa9014-f0f1-4dab-ab49-d207a31eacb5,7c97961d-40df-47a8-90b6-7924a0477f8e,fe42a665-3a8e-4a96-9a33-7a9c049718e0,->,affa9014-f0f1-4dab-ab49-d207a31eacb5,java/util/ArrayList.java,get
affa9014-f0f1-4dab-ab49-d207a31eacb5,7c97961d-40df-47a8-90b6-7924a0477f8e,fe42a665-3a8e-4a96-9a33-7a9c049718e0,->,affa9014-f0f1-4dab-ab49-d207a31eacb5,javax/swing/JButton.java,requestFocus
affa9014-f0f1-4dab-ab49-d207a31eacb5,7c97961d-40df-47a8-90b6-7924a0477f8e,8ac0494c-8228-4359-a619-284bd3379ac2,->,affa9014-f0f1-4dab-ab49-d207a31eacb5,java/util/ArrayList.java,get
affa9014-f0f1-4dab-ab49-d207a31eacb5,7c97961d-40df-47a8-90b6-7924a0477f8e,8ac0494c-8228-4359-a619-284bd3379ac2,->,affa9014-f0f1-4dab-ab49-d207a31eacb5,javax/swing/JButton.java,requestFocus
affa9014-f0f1-4dab-ab49-d207a31eacb5,gui/ButtonPane.java,access$100,->,affa9014-f0f1-4dab-ab49-d207a31eacb5,7c97961d-40df-47a8-90b6-7924a0477f8e,8ac0494c-8228-4359-a619-284bd3379ac2
affa9014-f0f1-4dab-ab49-d207a31eacb5,gui/ButtonPane.java,access$200,->,affa9014-f0f1-4dab-ab49-d207a31eacb5,7c97961d-40df-47a8-90b6-7924a0477f8e,fe42a665-3a8e-4a96-9a33-7a9c049718e0
affa9014-f0f1-4dab-ab49-d207a31eacb5,1014af69-3ea6-48c2-8a20-81f6319aeb0f,babeb4d7-d064-4413-a228-01194ef0b0fa,->,affa9014-f0f1-4dab-ab49-d207a31eacb5,java/io/File.java,toURI
affa9014-f0f1-4dab-ab49-d207a31eacb5,1014af69-3ea6-48c2-8a20-81f6319aeb0f,babeb4d7-d064-4413-a228-01194ef0b0fa,->,affa9014-f0f1-4dab-ab49-d207a31eacb5,java/net/URI.java,toURL
affa9014-f0f1-4dab-ab49-d207a31eacb5,1014af69-3ea6-48c2-8a20-81f6319aeb0f,babeb4d7-d064-4413-a228-01194ef0b0fa,->,affa9014-f0f1-4dab-ab49-d207a31eacb5,java/lang/Exception.java,printStackTrace
affa9014-f0f1-4dab-ab49-d207a31eacb5,1014af69-3ea6-48c2-8a20-81f6319aeb0f,babeb4d7-d064-4413-a228-01194ef0b0fa,->,affa9014-f0f1-4dab-ab49-d207a31eacb5,java/lang/Object.java,getClass
affa9014-f0f1-4dab-ab49-d207a31eacb5,1014af69-3ea6-48c2-8a20-81f6319aeb0f,babeb4d7-d064-4413-a228-01194ef0b0fa,->,affa9014-f0f1-4dab-ab49-d207a31eacb5,java/lang/Class.java,getClassLoader
affa9014-f0f1-4dab-ab49-d207a31eacb5,1014af69-3ea6-48c2-8a20-81f6319aeb0f,babeb4d7-d064-4413-a228-01194ef0b0fa,->,affa9014-f0f1-4dab-ab49-d207a31eacb5,java/lang/Class.java,forName
affa9014-f0f1-4dab-ab49-d207a31eacb5,1014af69-3ea6-48c2-8a20-81f6319aeb0f,babeb4d7-d064-4413-a228-01194ef0b0fa,->,affa9014-f0f1-4dab-ab49-d207a31eacb5,java/lang/Class.java,getDeclaredMethod
affa9014-f0f1-4dab-ab49-d207a31eacb5,1014af69-3ea6-48c2-8a20-81f6319aeb0f,babeb4d7-d064-4413-a228-01194ef0b0fa,->,affa9014-f0f1-4dab-ab49-d207a31eacb5,java/lang/Class.java,newInstance
affa9014-f0f1-4dab-ab49-d207a31eacb5,1014af69-3ea6-48c2-8a20-81f6319aeb0f,babeb4d7-d064-4413-a228-01194ef0b0fa,->,affa9014-f0f1-4dab-ab49-d207a31eacb5,java/lang/reflect/Method.java,invoke
affa9014-f0f1-4dab-ab49-d207a31eacb5,1014af69-3ea6-48c2-8a20-81f6319aeb0f,babeb4d7-d064-4413-a228-01194ef0b0fa,->,affa9014-f0f1-4dab-ab49-d207a31eacb5,java/lang/ClassNotFoundException.java,printStackTrace
affa9014-f0f1-4dab-ab49-d207a31eacb5,1014af69-3ea6-48c2-8a20-81f6319aeb0f,babeb4d7-d064-4413-a228-01194ef0b0fa,->,affa9014-f0f1-4dab-ab49-d207a31eacb5,java/lang/NoSuchMethodException.java,printStackTrace
affa9014-f0f1-4dab-ab49-d207a31eacb5,1014af69-3ea6-48c2-8a20-81f6319aeb0f,babeb4d7-d064-4413-a228-01194ef0b0fa,->,affa9014-f0f1-4dab-ab49-d207a31eacb5,java/lang/SecurityException.java,printStackTrace
affa9014-f0f1-4dab-ab49-d207a31eacb5,1014af69-3ea6-48c2-8a20-81f6319aeb0f,babeb4d7-d064-4413-a228-01194ef0b0fa,->,affa9014-f0f1-4dab-ab49-d207a31eacb5,java/lang/InstantiationException.java,printStackTrace
affa9014-f0f1-4dab-ab49-d207a31eacb5,1014af69-3ea6-48c2-8a20-81f6319aeb0f,babeb4d7-d064-4413-a228-01194ef0b0fa,->,affa9014-f0f1-4dab-ab49-d207a31eacb5,java/lang/IllegalAccessException.java,printStackTrace
affa9014-f0f1-4dab-ab49-d207a31eacb5,1014af69-3ea6-48c2-8a20-81f6319aeb0f,babeb4d7-d064-4413-a228-01194ef0b0fa,->,affa9014-f0f1-4dab-ab49-d207a31eacb5,java/lang/IllegalArgumentException.java,printStackTrace
affa9014-f0f1-4dab-ab49-d207a31eacb5,1014af69-3ea6-48c2-8a20-81f6319aeb0f,babeb4d7-d064-4413-a228-01194ef0b0fa,->,affa9014-f0f1-4dab-ab49-d207a31eacb5,java/lang/reflect/InvocationTargetException.java,printStackTrace
affa9014-f0f1-4dab-ab49-d207a31eacb5,e2e6cd6f-2f33-4c81-bf2c-df8cfb8e2792,081fe691-5eb1-470d-8f70-8019242acbf9,->,affa9014-f0f1-4dab-ab49-d207a31eacb5,e2e6cd6f-2f33-4c81-bf2c-df8cfb8e2792,42a3a072-d903-4800-a473-497c53a45c99
affa9014-f0f1-4dab-ab49-d207a31eacb5,e2e6cd6f-2f33-4c81-bf2c-df8cfb8e2792,081fe691-5eb1-470d-8f70-8019242acbf9,->,affa9014-f0f1-4dab-ab49-d207a31eacb5,java/util/List.java,get
affa9014-f0f1-4dab-ab49-d207a31eacb5,e2e6cd6f-2f33-4c81-bf2c-df8cfb8e2792,081fe691-5eb1-470d-8f70-8019242acbf9,->,affa9014-f0f1-4dab-ab49-d207a31eacb5,java/io/PrintStream.java,printf
affa9014-f0f1-4dab-ab49-d207a31eacb5,e2e6cd6f-2f33-4c81-bf2c-df8cfb8e2792,081fe691-5eb1-470d-8f70-8019242acbf9,->,affa9014-f0f1-4dab-ab49-d207a31eacb5,e2e6cd6f-2f33-4c81-bf2c-df8cfb8e2792,42a3a072-d903-4800-a473-497c53a45c99
affa9014-f0f1-4dab-ab49-d207a31eacb5,e2e6cd6f-2f33-4c81-bf2c-df8cfb8e2792,081fe691-5eb1-470d-8f70-8019242acbf9,->,affa9014-f0f1-4dab-ab49-d207a31eacb5,java/util/List.java,get
affa9014-f0f1-4dab-ab49-d207a31eacb5,e2e6cd6f-2f33-4c81-bf2c-df8cfb8e2792,42a3a072-d903-4800-a473-497c53a45c99,->,affa9014-f0f1-4dab-ab49-d207a31eacb5,java/util/List.java,size
affa9014-f0f1-4dab-ab49-d207a31eacb5,e2e6cd6f-2f33-4c81-bf2c-df8cfb8e2792,42a3a072-d903-4800-a473-497c53a45c99,->,affa9014-f0f1-4dab-ab49-d207a31eacb5,java/util/Random.java,nextInt
affa9014-f0f1-4dab-ab49-d207a31eacb5,0069dc56-9c23-4ede-958b-588c731bc634,e797b4ea-fdd5-479a-985c-4c6c312f0660,->,affa9014-f0f1-4dab-ab49-d207a31eacb5,java/lang/System.java,getProperty
affa9014-f0f1-4dab-ab49-d207a31eacb5,0069dc56-9c23-4ede-958b-588c731bc634,e797b4ea-fdd5-479a-985c-4c6c312f0660,->,affa9014-f0f1-4dab-ab49-d207a31eacb5,java/lang/StringBuilder.java,append
affa9014-f0f1-4dab-ab49-d207a31eacb5,0069dc56-9c23-4ede-958b-588c731bc634,e797b4ea-fdd5-479a-985c-4c6c312f0660,->,affa9014-f0f1-4dab-ab49-d207a31eacb5,java/lang/StringBuilder.java,append
affa9014-f0f1-4dab-ab49-d207a31eacb5,0069dc56-9c23-4ede-958b-588c731bc634,e797b4ea-fdd5-479a-985c-4c6c312f0660,->,affa9014-f0f1-4dab-ab49-d207a31eacb5,java/lang/StringBuilder.java,toString
affa9014-f0f1-4dab-ab49-d207a31eacb5,0069dc56-9c23-4ede-958b-588c731bc634,e797b4ea-fdd5-479a-985c-4c6c312f0660,->,affa9014-f0f1-4dab-ab49-d207a31eacb5,java/io/File.java,exists
affa9014-f0f1-4dab-ab49-d207a31eacb5,0069dc56-9c23-4ede-958b-588c731bc634,e797b4ea-fdd5-479a-985c-4c6c312f0660,->,affa9014-f0f1-4dab-ab49-d207a31eacb5,java/io/File.java,mkdir
affa9014-f0f1-4dab-ab49-d207a31eacb5,0069dc56-9c23-4ede-958b-588c731bc634,e797b4ea-fdd5-479a-985c-4c6c312f0660,->,affa9014-f0f1-4dab-ab49-d207a31eacb5,java/io/PrintStream.java,println
affa9014-f0f1-4dab-ab49-d207a31eacb5,0069dc56-9c23-4ede-958b-588c731bc634,e797b4ea-fdd5-479a-985c-4c6c312f0660,->,affa9014-f0f1-4dab-ab49-d207a31eacb5,java/io/File.java,listFiles
affa9014-f0f1-4dab-ab49-d207a31eacb5,0069dc56-9c23-4ede-958b-588c731bc634,e797b4ea-fdd5-479a-985c-4c6c312f0660,->,affa9014-f0f1-4dab-ab49-d207a31eacb5,java/io/File.java,exists
affa9014-f0f1-4dab-ab49-d207a31eacb5,0069dc56-9c23-4ede-958b-588c731bc634,e797b4ea-fdd5-479a-985c-4c6c312f0660,->,affa9014-f0f1-4dab-ab49-d207a31eacb5,java/io/File.java,mkdir
affa9014-f0f1-4dab-ab49-d207a31eacb5,0069dc56-9c23-4ede-958b-588c731bc634,e797b4ea-fdd5-479a-985c-4c6c312f0660,->,affa9014-f0f1-4dab-ab49-d207a31eacb5,java/io/PrintStream.java,println
affa9014-f0f1-4dab-ab49-d207a31eacb5,0069dc56-9c23-4ede-958b-588c731bc634,e797b4ea-fdd5-479a-985c-4c6c312f0660,->,affa9014-f0f1-4dab-ab49-d207a31eacb5,java/io/File.java,getName
affa9014-f0f1-4dab-ab49-d207a31eacb5,0069dc56-9c23-4ede-958b-588c731bc634,e797b4ea-fdd5-479a-985c-4c6c312f0660,->,affa9014-f0f1-4dab-ab49-d207a31eacb5,java/lang/String.java,contains
affa9014-f0f1-4dab-ab49-d207a31eacb5,0069dc56-9c23-4ede-958b-588c731bc634,e797b4ea-fdd5-479a-985c-4c6c312f0660,->,affa9014-f0f1-4dab-ab49-d207a31eacb5,java/lang/StringBuilder.java,append
affa9014-f0f1-4dab-ab49-d207a31eacb5,0069dc56-9c23-4ede-958b-588c731bc634,e797b4ea-fdd5-479a-985c-4c6c312f0660,->,affa9014-f0f1-4dab-ab49-d207a31eacb5,java/io/File.java,getName
affa9014-f0f1-4dab-ab49-d207a31eacb5,0069dc56-9c23-4ede-958b-588c731bc634,e797b4ea-fdd5-479a-985c-4c6c312f0660,->,affa9014-f0f1-4dab-ab49-d207a31eacb5,java/lang/StringBuilder.java,append
affa9014-f0f1-4dab-ab49-d207a31eacb5,0069dc56-9c23-4ede-958b-588c731bc634,e797b4ea-fdd5-479a-985c-4c6c312f0660,->,affa9014-f0f1-4dab-ab49-d207a31eacb5,java/lang/StringBuilder.java,toString
affa9014-f0f1-4dab-ab49-d207a31eacb5,0069dc56-9c23-4ede-958b-588c731bc634,e797b4ea-fdd5-479a-985c-4c6c312f0660,->,affa9014-f0f1-4dab-ab49-d207a31eacb5,com/thoughtworks/xstream/XStream.java,fromXML
affa9014-f0f1-4dab-ab49-d207a31eacb5,0069dc56-9c23-4ede-958b-588c731bc634,e797b4ea-fdd5-479a-985c-4c6c312f0660,->,affa9014-f0f1-4dab-ab49-d207a31eacb5,java/util/List.java,add
affa9014-f0f1-4dab-ab49-d207a31eacb5,0069dc56-9c23-4ede-958b-588c731bc634,e797b4ea-fdd5-479a-985c-4c6c312f0660,->,affa9014-f0f1-4dab-ab49-d207a31eacb5,java/io/FileNotFoundException.java,printStackTrace
affa9014-f0f1-4dab-ab49-d207a31eacb5,0069dc56-9c23-4ede-958b-588c731bc634,39348588-fd7f-47cb-b63a-fdf3420c9dbb,->,affa9014-f0f1-4dab-ab49-d207a31eacb5,0069dc56-9c23-4ede-958b-588c731bc634,e797b4ea-fdd5-479a-985c-4c6c312f0660
affa9014-f0f1-4dab-ab49-d207a31eacb5,0069dc56-9c23-4ede-958b-588c731bc634,39348588-fd7f-47cb-b63a-fdf3420c9dbb,->,affa9014-f0f1-4dab-ab49-d207a31eacb5,java/util/List.java,iterator
affa9014-f0f1-4dab-ab49-d207a31eacb5,0069dc56-9c23-4ede-958b-588c731bc634,39348588-fd7f-47cb-b63a-fdf3420c9dbb,->,affa9014-f0f1-4dab-ab49-d207a31eacb5,java/util/Iterator.java,hasNext
affa9014-f0f1-4dab-ab49-d207a31eacb5,0069dc56-9c23-4ede-958b-588c731bc634,39348588-fd7f-47cb-b63a-fdf3420c9dbb,->,affa9014-f0f1-4dab-ab49-d207a31eacb5,java/util/Iterator.java,next
affa9014-f0f1-4dab-ab49-d207a31eacb5,0069dc56-9c23-4ede-958b-588c731bc634,39348588-fd7f-47cb-b63a-fdf3420c9dbb,->,affa9014-f0f1-4dab-ab49-d207a31eacb5,9c3f6de5-7d47-4149-b0ea-9d76183b5def,e2c47335-86c0-45ef-9d3f-88ba0fd2726b
affa9014-f0f1-4dab-ab49-d207a31eacb5,0069dc56-9c23-4ede-958b-588c731bc634,39348588-fd7f-47cb-b63a-fdf3420c9dbb,->,affa9014-f0f1-4dab-ab49-d207a31eacb5,java/lang/String.java,equals
affa9014-f0f1-4dab-ab49-d207a31eacb5,0069dc56-9c23-4ede-958b-588c731bc634,39348588-fd7f-47cb-b63a-fdf3420c9dbb,->,affa9014-f0f1-4dab-ab49-d207a31eacb5,java/lang/String.java,format
affa9014-f0f1-4dab-ab49-d207a31eacb5,0069dc56-9c23-4ede-958b-588c731bc634,39348588-fd7f-47cb-b63a-fdf3420c9dbb,->,affa9014-f0f1-4dab-ab49-d207a31eacb5,0069dc56-9c23-4ede-958b-588c731bc634,15c98a0b-99d9-48f6-8a8d-a32e97923683
affa9014-f0f1-4dab-ab49-d207a31eacb5,0069dc56-9c23-4ede-958b-588c731bc634,39348588-fd7f-47cb-b63a-fdf3420c9dbb,->,affa9014-f0f1-4dab-ab49-d207a31eacb5,9c3f6de5-7d47-4149-b0ea-9d76183b5def,9408eb51-d4b0-48e2-a31c-b4a418079919
affa9014-f0f1-4dab-ab49-d207a31eacb5,0069dc56-9c23-4ede-958b-588c731bc634,39348588-fd7f-47cb-b63a-fdf3420c9dbb,->,affa9014-f0f1-4dab-ab49-d207a31eacb5,java/lang/System.java,getProperty
affa9014-f0f1-4dab-ab49-d207a31eacb5,0069dc56-9c23-4ede-958b-588c731bc634,39348588-fd7f-47cb-b63a-fdf3420c9dbb,->,affa9014-f0f1-4dab-ab49-d207a31eacb5,java/lang/StringBuilder.java,append
affa9014-f0f1-4dab-ab49-d207a31eacb5,0069dc56-9c23-4ede-958b-588c731bc634,39348588-fd7f-47cb-b63a-fdf3420c9dbb,->,affa9014-f0f1-4dab-ab49-d207a31eacb5,java/lang/StringBuilder.java,append
affa9014-f0f1-4dab-ab49-d207a31eacb5,0069dc56-9c23-4ede-958b-588c731bc634,39348588-fd7f-47cb-b63a-fdf3420c9dbb,->,affa9014-f0f1-4dab-ab49-d207a31eacb5,java/lang/StringBuilder.java,toString
affa9014-f0f1-4dab-ab49-d207a31eacb5,0069dc56-9c23-4ede-958b-588c731bc634,39348588-fd7f-47cb-b63a-fdf3420c9dbb,->,affa9014-f0f1-4dab-ab49-d207a31eacb5,java/io/File.java,exists
affa9014-f0f1-4dab-ab49-d207a31eacb5,0069dc56-9c23-4ede-958b-588c731bc634,39348588-fd7f-47cb-b63a-fdf3420c9dbb,->,affa9014-f0f1-4dab-ab49-d207a31eacb5,java/io/File.java,mkdir
affa9014-f0f1-4dab-ab49-d207a31eacb5,0069dc56-9c23-4ede-958b-588c731bc634,39348588-fd7f-47cb-b63a-fdf3420c9dbb,->,affa9014-f0f1-4dab-ab49-d207a31eacb5,java/io/PrintStream.java,println
affa9014-f0f1-4dab-ab49-d207a31eacb5,0069dc56-9c23-4ede-958b-588c731bc634,39348588-fd7f-47cb-b63a-fdf3420c9dbb,->,affa9014-f0f1-4dab-ab49-d207a31eacb5,java/lang/StringBuilder.java,append
affa9014-f0f1-4dab-ab49-d207a31eacb5,0069dc56-9c23-4ede-958b-588c731bc634,39348588-fd7f-47cb-b63a-fdf3420c9dbb,->,affa9014-f0f1-4dab-ab49-d207a31eacb5,9c3f6de5-7d47-4149-b0ea-9d76183b5def,133fa209-a800-4dcf-81f6-98bc95e8cc90
affa9014-f0f1-4dab-ab49-d207a31eacb5,0069dc56-9c23-4ede-958b-588c731bc634,39348588-fd7f-47cb-b63a-fdf3420c9dbb,->,affa9014-f0f1-4dab-ab49-d207a31eacb5,java/lang/StringBuilder.java,append
affa9014-f0f1-4dab-ab49-d207a31eacb5,0069dc56-9c23-4ede-958b-588c731bc634,39348588-fd7f-47cb-b63a-fdf3420c9dbb,->,affa9014-f0f1-4dab-ab49-d207a31eacb5,java/lang/StringBuilder.java,append
affa9014-f0f1-4dab-ab49-d207a31eacb5,0069dc56-9c23-4ede-958b-588c731bc634,39348588-fd7f-47cb-b63a-fdf3420c9dbb,->,affa9014-f0f1-4dab-ab49-d207a31eacb5,java/lang/StringBuilder.java,toString
affa9014-f0f1-4dab-ab49-d207a31eacb5,0069dc56-9c23-4ede-958b-588c731bc634,39348588-fd7f-47cb-b63a-fdf3420c9dbb,->,affa9014-f0f1-4dab-ab49-d207a31eacb5,com/thoughtworks/xstream/XStream.java,toXML
affa9014-f0f1-4dab-ab49-d207a31eacb5,0069dc56-9c23-4ede-958b-588c731bc634,39348588-fd7f-47cb-b63a-fdf3420c9dbb,->,affa9014-f0f1-4dab-ab49-d207a31eacb5,java/io/FileNotFoundException.java,printStackTrace
affa9014-f0f1-4dab-ab49-d207a31eacb5,0069dc56-9c23-4ede-958b-588c731bc634,39348588-fd7f-47cb-b63a-fdf3420c9dbb,->,affa9014-f0f1-4dab-ab49-d207a31eacb5,java/util/List.java,add
affa9014-f0f1-4dab-ab49-d207a31eacb5,0069dc56-9c23-4ede-958b-588c731bc634,5f298bba-ec9d-40d4-8507-0497e44d7ff8,->,affa9014-f0f1-4dab-ab49-d207a31eacb5,java/lang/StringBuilder.java,append
affa9014-f0f1-4dab-ab49-d207a31eacb5,0069dc56-9c23-4ede-958b-588c731bc634,5f298bba-ec9d-40d4-8507-0497e44d7ff8,->,affa9014-f0f1-4dab-ab49-d207a31eacb5,9c3f6de5-7d47-4149-b0ea-9d76183b5def,133fa209-a800-4dcf-81f6-98bc95e8cc90
affa9014-f0f1-4dab-ab49-d207a31eacb5,0069dc56-9c23-4ede-958b-588c731bc634,5f298bba-ec9d-40d4-8507-0497e44d7ff8,->,affa9014-f0f1-4dab-ab49-d207a31eacb5,java/lang/StringBuilder.java,append
affa9014-f0f1-4dab-ab49-d207a31eacb5,0069dc56-9c23-4ede-958b-588c731bc634,5f298bba-ec9d-40d4-8507-0497e44d7ff8,->,affa9014-f0f1-4dab-ab49-d207a31eacb5,java/lang/StringBuilder.java,append
affa9014-f0f1-4dab-ab49-d207a31eacb5,0069dc56-9c23-4ede-958b-588c731bc634,5f298bba-ec9d-40d4-8507-0497e44d7ff8,->,affa9014-f0f1-4dab-ab49-d207a31eacb5,java/lang/StringBuilder.java,toString
affa9014-f0f1-4dab-ab49-d207a31eacb5,0069dc56-9c23-4ede-958b-588c731bc634,5f298bba-ec9d-40d4-8507-0497e44d7ff8,->,affa9014-f0f1-4dab-ab49-d207a31eacb5,com/thoughtworks/xstream/XStream.java,toXML
affa9014-f0f1-4dab-ab49-d207a31eacb5,0069dc56-9c23-4ede-958b-588c731bc634,5f298bba-ec9d-40d4-8507-0497e44d7ff8,->,affa9014-f0f1-4dab-ab49-d207a31eacb5,java/io/FileNotFoundException.java,printStackTrace
affa9014-f0f1-4dab-ab49-d207a31eacb5,0069dc56-9c23-4ede-958b-588c731bc634,15c98a0b-99d9-48f6-8a8d-a32e97923683,->,affa9014-f0f1-4dab-ab49-d207a31eacb5,java/util/Random.java,nextInt
affa9014-f0f1-4dab-ab49-d207a31eacb5,0069dc56-9c23-4ede-958b-588c731bc634,15c98a0b-99d9-48f6-8a8d-a32e97923683,->,affa9014-f0f1-4dab-ab49-d207a31eacb5,java/lang/Math.java,abs
affa9014-f0f1-4dab-ab49-d207a31eacb5,0069dc56-9c23-4ede-958b-588c731bc634,15c98a0b-99d9-48f6-8a8d-a32e97923683,->,affa9014-f0f1-4dab-ab49-d207a31eacb5,0069dc56-9c23-4ede-958b-588c731bc634,4e346cd6-679f-45e9-8c91-1d616379c3e1
affa9014-f0f1-4dab-ab49-d207a31eacb5,0069dc56-9c23-4ede-958b-588c731bc634,15c98a0b-99d9-48f6-8a8d-a32e97923683,->,affa9014-f0f1-4dab-ab49-d207a31eacb5,java/util/Random.java,nextInt
affa9014-f0f1-4dab-ab49-d207a31eacb5,0069dc56-9c23-4ede-958b-588c731bc634,15c98a0b-99d9-48f6-8a8d-a32e97923683,->,affa9014-f0f1-4dab-ab49-d207a31eacb5,java/lang/Math.java,abs
affa9014-f0f1-4dab-ab49-d207a31eacb5,0069dc56-9c23-4ede-958b-588c731bc634,4e346cd6-679f-45e9-8c91-1d616379c3e1,->,affa9014-f0f1-4dab-ab49-d207a31eacb5,java/util/List.java,iterator
affa9014-f0f1-4dab-ab49-d207a31eacb5,0069dc56-9c23-4ede-958b-588c731bc634,4e346cd6-679f-45e9-8c91-1d616379c3e1,->,affa9014-f0f1-4dab-ab49-d207a31eacb5,java/util/Iterator.java,hasNext
affa9014-f0f1-4dab-ab49-d207a31eacb5,0069dc56-9c23-4ede-958b-588c731bc634,4e346cd6-679f-45e9-8c91-1d616379c3e1,->,affa9014-f0f1-4dab-ab49-d207a31eacb5,java/util/Iterator.java,next
affa9014-f0f1-4dab-ab49-d207a31eacb5,0069dc56-9c23-4ede-958b-588c731bc634,4e346cd6-679f-45e9-8c91-1d616379c3e1,->,affa9014-f0f1-4dab-ab49-d207a31eacb5,9c3f6de5-7d47-4149-b0ea-9d76183b5def,133fa209-a800-4dcf-81f6-98bc95e8cc90
affa9014-f0f1-4dab-ab49-d207a31eacb5,be9524de-0ed5-43f0-a5e7-0122fddea003,69e6f2ac-8120-4ee2-aa67-eabf1c794534,->,affa9014-f0f1-4dab-ab49-d207a31eacb5,482bc59b-99da-49eb-845b-d6933212620f,8ecc08ab-f8c8-4257-ad40-b288ae4ef0b5
affa9014-f0f1-4dab-ab49-d207a31eacb5,be9524de-0ed5-43f0-a5e7-0122fddea003,69e6f2ac-8120-4ee2-aa67-eabf1c794534,->,affa9014-f0f1-4dab-ab49-d207a31eacb5,482bc59b-99da-49eb-845b-d6933212620f,b1dc11ca-be61-4f00-bd58-83e70a29a0e5
affa9014-f0f1-4dab-ab49-d207a31eacb5,be9524de-0ed5-43f0-a5e7-0122fddea003,6655258e-fbf7-4d33-9326-489582bd5e78,->,affa9014-f0f1-4dab-ab49-d207a31eacb5,java/awt/Toolkit.java,getDefaultToolkit
affa9014-f0f1-4dab-ab49-d207a31eacb5,be9524de-0ed5-43f0-a5e7-0122fddea003,6655258e-fbf7-4d33-9326-489582bd5e78,->,affa9014-f0f1-4dab-ab49-d207a31eacb5,java/awt/Toolkit.java,getScreenSize
affa9014-f0f1-4dab-ab49-d207a31eacb5,be9524de-0ed5-43f0-a5e7-0122fddea003,6655258e-fbf7-4d33-9326-489582bd5e78,->,affa9014-f0f1-4dab-ab49-d207a31eacb5,java/awt/Dimension.java,getWidth
affa9014-f0f1-4dab-ab49-d207a31eacb5,be9524de-0ed5-43f0-a5e7-0122fddea003,189c7471-e118-441d-8418-67996766c53c,->,affa9014-f0f1-4dab-ab49-d207a31eacb5,482bc59b-99da-49eb-845b-d6933212620f,8ecc08ab-f8c8-4257-ad40-b288ae4ef0b5
affa9014-f0f1-4dab-ab49-d207a31eacb5,be9524de-0ed5-43f0-a5e7-0122fddea003,189c7471-e118-441d-8418-67996766c53c,->,affa9014-f0f1-4dab-ab49-d207a31eacb5,482bc59b-99da-49eb-845b-d6933212620f,c3ec1c69-6524-4f4e-ac51-f6947c33c1c6
affa9014-f0f1-4dab-ab49-d207a31eacb5,users/Themes.java,values,->,affa9014-f0f1-4dab-ab49-d207a31eacb5,users/Themes.java,clone
affa9014-f0f1-4dab-ab49-d207a31eacb5,users/Themes.java,valueOf,->,affa9014-f0f1-4dab-ab49-d207a31eacb5,java/lang/Enum.java,valueOf
affa9014-f0f1-4dab-ab49-d207a31eacb5,332d3949-d64a-4e0e-84b0-f3567b982b0f,95366b93-8a63-45a9-9aea-376fcdeb61ed,->,affa9014-f0f1-4dab-ab49-d207a31eacb5,java/util/Map.java,put
affa9014-f0f1-4dab-ab49-d207a31eacb5,332d3949-d64a-4e0e-84b0-f3567b982b0f,02936775-13b3-47f5-abd9-17018a149e2a,->,affa9014-f0f1-4dab-ab49-d207a31eacb5,java/util/Map.java,get
affa9014-f0f1-4dab-ab49-d207a31eacb5,6e849cba-66d5-4d40-aadd-bea49bae12a7,442d4fd7-bae2-4177-b99e-c4d02240c95d,->,affa9014-f0f1-4dab-ab49-d207a31eacb5,java/io/File.java,isDirectory
affa9014-f0f1-4dab-ab49-d207a31eacb5,6e849cba-66d5-4d40-aadd-bea49bae12a7,442d4fd7-bae2-4177-b99e-c4d02240c95d,->,affa9014-f0f1-4dab-ab49-d207a31eacb5,java/io/File.java,getName
affa9014-f0f1-4dab-ab49-d207a31eacb5,6e849cba-66d5-4d40-aadd-bea49bae12a7,442d4fd7-bae2-4177-b99e-c4d02240c95d,->,affa9014-f0f1-4dab-ab49-d207a31eacb5,java/util/List.java,add
affa9014-f0f1-4dab-ab49-d207a31eacb5,6e849cba-66d5-4d40-aadd-bea49bae12a7,cfe3f98e-c7c9-476a-8940-8a309ab06cb6,->,affa9014-f0f1-4dab-ab49-d207a31eacb5,java/lang/StringBuilder.java,append
affa9014-f0f1-4dab-ab49-d207a31eacb5,6e849cba-66d5-4d40-aadd-bea49bae12a7,cfe3f98e-c7c9-476a-8940-8a309ab06cb6,->,affa9014-f0f1-4dab-ab49-d207a31eacb5,java/lang/StringBuilder.java,append
affa9014-f0f1-4dab-ab49-d207a31eacb5,6e849cba-66d5-4d40-aadd-bea49bae12a7,cfe3f98e-c7c9-476a-8940-8a309ab06cb6,->,affa9014-f0f1-4dab-ab49-d207a31eacb5,java/io/File.java,getName
affa9014-f0f1-4dab-ab49-d207a31eacb5,6e849cba-66d5-4d40-aadd-bea49bae12a7,cfe3f98e-c7c9-476a-8940-8a309ab06cb6,->,affa9014-f0f1-4dab-ab49-d207a31eacb5,java/lang/StringBuilder.java,append
affa9014-f0f1-4dab-ab49-d207a31eacb5,6e849cba-66d5-4d40-aadd-bea49bae12a7,cfe3f98e-c7c9-476a-8940-8a309ab06cb6,->,affa9014-f0f1-4dab-ab49-d207a31eacb5,java/lang/StringBuilder.java,toString
affa9014-f0f1-4dab-ab49-d207a31eacb5,6e849cba-66d5-4d40-aadd-bea49bae12a7,cfe3f98e-c7c9-476a-8940-8a309ab06cb6,->,affa9014-f0f1-4dab-ab49-d207a31eacb5,java/io/File.java,listFiles
affa9014-f0f1-4dab-ab49-d207a31eacb5,6e849cba-66d5-4d40-aadd-bea49bae12a7,cfe3f98e-c7c9-476a-8940-8a309ab06cb6,->,affa9014-f0f1-4dab-ab49-d207a31eacb5,java/io/File.java,listFiles
affa9014-f0f1-4dab-ab49-d207a31eacb5,6e849cba-66d5-4d40-aadd-bea49bae12a7,cfe3f98e-c7c9-476a-8940-8a309ab06cb6,->,affa9014-f0f1-4dab-ab49-d207a31eacb5,java/io/File.java,isFile
affa9014-f0f1-4dab-ab49-d207a31eacb5,6e849cba-66d5-4d40-aadd-bea49bae12a7,cfe3f98e-c7c9-476a-8940-8a309ab06cb6,->,affa9014-f0f1-4dab-ab49-d207a31eacb5,java/io/File.java,getName
affa9014-f0f1-4dab-ab49-d207a31eacb5,6e849cba-66d5-4d40-aadd-bea49bae12a7,cfe3f98e-c7c9-476a-8940-8a309ab06cb6,->,affa9014-f0f1-4dab-ab49-d207a31eacb5,java/util/List.java,add
affa9014-f0f1-4dab-ab49-d207a31eacb5,6e849cba-66d5-4d40-aadd-bea49bae12a7,eb2a5d9c-3745-4584-b296-c100ff4e3444,->,affa9014-f0f1-4dab-ab49-d207a31eacb5,java/lang/StringBuilder.java,append
affa9014-f0f1-4dab-ab49-d207a31eacb5,6e849cba-66d5-4d40-aadd-bea49bae12a7,eb2a5d9c-3745-4584-b296-c100ff4e3444,->,affa9014-f0f1-4dab-ab49-d207a31eacb5,java/lang/StringBuilder.java,append
affa9014-f0f1-4dab-ab49-d207a31eacb5,6e849cba-66d5-4d40-aadd-bea49bae12a7,eb2a5d9c-3745-4584-b296-c100ff4e3444,->,affa9014-f0f1-4dab-ab49-d207a31eacb5,java/io/File.java,getName
affa9014-f0f1-4dab-ab49-d207a31eacb5,6e849cba-66d5-4d40-aadd-bea49bae12a7,eb2a5d9c-3745-4584-b296-c100ff4e3444,->,affa9014-f0f1-4dab-ab49-d207a31eacb5,java/lang/StringBuilder.java,append
affa9014-f0f1-4dab-ab49-d207a31eacb5,6e849cba-66d5-4d40-aadd-bea49bae12a7,eb2a5d9c-3745-4584-b296-c100ff4e3444,->,affa9014-f0f1-4dab-ab49-d207a31eacb5,java/lang/StringBuilder.java,toString
affa9014-f0f1-4dab-ab49-d207a31eacb5,6e849cba-66d5-4d40-aadd-bea49bae12a7,eb2a5d9c-3745-4584-b296-c100ff4e3444,->,affa9014-f0f1-4dab-ab49-d207a31eacb5,java/io/File.java,listFiles
affa9014-f0f1-4dab-ab49-d207a31eacb5,6e849cba-66d5-4d40-aadd-bea49bae12a7,eb2a5d9c-3745-4584-b296-c100ff4e3444,->,affa9014-f0f1-4dab-ab49-d207a31eacb5,java/io/File.java,isFile
affa9014-f0f1-4dab-ab49-d207a31eacb5,6e849cba-66d5-4d40-aadd-bea49bae12a7,eb2a5d9c-3745-4584-b296-c100ff4e3444,->,affa9014-f0f1-4dab-ab49-d207a31eacb5,java/io/File.java,getName
affa9014-f0f1-4dab-ab49-d207a31eacb5,6e849cba-66d5-4d40-aadd-bea49bae12a7,eb2a5d9c-3745-4584-b296-c100ff4e3444,->,affa9014-f0f1-4dab-ab49-d207a31eacb5,java/io/File.java,getName
affa9014-f0f1-4dab-ab49-d207a31eacb5,6e849cba-66d5-4d40-aadd-bea49bae12a7,eb2a5d9c-3745-4584-b296-c100ff4e3444,->,affa9014-f0f1-4dab-ab49-d207a31eacb5,java/lang/String.java,length
affa9014-f0f1-4dab-ab49-d207a31eacb5,6e849cba-66d5-4d40-aadd-bea49bae12a7,eb2a5d9c-3745-4584-b296-c100ff4e3444,->,affa9014-f0f1-4dab-ab49-d207a31eacb5,java/lang/String.java,substring
affa9014-f0f1-4dab-ab49-d207a31eacb5,6e849cba-66d5-4d40-aadd-bea49bae12a7,eb2a5d9c-3745-4584-b296-c100ff4e3444,->,affa9014-f0f1-4dab-ab49-d207a31eacb5,java/util/List.java,add
affa9014-f0f1-4dab-ab49-d207a31eacb5,util/textToSpeech$SpeakerThread.java,call,->,affa9014-f0f1-4dab-ab49-d207a31eacb5,com/sun/speech/freetts/VoiceManager.java,getInstance
affa9014-f0f1-4dab-ab49-d207a31eacb5,util/textToSpeech$SpeakerThread.java,call,->,affa9014-f0f1-4dab-ab49-d207a31eacb5,com/sun/speech/freetts/VoiceManager.java,getVoice
affa9014-f0f1-4dab-ab49-d207a31eacb5,util/textToSpeech$SpeakerThread.java,call,->,affa9014-f0f1-4dab-ab49-d207a31eacb5,com/sun/speech/freetts/Voice.java,setRate
affa9014-f0f1-4dab-ab49-d207a31eacb5,util/textToSpeech$SpeakerThread.java,call,->,affa9014-f0f1-4dab-ab49-d207a31eacb5,com/sun/speech/freetts/Voice.java,setVolume
affa9014-f0f1-4dab-ab49-d207a31eacb5,util/textToSpeech$SpeakerThread.java,call,->,affa9014-f0f1-4dab-ab49-d207a31eacb5,com/sun/speech/freetts/Voice.java,allocate
affa9014-f0f1-4dab-ab49-d207a31eacb5,util/textToSpeech$SpeakerThread.java,call,->,affa9014-f0f1-4dab-ab49-d207a31eacb5,com/sun/speech/freetts/Voice.java,speak
affa9014-f0f1-4dab-ab49-d207a31eacb5,util/textToSpeech$SpeakerThread.java,call,->,affa9014-f0f1-4dab-ab49-d207a31eacb5,com/sun/speech/freetts/Voice.java,deallocate
affa9014-f0f1-4dab-ab49-d207a31eacb5,util/textToSpeech$SpeakerThread.java,call,->,affa9014-f0f1-4dab-ab49-d207a31eacb5,util/textToSpeech.java,access$000
affa9014-f0f1-4dab-ab49-d207a31eacb5,util/textToSpeech$SpeakerThread.java,call,->,affa9014-f0f1-4dab-ab49-d207a31eacb5,java/util/List.java,remove
affa9014-f0f1-4dab-ab49-d207a31eacb5,util/textToSpeech$SpeakerThread.java,call,->,affa9014-f0f1-4dab-ab49-d207a31eacb5,util/textToSpeech$SpeakerThread.java,call
affa9014-f0f1-4dab-ab49-d207a31eacb5,8c56c5d5-b75c-4279-82be-db92781d1e2b,08a066a5-4d67-4c7f-bf22-3b71230e4dac,->,affa9014-f0f1-4dab-ab49-d207a31eacb5,java/io/File.java,exists
affa9014-f0f1-4dab-ab49-d207a31eacb5,8c56c5d5-b75c-4279-82be-db92781d1e2b,08a066a5-4d67-4c7f-bf22-3b71230e4dac,->,affa9014-f0f1-4dab-ab49-d207a31eacb5,java/io/File.java,createNewFile
affa9014-f0f1-4dab-ab49-d207a31eacb5,8c56c5d5-b75c-4279-82be-db92781d1e2b,08a066a5-4d67-4c7f-bf22-3b71230e4dac,->,affa9014-f0f1-4dab-ab49-d207a31eacb5,java/io/BufferedReader.java,readLine
affa9014-f0f1-4dab-ab49-d207a31eacb5,8c56c5d5-b75c-4279-82be-db92781d1e2b,08a066a5-4d67-4c7f-bf22-3b71230e4dac,->,affa9014-f0f1-4dab-ab49-d207a31eacb5,java/lang/StringBuilder.java,append
affa9014-f0f1-4dab-ab49-d207a31eacb5,8c56c5d5-b75c-4279-82be-db92781d1e2b,08a066a5-4d67-4c7f-bf22-3b71230e4dac,->,affa9014-f0f1-4dab-ab49-d207a31eacb5,java/lang/StringBuilder.java,append
affa9014-f0f1-4dab-ab49-d207a31eacb5,8c56c5d5-b75c-4279-82be-db92781d1e2b,08a066a5-4d67-4c7f-bf22-3b71230e4dac,->,affa9014-f0f1-4dab-ab49-d207a31eacb5,java/lang/StringBuilder.java,append
affa9014-f0f1-4dab-ab49-d207a31eacb5,8c56c5d5-b75c-4279-82be-db92781d1e2b,08a066a5-4d67-4c7f-bf22-3b71230e4dac,->,affa9014-f0f1-4dab-ab49-d207a31eacb5,java/lang/StringBuilder.java,toString
affa9014-f0f1-4dab-ab49-d207a31eacb5,8c56c5d5-b75c-4279-82be-db92781d1e2b,08a066a5-4d67-4c7f-bf22-3b71230e4dac,->,affa9014-f0f1-4dab-ab49-d207a31eacb5,java/io/BufferedReader.java,close
affa9014-f0f1-4dab-ab49-d207a31eacb5,8c56c5d5-b75c-4279-82be-db92781d1e2b,08a066a5-4d67-4c7f-bf22-3b71230e4dac,->,affa9014-f0f1-4dab-ab49-d207a31eacb5,java/io/IOException.java,printStackTrace
affa9014-f0f1-4dab-ab49-d207a31eacb5,482bc59b-99da-49eb-845b-d6933212620f,ab212240-194d-4a39-8875-4882adb5a2e5,->,affa9014-f0f1-4dab-ab49-d207a31eacb5,java/util/List.java,add
affa9014-f0f1-4dab-ab49-d207a31eacb5,482bc59b-99da-49eb-845b-d6933212620f,ab212240-194d-4a39-8875-4882adb5a2e5,->,affa9014-f0f1-4dab-ab49-d207a31eacb5,java/util/concurrent/ExecutorService.java,submit
affa9014-f0f1-4dab-ab49-d207a31eacb5,482bc59b-99da-49eb-845b-d6933212620f,aa9c7b6b-4659-4278-a8cc-e0e301a6f32b,->,affa9014-f0f1-4dab-ab49-d207a31eacb5,java/util/List.java,add
affa9014-f0f1-4dab-ab49-d207a31eacb5,482bc59b-99da-49eb-845b-d6933212620f,aa9c7b6b-4659-4278-a8cc-e0e301a6f32b,->,affa9014-f0f1-4dab-ab49-d207a31eacb5,java/util/concurrent/ExecutorService.java,submit
affa9014-f0f1-4dab-ab49-d207a31eacb5,482bc59b-99da-49eb-845b-d6933212620f,3ff9cb4b-28ae-4a97-bbda-b418ee32e881,->,affa9014-f0f1-4dab-ab49-d207a31eacb5,482bc59b-99da-49eb-845b-d6933212620f,0d585b4e-f4fe-47a8-9e3e-8991bb363642
affa9014-f0f1-4dab-ab49-d207a31eacb5,482bc59b-99da-49eb-845b-d6933212620f,3ff9cb4b-28ae-4a97-bbda-b418ee32e881,->,affa9014-f0f1-4dab-ab49-d207a31eacb5,java/util/List.java,add
affa9014-f0f1-4dab-ab49-d207a31eacb5,482bc59b-99da-49eb-845b-d6933212620f,3ff9cb4b-28ae-4a97-bbda-b418ee32e881,->,affa9014-f0f1-4dab-ab49-d207a31eacb5,java/util/concurrent/ExecutorService.java,submit
affa9014-f0f1-4dab-ab49-d207a31eacb5,482bc59b-99da-49eb-845b-d6933212620f,0d585b4e-f4fe-47a8-9e3e-8991bb363642,->,affa9014-f0f1-4dab-ab49-d207a31eacb5,java/util/List.java,iterator
affa9014-f0f1-4dab-ab49-d207a31eacb5,482bc59b-99da-49eb-845b-d6933212620f,0d585b4e-f4fe-47a8-9e3e-8991bb363642,->,affa9014-f0f1-4dab-ab49-d207a31eacb5,java/util/Iterator.java,hasNext
affa9014-f0f1-4dab-ab49-d207a31eacb5,482bc59b-99da-49eb-845b-d6933212620f,0d585b4e-f4fe-47a8-9e3e-8991bb363642,->,affa9014-f0f1-4dab-ab49-d207a31eacb5,java/util/Iterator.java,next
affa9014-f0f1-4dab-ab49-d207a31eacb5,482bc59b-99da-49eb-845b-d6933212620f,0d585b4e-f4fe-47a8-9e3e-8991bb363642,->,affa9014-f0f1-4dab-ab49-d207a31eacb5,util/SpeechFutureTask.java,cancel
affa9014-f0f1-4dab-ab49-d207a31eacb5,482bc59b-99da-49eb-845b-d6933212620f,0d585b4e-f4fe-47a8-9e3e-8991bb363642,->,affa9014-f0f1-4dab-ab49-d207a31eacb5,java/util/List.java,add
affa9014-f0f1-4dab-ab49-d207a31eacb5,482bc59b-99da-49eb-845b-d6933212620f,0d585b4e-f4fe-47a8-9e3e-8991bb363642,->,affa9014-f0f1-4dab-ab49-d207a31eacb5,java/util/List.java,removeAll
