caller_project_id,caller_class_id,caller_method_id,CALL_DIRECTION,callee_project_id,callee_class_id,callee_method_id
bcbf1d2f-ba94-4a53-9a39-09cb8d01bd80,38f52097-29f4-49a8-9a54-d6938eec99c9,0eaca24e-42d8-42a4-863f-d0cb1046fb93,->,bcbf1d2f-ba94-4a53-9a39-09cb8d01bd80,java/io/PrintStream.java,println
bcbf1d2f-ba94-4a53-9a39-09cb8d01bd80,38f52097-29f4-49a8-9a54-d6938eec99c9,0eaca24e-42d8-42a4-863f-d0cb1046fb93,->,bcbf1d2f-ba94-4a53-9a39-09cb8d01bd80,java/nio/file/FileSystems.java,getDefault
bcbf1d2f-ba94-4a53-9a39-09cb8d01bd80,38f52097-29f4-49a8-9a54-d6938eec99c9,0eaca24e-42d8-42a4-863f-d0cb1046fb93,->,bcbf1d2f-ba94-4a53-9a39-09cb8d01bd80,java/nio/file/FileSystem.java,newWatchService
bcbf1d2f-ba94-4a53-9a39-09cb8d01bd80,38f52097-29f4-49a8-9a54-d6938eec99c9,0eaca24e-42d8-42a4-863f-d0cb1046fb93,->,bcbf1d2f-ba94-4a53-9a39-09cb8d01bd80,java/nio/file/Paths.java,get
bcbf1d2f-ba94-4a53-9a39-09cb8d01bd80,38f52097-29f4-49a8-9a54-d6938eec99c9,0eaca24e-42d8-42a4-863f-d0cb1046fb93,->,bcbf1d2f-ba94-4a53-9a39-09cb8d01bd80,java/nio/file/Path.java,register
bcbf1d2f-ba94-4a53-9a39-09cb8d01bd80,38f52097-29f4-49a8-9a54-d6938eec99c9,0eaca24e-42d8-42a4-863f-d0cb1046fb93,->,bcbf1d2f-ba94-4a53-9a39-09cb8d01bd80,java/io/IOException.java,printStackTrace
bcbf1d2f-ba94-4a53-9a39-09cb8d01bd80,38f52097-29f4-49a8-9a54-d6938eec99c9,0eaca24e-42d8-42a4-863f-d0cb1046fb93,->,bcbf1d2f-ba94-4a53-9a39-09cb8d01bd80,java/nio/file/WatchService.java,take
bcbf1d2f-ba94-4a53-9a39-09cb8d01bd80,38f52097-29f4-49a8-9a54-d6938eec99c9,0eaca24e-42d8-42a4-863f-d0cb1046fb93,->,bcbf1d2f-ba94-4a53-9a39-09cb8d01bd80,java/nio/file/WatchKey.java,reset
bcbf1d2f-ba94-4a53-9a39-09cb8d01bd80,38f52097-29f4-49a8-9a54-d6938eec99c9,0eaca24e-42d8-42a4-863f-d0cb1046fb93,->,bcbf1d2f-ba94-4a53-9a39-09cb8d01bd80,java/nio/file/WatchKey.java,pollEvents
bcbf1d2f-ba94-4a53-9a39-09cb8d01bd80,38f52097-29f4-49a8-9a54-d6938eec99c9,0eaca24e-42d8-42a4-863f-d0cb1046fb93,->,bcbf1d2f-ba94-4a53-9a39-09cb8d01bd80,java/util/List.java,iterator
bcbf1d2f-ba94-4a53-9a39-09cb8d01bd80,38f52097-29f4-49a8-9a54-d6938eec99c9,0eaca24e-42d8-42a4-863f-d0cb1046fb93,->,bcbf1d2f-ba94-4a53-9a39-09cb8d01bd80,java/util/Iterator.java,hasNext
bcbf1d2f-ba94-4a53-9a39-09cb8d01bd80,38f52097-29f4-49a8-9a54-d6938eec99c9,0eaca24e-42d8-42a4-863f-d0cb1046fb93,->,bcbf1d2f-ba94-4a53-9a39-09cb8d01bd80,java/util/Iterator.java,next
bcbf1d2f-ba94-4a53-9a39-09cb8d01bd80,38f52097-29f4-49a8-9a54-d6938eec99c9,0eaca24e-42d8-42a4-863f-d0cb1046fb93,->,bcbf1d2f-ba94-4a53-9a39-09cb8d01bd80,java/nio/file/WatchEvent.java,kind
bcbf1d2f-ba94-4a53-9a39-09cb8d01bd80,38f52097-29f4-49a8-9a54-d6938eec99c9,0eaca24e-42d8-42a4-863f-d0cb1046fb93,->,bcbf1d2f-ba94-4a53-9a39-09cb8d01bd80,java/lang/StringBuilder.java,append
bcbf1d2f-ba94-4a53-9a39-09cb8d01bd80,38f52097-29f4-49a8-9a54-d6938eec99c9,0eaca24e-42d8-42a4-863f-d0cb1046fb93,->,bcbf1d2f-ba94-4a53-9a39-09cb8d01bd80,java/nio/file/WatchEvent.java,context
bcbf1d2f-ba94-4a53-9a39-09cb8d01bd80,38f52097-29f4-49a8-9a54-d6938eec99c9,0eaca24e-42d8-42a4-863f-d0cb1046fb93,->,bcbf1d2f-ba94-4a53-9a39-09cb8d01bd80,java/lang/StringBuilder.java,append
bcbf1d2f-ba94-4a53-9a39-09cb8d01bd80,38f52097-29f4-49a8-9a54-d6938eec99c9,0eaca24e-42d8-42a4-863f-d0cb1046fb93,->,bcbf1d2f-ba94-4a53-9a39-09cb8d01bd80,java/lang/StringBuilder.java,toString
bcbf1d2f-ba94-4a53-9a39-09cb8d01bd80,38f52097-29f4-49a8-9a54-d6938eec99c9,0eaca24e-42d8-42a4-863f-d0cb1046fb93,->,bcbf1d2f-ba94-4a53-9a39-09cb8d01bd80,java/lang/StringBuilder.java,append
bcbf1d2f-ba94-4a53-9a39-09cb8d01bd80,38f52097-29f4-49a8-9a54-d6938eec99c9,0eaca24e-42d8-42a4-863f-d0cb1046fb93,->,bcbf1d2f-ba94-4a53-9a39-09cb8d01bd80,java/nio/file/WatchEvent.java,context
bcbf1d2f-ba94-4a53-9a39-09cb8d01bd80,38f52097-29f4-49a8-9a54-d6938eec99c9,0eaca24e-42d8-42a4-863f-d0cb1046fb93,->,bcbf1d2f-ba94-4a53-9a39-09cb8d01bd80,java/lang/StringBuilder.java,append
bcbf1d2f-ba94-4a53-9a39-09cb8d01bd80,38f52097-29f4-49a8-9a54-d6938eec99c9,0eaca24e-42d8-42a4-863f-d0cb1046fb93,->,bcbf1d2f-ba94-4a53-9a39-09cb8d01bd80,java/lang/StringBuilder.java,toString
bcbf1d2f-ba94-4a53-9a39-09cb8d01bd80,38f52097-29f4-49a8-9a54-d6938eec99c9,0eaca24e-42d8-42a4-863f-d0cb1046fb93,->,bcbf1d2f-ba94-4a53-9a39-09cb8d01bd80,663e0ea9-2e2c-4bc9-9587-19e5e8dc6f1e,ae45de51-3ef1-4f3d-a93b-a4213e6c9010
bcbf1d2f-ba94-4a53-9a39-09cb8d01bd80,38f52097-29f4-49a8-9a54-d6938eec99c9,0eaca24e-42d8-42a4-863f-d0cb1046fb93,->,bcbf1d2f-ba94-4a53-9a39-09cb8d01bd80,java/lang/String.java,length
bcbf1d2f-ba94-4a53-9a39-09cb8d01bd80,38f52097-29f4-49a8-9a54-d6938eec99c9,0eaca24e-42d8-42a4-863f-d0cb1046fb93,->,bcbf1d2f-ba94-4a53-9a39-09cb8d01bd80,java/lang/String.java,substring
bcbf1d2f-ba94-4a53-9a39-09cb8d01bd80,38f52097-29f4-49a8-9a54-d6938eec99c9,0eaca24e-42d8-42a4-863f-d0cb1046fb93,->,bcbf1d2f-ba94-4a53-9a39-09cb8d01bd80,java/lang/String.java,equals
bcbf1d2f-ba94-4a53-9a39-09cb8d01bd80,38f52097-29f4-49a8-9a54-d6938eec99c9,0eaca24e-42d8-42a4-863f-d0cb1046fb93,->,bcbf1d2f-ba94-4a53-9a39-09cb8d01bd80,e41fe055-80e1-4b88-ade2-0eaf2ebea768,a8c17e5d-841c-4665-8bfa-2eba38342ecf
bcbf1d2f-ba94-4a53-9a39-09cb8d01bd80,38f52097-29f4-49a8-9a54-d6938eec99c9,0eaca24e-42d8-42a4-863f-d0cb1046fb93,->,bcbf1d2f-ba94-4a53-9a39-09cb8d01bd80,java/io/PrintStream.java,println
bcbf1d2f-ba94-4a53-9a39-09cb8d01bd80,38f52097-29f4-49a8-9a54-d6938eec99c9,0eaca24e-42d8-42a4-863f-d0cb1046fb93,->,bcbf1d2f-ba94-4a53-9a39-09cb8d01bd80,e41fe055-80e1-4b88-ade2-0eaf2ebea768,244d95f2-3fae-41bb-a7fc-717859c71d50
bcbf1d2f-ba94-4a53-9a39-09cb8d01bd80,38f52097-29f4-49a8-9a54-d6938eec99c9,0eaca24e-42d8-42a4-863f-d0cb1046fb93,->,bcbf1d2f-ba94-4a53-9a39-09cb8d01bd80,663e0ea9-2e2c-4bc9-9587-19e5e8dc6f1e,a6c61f64-8c71-4789-aee5-68ab81589218
bcbf1d2f-ba94-4a53-9a39-09cb8d01bd80,38f52097-29f4-49a8-9a54-d6938eec99c9,0eaca24e-42d8-42a4-863f-d0cb1046fb93,->,bcbf1d2f-ba94-4a53-9a39-09cb8d01bd80,e41fe055-80e1-4b88-ade2-0eaf2ebea768,a0092d8a-a9a1-45ef-8b14-ab865eb5d9d6
bcbf1d2f-ba94-4a53-9a39-09cb8d01bd80,38f52097-29f4-49a8-9a54-d6938eec99c9,0eaca24e-42d8-42a4-863f-d0cb1046fb93,->,bcbf1d2f-ba94-4a53-9a39-09cb8d01bd80,663e0ea9-2e2c-4bc9-9587-19e5e8dc6f1e,1c6f78d8-44fb-40b8-9ffe-361d93a3d337
bcbf1d2f-ba94-4a53-9a39-09cb8d01bd80,38f52097-29f4-49a8-9a54-d6938eec99c9,0eaca24e-42d8-42a4-863f-d0cb1046fb93,->,bcbf1d2f-ba94-4a53-9a39-09cb8d01bd80,e41fe055-80e1-4b88-ade2-0eaf2ebea768,03056ffb-c7f7-44b2-9641-f4bad61e7b9d
bcbf1d2f-ba94-4a53-9a39-09cb8d01bd80,38f52097-29f4-49a8-9a54-d6938eec99c9,0eaca24e-42d8-42a4-863f-d0cb1046fb93,->,bcbf1d2f-ba94-4a53-9a39-09cb8d01bd80,663e0ea9-2e2c-4bc9-9587-19e5e8dc6f1e,efd3162c-e374-42e8-81aa-e473600684a2
bcbf1d2f-ba94-4a53-9a39-09cb8d01bd80,38f52097-29f4-49a8-9a54-d6938eec99c9,0eaca24e-42d8-42a4-863f-d0cb1046fb93,->,bcbf1d2f-ba94-4a53-9a39-09cb8d01bd80,e41fe055-80e1-4b88-ade2-0eaf2ebea768,974012b0-3b40-4522-acf6-7dae0f6ef5e6
bcbf1d2f-ba94-4a53-9a39-09cb8d01bd80,38f52097-29f4-49a8-9a54-d6938eec99c9,0eaca24e-42d8-42a4-863f-d0cb1046fb93,->,bcbf1d2f-ba94-4a53-9a39-09cb8d01bd80,663e0ea9-2e2c-4bc9-9587-19e5e8dc6f1e,3810d17f-1be5-4b6a-aa06-cb6ae9079295
bcbf1d2f-ba94-4a53-9a39-09cb8d01bd80,38f52097-29f4-49a8-9a54-d6938eec99c9,0eaca24e-42d8-42a4-863f-d0cb1046fb93,->,bcbf1d2f-ba94-4a53-9a39-09cb8d01bd80,663e0ea9-2e2c-4bc9-9587-19e5e8dc6f1e,a0e3a7a3-6d3c-4552-b2bf-aed13944d181
bcbf1d2f-ba94-4a53-9a39-09cb8d01bd80,38f52097-29f4-49a8-9a54-d6938eec99c9,0eaca24e-42d8-42a4-863f-d0cb1046fb93,->,bcbf1d2f-ba94-4a53-9a39-09cb8d01bd80,663e0ea9-2e2c-4bc9-9587-19e5e8dc6f1e,521b8055-0e4f-4449-9d10-413f5f89c281
bcbf1d2f-ba94-4a53-9a39-09cb8d01bd80,38f52097-29f4-49a8-9a54-d6938eec99c9,0eaca24e-42d8-42a4-863f-d0cb1046fb93,->,bcbf1d2f-ba94-4a53-9a39-09cb8d01bd80,e41fe055-80e1-4b88-ade2-0eaf2ebea768,4f581345-2178-436d-9203-7e22b381a9c9
bcbf1d2f-ba94-4a53-9a39-09cb8d01bd80,38f52097-29f4-49a8-9a54-d6938eec99c9,0eaca24e-42d8-42a4-863f-d0cb1046fb93,->,bcbf1d2f-ba94-4a53-9a39-09cb8d01bd80,663e0ea9-2e2c-4bc9-9587-19e5e8dc6f1e,13e802ce-0e82-4003-be30-5a1a13afaecd
bcbf1d2f-ba94-4a53-9a39-09cb8d01bd80,38f52097-29f4-49a8-9a54-d6938eec99c9,0eaca24e-42d8-42a4-863f-d0cb1046fb93,->,bcbf1d2f-ba94-4a53-9a39-09cb8d01bd80,e41fe055-80e1-4b88-ade2-0eaf2ebea768,c63687ae-8974-452c-9ae1-f117a2813232
bcbf1d2f-ba94-4a53-9a39-09cb8d01bd80,38f52097-29f4-49a8-9a54-d6938eec99c9,0eaca24e-42d8-42a4-863f-d0cb1046fb93,->,bcbf1d2f-ba94-4a53-9a39-09cb8d01bd80,663e0ea9-2e2c-4bc9-9587-19e5e8dc6f1e,7361d1aa-d83a-47e3-be03-6c88a42ddbfb
bcbf1d2f-ba94-4a53-9a39-09cb8d01bd80,38f52097-29f4-49a8-9a54-d6938eec99c9,0eaca24e-42d8-42a4-863f-d0cb1046fb93,->,bcbf1d2f-ba94-4a53-9a39-09cb8d01bd80,e41fe055-80e1-4b88-ade2-0eaf2ebea768,798b7a52-a782-4407-bf11-896e5156f793
bcbf1d2f-ba94-4a53-9a39-09cb8d01bd80,38f52097-29f4-49a8-9a54-d6938eec99c9,0eaca24e-42d8-42a4-863f-d0cb1046fb93,->,bcbf1d2f-ba94-4a53-9a39-09cb8d01bd80,663e0ea9-2e2c-4bc9-9587-19e5e8dc6f1e,6dc049cc-a5de-473d-8048-4ffb9eceddfd
bcbf1d2f-ba94-4a53-9a39-09cb8d01bd80,38f52097-29f4-49a8-9a54-d6938eec99c9,0eaca24e-42d8-42a4-863f-d0cb1046fb93,->,bcbf1d2f-ba94-4a53-9a39-09cb8d01bd80,e41fe055-80e1-4b88-ade2-0eaf2ebea768,b0bea297-7ded-476e-ace7-20f1050b815c
bcbf1d2f-ba94-4a53-9a39-09cb8d01bd80,38f52097-29f4-49a8-9a54-d6938eec99c9,0eaca24e-42d8-42a4-863f-d0cb1046fb93,->,bcbf1d2f-ba94-4a53-9a39-09cb8d01bd80,663e0ea9-2e2c-4bc9-9587-19e5e8dc6f1e,1f588558-ad74-42f1-a6dc-b560ae1727d1
bcbf1d2f-ba94-4a53-9a39-09cb8d01bd80,38f52097-29f4-49a8-9a54-d6938eec99c9,0eaca24e-42d8-42a4-863f-d0cb1046fb93,->,bcbf1d2f-ba94-4a53-9a39-09cb8d01bd80,e41fe055-80e1-4b88-ade2-0eaf2ebea768,90fbad77-561f-40a8-adf7-dcf32b14a62f
bcbf1d2f-ba94-4a53-9a39-09cb8d01bd80,38f52097-29f4-49a8-9a54-d6938eec99c9,0eaca24e-42d8-42a4-863f-d0cb1046fb93,->,bcbf1d2f-ba94-4a53-9a39-09cb8d01bd80,663e0ea9-2e2c-4bc9-9587-19e5e8dc6f1e,b8ada0a1-4234-45ed-9153-1220c9b53769
bcbf1d2f-ba94-4a53-9a39-09cb8d01bd80,38f52097-29f4-49a8-9a54-d6938eec99c9,0eaca24e-42d8-42a4-863f-d0cb1046fb93,->,bcbf1d2f-ba94-4a53-9a39-09cb8d01bd80,e41fe055-80e1-4b88-ade2-0eaf2ebea768,dd25a362-f4e1-4239-a088-3c7f58a1f194
bcbf1d2f-ba94-4a53-9a39-09cb8d01bd80,38f52097-29f4-49a8-9a54-d6938eec99c9,0eaca24e-42d8-42a4-863f-d0cb1046fb93,->,bcbf1d2f-ba94-4a53-9a39-09cb8d01bd80,663e0ea9-2e2c-4bc9-9587-19e5e8dc6f1e,b702dc0d-0a7e-4ae7-adf2-61fada1c4480
bcbf1d2f-ba94-4a53-9a39-09cb8d01bd80,38f52097-29f4-49a8-9a54-d6938eec99c9,0eaca24e-42d8-42a4-863f-d0cb1046fb93,->,bcbf1d2f-ba94-4a53-9a39-09cb8d01bd80,e41fe055-80e1-4b88-ade2-0eaf2ebea768,9e076c59-aad5-410e-a49d-72a4eb7acdb8
bcbf1d2f-ba94-4a53-9a39-09cb8d01bd80,38f52097-29f4-49a8-9a54-d6938eec99c9,0eaca24e-42d8-42a4-863f-d0cb1046fb93,->,bcbf1d2f-ba94-4a53-9a39-09cb8d01bd80,663e0ea9-2e2c-4bc9-9587-19e5e8dc6f1e,9c07df7a-eef6-4569-94fd-04dab022d572
bcbf1d2f-ba94-4a53-9a39-09cb8d01bd80,38f52097-29f4-49a8-9a54-d6938eec99c9,0eaca24e-42d8-42a4-863f-d0cb1046fb93,->,bcbf1d2f-ba94-4a53-9a39-09cb8d01bd80,e41fe055-80e1-4b88-ade2-0eaf2ebea768,26251aa0-a43b-43e1-910f-255066fe3669
bcbf1d2f-ba94-4a53-9a39-09cb8d01bd80,38f52097-29f4-49a8-9a54-d6938eec99c9,0eaca24e-42d8-42a4-863f-d0cb1046fb93,->,bcbf1d2f-ba94-4a53-9a39-09cb8d01bd80,663e0ea9-2e2c-4bc9-9587-19e5e8dc6f1e,2f7fa0f0-ed6b-4525-b67f-cc45de7f57c2
bcbf1d2f-ba94-4a53-9a39-09cb8d01bd80,38f52097-29f4-49a8-9a54-d6938eec99c9,0eaca24e-42d8-42a4-863f-d0cb1046fb93,->,bcbf1d2f-ba94-4a53-9a39-09cb8d01bd80,e41fe055-80e1-4b88-ade2-0eaf2ebea768,d4d8ad7b-836f-41c1-ae4f-6585d9134b62
bcbf1d2f-ba94-4a53-9a39-09cb8d01bd80,38f52097-29f4-49a8-9a54-d6938eec99c9,0eaca24e-42d8-42a4-863f-d0cb1046fb93,->,bcbf1d2f-ba94-4a53-9a39-09cb8d01bd80,663e0ea9-2e2c-4bc9-9587-19e5e8dc6f1e,8cc575c7-9060-4959-bc03-7c5c286de62b
bcbf1d2f-ba94-4a53-9a39-09cb8d01bd80,38f52097-29f4-49a8-9a54-d6938eec99c9,0eaca24e-42d8-42a4-863f-d0cb1046fb93,->,bcbf1d2f-ba94-4a53-9a39-09cb8d01bd80,663e0ea9-2e2c-4bc9-9587-19e5e8dc6f1e,5c045986-21cc-4215-9eeb-8b6b889c8c11
bcbf1d2f-ba94-4a53-9a39-09cb8d01bd80,38f52097-29f4-49a8-9a54-d6938eec99c9,0eaca24e-42d8-42a4-863f-d0cb1046fb93,->,bcbf1d2f-ba94-4a53-9a39-09cb8d01bd80,6576efa8-f581-4939-9f69-f25daa3ced44,a2fad4cb-afba-40a5-8495-0e2258ac3ddd
bcbf1d2f-ba94-4a53-9a39-09cb8d01bd80,38f52097-29f4-49a8-9a54-d6938eec99c9,0eaca24e-42d8-42a4-863f-d0cb1046fb93,->,bcbf1d2f-ba94-4a53-9a39-09cb8d01bd80,java/lang/Object.java,toString
bcbf1d2f-ba94-4a53-9a39-09cb8d01bd80,38f52097-29f4-49a8-9a54-d6938eec99c9,0eaca24e-42d8-42a4-863f-d0cb1046fb93,->,bcbf1d2f-ba94-4a53-9a39-09cb8d01bd80,java/lang/String.java,equals
bcbf1d2f-ba94-4a53-9a39-09cb8d01bd80,38f52097-29f4-49a8-9a54-d6938eec99c9,0eaca24e-42d8-42a4-863f-d0cb1046fb93,->,bcbf1d2f-ba94-4a53-9a39-09cb8d01bd80,6576efa8-f581-4939-9f69-f25daa3ced44,a2fad4cb-afba-40a5-8495-0e2258ac3ddd
bcbf1d2f-ba94-4a53-9a39-09cb8d01bd80,38f52097-29f4-49a8-9a54-d6938eec99c9,0eaca24e-42d8-42a4-863f-d0cb1046fb93,->,bcbf1d2f-ba94-4a53-9a39-09cb8d01bd80,java/lang/Object.java,toString
bcbf1d2f-ba94-4a53-9a39-09cb8d01bd80,38f52097-29f4-49a8-9a54-d6938eec99c9,0eaca24e-42d8-42a4-863f-d0cb1046fb93,->,bcbf1d2f-ba94-4a53-9a39-09cb8d01bd80,java/lang/Float.java,parseFloat
bcbf1d2f-ba94-4a53-9a39-09cb8d01bd80,38f52097-29f4-49a8-9a54-d6938eec99c9,0eaca24e-42d8-42a4-863f-d0cb1046fb93,->,bcbf1d2f-ba94-4a53-9a39-09cb8d01bd80,663e0ea9-2e2c-4bc9-9587-19e5e8dc6f1e,52ffde93-fa2a-4bf8-9c73-4ed38f5fd4a5
bcbf1d2f-ba94-4a53-9a39-09cb8d01bd80,38f52097-29f4-49a8-9a54-d6938eec99c9,0eaca24e-42d8-42a4-863f-d0cb1046fb93,->,bcbf1d2f-ba94-4a53-9a39-09cb8d01bd80,6576efa8-f581-4939-9f69-f25daa3ced44,995e5195-6e4a-4269-993e-e4712fe3ca32
bcbf1d2f-ba94-4a53-9a39-09cb8d01bd80,38f52097-29f4-49a8-9a54-d6938eec99c9,0eaca24e-42d8-42a4-863f-d0cb1046fb93,->,bcbf1d2f-ba94-4a53-9a39-09cb8d01bd80,org/tju/ui/LogUi.java,repaint
bcbf1d2f-ba94-4a53-9a39-09cb8d01bd80,38f52097-29f4-49a8-9a54-d6938eec99c9,0eaca24e-42d8-42a4-863f-d0cb1046fb93,->,bcbf1d2f-ba94-4a53-9a39-09cb8d01bd80,java/lang/Float.java,valueOf
bcbf1d2f-ba94-4a53-9a39-09cb8d01bd80,38f52097-29f4-49a8-9a54-d6938eec99c9,0eaca24e-42d8-42a4-863f-d0cb1046fb93,->,bcbf1d2f-ba94-4a53-9a39-09cb8d01bd80,6576efa8-f581-4939-9f69-f25daa3ced44,90fc46ad-fb55-4a15-b218-3110c3ed144d
bcbf1d2f-ba94-4a53-9a39-09cb8d01bd80,38f52097-29f4-49a8-9a54-d6938eec99c9,0eaca24e-42d8-42a4-863f-d0cb1046fb93,->,bcbf1d2f-ba94-4a53-9a39-09cb8d01bd80,17adb061-933b-4730-a300-de41efc2d8d8,e1bb4532-e779-4787-835a-e08579ac7d5b
bcbf1d2f-ba94-4a53-9a39-09cb8d01bd80,38f52097-29f4-49a8-9a54-d6938eec99c9,0eaca24e-42d8-42a4-863f-d0cb1046fb93,->,bcbf1d2f-ba94-4a53-9a39-09cb8d01bd80,java/lang/StringBuilder.java,append
bcbf1d2f-ba94-4a53-9a39-09cb8d01bd80,38f52097-29f4-49a8-9a54-d6938eec99c9,0eaca24e-42d8-42a4-863f-d0cb1046fb93,->,bcbf1d2f-ba94-4a53-9a39-09cb8d01bd80,java/lang/StringBuilder.java,append
bcbf1d2f-ba94-4a53-9a39-09cb8d01bd80,38f52097-29f4-49a8-9a54-d6938eec99c9,0eaca24e-42d8-42a4-863f-d0cb1046fb93,->,bcbf1d2f-ba94-4a53-9a39-09cb8d01bd80,java/lang/StringBuilder.java,append
bcbf1d2f-ba94-4a53-9a39-09cb8d01bd80,38f52097-29f4-49a8-9a54-d6938eec99c9,0eaca24e-42d8-42a4-863f-d0cb1046fb93,->,bcbf1d2f-ba94-4a53-9a39-09cb8d01bd80,java/lang/StringBuilder.java,toString
bcbf1d2f-ba94-4a53-9a39-09cb8d01bd80,38f52097-29f4-49a8-9a54-d6938eec99c9,0eaca24e-42d8-42a4-863f-d0cb1046fb93,->,bcbf1d2f-ba94-4a53-9a39-09cb8d01bd80,javax/swing/JTextField.java,setText
bcbf1d2f-ba94-4a53-9a39-09cb8d01bd80,62a9d5f9-3c29-483f-aecf-d4cc53f85ba1,d4d49cdb-fd6d-45eb-afb5-49d17e11872c,->,bcbf1d2f-ba94-4a53-9a39-09cb8d01bd80,javax/swing/JFrame.java,setDefaultCloseOperation
bcbf1d2f-ba94-4a53-9a39-09cb8d01bd80,62a9d5f9-3c29-483f-aecf-d4cc53f85ba1,d4d49cdb-fd6d-45eb-afb5-49d17e11872c,->,bcbf1d2f-ba94-4a53-9a39-09cb8d01bd80,javax/swing/JFrame.java,setContentPane
bcbf1d2f-ba94-4a53-9a39-09cb8d01bd80,62a9d5f9-3c29-483f-aecf-d4cc53f85ba1,d4d49cdb-fd6d-45eb-afb5-49d17e11872c,->,bcbf1d2f-ba94-4a53-9a39-09cb8d01bd80,javax/swing/JFrame.java,setResizable
bcbf1d2f-ba94-4a53-9a39-09cb8d01bd80,62a9d5f9-3c29-483f-aecf-d4cc53f85ba1,d4d49cdb-fd6d-45eb-afb5-49d17e11872c,->,bcbf1d2f-ba94-4a53-9a39-09cb8d01bd80,javax/swing/JFrame.java,pack
bcbf1d2f-ba94-4a53-9a39-09cb8d01bd80,62a9d5f9-3c29-483f-aecf-d4cc53f85ba1,d4d49cdb-fd6d-45eb-afb5-49d17e11872c,->,bcbf1d2f-ba94-4a53-9a39-09cb8d01bd80,javax/swing/JFrame.java,setVisible
bcbf1d2f-ba94-4a53-9a39-09cb8d01bd80,c86fbbdb-07a5-46b3-9bfe-e566c5c0817c,6913c83b-24ce-4e94-afce-0da382dfa989,->,bcbf1d2f-ba94-4a53-9a39-09cb8d01bd80,000f5b2c-3950-4694-83c3-bd005dbd25b4,8ccd40e9-10fe-43a7-b37f-04ae4b3146b2
bcbf1d2f-ba94-4a53-9a39-09cb8d01bd80,000f5b2c-3950-4694-83c3-bd005dbd25b4,8ccd40e9-10fe-43a7-b37f-04ae4b3146b2,->,bcbf1d2f-ba94-4a53-9a39-09cb8d01bd80,000f5b2c-3950-4694-83c3-bd005dbd25b4,b4173f33-79b6-45fc-82f7-0c79b8eba8b8
bcbf1d2f-ba94-4a53-9a39-09cb8d01bd80,000f5b2c-3950-4694-83c3-bd005dbd25b4,8ccd40e9-10fe-43a7-b37f-04ae4b3146b2,->,bcbf1d2f-ba94-4a53-9a39-09cb8d01bd80,000f5b2c-3950-4694-83c3-bd005dbd25b4,8ca7a015-6c10-400d-a808-712a17272f63
bcbf1d2f-ba94-4a53-9a39-09cb8d01bd80,000f5b2c-3950-4694-83c3-bd005dbd25b4,8ccd40e9-10fe-43a7-b37f-04ae4b3146b2,->,bcbf1d2f-ba94-4a53-9a39-09cb8d01bd80,java/lang/Thread.java,sleep
bcbf1d2f-ba94-4a53-9a39-09cb8d01bd80,000f5b2c-3950-4694-83c3-bd005dbd25b4,8ccd40e9-10fe-43a7-b37f-04ae4b3146b2,->,bcbf1d2f-ba94-4a53-9a39-09cb8d01bd80,000f5b2c-3950-4694-83c3-bd005dbd25b4,b4173f33-79b6-45fc-82f7-0c79b8eba8b8
bcbf1d2f-ba94-4a53-9a39-09cb8d01bd80,000f5b2c-3950-4694-83c3-bd005dbd25b4,8ccd40e9-10fe-43a7-b37f-04ae4b3146b2,->,bcbf1d2f-ba94-4a53-9a39-09cb8d01bd80,000f5b2c-3950-4694-83c3-bd005dbd25b4,e02ee42c-c644-4277-8b2f-956208ed0a3f
bcbf1d2f-ba94-4a53-9a39-09cb8d01bd80,000f5b2c-3950-4694-83c3-bd005dbd25b4,8ccd40e9-10fe-43a7-b37f-04ae4b3146b2,->,bcbf1d2f-ba94-4a53-9a39-09cb8d01bd80,000f5b2c-3950-4694-83c3-bd005dbd25b4,4a9940a1-1db7-42d0-9a00-f5878b453511
bcbf1d2f-ba94-4a53-9a39-09cb8d01bd80,000f5b2c-3950-4694-83c3-bd005dbd25b4,8ccd40e9-10fe-43a7-b37f-04ae4b3146b2,->,bcbf1d2f-ba94-4a53-9a39-09cb8d01bd80,java/lang/StringBuilder.java,append
bcbf1d2f-ba94-4a53-9a39-09cb8d01bd80,000f5b2c-3950-4694-83c3-bd005dbd25b4,8ccd40e9-10fe-43a7-b37f-04ae4b3146b2,->,bcbf1d2f-ba94-4a53-9a39-09cb8d01bd80,java/lang/InterruptedException.java,getMessage
bcbf1d2f-ba94-4a53-9a39-09cb8d01bd80,000f5b2c-3950-4694-83c3-bd005dbd25b4,8ccd40e9-10fe-43a7-b37f-04ae4b3146b2,->,bcbf1d2f-ba94-4a53-9a39-09cb8d01bd80,java/lang/StringBuilder.java,append
bcbf1d2f-ba94-4a53-9a39-09cb8d01bd80,000f5b2c-3950-4694-83c3-bd005dbd25b4,8ccd40e9-10fe-43a7-b37f-04ae4b3146b2,->,bcbf1d2f-ba94-4a53-9a39-09cb8d01bd80,java/lang/StringBuilder.java,toString
bcbf1d2f-ba94-4a53-9a39-09cb8d01bd80,000f5b2c-3950-4694-83c3-bd005dbd25b4,8ccd40e9-10fe-43a7-b37f-04ae4b3146b2,->,bcbf1d2f-ba94-4a53-9a39-09cb8d01bd80,java/io/PrintStream.java,println
bcbf1d2f-ba94-4a53-9a39-09cb8d01bd80,000f5b2c-3950-4694-83c3-bd005dbd25b4,b4173f33-79b6-45fc-82f7-0c79b8eba8b8,->,bcbf1d2f-ba94-4a53-9a39-09cb8d01bd80,java/io/File.java,list
bcbf1d2f-ba94-4a53-9a39-09cb8d01bd80,000f5b2c-3950-4694-83c3-bd005dbd25b4,b4173f33-79b6-45fc-82f7-0c79b8eba8b8,->,bcbf1d2f-ba94-4a53-9a39-09cb8d01bd80,java/io/File.java,getAbsolutePath
bcbf1d2f-ba94-4a53-9a39-09cb8d01bd80,000f5b2c-3950-4694-83c3-bd005dbd25b4,b4173f33-79b6-45fc-82f7-0c79b8eba8b8,->,bcbf1d2f-ba94-4a53-9a39-09cb8d01bd80,java/lang/StringBuilder.java,append
bcbf1d2f-ba94-4a53-9a39-09cb8d01bd80,000f5b2c-3950-4694-83c3-bd005dbd25b4,b4173f33-79b6-45fc-82f7-0c79b8eba8b8,->,bcbf1d2f-ba94-4a53-9a39-09cb8d01bd80,java/lang/StringBuilder.java,append
bcbf1d2f-ba94-4a53-9a39-09cb8d01bd80,000f5b2c-3950-4694-83c3-bd005dbd25b4,b4173f33-79b6-45fc-82f7-0c79b8eba8b8,->,bcbf1d2f-ba94-4a53-9a39-09cb8d01bd80,java/lang/StringBuilder.java,append
bcbf1d2f-ba94-4a53-9a39-09cb8d01bd80,000f5b2c-3950-4694-83c3-bd005dbd25b4,b4173f33-79b6-45fc-82f7-0c79b8eba8b8,->,bcbf1d2f-ba94-4a53-9a39-09cb8d01bd80,java/lang/StringBuilder.java,toString
bcbf1d2f-ba94-4a53-9a39-09cb8d01bd80,000f5b2c-3950-4694-83c3-bd005dbd25b4,b4173f33-79b6-45fc-82f7-0c79b8eba8b8,->,bcbf1d2f-ba94-4a53-9a39-09cb8d01bd80,java/io/File.java,isDirectory
bcbf1d2f-ba94-4a53-9a39-09cb8d01bd80,000f5b2c-3950-4694-83c3-bd005dbd25b4,b4173f33-79b6-45fc-82f7-0c79b8eba8b8,->,bcbf1d2f-ba94-4a53-9a39-09cb8d01bd80,java/lang/StringBuilder.java,append
bcbf1d2f-ba94-4a53-9a39-09cb8d01bd80,000f5b2c-3950-4694-83c3-bd005dbd25b4,b4173f33-79b6-45fc-82f7-0c79b8eba8b8,->,bcbf1d2f-ba94-4a53-9a39-09cb8d01bd80,java/lang/StringBuilder.java,append
bcbf1d2f-ba94-4a53-9a39-09cb8d01bd80,000f5b2c-3950-4694-83c3-bd005dbd25b4,b4173f33-79b6-45fc-82f7-0c79b8eba8b8,->,bcbf1d2f-ba94-4a53-9a39-09cb8d01bd80,java/lang/StringBuilder.java,toString
bcbf1d2f-ba94-4a53-9a39-09cb8d01bd80,000f5b2c-3950-4694-83c3-bd005dbd25b4,b4173f33-79b6-45fc-82f7-0c79b8eba8b8,->,bcbf1d2f-ba94-4a53-9a39-09cb8d01bd80,java/util/Map.java,put
bcbf1d2f-ba94-4a53-9a39-09cb8d01bd80,000f5b2c-3950-4694-83c3-bd005dbd25b4,b4173f33-79b6-45fc-82f7-0c79b8eba8b8,->,bcbf1d2f-ba94-4a53-9a39-09cb8d01bd80,000f5b2c-3950-4694-83c3-bd005dbd25b4,b4173f33-79b6-45fc-82f7-0c79b8eba8b8
bcbf1d2f-ba94-4a53-9a39-09cb8d01bd80,000f5b2c-3950-4694-83c3-bd005dbd25b4,b4173f33-79b6-45fc-82f7-0c79b8eba8b8,->,bcbf1d2f-ba94-4a53-9a39-09cb8d01bd80,java/lang/StringBuilder.java,append
bcbf1d2f-ba94-4a53-9a39-09cb8d01bd80,000f5b2c-3950-4694-83c3-bd005dbd25b4,b4173f33-79b6-45fc-82f7-0c79b8eba8b8,->,bcbf1d2f-ba94-4a53-9a39-09cb8d01bd80,java/lang/StringBuilder.java,append
bcbf1d2f-ba94-4a53-9a39-09cb8d01bd80,000f5b2c-3950-4694-83c3-bd005dbd25b4,b4173f33-79b6-45fc-82f7-0c79b8eba8b8,->,bcbf1d2f-ba94-4a53-9a39-09cb8d01bd80,java/lang/StringBuilder.java,toString
bcbf1d2f-ba94-4a53-9a39-09cb8d01bd80,000f5b2c-3950-4694-83c3-bd005dbd25b4,b4173f33-79b6-45fc-82f7-0c79b8eba8b8,->,bcbf1d2f-ba94-4a53-9a39-09cb8d01bd80,java/util/Map.java,put
bcbf1d2f-ba94-4a53-9a39-09cb8d01bd80,000f5b2c-3950-4694-83c3-bd005dbd25b4,4a9940a1-1db7-42d0-9a00-f5878b453511,->,bcbf1d2f-ba94-4a53-9a39-09cb8d01bd80,java/util/Map.java,keySet
bcbf1d2f-ba94-4a53-9a39-09cb8d01bd80,000f5b2c-3950-4694-83c3-bd005dbd25b4,4a9940a1-1db7-42d0-9a00-f5878b453511,->,bcbf1d2f-ba94-4a53-9a39-09cb8d01bd80,java/util/Set.java,iterator
bcbf1d2f-ba94-4a53-9a39-09cb8d01bd80,000f5b2c-3950-4694-83c3-bd005dbd25b4,4a9940a1-1db7-42d0-9a00-f5878b453511,->,bcbf1d2f-ba94-4a53-9a39-09cb8d01bd80,java/util/Iterator.java,hasNext
bcbf1d2f-ba94-4a53-9a39-09cb8d01bd80,000f5b2c-3950-4694-83c3-bd005dbd25b4,4a9940a1-1db7-42d0-9a00-f5878b453511,->,bcbf1d2f-ba94-4a53-9a39-09cb8d01bd80,java/util/Iterator.java,next
bcbf1d2f-ba94-4a53-9a39-09cb8d01bd80,000f5b2c-3950-4694-83c3-bd005dbd25b4,4a9940a1-1db7-42d0-9a00-f5878b453511,->,bcbf1d2f-ba94-4a53-9a39-09cb8d01bd80,java/util/Map.java,get
bcbf1d2f-ba94-4a53-9a39-09cb8d01bd80,000f5b2c-3950-4694-83c3-bd005dbd25b4,4a9940a1-1db7-42d0-9a00-f5878b453511,->,bcbf1d2f-ba94-4a53-9a39-09cb8d01bd80,java/util/Map.java,get
bcbf1d2f-ba94-4a53-9a39-09cb8d01bd80,000f5b2c-3950-4694-83c3-bd005dbd25b4,4a9940a1-1db7-42d0-9a00-f5878b453511,->,bcbf1d2f-ba94-4a53-9a39-09cb8d01bd80,java/util/Map.java,put
bcbf1d2f-ba94-4a53-9a39-09cb8d01bd80,000f5b2c-3950-4694-83c3-bd005dbd25b4,4a9940a1-1db7-42d0-9a00-f5878b453511,->,bcbf1d2f-ba94-4a53-9a39-09cb8d01bd80,java/lang/String.java,length
bcbf1d2f-ba94-4a53-9a39-09cb8d01bd80,000f5b2c-3950-4694-83c3-bd005dbd25b4,4a9940a1-1db7-42d0-9a00-f5878b453511,->,bcbf1d2f-ba94-4a53-9a39-09cb8d01bd80,java/lang/String.java,lastIndexOf
bcbf1d2f-ba94-4a53-9a39-09cb8d01bd80,000f5b2c-3950-4694-83c3-bd005dbd25b4,4a9940a1-1db7-42d0-9a00-f5878b453511,->,bcbf1d2f-ba94-4a53-9a39-09cb8d01bd80,java/lang/String.java,substring
bcbf1d2f-ba94-4a53-9a39-09cb8d01bd80,000f5b2c-3950-4694-83c3-bd005dbd25b4,4a9940a1-1db7-42d0-9a00-f5878b453511,->,bcbf1d2f-ba94-4a53-9a39-09cb8d01bd80,663e0ea9-2e2c-4bc9-9587-19e5e8dc6f1e,ae45de51-3ef1-4f3d-a93b-a4213e6c9010
bcbf1d2f-ba94-4a53-9a39-09cb8d01bd80,000f5b2c-3950-4694-83c3-bd005dbd25b4,4a9940a1-1db7-42d0-9a00-f5878b453511,->,bcbf1d2f-ba94-4a53-9a39-09cb8d01bd80,java/lang/String.java,substring
bcbf1d2f-ba94-4a53-9a39-09cb8d01bd80,000f5b2c-3950-4694-83c3-bd005dbd25b4,4a9940a1-1db7-42d0-9a00-f5878b453511,->,bcbf1d2f-ba94-4a53-9a39-09cb8d01bd80,java/lang/String.java,equals
bcbf1d2f-ba94-4a53-9a39-09cb8d01bd80,000f5b2c-3950-4694-83c3-bd005dbd25b4,4a9940a1-1db7-42d0-9a00-f5878b453511,->,bcbf1d2f-ba94-4a53-9a39-09cb8d01bd80,e41fe055-80e1-4b88-ade2-0eaf2ebea768,a8c17e5d-841c-4665-8bfa-2eba38342ecf
bcbf1d2f-ba94-4a53-9a39-09cb8d01bd80,000f5b2c-3950-4694-83c3-bd005dbd25b4,4a9940a1-1db7-42d0-9a00-f5878b453511,->,bcbf1d2f-ba94-4a53-9a39-09cb8d01bd80,e41fe055-80e1-4b88-ade2-0eaf2ebea768,a8c17e5d-841c-4665-8bfa-2eba38342ecf
bcbf1d2f-ba94-4a53-9a39-09cb8d01bd80,000f5b2c-3950-4694-83c3-bd005dbd25b4,4a9940a1-1db7-42d0-9a00-f5878b453511,->,bcbf1d2f-ba94-4a53-9a39-09cb8d01bd80,e41fe055-80e1-4b88-ade2-0eaf2ebea768,244d95f2-3fae-41bb-a7fc-717859c71d50
bcbf1d2f-ba94-4a53-9a39-09cb8d01bd80,000f5b2c-3950-4694-83c3-bd005dbd25b4,4a9940a1-1db7-42d0-9a00-f5878b453511,->,bcbf1d2f-ba94-4a53-9a39-09cb8d01bd80,663e0ea9-2e2c-4bc9-9587-19e5e8dc6f1e,a6c61f64-8c71-4789-aee5-68ab81589218
bcbf1d2f-ba94-4a53-9a39-09cb8d01bd80,000f5b2c-3950-4694-83c3-bd005dbd25b4,4a9940a1-1db7-42d0-9a00-f5878b453511,->,bcbf1d2f-ba94-4a53-9a39-09cb8d01bd80,e41fe055-80e1-4b88-ade2-0eaf2ebea768,a0092d8a-a9a1-45ef-8b14-ab865eb5d9d6
bcbf1d2f-ba94-4a53-9a39-09cb8d01bd80,000f5b2c-3950-4694-83c3-bd005dbd25b4,4a9940a1-1db7-42d0-9a00-f5878b453511,->,bcbf1d2f-ba94-4a53-9a39-09cb8d01bd80,663e0ea9-2e2c-4bc9-9587-19e5e8dc6f1e,1c6f78d8-44fb-40b8-9ffe-361d93a3d337
bcbf1d2f-ba94-4a53-9a39-09cb8d01bd80,000f5b2c-3950-4694-83c3-bd005dbd25b4,4a9940a1-1db7-42d0-9a00-f5878b453511,->,bcbf1d2f-ba94-4a53-9a39-09cb8d01bd80,e41fe055-80e1-4b88-ade2-0eaf2ebea768,03056ffb-c7f7-44b2-9641-f4bad61e7b9d
bcbf1d2f-ba94-4a53-9a39-09cb8d01bd80,000f5b2c-3950-4694-83c3-bd005dbd25b4,4a9940a1-1db7-42d0-9a00-f5878b453511,->,bcbf1d2f-ba94-4a53-9a39-09cb8d01bd80,663e0ea9-2e2c-4bc9-9587-19e5e8dc6f1e,efd3162c-e374-42e8-81aa-e473600684a2
bcbf1d2f-ba94-4a53-9a39-09cb8d01bd80,000f5b2c-3950-4694-83c3-bd005dbd25b4,4a9940a1-1db7-42d0-9a00-f5878b453511,->,bcbf1d2f-ba94-4a53-9a39-09cb8d01bd80,e41fe055-80e1-4b88-ade2-0eaf2ebea768,974012b0-3b40-4522-acf6-7dae0f6ef5e6
bcbf1d2f-ba94-4a53-9a39-09cb8d01bd80,000f5b2c-3950-4694-83c3-bd005dbd25b4,4a9940a1-1db7-42d0-9a00-f5878b453511,->,bcbf1d2f-ba94-4a53-9a39-09cb8d01bd80,663e0ea9-2e2c-4bc9-9587-19e5e8dc6f1e,3810d17f-1be5-4b6a-aa06-cb6ae9079295
bcbf1d2f-ba94-4a53-9a39-09cb8d01bd80,000f5b2c-3950-4694-83c3-bd005dbd25b4,4a9940a1-1db7-42d0-9a00-f5878b453511,->,bcbf1d2f-ba94-4a53-9a39-09cb8d01bd80,663e0ea9-2e2c-4bc9-9587-19e5e8dc6f1e,a0e3a7a3-6d3c-4552-b2bf-aed13944d181
bcbf1d2f-ba94-4a53-9a39-09cb8d01bd80,000f5b2c-3950-4694-83c3-bd005dbd25b4,4a9940a1-1db7-42d0-9a00-f5878b453511,->,bcbf1d2f-ba94-4a53-9a39-09cb8d01bd80,663e0ea9-2e2c-4bc9-9587-19e5e8dc6f1e,521b8055-0e4f-4449-9d10-413f5f89c281
bcbf1d2f-ba94-4a53-9a39-09cb8d01bd80,000f5b2c-3950-4694-83c3-bd005dbd25b4,4a9940a1-1db7-42d0-9a00-f5878b453511,->,bcbf1d2f-ba94-4a53-9a39-09cb8d01bd80,e41fe055-80e1-4b88-ade2-0eaf2ebea768,4f581345-2178-436d-9203-7e22b381a9c9
bcbf1d2f-ba94-4a53-9a39-09cb8d01bd80,000f5b2c-3950-4694-83c3-bd005dbd25b4,4a9940a1-1db7-42d0-9a00-f5878b453511,->,bcbf1d2f-ba94-4a53-9a39-09cb8d01bd80,663e0ea9-2e2c-4bc9-9587-19e5e8dc6f1e,13e802ce-0e82-4003-be30-5a1a13afaecd
bcbf1d2f-ba94-4a53-9a39-09cb8d01bd80,000f5b2c-3950-4694-83c3-bd005dbd25b4,4a9940a1-1db7-42d0-9a00-f5878b453511,->,bcbf1d2f-ba94-4a53-9a39-09cb8d01bd80,e41fe055-80e1-4b88-ade2-0eaf2ebea768,c63687ae-8974-452c-9ae1-f117a2813232
bcbf1d2f-ba94-4a53-9a39-09cb8d01bd80,000f5b2c-3950-4694-83c3-bd005dbd25b4,4a9940a1-1db7-42d0-9a00-f5878b453511,->,bcbf1d2f-ba94-4a53-9a39-09cb8d01bd80,663e0ea9-2e2c-4bc9-9587-19e5e8dc6f1e,7361d1aa-d83a-47e3-be03-6c88a42ddbfb
bcbf1d2f-ba94-4a53-9a39-09cb8d01bd80,000f5b2c-3950-4694-83c3-bd005dbd25b4,4a9940a1-1db7-42d0-9a00-f5878b453511,->,bcbf1d2f-ba94-4a53-9a39-09cb8d01bd80,e41fe055-80e1-4b88-ade2-0eaf2ebea768,798b7a52-a782-4407-bf11-896e5156f793
bcbf1d2f-ba94-4a53-9a39-09cb8d01bd80,000f5b2c-3950-4694-83c3-bd005dbd25b4,4a9940a1-1db7-42d0-9a00-f5878b453511,->,bcbf1d2f-ba94-4a53-9a39-09cb8d01bd80,663e0ea9-2e2c-4bc9-9587-19e5e8dc6f1e,6dc049cc-a5de-473d-8048-4ffb9eceddfd
bcbf1d2f-ba94-4a53-9a39-09cb8d01bd80,000f5b2c-3950-4694-83c3-bd005dbd25b4,4a9940a1-1db7-42d0-9a00-f5878b453511,->,bcbf1d2f-ba94-4a53-9a39-09cb8d01bd80,e41fe055-80e1-4b88-ade2-0eaf2ebea768,b0bea297-7ded-476e-ace7-20f1050b815c
bcbf1d2f-ba94-4a53-9a39-09cb8d01bd80,000f5b2c-3950-4694-83c3-bd005dbd25b4,4a9940a1-1db7-42d0-9a00-f5878b453511,->,bcbf1d2f-ba94-4a53-9a39-09cb8d01bd80,663e0ea9-2e2c-4bc9-9587-19e5e8dc6f1e,1f588558-ad74-42f1-a6dc-b560ae1727d1
bcbf1d2f-ba94-4a53-9a39-09cb8d01bd80,000f5b2c-3950-4694-83c3-bd005dbd25b4,4a9940a1-1db7-42d0-9a00-f5878b453511,->,bcbf1d2f-ba94-4a53-9a39-09cb8d01bd80,e41fe055-80e1-4b88-ade2-0eaf2ebea768,90fbad77-561f-40a8-adf7-dcf32b14a62f
bcbf1d2f-ba94-4a53-9a39-09cb8d01bd80,000f5b2c-3950-4694-83c3-bd005dbd25b4,4a9940a1-1db7-42d0-9a00-f5878b453511,->,bcbf1d2f-ba94-4a53-9a39-09cb8d01bd80,663e0ea9-2e2c-4bc9-9587-19e5e8dc6f1e,b8ada0a1-4234-45ed-9153-1220c9b53769
bcbf1d2f-ba94-4a53-9a39-09cb8d01bd80,000f5b2c-3950-4694-83c3-bd005dbd25b4,4a9940a1-1db7-42d0-9a00-f5878b453511,->,bcbf1d2f-ba94-4a53-9a39-09cb8d01bd80,e41fe055-80e1-4b88-ade2-0eaf2ebea768,dd25a362-f4e1-4239-a088-3c7f58a1f194
bcbf1d2f-ba94-4a53-9a39-09cb8d01bd80,000f5b2c-3950-4694-83c3-bd005dbd25b4,4a9940a1-1db7-42d0-9a00-f5878b453511,->,bcbf1d2f-ba94-4a53-9a39-09cb8d01bd80,663e0ea9-2e2c-4bc9-9587-19e5e8dc6f1e,b702dc0d-0a7e-4ae7-adf2-61fada1c4480
bcbf1d2f-ba94-4a53-9a39-09cb8d01bd80,000f5b2c-3950-4694-83c3-bd005dbd25b4,4a9940a1-1db7-42d0-9a00-f5878b453511,->,bcbf1d2f-ba94-4a53-9a39-09cb8d01bd80,e41fe055-80e1-4b88-ade2-0eaf2ebea768,9e076c59-aad5-410e-a49d-72a4eb7acdb8
bcbf1d2f-ba94-4a53-9a39-09cb8d01bd80,000f5b2c-3950-4694-83c3-bd005dbd25b4,4a9940a1-1db7-42d0-9a00-f5878b453511,->,bcbf1d2f-ba94-4a53-9a39-09cb8d01bd80,663e0ea9-2e2c-4bc9-9587-19e5e8dc6f1e,9c07df7a-eef6-4569-94fd-04dab022d572
bcbf1d2f-ba94-4a53-9a39-09cb8d01bd80,000f5b2c-3950-4694-83c3-bd005dbd25b4,4a9940a1-1db7-42d0-9a00-f5878b453511,->,bcbf1d2f-ba94-4a53-9a39-09cb8d01bd80,e41fe055-80e1-4b88-ade2-0eaf2ebea768,26251aa0-a43b-43e1-910f-255066fe3669
bcbf1d2f-ba94-4a53-9a39-09cb8d01bd80,000f5b2c-3950-4694-83c3-bd005dbd25b4,4a9940a1-1db7-42d0-9a00-f5878b453511,->,bcbf1d2f-ba94-4a53-9a39-09cb8d01bd80,663e0ea9-2e2c-4bc9-9587-19e5e8dc6f1e,2f7fa0f0-ed6b-4525-b67f-cc45de7f57c2
bcbf1d2f-ba94-4a53-9a39-09cb8d01bd80,000f5b2c-3950-4694-83c3-bd005dbd25b4,4a9940a1-1db7-42d0-9a00-f5878b453511,->,bcbf1d2f-ba94-4a53-9a39-09cb8d01bd80,e41fe055-80e1-4b88-ade2-0eaf2ebea768,d4d8ad7b-836f-41c1-ae4f-6585d9134b62
bcbf1d2f-ba94-4a53-9a39-09cb8d01bd80,000f5b2c-3950-4694-83c3-bd005dbd25b4,4a9940a1-1db7-42d0-9a00-f5878b453511,->,bcbf1d2f-ba94-4a53-9a39-09cb8d01bd80,663e0ea9-2e2c-4bc9-9587-19e5e8dc6f1e,8cc575c7-9060-4959-bc03-7c5c286de62b
bcbf1d2f-ba94-4a53-9a39-09cb8d01bd80,000f5b2c-3950-4694-83c3-bd005dbd25b4,4a9940a1-1db7-42d0-9a00-f5878b453511,->,bcbf1d2f-ba94-4a53-9a39-09cb8d01bd80,663e0ea9-2e2c-4bc9-9587-19e5e8dc6f1e,5c045986-21cc-4215-9eeb-8b6b889c8c11
bcbf1d2f-ba94-4a53-9a39-09cb8d01bd80,000f5b2c-3950-4694-83c3-bd005dbd25b4,4a9940a1-1db7-42d0-9a00-f5878b453511,->,bcbf1d2f-ba94-4a53-9a39-09cb8d01bd80,a8fc100f-9f94-45d2-892c-4a4bd97a3ac4,6a7f9878-a9bb-4ab2-bbfd-480f441c6dbd
bcbf1d2f-ba94-4a53-9a39-09cb8d01bd80,000f5b2c-3950-4694-83c3-bd005dbd25b4,4a9940a1-1db7-42d0-9a00-f5878b453511,->,bcbf1d2f-ba94-4a53-9a39-09cb8d01bd80,663e0ea9-2e2c-4bc9-9587-19e5e8dc6f1e,df6ab2ae-6b8a-4dc5-bc8f-4270c85bf2c6
bcbf1d2f-ba94-4a53-9a39-09cb8d01bd80,000f5b2c-3950-4694-83c3-bd005dbd25b4,4a9940a1-1db7-42d0-9a00-f5878b453511,->,bcbf1d2f-ba94-4a53-9a39-09cb8d01bd80,6576efa8-f581-4939-9f69-f25daa3ced44,a2fad4cb-afba-40a5-8495-0e2258ac3ddd
bcbf1d2f-ba94-4a53-9a39-09cb8d01bd80,000f5b2c-3950-4694-83c3-bd005dbd25b4,4a9940a1-1db7-42d0-9a00-f5878b453511,->,bcbf1d2f-ba94-4a53-9a39-09cb8d01bd80,java/lang/Object.java,toString
bcbf1d2f-ba94-4a53-9a39-09cb8d01bd80,000f5b2c-3950-4694-83c3-bd005dbd25b4,4a9940a1-1db7-42d0-9a00-f5878b453511,->,bcbf1d2f-ba94-4a53-9a39-09cb8d01bd80,java/lang/String.java,equals
bcbf1d2f-ba94-4a53-9a39-09cb8d01bd80,000f5b2c-3950-4694-83c3-bd005dbd25b4,4a9940a1-1db7-42d0-9a00-f5878b453511,->,bcbf1d2f-ba94-4a53-9a39-09cb8d01bd80,6576efa8-f581-4939-9f69-f25daa3ced44,a2fad4cb-afba-40a5-8495-0e2258ac3ddd
bcbf1d2f-ba94-4a53-9a39-09cb8d01bd80,000f5b2c-3950-4694-83c3-bd005dbd25b4,4a9940a1-1db7-42d0-9a00-f5878b453511,->,bcbf1d2f-ba94-4a53-9a39-09cb8d01bd80,java/lang/Object.java,toString
bcbf1d2f-ba94-4a53-9a39-09cb8d01bd80,000f5b2c-3950-4694-83c3-bd005dbd25b4,4a9940a1-1db7-42d0-9a00-f5878b453511,->,bcbf1d2f-ba94-4a53-9a39-09cb8d01bd80,java/lang/Float.java,parseFloat
bcbf1d2f-ba94-4a53-9a39-09cb8d01bd80,000f5b2c-3950-4694-83c3-bd005dbd25b4,4a9940a1-1db7-42d0-9a00-f5878b453511,->,bcbf1d2f-ba94-4a53-9a39-09cb8d01bd80,663e0ea9-2e2c-4bc9-9587-19e5e8dc6f1e,52ffde93-fa2a-4bf8-9c73-4ed38f5fd4a5
bcbf1d2f-ba94-4a53-9a39-09cb8d01bd80,000f5b2c-3950-4694-83c3-bd005dbd25b4,4a9940a1-1db7-42d0-9a00-f5878b453511,->,bcbf1d2f-ba94-4a53-9a39-09cb8d01bd80,6576efa8-f581-4939-9f69-f25daa3ced44,995e5195-6e4a-4269-993e-e4712fe3ca32
bcbf1d2f-ba94-4a53-9a39-09cb8d01bd80,000f5b2c-3950-4694-83c3-bd005dbd25b4,4a9940a1-1db7-42d0-9a00-f5878b453511,->,bcbf1d2f-ba94-4a53-9a39-09cb8d01bd80,org/tju/ui/LogUi.java,repaint
bcbf1d2f-ba94-4a53-9a39-09cb8d01bd80,000f5b2c-3950-4694-83c3-bd005dbd25b4,4a9940a1-1db7-42d0-9a00-f5878b453511,->,bcbf1d2f-ba94-4a53-9a39-09cb8d01bd80,java/lang/Float.java,valueOf
bcbf1d2f-ba94-4a53-9a39-09cb8d01bd80,000f5b2c-3950-4694-83c3-bd005dbd25b4,4a9940a1-1db7-42d0-9a00-f5878b453511,->,bcbf1d2f-ba94-4a53-9a39-09cb8d01bd80,6576efa8-f581-4939-9f69-f25daa3ced44,90fc46ad-fb55-4a15-b218-3110c3ed144d
bcbf1d2f-ba94-4a53-9a39-09cb8d01bd80,000f5b2c-3950-4694-83c3-bd005dbd25b4,4a9940a1-1db7-42d0-9a00-f5878b453511,->,bcbf1d2f-ba94-4a53-9a39-09cb8d01bd80,17adb061-933b-4730-a300-de41efc2d8d8,e1bb4532-e779-4787-835a-e08579ac7d5b
bcbf1d2f-ba94-4a53-9a39-09cb8d01bd80,000f5b2c-3950-4694-83c3-bd005dbd25b4,4a9940a1-1db7-42d0-9a00-f5878b453511,->,bcbf1d2f-ba94-4a53-9a39-09cb8d01bd80,java/lang/StringBuilder.java,append
bcbf1d2f-ba94-4a53-9a39-09cb8d01bd80,000f5b2c-3950-4694-83c3-bd005dbd25b4,4a9940a1-1db7-42d0-9a00-f5878b453511,->,bcbf1d2f-ba94-4a53-9a39-09cb8d01bd80,java/lang/StringBuilder.java,append
bcbf1d2f-ba94-4a53-9a39-09cb8d01bd80,000f5b2c-3950-4694-83c3-bd005dbd25b4,4a9940a1-1db7-42d0-9a00-f5878b453511,->,bcbf1d2f-ba94-4a53-9a39-09cb8d01bd80,java/lang/StringBuilder.java,append
bcbf1d2f-ba94-4a53-9a39-09cb8d01bd80,000f5b2c-3950-4694-83c3-bd005dbd25b4,4a9940a1-1db7-42d0-9a00-f5878b453511,->,bcbf1d2f-ba94-4a53-9a39-09cb8d01bd80,java/lang/StringBuilder.java,toString
bcbf1d2f-ba94-4a53-9a39-09cb8d01bd80,000f5b2c-3950-4694-83c3-bd005dbd25b4,4a9940a1-1db7-42d0-9a00-f5878b453511,->,bcbf1d2f-ba94-4a53-9a39-09cb8d01bd80,javax/swing/JTextField.java,setText
bcbf1d2f-ba94-4a53-9a39-09cb8d01bd80,000f5b2c-3950-4694-83c3-bd005dbd25b4,4a9940a1-1db7-42d0-9a00-f5878b453511,->,bcbf1d2f-ba94-4a53-9a39-09cb8d01bd80,org/tju/tool/FileMonitor.java,stop
bcbf1d2f-ba94-4a53-9a39-09cb8d01bd80,000f5b2c-3950-4694-83c3-bd005dbd25b4,4a9940a1-1db7-42d0-9a00-f5878b453511,->,bcbf1d2f-ba94-4a53-9a39-09cb8d01bd80,java/io/PrintStream.java,println
bcbf1d2f-ba94-4a53-9a39-09cb8d01bd80,000f5b2c-3950-4694-83c3-bd005dbd25b4,4a9940a1-1db7-42d0-9a00-f5878b453511,->,bcbf1d2f-ba94-4a53-9a39-09cb8d01bd80,org/tju/tool/FileMonitor.java,start
bcbf1d2f-ba94-4a53-9a39-09cb8d01bd80,000f5b2c-3950-4694-83c3-bd005dbd25b4,4a9940a1-1db7-42d0-9a00-f5878b453511,->,bcbf1d2f-ba94-4a53-9a39-09cb8d01bd80,org/tju/tool/FileMonitor.java,stop
bcbf1d2f-ba94-4a53-9a39-09cb8d01bd80,000f5b2c-3950-4694-83c3-bd005dbd25b4,4a9940a1-1db7-42d0-9a00-f5878b453511,->,bcbf1d2f-ba94-4a53-9a39-09cb8d01bd80,java/io/PrintStream.java,println
bcbf1d2f-ba94-4a53-9a39-09cb8d01bd80,000f5b2c-3950-4694-83c3-bd005dbd25b4,4a9940a1-1db7-42d0-9a00-f5878b453511,->,bcbf1d2f-ba94-4a53-9a39-09cb8d01bd80,org/tju/tool/FileMonitor.java,start
bcbf1d2f-ba94-4a53-9a39-09cb8d01bd80,000f5b2c-3950-4694-83c3-bd005dbd25b4,e02ee42c-c644-4277-8b2f-956208ed0a3f,->,bcbf1d2f-ba94-4a53-9a39-09cb8d01bd80,java/util/Map.java,keySet
bcbf1d2f-ba94-4a53-9a39-09cb8d01bd80,000f5b2c-3950-4694-83c3-bd005dbd25b4,e02ee42c-c644-4277-8b2f-956208ed0a3f,->,bcbf1d2f-ba94-4a53-9a39-09cb8d01bd80,java/util/Set.java,iterator
bcbf1d2f-ba94-4a53-9a39-09cb8d01bd80,000f5b2c-3950-4694-83c3-bd005dbd25b4,e02ee42c-c644-4277-8b2f-956208ed0a3f,->,bcbf1d2f-ba94-4a53-9a39-09cb8d01bd80,java/util/Iterator.java,hasNext
bcbf1d2f-ba94-4a53-9a39-09cb8d01bd80,000f5b2c-3950-4694-83c3-bd005dbd25b4,e02ee42c-c644-4277-8b2f-956208ed0a3f,->,bcbf1d2f-ba94-4a53-9a39-09cb8d01bd80,java/util/Iterator.java,next
bcbf1d2f-ba94-4a53-9a39-09cb8d01bd80,000f5b2c-3950-4694-83c3-bd005dbd25b4,e02ee42c-c644-4277-8b2f-956208ed0a3f,->,bcbf1d2f-ba94-4a53-9a39-09cb8d01bd80,java/util/Map.java,get
bcbf1d2f-ba94-4a53-9a39-09cb8d01bd80,000f5b2c-3950-4694-83c3-bd005dbd25b4,e02ee42c-c644-4277-8b2f-956208ed0a3f,->,bcbf1d2f-ba94-4a53-9a39-09cb8d01bd80,java/util/Iterator.java,remove
bcbf1d2f-ba94-4a53-9a39-09cb8d01bd80,000f5b2c-3950-4694-83c3-bd005dbd25b4,e02ee42c-c644-4277-8b2f-956208ed0a3f,->,bcbf1d2f-ba94-4a53-9a39-09cb8d01bd80,java/util/Map.java,remove
bcbf1d2f-ba94-4a53-9a39-09cb8d01bd80,000f5b2c-3950-4694-83c3-bd005dbd25b4,8ca7a015-6c10-400d-a808-712a17272f63,->,bcbf1d2f-ba94-4a53-9a39-09cb8d01bd80,java/util/Map.java,keySet
bcbf1d2f-ba94-4a53-9a39-09cb8d01bd80,000f5b2c-3950-4694-83c3-bd005dbd25b4,8ca7a015-6c10-400d-a808-712a17272f63,->,bcbf1d2f-ba94-4a53-9a39-09cb8d01bd80,java/util/Set.java,iterator
bcbf1d2f-ba94-4a53-9a39-09cb8d01bd80,000f5b2c-3950-4694-83c3-bd005dbd25b4,8ca7a015-6c10-400d-a808-712a17272f63,->,bcbf1d2f-ba94-4a53-9a39-09cb8d01bd80,java/util/Iterator.java,hasNext
bcbf1d2f-ba94-4a53-9a39-09cb8d01bd80,000f5b2c-3950-4694-83c3-bd005dbd25b4,8ca7a015-6c10-400d-a808-712a17272f63,->,bcbf1d2f-ba94-4a53-9a39-09cb8d01bd80,java/util/Iterator.java,next
bcbf1d2f-ba94-4a53-9a39-09cb8d01bd80,000f5b2c-3950-4694-83c3-bd005dbd25b4,8ca7a015-6c10-400d-a808-712a17272f63,->,bcbf1d2f-ba94-4a53-9a39-09cb8d01bd80,java/util/Map.java,get
bcbf1d2f-ba94-4a53-9a39-09cb8d01bd80,31734ef9-0c1b-4345-80ab-e0199651c258,966315e5-1ef2-4a9a-850e-970892fc44a7,->,bcbf1d2f-ba94-4a53-9a39-09cb8d01bd80,076d88f9-8c29-4307-b35b-064a6ab34087,8d4afa59-937c-4f4e-91e1-f49520c0b474
bcbf1d2f-ba94-4a53-9a39-09cb8d01bd80,31734ef9-0c1b-4345-80ab-e0199651c258,966315e5-1ef2-4a9a-850e-970892fc44a7,->,bcbf1d2f-ba94-4a53-9a39-09cb8d01bd80,076d88f9-8c29-4307-b35b-064a6ab34087,8d4afa59-937c-4f4e-91e1-f49520c0b474
bcbf1d2f-ba94-4a53-9a39-09cb8d01bd80,31734ef9-0c1b-4345-80ab-e0199651c258,966315e5-1ef2-4a9a-850e-970892fc44a7,->,bcbf1d2f-ba94-4a53-9a39-09cb8d01bd80,076d88f9-8c29-4307-b35b-064a6ab34087,8d4afa59-937c-4f4e-91e1-f49520c0b474
bcbf1d2f-ba94-4a53-9a39-09cb8d01bd80,31734ef9-0c1b-4345-80ab-e0199651c258,966315e5-1ef2-4a9a-850e-970892fc44a7,->,bcbf1d2f-ba94-4a53-9a39-09cb8d01bd80,076d88f9-8c29-4307-b35b-064a6ab34087,8d4afa59-937c-4f4e-91e1-f49520c0b474
bcbf1d2f-ba94-4a53-9a39-09cb8d01bd80,31734ef9-0c1b-4345-80ab-e0199651c258,966315e5-1ef2-4a9a-850e-970892fc44a7,->,bcbf1d2f-ba94-4a53-9a39-09cb8d01bd80,076d88f9-8c29-4307-b35b-064a6ab34087,8d4afa59-937c-4f4e-91e1-f49520c0b474
bcbf1d2f-ba94-4a53-9a39-09cb8d01bd80,31734ef9-0c1b-4345-80ab-e0199651c258,966315e5-1ef2-4a9a-850e-970892fc44a7,->,bcbf1d2f-ba94-4a53-9a39-09cb8d01bd80,java/lang/Class.java,forName
bcbf1d2f-ba94-4a53-9a39-09cb8d01bd80,31734ef9-0c1b-4345-80ab-e0199651c258,966315e5-1ef2-4a9a-850e-970892fc44a7,->,bcbf1d2f-ba94-4a53-9a39-09cb8d01bd80,java/lang/StringBuilder.java,append
bcbf1d2f-ba94-4a53-9a39-09cb8d01bd80,31734ef9-0c1b-4345-80ab-e0199651c258,966315e5-1ef2-4a9a-850e-970892fc44a7,->,bcbf1d2f-ba94-4a53-9a39-09cb8d01bd80,java/lang/StringBuilder.java,append
bcbf1d2f-ba94-4a53-9a39-09cb8d01bd80,31734ef9-0c1b-4345-80ab-e0199651c258,966315e5-1ef2-4a9a-850e-970892fc44a7,->,bcbf1d2f-ba94-4a53-9a39-09cb8d01bd80,java/lang/StringBuilder.java,append
bcbf1d2f-ba94-4a53-9a39-09cb8d01bd80,31734ef9-0c1b-4345-80ab-e0199651c258,966315e5-1ef2-4a9a-850e-970892fc44a7,->,bcbf1d2f-ba94-4a53-9a39-09cb8d01bd80,java/lang/StringBuilder.java,append
bcbf1d2f-ba94-4a53-9a39-09cb8d01bd80,31734ef9-0c1b-4345-80ab-e0199651c258,966315e5-1ef2-4a9a-850e-970892fc44a7,->,bcbf1d2f-ba94-4a53-9a39-09cb8d01bd80,java/lang/StringBuilder.java,append
bcbf1d2f-ba94-4a53-9a39-09cb8d01bd80,31734ef9-0c1b-4345-80ab-e0199651c258,966315e5-1ef2-4a9a-850e-970892fc44a7,->,bcbf1d2f-ba94-4a53-9a39-09cb8d01bd80,java/lang/StringBuilder.java,toString
bcbf1d2f-ba94-4a53-9a39-09cb8d01bd80,31734ef9-0c1b-4345-80ab-e0199651c258,966315e5-1ef2-4a9a-850e-970892fc44a7,->,bcbf1d2f-ba94-4a53-9a39-09cb8d01bd80,java/sql/DriverManager.java,getConnection
bcbf1d2f-ba94-4a53-9a39-09cb8d01bd80,31734ef9-0c1b-4345-80ab-e0199651c258,966315e5-1ef2-4a9a-850e-970892fc44a7,->,bcbf1d2f-ba94-4a53-9a39-09cb8d01bd80,java/sql/SQLException.java,printStackTrace
bcbf1d2f-ba94-4a53-9a39-09cb8d01bd80,31734ef9-0c1b-4345-80ab-e0199651c258,966315e5-1ef2-4a9a-850e-970892fc44a7,->,bcbf1d2f-ba94-4a53-9a39-09cb8d01bd80,java/lang/ClassNotFoundException.java,printStackTrace
bcbf1d2f-ba94-4a53-9a39-09cb8d01bd80,a911f337-e96e-4836-8029-db9e688a5f71,b59760f2-8404-487d-81a3-589a3b06d75e,->,bcbf1d2f-ba94-4a53-9a39-09cb8d01bd80,java/io/FileNotFoundException.java,printStackTrace
bcbf1d2f-ba94-4a53-9a39-09cb8d01bd80,a911f337-e96e-4836-8029-db9e688a5f71,b59760f2-8404-487d-81a3-589a3b06d75e,->,bcbf1d2f-ba94-4a53-9a39-09cb8d01bd80,java/util/List.java,iterator
bcbf1d2f-ba94-4a53-9a39-09cb8d01bd80,a911f337-e96e-4836-8029-db9e688a5f71,b59760f2-8404-487d-81a3-589a3b06d75e,->,bcbf1d2f-ba94-4a53-9a39-09cb8d01bd80,java/util/Iterator.java,hasNext
bcbf1d2f-ba94-4a53-9a39-09cb8d01bd80,a911f337-e96e-4836-8029-db9e688a5f71,b59760f2-8404-487d-81a3-589a3b06d75e,->,bcbf1d2f-ba94-4a53-9a39-09cb8d01bd80,java/util/Iterator.java,next
bcbf1d2f-ba94-4a53-9a39-09cb8d01bd80,a911f337-e96e-4836-8029-db9e688a5f71,b59760f2-8404-487d-81a3-589a3b06d75e,->,bcbf1d2f-ba94-4a53-9a39-09cb8d01bd80,org/apache/commons/compress/archivers/tar/TarArchiveOutputStream.java,putArchiveEntry
bcbf1d2f-ba94-4a53-9a39-09cb8d01bd80,a911f337-e96e-4836-8029-db9e688a5f71,b59760f2-8404-487d-81a3-589a3b06d75e,->,bcbf1d2f-ba94-4a53-9a39-09cb8d01bd80,org/apache/commons/compress/utils/IOUtils.java,copy
bcbf1d2f-ba94-4a53-9a39-09cb8d01bd80,a911f337-e96e-4836-8029-db9e688a5f71,b59760f2-8404-487d-81a3-589a3b06d75e,->,bcbf1d2f-ba94-4a53-9a39-09cb8d01bd80,org/apache/commons/compress/archivers/tar/TarArchiveOutputStream.java,closeArchiveEntry
bcbf1d2f-ba94-4a53-9a39-09cb8d01bd80,a911f337-e96e-4836-8029-db9e688a5f71,b59760f2-8404-487d-81a3-589a3b06d75e,->,bcbf1d2f-ba94-4a53-9a39-09cb8d01bd80,java/io/FileNotFoundException.java,printStackTrace
bcbf1d2f-ba94-4a53-9a39-09cb8d01bd80,a911f337-e96e-4836-8029-db9e688a5f71,b59760f2-8404-487d-81a3-589a3b06d75e,->,bcbf1d2f-ba94-4a53-9a39-09cb8d01bd80,java/io/IOException.java,printStackTrace
bcbf1d2f-ba94-4a53-9a39-09cb8d01bd80,a911f337-e96e-4836-8029-db9e688a5f71,b59760f2-8404-487d-81a3-589a3b06d75e,->,bcbf1d2f-ba94-4a53-9a39-09cb8d01bd80,org/apache/commons/compress/archivers/tar/TarArchiveOutputStream.java,flush
bcbf1d2f-ba94-4a53-9a39-09cb8d01bd80,a911f337-e96e-4836-8029-db9e688a5f71,b59760f2-8404-487d-81a3-589a3b06d75e,->,bcbf1d2f-ba94-4a53-9a39-09cb8d01bd80,org/apache/commons/compress/archivers/tar/TarArchiveOutputStream.java,close
bcbf1d2f-ba94-4a53-9a39-09cb8d01bd80,a911f337-e96e-4836-8029-db9e688a5f71,b59760f2-8404-487d-81a3-589a3b06d75e,->,bcbf1d2f-ba94-4a53-9a39-09cb8d01bd80,java/io/IOException.java,printStackTrace
bcbf1d2f-ba94-4a53-9a39-09cb8d01bd80,a911f337-e96e-4836-8029-db9e688a5f71,69f436f1-376f-4f86-9e3b-0ced7288dc97,->,bcbf1d2f-ba94-4a53-9a39-09cb8d01bd80,java/lang/StringBuilder.java,append
bcbf1d2f-ba94-4a53-9a39-09cb8d01bd80,a911f337-e96e-4836-8029-db9e688a5f71,69f436f1-376f-4f86-9e3b-0ced7288dc97,->,bcbf1d2f-ba94-4a53-9a39-09cb8d01bd80,java/io/File.java,getName
bcbf1d2f-ba94-4a53-9a39-09cb8d01bd80,a911f337-e96e-4836-8029-db9e688a5f71,69f436f1-376f-4f86-9e3b-0ced7288dc97,->,bcbf1d2f-ba94-4a53-9a39-09cb8d01bd80,java/lang/StringBuilder.java,append
bcbf1d2f-ba94-4a53-9a39-09cb8d01bd80,a911f337-e96e-4836-8029-db9e688a5f71,69f436f1-376f-4f86-9e3b-0ced7288dc97,->,bcbf1d2f-ba94-4a53-9a39-09cb8d01bd80,java/lang/StringBuilder.java,append
bcbf1d2f-ba94-4a53-9a39-09cb8d01bd80,a911f337-e96e-4836-8029-db9e688a5f71,69f436f1-376f-4f86-9e3b-0ced7288dc97,->,bcbf1d2f-ba94-4a53-9a39-09cb8d01bd80,java/lang/StringBuilder.java,toString
bcbf1d2f-ba94-4a53-9a39-09cb8d01bd80,a911f337-e96e-4836-8029-db9e688a5f71,69f436f1-376f-4f86-9e3b-0ced7288dc97,->,bcbf1d2f-ba94-4a53-9a39-09cb8d01bd80,java/io/FileInputStream.java,read
bcbf1d2f-ba94-4a53-9a39-09cb8d01bd80,a911f337-e96e-4836-8029-db9e688a5f71,69f436f1-376f-4f86-9e3b-0ced7288dc97,->,bcbf1d2f-ba94-4a53-9a39-09cb8d01bd80,java/util/zip/GZIPOutputStream.java,write
bcbf1d2f-ba94-4a53-9a39-09cb8d01bd80,a911f337-e96e-4836-8029-db9e688a5f71,69f436f1-376f-4f86-9e3b-0ced7288dc97,->,bcbf1d2f-ba94-4a53-9a39-09cb8d01bd80,java/io/FileInputStream.java,close
bcbf1d2f-ba94-4a53-9a39-09cb8d01bd80,a911f337-e96e-4836-8029-db9e688a5f71,69f436f1-376f-4f86-9e3b-0ced7288dc97,->,bcbf1d2f-ba94-4a53-9a39-09cb8d01bd80,java/io/IOException.java,printStackTrace
bcbf1d2f-ba94-4a53-9a39-09cb8d01bd80,a911f337-e96e-4836-8029-db9e688a5f71,69f436f1-376f-4f86-9e3b-0ced7288dc97,->,bcbf1d2f-ba94-4a53-9a39-09cb8d01bd80,java/util/zip/GZIPOutputStream.java,close
bcbf1d2f-ba94-4a53-9a39-09cb8d01bd80,a911f337-e96e-4836-8029-db9e688a5f71,69f436f1-376f-4f86-9e3b-0ced7288dc97,->,bcbf1d2f-ba94-4a53-9a39-09cb8d01bd80,java/io/IOException.java,printStackTrace
bcbf1d2f-ba94-4a53-9a39-09cb8d01bd80,a911f337-e96e-4836-8029-db9e688a5f71,69f436f1-376f-4f86-9e3b-0ced7288dc97,->,bcbf1d2f-ba94-4a53-9a39-09cb8d01bd80,java/io/FileNotFoundException.java,printStackTrace
bcbf1d2f-ba94-4a53-9a39-09cb8d01bd80,a911f337-e96e-4836-8029-db9e688a5f71,69f436f1-376f-4f86-9e3b-0ced7288dc97,->,bcbf1d2f-ba94-4a53-9a39-09cb8d01bd80,java/io/FileInputStream.java,close
bcbf1d2f-ba94-4a53-9a39-09cb8d01bd80,a911f337-e96e-4836-8029-db9e688a5f71,69f436f1-376f-4f86-9e3b-0ced7288dc97,->,bcbf1d2f-ba94-4a53-9a39-09cb8d01bd80,java/io/IOException.java,printStackTrace
bcbf1d2f-ba94-4a53-9a39-09cb8d01bd80,a911f337-e96e-4836-8029-db9e688a5f71,69f436f1-376f-4f86-9e3b-0ced7288dc97,->,bcbf1d2f-ba94-4a53-9a39-09cb8d01bd80,java/util/zip/GZIPOutputStream.java,close
bcbf1d2f-ba94-4a53-9a39-09cb8d01bd80,a911f337-e96e-4836-8029-db9e688a5f71,69f436f1-376f-4f86-9e3b-0ced7288dc97,->,bcbf1d2f-ba94-4a53-9a39-09cb8d01bd80,java/io/IOException.java,printStackTrace
bcbf1d2f-ba94-4a53-9a39-09cb8d01bd80,a911f337-e96e-4836-8029-db9e688a5f71,69f436f1-376f-4f86-9e3b-0ced7288dc97,->,bcbf1d2f-ba94-4a53-9a39-09cb8d01bd80,java/io/IOException.java,printStackTrace
bcbf1d2f-ba94-4a53-9a39-09cb8d01bd80,a911f337-e96e-4836-8029-db9e688a5f71,69f436f1-376f-4f86-9e3b-0ced7288dc97,->,bcbf1d2f-ba94-4a53-9a39-09cb8d01bd80,java/io/FileInputStream.java,close
bcbf1d2f-ba94-4a53-9a39-09cb8d01bd80,a911f337-e96e-4836-8029-db9e688a5f71,69f436f1-376f-4f86-9e3b-0ced7288dc97,->,bcbf1d2f-ba94-4a53-9a39-09cb8d01bd80,java/io/IOException.java,printStackTrace
bcbf1d2f-ba94-4a53-9a39-09cb8d01bd80,a911f337-e96e-4836-8029-db9e688a5f71,69f436f1-376f-4f86-9e3b-0ced7288dc97,->,bcbf1d2f-ba94-4a53-9a39-09cb8d01bd80,java/util/zip/GZIPOutputStream.java,close
bcbf1d2f-ba94-4a53-9a39-09cb8d01bd80,a911f337-e96e-4836-8029-db9e688a5f71,69f436f1-376f-4f86-9e3b-0ced7288dc97,->,bcbf1d2f-ba94-4a53-9a39-09cb8d01bd80,java/io/IOException.java,printStackTrace
bcbf1d2f-ba94-4a53-9a39-09cb8d01bd80,a911f337-e96e-4836-8029-db9e688a5f71,69f436f1-376f-4f86-9e3b-0ced7288dc97,->,bcbf1d2f-ba94-4a53-9a39-09cb8d01bd80,java/io/FileInputStream.java,close
bcbf1d2f-ba94-4a53-9a39-09cb8d01bd80,a911f337-e96e-4836-8029-db9e688a5f71,69f436f1-376f-4f86-9e3b-0ced7288dc97,->,bcbf1d2f-ba94-4a53-9a39-09cb8d01bd80,java/io/IOException.java,printStackTrace
bcbf1d2f-ba94-4a53-9a39-09cb8d01bd80,a911f337-e96e-4836-8029-db9e688a5f71,69f436f1-376f-4f86-9e3b-0ced7288dc97,->,bcbf1d2f-ba94-4a53-9a39-09cb8d01bd80,java/util/zip/GZIPOutputStream.java,close
bcbf1d2f-ba94-4a53-9a39-09cb8d01bd80,a911f337-e96e-4836-8029-db9e688a5f71,69f436f1-376f-4f86-9e3b-0ced7288dc97,->,bcbf1d2f-ba94-4a53-9a39-09cb8d01bd80,java/io/IOException.java,printStackTrace
bcbf1d2f-ba94-4a53-9a39-09cb8d01bd80,org/tju/assist/FitszipUtil.java,<clinit>,->,bcbf1d2f-ba94-4a53-9a39-09cb8d01bd80,076d88f9-8c29-4307-b35b-064a6ab34087,8d4afa59-937c-4f4e-91e1-f49520c0b474
bcbf1d2f-ba94-4a53-9a39-09cb8d01bd80,076d88f9-8c29-4307-b35b-064a6ab34087,b141f865-b096-4be8-835e-525093886797,->,bcbf1d2f-ba94-4a53-9a39-09cb8d01bd80,org/dom4j/io/SAXReader.java,read
bcbf1d2f-ba94-4a53-9a39-09cb8d01bd80,076d88f9-8c29-4307-b35b-064a6ab34087,8d4afa59-937c-4f4e-91e1-f49520c0b474,->,bcbf1d2f-ba94-4a53-9a39-09cb8d01bd80,076d88f9-8c29-4307-b35b-064a6ab34087,b141f865-b096-4be8-835e-525093886797
bcbf1d2f-ba94-4a53-9a39-09cb8d01bd80,076d88f9-8c29-4307-b35b-064a6ab34087,8d4afa59-937c-4f4e-91e1-f49520c0b474,->,bcbf1d2f-ba94-4a53-9a39-09cb8d01bd80,org/dom4j/Document.java,getRootElement
bcbf1d2f-ba94-4a53-9a39-09cb8d01bd80,076d88f9-8c29-4307-b35b-064a6ab34087,8d4afa59-937c-4f4e-91e1-f49520c0b474,->,bcbf1d2f-ba94-4a53-9a39-09cb8d01bd80,org/dom4j/Element.java,elementIterator
bcbf1d2f-ba94-4a53-9a39-09cb8d01bd80,076d88f9-8c29-4307-b35b-064a6ab34087,8d4afa59-937c-4f4e-91e1-f49520c0b474,->,bcbf1d2f-ba94-4a53-9a39-09cb8d01bd80,java/util/Iterator.java,hasNext
bcbf1d2f-ba94-4a53-9a39-09cb8d01bd80,076d88f9-8c29-4307-b35b-064a6ab34087,8d4afa59-937c-4f4e-91e1-f49520c0b474,->,bcbf1d2f-ba94-4a53-9a39-09cb8d01bd80,java/util/Iterator.java,next
bcbf1d2f-ba94-4a53-9a39-09cb8d01bd80,076d88f9-8c29-4307-b35b-064a6ab34087,8d4afa59-937c-4f4e-91e1-f49520c0b474,->,bcbf1d2f-ba94-4a53-9a39-09cb8d01bd80,org/dom4j/Element.java,attributeIterator
bcbf1d2f-ba94-4a53-9a39-09cb8d01bd80,076d88f9-8c29-4307-b35b-064a6ab34087,8d4afa59-937c-4f4e-91e1-f49520c0b474,->,bcbf1d2f-ba94-4a53-9a39-09cb8d01bd80,java/util/Iterator.java,hasNext
bcbf1d2f-ba94-4a53-9a39-09cb8d01bd80,076d88f9-8c29-4307-b35b-064a6ab34087,8d4afa59-937c-4f4e-91e1-f49520c0b474,->,bcbf1d2f-ba94-4a53-9a39-09cb8d01bd80,java/util/Iterator.java,next
bcbf1d2f-ba94-4a53-9a39-09cb8d01bd80,076d88f9-8c29-4307-b35b-064a6ab34087,8d4afa59-937c-4f4e-91e1-f49520c0b474,->,bcbf1d2f-ba94-4a53-9a39-09cb8d01bd80,org/dom4j/Attribute.java,getName
bcbf1d2f-ba94-4a53-9a39-09cb8d01bd80,076d88f9-8c29-4307-b35b-064a6ab34087,8d4afa59-937c-4f4e-91e1-f49520c0b474,->,bcbf1d2f-ba94-4a53-9a39-09cb8d01bd80,java/lang/String.java,equals
bcbf1d2f-ba94-4a53-9a39-09cb8d01bd80,076d88f9-8c29-4307-b35b-064a6ab34087,8d4afa59-937c-4f4e-91e1-f49520c0b474,->,bcbf1d2f-ba94-4a53-9a39-09cb8d01bd80,org/dom4j/Attribute.java,getValue
bcbf1d2f-ba94-4a53-9a39-09cb8d01bd80,17adb061-933b-4730-a300-de41efc2d8d8,e1bb4532-e779-4787-835a-e08579ac7d5b,->,bcbf1d2f-ba94-4a53-9a39-09cb8d01bd80,31734ef9-0c1b-4345-80ab-e0199651c258,966315e5-1ef2-4a9a-850e-970892fc44a7
bcbf1d2f-ba94-4a53-9a39-09cb8d01bd80,17adb061-933b-4730-a300-de41efc2d8d8,e1bb4532-e779-4787-835a-e08579ac7d5b,->,bcbf1d2f-ba94-4a53-9a39-09cb8d01bd80,663e0ea9-2e2c-4bc9-9587-19e5e8dc6f1e,e97a388a-653d-4c3f-9ae5-1b1cb2b99f2d
bcbf1d2f-ba94-4a53-9a39-09cb8d01bd80,17adb061-933b-4730-a300-de41efc2d8d8,e1bb4532-e779-4787-835a-e08579ac7d5b,->,bcbf1d2f-ba94-4a53-9a39-09cb8d01bd80,663e0ea9-2e2c-4bc9-9587-19e5e8dc6f1e,a0fda326-0cc6-4402-b2ad-81bb0bd21718
bcbf1d2f-ba94-4a53-9a39-09cb8d01bd80,17adb061-933b-4730-a300-de41efc2d8d8,e1bb4532-e779-4787-835a-e08579ac7d5b,->,bcbf1d2f-ba94-4a53-9a39-09cb8d01bd80,663e0ea9-2e2c-4bc9-9587-19e5e8dc6f1e,f193c71e-6fb5-4e31-9c60-fdddceb8a4b5
bcbf1d2f-ba94-4a53-9a39-09cb8d01bd80,17adb061-933b-4730-a300-de41efc2d8d8,e1bb4532-e779-4787-835a-e08579ac7d5b,->,bcbf1d2f-ba94-4a53-9a39-09cb8d01bd80,663e0ea9-2e2c-4bc9-9587-19e5e8dc6f1e,810c99db-21f5-4ea8-b83f-42e155a38e0d
bcbf1d2f-ba94-4a53-9a39-09cb8d01bd80,17adb061-933b-4730-a300-de41efc2d8d8,e1bb4532-e779-4787-835a-e08579ac7d5b,->,bcbf1d2f-ba94-4a53-9a39-09cb8d01bd80,663e0ea9-2e2c-4bc9-9587-19e5e8dc6f1e,5b0fd91c-5bb2-4341-831c-c1332a81a02e
bcbf1d2f-ba94-4a53-9a39-09cb8d01bd80,17adb061-933b-4730-a300-de41efc2d8d8,e1bb4532-e779-4787-835a-e08579ac7d5b,->,bcbf1d2f-ba94-4a53-9a39-09cb8d01bd80,java/lang/System.java,currentTimeMillis
bcbf1d2f-ba94-4a53-9a39-09cb8d01bd80,17adb061-933b-4730-a300-de41efc2d8d8,e1bb4532-e779-4787-835a-e08579ac7d5b,->,bcbf1d2f-ba94-4a53-9a39-09cb8d01bd80,663e0ea9-2e2c-4bc9-9587-19e5e8dc6f1e,5bfcde3c-93ea-4c05-b82d-24ebbd75c0a0
bcbf1d2f-ba94-4a53-9a39-09cb8d01bd80,17adb061-933b-4730-a300-de41efc2d8d8,e1bb4532-e779-4787-835a-e08579ac7d5b,->,bcbf1d2f-ba94-4a53-9a39-09cb8d01bd80,java/io/PrintStream.java,println
bcbf1d2f-ba94-4a53-9a39-09cb8d01bd80,17adb061-933b-4730-a300-de41efc2d8d8,e1bb4532-e779-4787-835a-e08579ac7d5b,->,bcbf1d2f-ba94-4a53-9a39-09cb8d01bd80,java/sql/Timestamp.java,valueOf
bcbf1d2f-ba94-4a53-9a39-09cb8d01bd80,17adb061-933b-4730-a300-de41efc2d8d8,e1bb4532-e779-4787-835a-e08579ac7d5b,->,bcbf1d2f-ba94-4a53-9a39-09cb8d01bd80,663e0ea9-2e2c-4bc9-9587-19e5e8dc6f1e,f96d19e4-470a-4217-b540-c98d9224df34
bcbf1d2f-ba94-4a53-9a39-09cb8d01bd80,17adb061-933b-4730-a300-de41efc2d8d8,e1bb4532-e779-4787-835a-e08579ac7d5b,->,bcbf1d2f-ba94-4a53-9a39-09cb8d01bd80,663e0ea9-2e2c-4bc9-9587-19e5e8dc6f1e,31a1e0ef-8eb1-4b92-ac10-b51f7165fe10
bcbf1d2f-ba94-4a53-9a39-09cb8d01bd80,17adb061-933b-4730-a300-de41efc2d8d8,e1bb4532-e779-4787-835a-e08579ac7d5b,->,bcbf1d2f-ba94-4a53-9a39-09cb8d01bd80,663e0ea9-2e2c-4bc9-9587-19e5e8dc6f1e,4a702e56-6eed-437d-9664-243d57422e3b
bcbf1d2f-ba94-4a53-9a39-09cb8d01bd80,17adb061-933b-4730-a300-de41efc2d8d8,e1bb4532-e779-4787-835a-e08579ac7d5b,->,bcbf1d2f-ba94-4a53-9a39-09cb8d01bd80,663e0ea9-2e2c-4bc9-9587-19e5e8dc6f1e,e4456697-d84d-4c0e-8dd4-7f90a185bdd8
bcbf1d2f-ba94-4a53-9a39-09cb8d01bd80,17adb061-933b-4730-a300-de41efc2d8d8,e1bb4532-e779-4787-835a-e08579ac7d5b,->,bcbf1d2f-ba94-4a53-9a39-09cb8d01bd80,663e0ea9-2e2c-4bc9-9587-19e5e8dc6f1e,9506b15d-77b1-4648-8da7-0bec6c64c437
bcbf1d2f-ba94-4a53-9a39-09cb8d01bd80,17adb061-933b-4730-a300-de41efc2d8d8,e1bb4532-e779-4787-835a-e08579ac7d5b,->,bcbf1d2f-ba94-4a53-9a39-09cb8d01bd80,663e0ea9-2e2c-4bc9-9587-19e5e8dc6f1e,0af40685-459e-450a-b54a-4f61095bf79f
bcbf1d2f-ba94-4a53-9a39-09cb8d01bd80,17adb061-933b-4730-a300-de41efc2d8d8,e1bb4532-e779-4787-835a-e08579ac7d5b,->,bcbf1d2f-ba94-4a53-9a39-09cb8d01bd80,663e0ea9-2e2c-4bc9-9587-19e5e8dc6f1e,adb17c4c-18a2-426a-8892-7e6a11dd7858
bcbf1d2f-ba94-4a53-9a39-09cb8d01bd80,17adb061-933b-4730-a300-de41efc2d8d8,e1bb4532-e779-4787-835a-e08579ac7d5b,->,bcbf1d2f-ba94-4a53-9a39-09cb8d01bd80,663e0ea9-2e2c-4bc9-9587-19e5e8dc6f1e,3fad646d-3c84-496c-bdee-deeaf7b7f396
bcbf1d2f-ba94-4a53-9a39-09cb8d01bd80,17adb061-933b-4730-a300-de41efc2d8d8,e1bb4532-e779-4787-835a-e08579ac7d5b,->,bcbf1d2f-ba94-4a53-9a39-09cb8d01bd80,663e0ea9-2e2c-4bc9-9587-19e5e8dc6f1e,18968741-0d0c-4619-b967-35177427f933
bcbf1d2f-ba94-4a53-9a39-09cb8d01bd80,17adb061-933b-4730-a300-de41efc2d8d8,e1bb4532-e779-4787-835a-e08579ac7d5b,->,bcbf1d2f-ba94-4a53-9a39-09cb8d01bd80,663e0ea9-2e2c-4bc9-9587-19e5e8dc6f1e,f7cc06e3-a888-4690-9f86-1823e9e8ba2b
bcbf1d2f-ba94-4a53-9a39-09cb8d01bd80,17adb061-933b-4730-a300-de41efc2d8d8,e1bb4532-e779-4787-835a-e08579ac7d5b,->,bcbf1d2f-ba94-4a53-9a39-09cb8d01bd80,663e0ea9-2e2c-4bc9-9587-19e5e8dc6f1e,4597a80c-bbc2-4895-8b51-34992003c694
bcbf1d2f-ba94-4a53-9a39-09cb8d01bd80,17adb061-933b-4730-a300-de41efc2d8d8,e1bb4532-e779-4787-835a-e08579ac7d5b,->,bcbf1d2f-ba94-4a53-9a39-09cb8d01bd80,663e0ea9-2e2c-4bc9-9587-19e5e8dc6f1e,66706c82-f2ad-4abc-8acc-ca8d1d660770
bcbf1d2f-ba94-4a53-9a39-09cb8d01bd80,17adb061-933b-4730-a300-de41efc2d8d8,e1bb4532-e779-4787-835a-e08579ac7d5b,->,bcbf1d2f-ba94-4a53-9a39-09cb8d01bd80,java/lang/StringBuilder.java,append
bcbf1d2f-ba94-4a53-9a39-09cb8d01bd80,17adb061-933b-4730-a300-de41efc2d8d8,e1bb4532-e779-4787-835a-e08579ac7d5b,->,bcbf1d2f-ba94-4a53-9a39-09cb8d01bd80,java/lang/StringBuilder.java,append
bcbf1d2f-ba94-4a53-9a39-09cb8d01bd80,17adb061-933b-4730-a300-de41efc2d8d8,e1bb4532-e779-4787-835a-e08579ac7d5b,->,bcbf1d2f-ba94-4a53-9a39-09cb8d01bd80,java/lang/StringBuilder.java,append
bcbf1d2f-ba94-4a53-9a39-09cb8d01bd80,17adb061-933b-4730-a300-de41efc2d8d8,e1bb4532-e779-4787-835a-e08579ac7d5b,->,bcbf1d2f-ba94-4a53-9a39-09cb8d01bd80,java/lang/StringBuilder.java,append
bcbf1d2f-ba94-4a53-9a39-09cb8d01bd80,17adb061-933b-4730-a300-de41efc2d8d8,e1bb4532-e779-4787-835a-e08579ac7d5b,->,bcbf1d2f-ba94-4a53-9a39-09cb8d01bd80,java/lang/StringBuilder.java,append
bcbf1d2f-ba94-4a53-9a39-09cb8d01bd80,17adb061-933b-4730-a300-de41efc2d8d8,e1bb4532-e779-4787-835a-e08579ac7d5b,->,bcbf1d2f-ba94-4a53-9a39-09cb8d01bd80,java/lang/StringBuilder.java,append
bcbf1d2f-ba94-4a53-9a39-09cb8d01bd80,17adb061-933b-4730-a300-de41efc2d8d8,e1bb4532-e779-4787-835a-e08579ac7d5b,->,bcbf1d2f-ba94-4a53-9a39-09cb8d01bd80,java/lang/StringBuilder.java,append
bcbf1d2f-ba94-4a53-9a39-09cb8d01bd80,17adb061-933b-4730-a300-de41efc2d8d8,e1bb4532-e779-4787-835a-e08579ac7d5b,->,bcbf1d2f-ba94-4a53-9a39-09cb8d01bd80,java/lang/StringBuilder.java,append
bcbf1d2f-ba94-4a53-9a39-09cb8d01bd80,17adb061-933b-4730-a300-de41efc2d8d8,e1bb4532-e779-4787-835a-e08579ac7d5b,->,bcbf1d2f-ba94-4a53-9a39-09cb8d01bd80,java/lang/StringBuilder.java,append
bcbf1d2f-ba94-4a53-9a39-09cb8d01bd80,17adb061-933b-4730-a300-de41efc2d8d8,e1bb4532-e779-4787-835a-e08579ac7d5b,->,bcbf1d2f-ba94-4a53-9a39-09cb8d01bd80,java/lang/StringBuilder.java,append
bcbf1d2f-ba94-4a53-9a39-09cb8d01bd80,17adb061-933b-4730-a300-de41efc2d8d8,e1bb4532-e779-4787-835a-e08579ac7d5b,->,bcbf1d2f-ba94-4a53-9a39-09cb8d01bd80,java/lang/StringBuilder.java,append
bcbf1d2f-ba94-4a53-9a39-09cb8d01bd80,17adb061-933b-4730-a300-de41efc2d8d8,e1bb4532-e779-4787-835a-e08579ac7d5b,->,bcbf1d2f-ba94-4a53-9a39-09cb8d01bd80,java/lang/StringBuilder.java,append
bcbf1d2f-ba94-4a53-9a39-09cb8d01bd80,17adb061-933b-4730-a300-de41efc2d8d8,e1bb4532-e779-4787-835a-e08579ac7d5b,->,bcbf1d2f-ba94-4a53-9a39-09cb8d01bd80,java/lang/StringBuilder.java,append
bcbf1d2f-ba94-4a53-9a39-09cb8d01bd80,17adb061-933b-4730-a300-de41efc2d8d8,e1bb4532-e779-4787-835a-e08579ac7d5b,->,bcbf1d2f-ba94-4a53-9a39-09cb8d01bd80,java/lang/StringBuilder.java,append
bcbf1d2f-ba94-4a53-9a39-09cb8d01bd80,17adb061-933b-4730-a300-de41efc2d8d8,e1bb4532-e779-4787-835a-e08579ac7d5b,->,bcbf1d2f-ba94-4a53-9a39-09cb8d01bd80,java/lang/StringBuilder.java,append
bcbf1d2f-ba94-4a53-9a39-09cb8d01bd80,17adb061-933b-4730-a300-de41efc2d8d8,e1bb4532-e779-4787-835a-e08579ac7d5b,->,bcbf1d2f-ba94-4a53-9a39-09cb8d01bd80,java/lang/StringBuilder.java,append
bcbf1d2f-ba94-4a53-9a39-09cb8d01bd80,17adb061-933b-4730-a300-de41efc2d8d8,e1bb4532-e779-4787-835a-e08579ac7d5b,->,bcbf1d2f-ba94-4a53-9a39-09cb8d01bd80,java/lang/StringBuilder.java,append
bcbf1d2f-ba94-4a53-9a39-09cb8d01bd80,17adb061-933b-4730-a300-de41efc2d8d8,e1bb4532-e779-4787-835a-e08579ac7d5b,->,bcbf1d2f-ba94-4a53-9a39-09cb8d01bd80,java/lang/StringBuilder.java,append
bcbf1d2f-ba94-4a53-9a39-09cb8d01bd80,17adb061-933b-4730-a300-de41efc2d8d8,e1bb4532-e779-4787-835a-e08579ac7d5b,->,bcbf1d2f-ba94-4a53-9a39-09cb8d01bd80,java/lang/StringBuilder.java,append
bcbf1d2f-ba94-4a53-9a39-09cb8d01bd80,17adb061-933b-4730-a300-de41efc2d8d8,e1bb4532-e779-4787-835a-e08579ac7d5b,->,bcbf1d2f-ba94-4a53-9a39-09cb8d01bd80,java/lang/StringBuilder.java,append
bcbf1d2f-ba94-4a53-9a39-09cb8d01bd80,17adb061-933b-4730-a300-de41efc2d8d8,e1bb4532-e779-4787-835a-e08579ac7d5b,->,bcbf1d2f-ba94-4a53-9a39-09cb8d01bd80,java/lang/StringBuilder.java,append
bcbf1d2f-ba94-4a53-9a39-09cb8d01bd80,17adb061-933b-4730-a300-de41efc2d8d8,e1bb4532-e779-4787-835a-e08579ac7d5b,->,bcbf1d2f-ba94-4a53-9a39-09cb8d01bd80,java/lang/StringBuilder.java,append
bcbf1d2f-ba94-4a53-9a39-09cb8d01bd80,17adb061-933b-4730-a300-de41efc2d8d8,e1bb4532-e779-4787-835a-e08579ac7d5b,->,bcbf1d2f-ba94-4a53-9a39-09cb8d01bd80,java/lang/StringBuilder.java,append
bcbf1d2f-ba94-4a53-9a39-09cb8d01bd80,17adb061-933b-4730-a300-de41efc2d8d8,e1bb4532-e779-4787-835a-e08579ac7d5b,->,bcbf1d2f-ba94-4a53-9a39-09cb8d01bd80,java/lang/StringBuilder.java,append
bcbf1d2f-ba94-4a53-9a39-09cb8d01bd80,17adb061-933b-4730-a300-de41efc2d8d8,e1bb4532-e779-4787-835a-e08579ac7d5b,->,bcbf1d2f-ba94-4a53-9a39-09cb8d01bd80,java/lang/StringBuilder.java,append
bcbf1d2f-ba94-4a53-9a39-09cb8d01bd80,17adb061-933b-4730-a300-de41efc2d8d8,e1bb4532-e779-4787-835a-e08579ac7d5b,->,bcbf1d2f-ba94-4a53-9a39-09cb8d01bd80,java/lang/StringBuilder.java,append
bcbf1d2f-ba94-4a53-9a39-09cb8d01bd80,17adb061-933b-4730-a300-de41efc2d8d8,e1bb4532-e779-4787-835a-e08579ac7d5b,->,bcbf1d2f-ba94-4a53-9a39-09cb8d01bd80,java/lang/StringBuilder.java,append
bcbf1d2f-ba94-4a53-9a39-09cb8d01bd80,17adb061-933b-4730-a300-de41efc2d8d8,e1bb4532-e779-4787-835a-e08579ac7d5b,->,bcbf1d2f-ba94-4a53-9a39-09cb8d01bd80,java/lang/StringBuilder.java,append
bcbf1d2f-ba94-4a53-9a39-09cb8d01bd80,17adb061-933b-4730-a300-de41efc2d8d8,e1bb4532-e779-4787-835a-e08579ac7d5b,->,bcbf1d2f-ba94-4a53-9a39-09cb8d01bd80,java/lang/StringBuilder.java,append
bcbf1d2f-ba94-4a53-9a39-09cb8d01bd80,17adb061-933b-4730-a300-de41efc2d8d8,e1bb4532-e779-4787-835a-e08579ac7d5b,->,bcbf1d2f-ba94-4a53-9a39-09cb8d01bd80,java/lang/StringBuilder.java,append
bcbf1d2f-ba94-4a53-9a39-09cb8d01bd80,17adb061-933b-4730-a300-de41efc2d8d8,e1bb4532-e779-4787-835a-e08579ac7d5b,->,bcbf1d2f-ba94-4a53-9a39-09cb8d01bd80,java/lang/StringBuilder.java,append
bcbf1d2f-ba94-4a53-9a39-09cb8d01bd80,17adb061-933b-4730-a300-de41efc2d8d8,e1bb4532-e779-4787-835a-e08579ac7d5b,->,bcbf1d2f-ba94-4a53-9a39-09cb8d01bd80,java/lang/StringBuilder.java,append
bcbf1d2f-ba94-4a53-9a39-09cb8d01bd80,17adb061-933b-4730-a300-de41efc2d8d8,e1bb4532-e779-4787-835a-e08579ac7d5b,->,bcbf1d2f-ba94-4a53-9a39-09cb8d01bd80,java/lang/StringBuilder.java,append
bcbf1d2f-ba94-4a53-9a39-09cb8d01bd80,17adb061-933b-4730-a300-de41efc2d8d8,e1bb4532-e779-4787-835a-e08579ac7d5b,->,bcbf1d2f-ba94-4a53-9a39-09cb8d01bd80,java/lang/StringBuilder.java,append
bcbf1d2f-ba94-4a53-9a39-09cb8d01bd80,17adb061-933b-4730-a300-de41efc2d8d8,e1bb4532-e779-4787-835a-e08579ac7d5b,->,bcbf1d2f-ba94-4a53-9a39-09cb8d01bd80,java/lang/StringBuilder.java,append
bcbf1d2f-ba94-4a53-9a39-09cb8d01bd80,17adb061-933b-4730-a300-de41efc2d8d8,e1bb4532-e779-4787-835a-e08579ac7d5b,->,bcbf1d2f-ba94-4a53-9a39-09cb8d01bd80,java/lang/StringBuilder.java,append
bcbf1d2f-ba94-4a53-9a39-09cb8d01bd80,17adb061-933b-4730-a300-de41efc2d8d8,e1bb4532-e779-4787-835a-e08579ac7d5b,->,bcbf1d2f-ba94-4a53-9a39-09cb8d01bd80,java/lang/StringBuilder.java,append
bcbf1d2f-ba94-4a53-9a39-09cb8d01bd80,17adb061-933b-4730-a300-de41efc2d8d8,e1bb4532-e779-4787-835a-e08579ac7d5b,->,bcbf1d2f-ba94-4a53-9a39-09cb8d01bd80,java/lang/StringBuilder.java,toString
bcbf1d2f-ba94-4a53-9a39-09cb8d01bd80,17adb061-933b-4730-a300-de41efc2d8d8,e1bb4532-e779-4787-835a-e08579ac7d5b,->,bcbf1d2f-ba94-4a53-9a39-09cb8d01bd80,java/sql/Connection.java,createStatement
bcbf1d2f-ba94-4a53-9a39-09cb8d01bd80,17adb061-933b-4730-a300-de41efc2d8d8,e1bb4532-e779-4787-835a-e08579ac7d5b,->,bcbf1d2f-ba94-4a53-9a39-09cb8d01bd80,java/sql/Statement.java,executeUpdate
bcbf1d2f-ba94-4a53-9a39-09cb8d01bd80,17adb061-933b-4730-a300-de41efc2d8d8,e1bb4532-e779-4787-835a-e08579ac7d5b,->,bcbf1d2f-ba94-4a53-9a39-09cb8d01bd80,java/sql/SQLException.java,printStackTrace
bcbf1d2f-ba94-4a53-9a39-09cb8d01bd80,17adb061-933b-4730-a300-de41efc2d8d8,e1bb4532-e779-4787-835a-e08579ac7d5b,->,bcbf1d2f-ba94-4a53-9a39-09cb8d01bd80,java/lang/String.java,equals
bcbf1d2f-ba94-4a53-9a39-09cb8d01bd80,17adb061-933b-4730-a300-de41efc2d8d8,e1bb4532-e779-4787-835a-e08579ac7d5b,->,bcbf1d2f-ba94-4a53-9a39-09cb8d01bd80,java/lang/String.java,equals
bcbf1d2f-ba94-4a53-9a39-09cb8d01bd80,17adb061-933b-4730-a300-de41efc2d8d8,e1bb4532-e779-4787-835a-e08579ac7d5b,->,bcbf1d2f-ba94-4a53-9a39-09cb8d01bd80,java/lang/String.java,substring
bcbf1d2f-ba94-4a53-9a39-09cb8d01bd80,17adb061-933b-4730-a300-de41efc2d8d8,e1bb4532-e779-4787-835a-e08579ac7d5b,->,bcbf1d2f-ba94-4a53-9a39-09cb8d01bd80,java/lang/StringBuilder.java,append
bcbf1d2f-ba94-4a53-9a39-09cb8d01bd80,17adb061-933b-4730-a300-de41efc2d8d8,e1bb4532-e779-4787-835a-e08579ac7d5b,->,bcbf1d2f-ba94-4a53-9a39-09cb8d01bd80,java/lang/StringBuilder.java,append
bcbf1d2f-ba94-4a53-9a39-09cb8d01bd80,17adb061-933b-4730-a300-de41efc2d8d8,e1bb4532-e779-4787-835a-e08579ac7d5b,->,bcbf1d2f-ba94-4a53-9a39-09cb8d01bd80,java/lang/StringBuilder.java,append
bcbf1d2f-ba94-4a53-9a39-09cb8d01bd80,17adb061-933b-4730-a300-de41efc2d8d8,e1bb4532-e779-4787-835a-e08579ac7d5b,->,bcbf1d2f-ba94-4a53-9a39-09cb8d01bd80,java/lang/StringBuilder.java,append
bcbf1d2f-ba94-4a53-9a39-09cb8d01bd80,17adb061-933b-4730-a300-de41efc2d8d8,e1bb4532-e779-4787-835a-e08579ac7d5b,->,bcbf1d2f-ba94-4a53-9a39-09cb8d01bd80,java/lang/StringBuilder.java,toString
bcbf1d2f-ba94-4a53-9a39-09cb8d01bd80,17adb061-933b-4730-a300-de41efc2d8d8,e1bb4532-e779-4787-835a-e08579ac7d5b,->,bcbf1d2f-ba94-4a53-9a39-09cb8d01bd80,java/lang/StringBuilder.java,append
bcbf1d2f-ba94-4a53-9a39-09cb8d01bd80,17adb061-933b-4730-a300-de41efc2d8d8,e1bb4532-e779-4787-835a-e08579ac7d5b,->,bcbf1d2f-ba94-4a53-9a39-09cb8d01bd80,java/lang/StringBuilder.java,append
bcbf1d2f-ba94-4a53-9a39-09cb8d01bd80,17adb061-933b-4730-a300-de41efc2d8d8,e1bb4532-e779-4787-835a-e08579ac7d5b,->,bcbf1d2f-ba94-4a53-9a39-09cb8d01bd80,java/lang/StringBuilder.java,append
bcbf1d2f-ba94-4a53-9a39-09cb8d01bd80,17adb061-933b-4730-a300-de41efc2d8d8,e1bb4532-e779-4787-835a-e08579ac7d5b,->,bcbf1d2f-ba94-4a53-9a39-09cb8d01bd80,java/lang/StringBuilder.java,append
bcbf1d2f-ba94-4a53-9a39-09cb8d01bd80,17adb061-933b-4730-a300-de41efc2d8d8,e1bb4532-e779-4787-835a-e08579ac7d5b,->,bcbf1d2f-ba94-4a53-9a39-09cb8d01bd80,java/lang/StringBuilder.java,append
bcbf1d2f-ba94-4a53-9a39-09cb8d01bd80,17adb061-933b-4730-a300-de41efc2d8d8,e1bb4532-e779-4787-835a-e08579ac7d5b,->,bcbf1d2f-ba94-4a53-9a39-09cb8d01bd80,java/lang/StringBuilder.java,append
bcbf1d2f-ba94-4a53-9a39-09cb8d01bd80,17adb061-933b-4730-a300-de41efc2d8d8,e1bb4532-e779-4787-835a-e08579ac7d5b,->,bcbf1d2f-ba94-4a53-9a39-09cb8d01bd80,java/lang/StringBuilder.java,append
bcbf1d2f-ba94-4a53-9a39-09cb8d01bd80,17adb061-933b-4730-a300-de41efc2d8d8,e1bb4532-e779-4787-835a-e08579ac7d5b,->,bcbf1d2f-ba94-4a53-9a39-09cb8d01bd80,java/lang/StringBuilder.java,append
bcbf1d2f-ba94-4a53-9a39-09cb8d01bd80,17adb061-933b-4730-a300-de41efc2d8d8,e1bb4532-e779-4787-835a-e08579ac7d5b,->,bcbf1d2f-ba94-4a53-9a39-09cb8d01bd80,java/lang/StringBuilder.java,append
bcbf1d2f-ba94-4a53-9a39-09cb8d01bd80,17adb061-933b-4730-a300-de41efc2d8d8,e1bb4532-e779-4787-835a-e08579ac7d5b,->,bcbf1d2f-ba94-4a53-9a39-09cb8d01bd80,java/lang/StringBuilder.java,append
bcbf1d2f-ba94-4a53-9a39-09cb8d01bd80,17adb061-933b-4730-a300-de41efc2d8d8,e1bb4532-e779-4787-835a-e08579ac7d5b,->,bcbf1d2f-ba94-4a53-9a39-09cb8d01bd80,java/lang/StringBuilder.java,append
bcbf1d2f-ba94-4a53-9a39-09cb8d01bd80,17adb061-933b-4730-a300-de41efc2d8d8,e1bb4532-e779-4787-835a-e08579ac7d5b,->,bcbf1d2f-ba94-4a53-9a39-09cb8d01bd80,java/lang/StringBuilder.java,append
bcbf1d2f-ba94-4a53-9a39-09cb8d01bd80,17adb061-933b-4730-a300-de41efc2d8d8,e1bb4532-e779-4787-835a-e08579ac7d5b,->,bcbf1d2f-ba94-4a53-9a39-09cb8d01bd80,java/lang/StringBuilder.java,append
bcbf1d2f-ba94-4a53-9a39-09cb8d01bd80,17adb061-933b-4730-a300-de41efc2d8d8,e1bb4532-e779-4787-835a-e08579ac7d5b,->,bcbf1d2f-ba94-4a53-9a39-09cb8d01bd80,java/lang/StringBuilder.java,append
bcbf1d2f-ba94-4a53-9a39-09cb8d01bd80,17adb061-933b-4730-a300-de41efc2d8d8,e1bb4532-e779-4787-835a-e08579ac7d5b,->,bcbf1d2f-ba94-4a53-9a39-09cb8d01bd80,java/lang/StringBuilder.java,append
bcbf1d2f-ba94-4a53-9a39-09cb8d01bd80,17adb061-933b-4730-a300-de41efc2d8d8,e1bb4532-e779-4787-835a-e08579ac7d5b,->,bcbf1d2f-ba94-4a53-9a39-09cb8d01bd80,java/lang/StringBuilder.java,append
bcbf1d2f-ba94-4a53-9a39-09cb8d01bd80,17adb061-933b-4730-a300-de41efc2d8d8,e1bb4532-e779-4787-835a-e08579ac7d5b,->,bcbf1d2f-ba94-4a53-9a39-09cb8d01bd80,java/lang/StringBuilder.java,append
bcbf1d2f-ba94-4a53-9a39-09cb8d01bd80,17adb061-933b-4730-a300-de41efc2d8d8,e1bb4532-e779-4787-835a-e08579ac7d5b,->,bcbf1d2f-ba94-4a53-9a39-09cb8d01bd80,java/lang/StringBuilder.java,append
bcbf1d2f-ba94-4a53-9a39-09cb8d01bd80,17adb061-933b-4730-a300-de41efc2d8d8,e1bb4532-e779-4787-835a-e08579ac7d5b,->,bcbf1d2f-ba94-4a53-9a39-09cb8d01bd80,java/lang/StringBuilder.java,append
bcbf1d2f-ba94-4a53-9a39-09cb8d01bd80,17adb061-933b-4730-a300-de41efc2d8d8,e1bb4532-e779-4787-835a-e08579ac7d5b,->,bcbf1d2f-ba94-4a53-9a39-09cb8d01bd80,java/lang/StringBuilder.java,append
bcbf1d2f-ba94-4a53-9a39-09cb8d01bd80,17adb061-933b-4730-a300-de41efc2d8d8,e1bb4532-e779-4787-835a-e08579ac7d5b,->,bcbf1d2f-ba94-4a53-9a39-09cb8d01bd80,java/lang/StringBuilder.java,append
bcbf1d2f-ba94-4a53-9a39-09cb8d01bd80,17adb061-933b-4730-a300-de41efc2d8d8,e1bb4532-e779-4787-835a-e08579ac7d5b,->,bcbf1d2f-ba94-4a53-9a39-09cb8d01bd80,java/lang/StringBuilder.java,append
bcbf1d2f-ba94-4a53-9a39-09cb8d01bd80,17adb061-933b-4730-a300-de41efc2d8d8,e1bb4532-e779-4787-835a-e08579ac7d5b,->,bcbf1d2f-ba94-4a53-9a39-09cb8d01bd80,java/lang/StringBuilder.java,append
bcbf1d2f-ba94-4a53-9a39-09cb8d01bd80,17adb061-933b-4730-a300-de41efc2d8d8,e1bb4532-e779-4787-835a-e08579ac7d5b,->,bcbf1d2f-ba94-4a53-9a39-09cb8d01bd80,java/lang/StringBuilder.java,append
bcbf1d2f-ba94-4a53-9a39-09cb8d01bd80,17adb061-933b-4730-a300-de41efc2d8d8,e1bb4532-e779-4787-835a-e08579ac7d5b,->,bcbf1d2f-ba94-4a53-9a39-09cb8d01bd80,java/lang/StringBuilder.java,append
bcbf1d2f-ba94-4a53-9a39-09cb8d01bd80,17adb061-933b-4730-a300-de41efc2d8d8,e1bb4532-e779-4787-835a-e08579ac7d5b,->,bcbf1d2f-ba94-4a53-9a39-09cb8d01bd80,java/lang/StringBuilder.java,append
bcbf1d2f-ba94-4a53-9a39-09cb8d01bd80,17adb061-933b-4730-a300-de41efc2d8d8,e1bb4532-e779-4787-835a-e08579ac7d5b,->,bcbf1d2f-ba94-4a53-9a39-09cb8d01bd80,java/lang/StringBuilder.java,append
bcbf1d2f-ba94-4a53-9a39-09cb8d01bd80,17adb061-933b-4730-a300-de41efc2d8d8,e1bb4532-e779-4787-835a-e08579ac7d5b,->,bcbf1d2f-ba94-4a53-9a39-09cb8d01bd80,java/lang/StringBuilder.java,append
bcbf1d2f-ba94-4a53-9a39-09cb8d01bd80,17adb061-933b-4730-a300-de41efc2d8d8,e1bb4532-e779-4787-835a-e08579ac7d5b,->,bcbf1d2f-ba94-4a53-9a39-09cb8d01bd80,java/lang/StringBuilder.java,append
bcbf1d2f-ba94-4a53-9a39-09cb8d01bd80,17adb061-933b-4730-a300-de41efc2d8d8,e1bb4532-e779-4787-835a-e08579ac7d5b,->,bcbf1d2f-ba94-4a53-9a39-09cb8d01bd80,java/lang/StringBuilder.java,append
bcbf1d2f-ba94-4a53-9a39-09cb8d01bd80,17adb061-933b-4730-a300-de41efc2d8d8,e1bb4532-e779-4787-835a-e08579ac7d5b,->,bcbf1d2f-ba94-4a53-9a39-09cb8d01bd80,java/lang/StringBuilder.java,append
bcbf1d2f-ba94-4a53-9a39-09cb8d01bd80,17adb061-933b-4730-a300-de41efc2d8d8,e1bb4532-e779-4787-835a-e08579ac7d5b,->,bcbf1d2f-ba94-4a53-9a39-09cb8d01bd80,java/lang/StringBuilder.java,append
bcbf1d2f-ba94-4a53-9a39-09cb8d01bd80,17adb061-933b-4730-a300-de41efc2d8d8,e1bb4532-e779-4787-835a-e08579ac7d5b,->,bcbf1d2f-ba94-4a53-9a39-09cb8d01bd80,java/lang/StringBuilder.java,append
bcbf1d2f-ba94-4a53-9a39-09cb8d01bd80,17adb061-933b-4730-a300-de41efc2d8d8,e1bb4532-e779-4787-835a-e08579ac7d5b,->,bcbf1d2f-ba94-4a53-9a39-09cb8d01bd80,java/lang/StringBuilder.java,append
bcbf1d2f-ba94-4a53-9a39-09cb8d01bd80,17adb061-933b-4730-a300-de41efc2d8d8,e1bb4532-e779-4787-835a-e08579ac7d5b,->,bcbf1d2f-ba94-4a53-9a39-09cb8d01bd80,java/lang/StringBuilder.java,append
bcbf1d2f-ba94-4a53-9a39-09cb8d01bd80,17adb061-933b-4730-a300-de41efc2d8d8,e1bb4532-e779-4787-835a-e08579ac7d5b,->,bcbf1d2f-ba94-4a53-9a39-09cb8d01bd80,java/lang/StringBuilder.java,append
bcbf1d2f-ba94-4a53-9a39-09cb8d01bd80,17adb061-933b-4730-a300-de41efc2d8d8,e1bb4532-e779-4787-835a-e08579ac7d5b,->,bcbf1d2f-ba94-4a53-9a39-09cb8d01bd80,java/lang/StringBuilder.java,append
bcbf1d2f-ba94-4a53-9a39-09cb8d01bd80,17adb061-933b-4730-a300-de41efc2d8d8,e1bb4532-e779-4787-835a-e08579ac7d5b,->,bcbf1d2f-ba94-4a53-9a39-09cb8d01bd80,java/lang/StringBuilder.java,toString
bcbf1d2f-ba94-4a53-9a39-09cb8d01bd80,17adb061-933b-4730-a300-de41efc2d8d8,e1bb4532-e779-4787-835a-e08579ac7d5b,->,bcbf1d2f-ba94-4a53-9a39-09cb8d01bd80,java/sql/Connection.java,createStatement
bcbf1d2f-ba94-4a53-9a39-09cb8d01bd80,17adb061-933b-4730-a300-de41efc2d8d8,e1bb4532-e779-4787-835a-e08579ac7d5b,->,bcbf1d2f-ba94-4a53-9a39-09cb8d01bd80,java/sql/Statement.java,executeUpdate
bcbf1d2f-ba94-4a53-9a39-09cb8d01bd80,17adb061-933b-4730-a300-de41efc2d8d8,e1bb4532-e779-4787-835a-e08579ac7d5b,->,bcbf1d2f-ba94-4a53-9a39-09cb8d01bd80,java/sql/SQLException.java,printStackTrace
bcbf1d2f-ba94-4a53-9a39-09cb8d01bd80,17adb061-933b-4730-a300-de41efc2d8d8,5e74b05a-d6b8-4f98-908b-69654f63646b,->,bcbf1d2f-ba94-4a53-9a39-09cb8d01bd80,31734ef9-0c1b-4345-80ab-e0199651c258,966315e5-1ef2-4a9a-850e-970892fc44a7
bcbf1d2f-ba94-4a53-9a39-09cb8d01bd80,17adb061-933b-4730-a300-de41efc2d8d8,5e74b05a-d6b8-4f98-908b-69654f63646b,->,bcbf1d2f-ba94-4a53-9a39-09cb8d01bd80,663e0ea9-2e2c-4bc9-9587-19e5e8dc6f1e,e97a388a-653d-4c3f-9ae5-1b1cb2b99f2d
bcbf1d2f-ba94-4a53-9a39-09cb8d01bd80,17adb061-933b-4730-a300-de41efc2d8d8,5e74b05a-d6b8-4f98-908b-69654f63646b,->,bcbf1d2f-ba94-4a53-9a39-09cb8d01bd80,663e0ea9-2e2c-4bc9-9587-19e5e8dc6f1e,a0fda326-0cc6-4402-b2ad-81bb0bd21718
bcbf1d2f-ba94-4a53-9a39-09cb8d01bd80,17adb061-933b-4730-a300-de41efc2d8d8,5e74b05a-d6b8-4f98-908b-69654f63646b,->,bcbf1d2f-ba94-4a53-9a39-09cb8d01bd80,663e0ea9-2e2c-4bc9-9587-19e5e8dc6f1e,70843833-3795-4332-88fe-060fbace45bc
bcbf1d2f-ba94-4a53-9a39-09cb8d01bd80,17adb061-933b-4730-a300-de41efc2d8d8,5e74b05a-d6b8-4f98-908b-69654f63646b,->,bcbf1d2f-ba94-4a53-9a39-09cb8d01bd80,663e0ea9-2e2c-4bc9-9587-19e5e8dc6f1e,1d87e1fb-9662-45b7-8328-086b3540826e
bcbf1d2f-ba94-4a53-9a39-09cb8d01bd80,17adb061-933b-4730-a300-de41efc2d8d8,5e74b05a-d6b8-4f98-908b-69654f63646b,->,bcbf1d2f-ba94-4a53-9a39-09cb8d01bd80,663e0ea9-2e2c-4bc9-9587-19e5e8dc6f1e,c5af0b3c-e518-4288-a1d2-e8185df9163c
bcbf1d2f-ba94-4a53-9a39-09cb8d01bd80,17adb061-933b-4730-a300-de41efc2d8d8,5e74b05a-d6b8-4f98-908b-69654f63646b,->,bcbf1d2f-ba94-4a53-9a39-09cb8d01bd80,663e0ea9-2e2c-4bc9-9587-19e5e8dc6f1e,4c6e5b10-09b0-494d-b7d8-d0277e585054
bcbf1d2f-ba94-4a53-9a39-09cb8d01bd80,17adb061-933b-4730-a300-de41efc2d8d8,5e74b05a-d6b8-4f98-908b-69654f63646b,->,bcbf1d2f-ba94-4a53-9a39-09cb8d01bd80,663e0ea9-2e2c-4bc9-9587-19e5e8dc6f1e,66706c82-f2ad-4abc-8acc-ca8d1d660770
bcbf1d2f-ba94-4a53-9a39-09cb8d01bd80,17adb061-933b-4730-a300-de41efc2d8d8,5e74b05a-d6b8-4f98-908b-69654f63646b,->,bcbf1d2f-ba94-4a53-9a39-09cb8d01bd80,663e0ea9-2e2c-4bc9-9587-19e5e8dc6f1e,c2b81c98-8fe3-4483-8edd-941edb9124e1
bcbf1d2f-ba94-4a53-9a39-09cb8d01bd80,17adb061-933b-4730-a300-de41efc2d8d8,5e74b05a-d6b8-4f98-908b-69654f63646b,->,bcbf1d2f-ba94-4a53-9a39-09cb8d01bd80,java/lang/Boolean.java,valueOf
bcbf1d2f-ba94-4a53-9a39-09cb8d01bd80,17adb061-933b-4730-a300-de41efc2d8d8,5e74b05a-d6b8-4f98-908b-69654f63646b,->,bcbf1d2f-ba94-4a53-9a39-09cb8d01bd80,663e0ea9-2e2c-4bc9-9587-19e5e8dc6f1e,ff0f4abe-bbb5-4e2b-b011-2d2bae6620f7
bcbf1d2f-ba94-4a53-9a39-09cb8d01bd80,17adb061-933b-4730-a300-de41efc2d8d8,5e74b05a-d6b8-4f98-908b-69654f63646b,->,bcbf1d2f-ba94-4a53-9a39-09cb8d01bd80,java/lang/StringBuilder.java,append
bcbf1d2f-ba94-4a53-9a39-09cb8d01bd80,17adb061-933b-4730-a300-de41efc2d8d8,5e74b05a-d6b8-4f98-908b-69654f63646b,->,bcbf1d2f-ba94-4a53-9a39-09cb8d01bd80,java/lang/StringBuilder.java,append
bcbf1d2f-ba94-4a53-9a39-09cb8d01bd80,17adb061-933b-4730-a300-de41efc2d8d8,5e74b05a-d6b8-4f98-908b-69654f63646b,->,bcbf1d2f-ba94-4a53-9a39-09cb8d01bd80,java/lang/StringBuilder.java,append
bcbf1d2f-ba94-4a53-9a39-09cb8d01bd80,17adb061-933b-4730-a300-de41efc2d8d8,5e74b05a-d6b8-4f98-908b-69654f63646b,->,bcbf1d2f-ba94-4a53-9a39-09cb8d01bd80,java/lang/StringBuilder.java,append
bcbf1d2f-ba94-4a53-9a39-09cb8d01bd80,17adb061-933b-4730-a300-de41efc2d8d8,5e74b05a-d6b8-4f98-908b-69654f63646b,->,bcbf1d2f-ba94-4a53-9a39-09cb8d01bd80,java/lang/StringBuilder.java,append
bcbf1d2f-ba94-4a53-9a39-09cb8d01bd80,17adb061-933b-4730-a300-de41efc2d8d8,5e74b05a-d6b8-4f98-908b-69654f63646b,->,bcbf1d2f-ba94-4a53-9a39-09cb8d01bd80,java/lang/StringBuilder.java,append
bcbf1d2f-ba94-4a53-9a39-09cb8d01bd80,17adb061-933b-4730-a300-de41efc2d8d8,5e74b05a-d6b8-4f98-908b-69654f63646b,->,bcbf1d2f-ba94-4a53-9a39-09cb8d01bd80,java/lang/StringBuilder.java,append
bcbf1d2f-ba94-4a53-9a39-09cb8d01bd80,17adb061-933b-4730-a300-de41efc2d8d8,5e74b05a-d6b8-4f98-908b-69654f63646b,->,bcbf1d2f-ba94-4a53-9a39-09cb8d01bd80,java/lang/StringBuilder.java,append
bcbf1d2f-ba94-4a53-9a39-09cb8d01bd80,17adb061-933b-4730-a300-de41efc2d8d8,5e74b05a-d6b8-4f98-908b-69654f63646b,->,bcbf1d2f-ba94-4a53-9a39-09cb8d01bd80,java/lang/StringBuilder.java,append
bcbf1d2f-ba94-4a53-9a39-09cb8d01bd80,17adb061-933b-4730-a300-de41efc2d8d8,5e74b05a-d6b8-4f98-908b-69654f63646b,->,bcbf1d2f-ba94-4a53-9a39-09cb8d01bd80,java/lang/StringBuilder.java,append
bcbf1d2f-ba94-4a53-9a39-09cb8d01bd80,17adb061-933b-4730-a300-de41efc2d8d8,5e74b05a-d6b8-4f98-908b-69654f63646b,->,bcbf1d2f-ba94-4a53-9a39-09cb8d01bd80,java/lang/StringBuilder.java,append
bcbf1d2f-ba94-4a53-9a39-09cb8d01bd80,17adb061-933b-4730-a300-de41efc2d8d8,5e74b05a-d6b8-4f98-908b-69654f63646b,->,bcbf1d2f-ba94-4a53-9a39-09cb8d01bd80,java/lang/StringBuilder.java,append
bcbf1d2f-ba94-4a53-9a39-09cb8d01bd80,17adb061-933b-4730-a300-de41efc2d8d8,5e74b05a-d6b8-4f98-908b-69654f63646b,->,bcbf1d2f-ba94-4a53-9a39-09cb8d01bd80,java/lang/StringBuilder.java,append
bcbf1d2f-ba94-4a53-9a39-09cb8d01bd80,17adb061-933b-4730-a300-de41efc2d8d8,5e74b05a-d6b8-4f98-908b-69654f63646b,->,bcbf1d2f-ba94-4a53-9a39-09cb8d01bd80,java/lang/StringBuilder.java,append
bcbf1d2f-ba94-4a53-9a39-09cb8d01bd80,17adb061-933b-4730-a300-de41efc2d8d8,5e74b05a-d6b8-4f98-908b-69654f63646b,->,bcbf1d2f-ba94-4a53-9a39-09cb8d01bd80,java/lang/StringBuilder.java,append
bcbf1d2f-ba94-4a53-9a39-09cb8d01bd80,17adb061-933b-4730-a300-de41efc2d8d8,5e74b05a-d6b8-4f98-908b-69654f63646b,->,bcbf1d2f-ba94-4a53-9a39-09cb8d01bd80,java/lang/StringBuilder.java,append
bcbf1d2f-ba94-4a53-9a39-09cb8d01bd80,17adb061-933b-4730-a300-de41efc2d8d8,5e74b05a-d6b8-4f98-908b-69654f63646b,->,bcbf1d2f-ba94-4a53-9a39-09cb8d01bd80,java/lang/StringBuilder.java,append
bcbf1d2f-ba94-4a53-9a39-09cb8d01bd80,17adb061-933b-4730-a300-de41efc2d8d8,5e74b05a-d6b8-4f98-908b-69654f63646b,->,bcbf1d2f-ba94-4a53-9a39-09cb8d01bd80,java/lang/StringBuilder.java,toString
bcbf1d2f-ba94-4a53-9a39-09cb8d01bd80,17adb061-933b-4730-a300-de41efc2d8d8,5e74b05a-d6b8-4f98-908b-69654f63646b,->,bcbf1d2f-ba94-4a53-9a39-09cb8d01bd80,java/sql/Connection.java,createStatement
bcbf1d2f-ba94-4a53-9a39-09cb8d01bd80,17adb061-933b-4730-a300-de41efc2d8d8,5e74b05a-d6b8-4f98-908b-69654f63646b,->,bcbf1d2f-ba94-4a53-9a39-09cb8d01bd80,java/sql/Statement.java,executeUpdate
bcbf1d2f-ba94-4a53-9a39-09cb8d01bd80,17adb061-933b-4730-a300-de41efc2d8d8,5e74b05a-d6b8-4f98-908b-69654f63646b,->,bcbf1d2f-ba94-4a53-9a39-09cb8d01bd80,java/sql/SQLException.java,printStackTrace
bcbf1d2f-ba94-4a53-9a39-09cb8d01bd80,17adb061-933b-4730-a300-de41efc2d8d8,e45efd8c-220b-4dd4-ac9c-dd436b0ddeeb,->,bcbf1d2f-ba94-4a53-9a39-09cb8d01bd80,31734ef9-0c1b-4345-80ab-e0199651c258,966315e5-1ef2-4a9a-850e-970892fc44a7
bcbf1d2f-ba94-4a53-9a39-09cb8d01bd80,17adb061-933b-4730-a300-de41efc2d8d8,e45efd8c-220b-4dd4-ac9c-dd436b0ddeeb,->,bcbf1d2f-ba94-4a53-9a39-09cb8d01bd80,java/sql/Connection.java,createStatement
bcbf1d2f-ba94-4a53-9a39-09cb8d01bd80,17adb061-933b-4730-a300-de41efc2d8d8,e45efd8c-220b-4dd4-ac9c-dd436b0ddeeb,->,bcbf1d2f-ba94-4a53-9a39-09cb8d01bd80,java/sql/Statement.java,executeQuery
bcbf1d2f-ba94-4a53-9a39-09cb8d01bd80,17adb061-933b-4730-a300-de41efc2d8d8,e45efd8c-220b-4dd4-ac9c-dd436b0ddeeb,->,bcbf1d2f-ba94-4a53-9a39-09cb8d01bd80,663e0ea9-2e2c-4bc9-9587-19e5e8dc6f1e,e97a388a-653d-4c3f-9ae5-1b1cb2b99f2d
bcbf1d2f-ba94-4a53-9a39-09cb8d01bd80,17adb061-933b-4730-a300-de41efc2d8d8,e45efd8c-220b-4dd4-ac9c-dd436b0ddeeb,->,bcbf1d2f-ba94-4a53-9a39-09cb8d01bd80,663e0ea9-2e2c-4bc9-9587-19e5e8dc6f1e,a0fda326-0cc6-4402-b2ad-81bb0bd21718
bcbf1d2f-ba94-4a53-9a39-09cb8d01bd80,17adb061-933b-4730-a300-de41efc2d8d8,e45efd8c-220b-4dd4-ac9c-dd436b0ddeeb,->,bcbf1d2f-ba94-4a53-9a39-09cb8d01bd80,663e0ea9-2e2c-4bc9-9587-19e5e8dc6f1e,70843833-3795-4332-88fe-060fbace45bc
bcbf1d2f-ba94-4a53-9a39-09cb8d01bd80,17adb061-933b-4730-a300-de41efc2d8d8,e45efd8c-220b-4dd4-ac9c-dd436b0ddeeb,->,bcbf1d2f-ba94-4a53-9a39-09cb8d01bd80,663e0ea9-2e2c-4bc9-9587-19e5e8dc6f1e,1d87e1fb-9662-45b7-8328-086b3540826e
bcbf1d2f-ba94-4a53-9a39-09cb8d01bd80,17adb061-933b-4730-a300-de41efc2d8d8,e45efd8c-220b-4dd4-ac9c-dd436b0ddeeb,->,bcbf1d2f-ba94-4a53-9a39-09cb8d01bd80,663e0ea9-2e2c-4bc9-9587-19e5e8dc6f1e,c5af0b3c-e518-4288-a1d2-e8185df9163c
bcbf1d2f-ba94-4a53-9a39-09cb8d01bd80,17adb061-933b-4730-a300-de41efc2d8d8,e45efd8c-220b-4dd4-ac9c-dd436b0ddeeb,->,bcbf1d2f-ba94-4a53-9a39-09cb8d01bd80,663e0ea9-2e2c-4bc9-9587-19e5e8dc6f1e,4c6e5b10-09b0-494d-b7d8-d0277e585054
bcbf1d2f-ba94-4a53-9a39-09cb8d01bd80,17adb061-933b-4730-a300-de41efc2d8d8,e45efd8c-220b-4dd4-ac9c-dd436b0ddeeb,->,bcbf1d2f-ba94-4a53-9a39-09cb8d01bd80,663e0ea9-2e2c-4bc9-9587-19e5e8dc6f1e,66706c82-f2ad-4abc-8acc-ca8d1d660770
bcbf1d2f-ba94-4a53-9a39-09cb8d01bd80,17adb061-933b-4730-a300-de41efc2d8d8,e45efd8c-220b-4dd4-ac9c-dd436b0ddeeb,->,bcbf1d2f-ba94-4a53-9a39-09cb8d01bd80,663e0ea9-2e2c-4bc9-9587-19e5e8dc6f1e,c2b81c98-8fe3-4483-8edd-941edb9124e1
bcbf1d2f-ba94-4a53-9a39-09cb8d01bd80,17adb061-933b-4730-a300-de41efc2d8d8,e45efd8c-220b-4dd4-ac9c-dd436b0ddeeb,->,bcbf1d2f-ba94-4a53-9a39-09cb8d01bd80,java/sql/ResultSet.java,next
bcbf1d2f-ba94-4a53-9a39-09cb8d01bd80,17adb061-933b-4730-a300-de41efc2d8d8,e45efd8c-220b-4dd4-ac9c-dd436b0ddeeb,->,bcbf1d2f-ba94-4a53-9a39-09cb8d01bd80,java/sql/ResultSet.java,getString
bcbf1d2f-ba94-4a53-9a39-09cb8d01bd80,17adb061-933b-4730-a300-de41efc2d8d8,e45efd8c-220b-4dd4-ac9c-dd436b0ddeeb,->,bcbf1d2f-ba94-4a53-9a39-09cb8d01bd80,java/lang/String.java,substring
bcbf1d2f-ba94-4a53-9a39-09cb8d01bd80,17adb061-933b-4730-a300-de41efc2d8d8,e45efd8c-220b-4dd4-ac9c-dd436b0ddeeb,->,bcbf1d2f-ba94-4a53-9a39-09cb8d01bd80,java/lang/StringBuilder.java,append
bcbf1d2f-ba94-4a53-9a39-09cb8d01bd80,17adb061-933b-4730-a300-de41efc2d8d8,e45efd8c-220b-4dd4-ac9c-dd436b0ddeeb,->,bcbf1d2f-ba94-4a53-9a39-09cb8d01bd80,java/lang/StringBuilder.java,append
bcbf1d2f-ba94-4a53-9a39-09cb8d01bd80,17adb061-933b-4730-a300-de41efc2d8d8,e45efd8c-220b-4dd4-ac9c-dd436b0ddeeb,->,bcbf1d2f-ba94-4a53-9a39-09cb8d01bd80,java/lang/StringBuilder.java,toString
bcbf1d2f-ba94-4a53-9a39-09cb8d01bd80,17adb061-933b-4730-a300-de41efc2d8d8,e45efd8c-220b-4dd4-ac9c-dd436b0ddeeb,->,bcbf1d2f-ba94-4a53-9a39-09cb8d01bd80,java/lang/String.java,length
bcbf1d2f-ba94-4a53-9a39-09cb8d01bd80,17adb061-933b-4730-a300-de41efc2d8d8,e45efd8c-220b-4dd4-ac9c-dd436b0ddeeb,->,bcbf1d2f-ba94-4a53-9a39-09cb8d01bd80,java/lang/String.java,equals
bcbf1d2f-ba94-4a53-9a39-09cb8d01bd80,17adb061-933b-4730-a300-de41efc2d8d8,e45efd8c-220b-4dd4-ac9c-dd436b0ddeeb,->,bcbf1d2f-ba94-4a53-9a39-09cb8d01bd80,java/lang/StringBuilder.java,append
bcbf1d2f-ba94-4a53-9a39-09cb8d01bd80,17adb061-933b-4730-a300-de41efc2d8d8,e45efd8c-220b-4dd4-ac9c-dd436b0ddeeb,->,bcbf1d2f-ba94-4a53-9a39-09cb8d01bd80,java/lang/StringBuilder.java,append
bcbf1d2f-ba94-4a53-9a39-09cb8d01bd80,17adb061-933b-4730-a300-de41efc2d8d8,e45efd8c-220b-4dd4-ac9c-dd436b0ddeeb,->,bcbf1d2f-ba94-4a53-9a39-09cb8d01bd80,java/lang/StringBuilder.java,append
bcbf1d2f-ba94-4a53-9a39-09cb8d01bd80,17adb061-933b-4730-a300-de41efc2d8d8,e45efd8c-220b-4dd4-ac9c-dd436b0ddeeb,->,bcbf1d2f-ba94-4a53-9a39-09cb8d01bd80,java/lang/StringBuilder.java,append
bcbf1d2f-ba94-4a53-9a39-09cb8d01bd80,17adb061-933b-4730-a300-de41efc2d8d8,e45efd8c-220b-4dd4-ac9c-dd436b0ddeeb,->,bcbf1d2f-ba94-4a53-9a39-09cb8d01bd80,java/lang/StringBuilder.java,append
bcbf1d2f-ba94-4a53-9a39-09cb8d01bd80,17adb061-933b-4730-a300-de41efc2d8d8,e45efd8c-220b-4dd4-ac9c-dd436b0ddeeb,->,bcbf1d2f-ba94-4a53-9a39-09cb8d01bd80,java/lang/StringBuilder.java,append
bcbf1d2f-ba94-4a53-9a39-09cb8d01bd80,17adb061-933b-4730-a300-de41efc2d8d8,e45efd8c-220b-4dd4-ac9c-dd436b0ddeeb,->,bcbf1d2f-ba94-4a53-9a39-09cb8d01bd80,java/lang/StringBuilder.java,append
bcbf1d2f-ba94-4a53-9a39-09cb8d01bd80,17adb061-933b-4730-a300-de41efc2d8d8,e45efd8c-220b-4dd4-ac9c-dd436b0ddeeb,->,bcbf1d2f-ba94-4a53-9a39-09cb8d01bd80,java/lang/StringBuilder.java,append
bcbf1d2f-ba94-4a53-9a39-09cb8d01bd80,17adb061-933b-4730-a300-de41efc2d8d8,e45efd8c-220b-4dd4-ac9c-dd436b0ddeeb,->,bcbf1d2f-ba94-4a53-9a39-09cb8d01bd80,java/lang/StringBuilder.java,append
bcbf1d2f-ba94-4a53-9a39-09cb8d01bd80,17adb061-933b-4730-a300-de41efc2d8d8,e45efd8c-220b-4dd4-ac9c-dd436b0ddeeb,->,bcbf1d2f-ba94-4a53-9a39-09cb8d01bd80,java/lang/StringBuilder.java,append
bcbf1d2f-ba94-4a53-9a39-09cb8d01bd80,17adb061-933b-4730-a300-de41efc2d8d8,e45efd8c-220b-4dd4-ac9c-dd436b0ddeeb,->,bcbf1d2f-ba94-4a53-9a39-09cb8d01bd80,java/lang/StringBuilder.java,append
bcbf1d2f-ba94-4a53-9a39-09cb8d01bd80,17adb061-933b-4730-a300-de41efc2d8d8,e45efd8c-220b-4dd4-ac9c-dd436b0ddeeb,->,bcbf1d2f-ba94-4a53-9a39-09cb8d01bd80,java/lang/StringBuilder.java,append
bcbf1d2f-ba94-4a53-9a39-09cb8d01bd80,17adb061-933b-4730-a300-de41efc2d8d8,e45efd8c-220b-4dd4-ac9c-dd436b0ddeeb,->,bcbf1d2f-ba94-4a53-9a39-09cb8d01bd80,java/lang/StringBuilder.java,append
bcbf1d2f-ba94-4a53-9a39-09cb8d01bd80,17adb061-933b-4730-a300-de41efc2d8d8,e45efd8c-220b-4dd4-ac9c-dd436b0ddeeb,->,bcbf1d2f-ba94-4a53-9a39-09cb8d01bd80,java/lang/StringBuilder.java,append
bcbf1d2f-ba94-4a53-9a39-09cb8d01bd80,17adb061-933b-4730-a300-de41efc2d8d8,e45efd8c-220b-4dd4-ac9c-dd436b0ddeeb,->,bcbf1d2f-ba94-4a53-9a39-09cb8d01bd80,java/lang/StringBuilder.java,append
bcbf1d2f-ba94-4a53-9a39-09cb8d01bd80,17adb061-933b-4730-a300-de41efc2d8d8,e45efd8c-220b-4dd4-ac9c-dd436b0ddeeb,->,bcbf1d2f-ba94-4a53-9a39-09cb8d01bd80,java/lang/StringBuilder.java,append
bcbf1d2f-ba94-4a53-9a39-09cb8d01bd80,17adb061-933b-4730-a300-de41efc2d8d8,e45efd8c-220b-4dd4-ac9c-dd436b0ddeeb,->,bcbf1d2f-ba94-4a53-9a39-09cb8d01bd80,java/lang/StringBuilder.java,append
bcbf1d2f-ba94-4a53-9a39-09cb8d01bd80,17adb061-933b-4730-a300-de41efc2d8d8,e45efd8c-220b-4dd4-ac9c-dd436b0ddeeb,->,bcbf1d2f-ba94-4a53-9a39-09cb8d01bd80,java/lang/StringBuilder.java,toString
bcbf1d2f-ba94-4a53-9a39-09cb8d01bd80,17adb061-933b-4730-a300-de41efc2d8d8,e45efd8c-220b-4dd4-ac9c-dd436b0ddeeb,->,bcbf1d2f-ba94-4a53-9a39-09cb8d01bd80,java/sql/Connection.java,createStatement
bcbf1d2f-ba94-4a53-9a39-09cb8d01bd80,17adb061-933b-4730-a300-de41efc2d8d8,e45efd8c-220b-4dd4-ac9c-dd436b0ddeeb,->,bcbf1d2f-ba94-4a53-9a39-09cb8d01bd80,java/sql/Statement.java,executeUpdate
bcbf1d2f-ba94-4a53-9a39-09cb8d01bd80,17adb061-933b-4730-a300-de41efc2d8d8,e45efd8c-220b-4dd4-ac9c-dd436b0ddeeb,->,bcbf1d2f-ba94-4a53-9a39-09cb8d01bd80,java/sql/SQLException.java,printStackTrace
bcbf1d2f-ba94-4a53-9a39-09cb8d01bd80,17adb061-933b-4730-a300-de41efc2d8d8,139e21b9-2ad0-43fd-9b47-340e10ef4efe,->,bcbf1d2f-ba94-4a53-9a39-09cb8d01bd80,31734ef9-0c1b-4345-80ab-e0199651c258,966315e5-1ef2-4a9a-850e-970892fc44a7
bcbf1d2f-ba94-4a53-9a39-09cb8d01bd80,17adb061-933b-4730-a300-de41efc2d8d8,139e21b9-2ad0-43fd-9b47-340e10ef4efe,->,bcbf1d2f-ba94-4a53-9a39-09cb8d01bd80,java/sql/Connection.java,createStatement
bcbf1d2f-ba94-4a53-9a39-09cb8d01bd80,17adb061-933b-4730-a300-de41efc2d8d8,139e21b9-2ad0-43fd-9b47-340e10ef4efe,->,bcbf1d2f-ba94-4a53-9a39-09cb8d01bd80,java/sql/Statement.java,executeQuery
bcbf1d2f-ba94-4a53-9a39-09cb8d01bd80,17adb061-933b-4730-a300-de41efc2d8d8,139e21b9-2ad0-43fd-9b47-340e10ef4efe,->,bcbf1d2f-ba94-4a53-9a39-09cb8d01bd80,java/sql/ResultSet.java,next
bcbf1d2f-ba94-4a53-9a39-09cb8d01bd80,17adb061-933b-4730-a300-de41efc2d8d8,139e21b9-2ad0-43fd-9b47-340e10ef4efe,->,bcbf1d2f-ba94-4a53-9a39-09cb8d01bd80,java/sql/ResultSet.java,getString
bcbf1d2f-ba94-4a53-9a39-09cb8d01bd80,17adb061-933b-4730-a300-de41efc2d8d8,139e21b9-2ad0-43fd-9b47-340e10ef4efe,->,bcbf1d2f-ba94-4a53-9a39-09cb8d01bd80,java/lang/String.java,length
bcbf1d2f-ba94-4a53-9a39-09cb8d01bd80,17adb061-933b-4730-a300-de41efc2d8d8,139e21b9-2ad0-43fd-9b47-340e10ef4efe,->,bcbf1d2f-ba94-4a53-9a39-09cb8d01bd80,java/lang/String.java,substring
bcbf1d2f-ba94-4a53-9a39-09cb8d01bd80,17adb061-933b-4730-a300-de41efc2d8d8,139e21b9-2ad0-43fd-9b47-340e10ef4efe,->,bcbf1d2f-ba94-4a53-9a39-09cb8d01bd80,java/lang/StringBuilder.java,append
bcbf1d2f-ba94-4a53-9a39-09cb8d01bd80,17adb061-933b-4730-a300-de41efc2d8d8,139e21b9-2ad0-43fd-9b47-340e10ef4efe,->,bcbf1d2f-ba94-4a53-9a39-09cb8d01bd80,java/lang/StringBuilder.java,append
bcbf1d2f-ba94-4a53-9a39-09cb8d01bd80,17adb061-933b-4730-a300-de41efc2d8d8,139e21b9-2ad0-43fd-9b47-340e10ef4efe,->,bcbf1d2f-ba94-4a53-9a39-09cb8d01bd80,java/lang/StringBuilder.java,toString
bcbf1d2f-ba94-4a53-9a39-09cb8d01bd80,17adb061-933b-4730-a300-de41efc2d8d8,139e21b9-2ad0-43fd-9b47-340e10ef4efe,->,bcbf1d2f-ba94-4a53-9a39-09cb8d01bd80,java/util/List.java,add
bcbf1d2f-ba94-4a53-9a39-09cb8d01bd80,17adb061-933b-4730-a300-de41efc2d8d8,139e21b9-2ad0-43fd-9b47-340e10ef4efe,->,bcbf1d2f-ba94-4a53-9a39-09cb8d01bd80,java/sql/SQLException.java,printStackTrace
bcbf1d2f-ba94-4a53-9a39-09cb8d01bd80,17adb061-933b-4730-a300-de41efc2d8d8,212c2f2c-4404-43a8-9b6e-a768ecfbdc8a,->,bcbf1d2f-ba94-4a53-9a39-09cb8d01bd80,31734ef9-0c1b-4345-80ab-e0199651c258,966315e5-1ef2-4a9a-850e-970892fc44a7
bcbf1d2f-ba94-4a53-9a39-09cb8d01bd80,17adb061-933b-4730-a300-de41efc2d8d8,212c2f2c-4404-43a8-9b6e-a768ecfbdc8a,->,bcbf1d2f-ba94-4a53-9a39-09cb8d01bd80,java/lang/StringBuilder.java,append
bcbf1d2f-ba94-4a53-9a39-09cb8d01bd80,17adb061-933b-4730-a300-de41efc2d8d8,212c2f2c-4404-43a8-9b6e-a768ecfbdc8a,->,bcbf1d2f-ba94-4a53-9a39-09cb8d01bd80,java/lang/StringBuilder.java,append
bcbf1d2f-ba94-4a53-9a39-09cb8d01bd80,17adb061-933b-4730-a300-de41efc2d8d8,212c2f2c-4404-43a8-9b6e-a768ecfbdc8a,->,bcbf1d2f-ba94-4a53-9a39-09cb8d01bd80,java/lang/StringBuilder.java,toString
bcbf1d2f-ba94-4a53-9a39-09cb8d01bd80,17adb061-933b-4730-a300-de41efc2d8d8,212c2f2c-4404-43a8-9b6e-a768ecfbdc8a,->,bcbf1d2f-ba94-4a53-9a39-09cb8d01bd80,java/sql/Connection.java,createStatement
bcbf1d2f-ba94-4a53-9a39-09cb8d01bd80,17adb061-933b-4730-a300-de41efc2d8d8,212c2f2c-4404-43a8-9b6e-a768ecfbdc8a,->,bcbf1d2f-ba94-4a53-9a39-09cb8d01bd80,java/sql/Statement.java,executeQuery
bcbf1d2f-ba94-4a53-9a39-09cb8d01bd80,17adb061-933b-4730-a300-de41efc2d8d8,212c2f2c-4404-43a8-9b6e-a768ecfbdc8a,->,bcbf1d2f-ba94-4a53-9a39-09cb8d01bd80,java/sql/ResultSet.java,next
bcbf1d2f-ba94-4a53-9a39-09cb8d01bd80,17adb061-933b-4730-a300-de41efc2d8d8,212c2f2c-4404-43a8-9b6e-a768ecfbdc8a,->,bcbf1d2f-ba94-4a53-9a39-09cb8d01bd80,java/sql/ResultSet.java,getString
bcbf1d2f-ba94-4a53-9a39-09cb8d01bd80,17adb061-933b-4730-a300-de41efc2d8d8,212c2f2c-4404-43a8-9b6e-a768ecfbdc8a,->,bcbf1d2f-ba94-4a53-9a39-09cb8d01bd80,java/lang/String.java,length
bcbf1d2f-ba94-4a53-9a39-09cb8d01bd80,17adb061-933b-4730-a300-de41efc2d8d8,212c2f2c-4404-43a8-9b6e-a768ecfbdc8a,->,bcbf1d2f-ba94-4a53-9a39-09cb8d01bd80,java/lang/String.java,substring
bcbf1d2f-ba94-4a53-9a39-09cb8d01bd80,17adb061-933b-4730-a300-de41efc2d8d8,212c2f2c-4404-43a8-9b6e-a768ecfbdc8a,->,bcbf1d2f-ba94-4a53-9a39-09cb8d01bd80,java/lang/StringBuilder.java,append
bcbf1d2f-ba94-4a53-9a39-09cb8d01bd80,17adb061-933b-4730-a300-de41efc2d8d8,212c2f2c-4404-43a8-9b6e-a768ecfbdc8a,->,bcbf1d2f-ba94-4a53-9a39-09cb8d01bd80,java/lang/StringBuilder.java,append
bcbf1d2f-ba94-4a53-9a39-09cb8d01bd80,17adb061-933b-4730-a300-de41efc2d8d8,212c2f2c-4404-43a8-9b6e-a768ecfbdc8a,->,bcbf1d2f-ba94-4a53-9a39-09cb8d01bd80,java/lang/StringBuilder.java,toString
bcbf1d2f-ba94-4a53-9a39-09cb8d01bd80,17adb061-933b-4730-a300-de41efc2d8d8,212c2f2c-4404-43a8-9b6e-a768ecfbdc8a,->,bcbf1d2f-ba94-4a53-9a39-09cb8d01bd80,java/lang/StringBuilder.java,append
bcbf1d2f-ba94-4a53-9a39-09cb8d01bd80,17adb061-933b-4730-a300-de41efc2d8d8,212c2f2c-4404-43a8-9b6e-a768ecfbdc8a,->,bcbf1d2f-ba94-4a53-9a39-09cb8d01bd80,java/lang/StringBuilder.java,append
bcbf1d2f-ba94-4a53-9a39-09cb8d01bd80,17adb061-933b-4730-a300-de41efc2d8d8,212c2f2c-4404-43a8-9b6e-a768ecfbdc8a,->,bcbf1d2f-ba94-4a53-9a39-09cb8d01bd80,java/lang/StringBuilder.java,append
bcbf1d2f-ba94-4a53-9a39-09cb8d01bd80,17adb061-933b-4730-a300-de41efc2d8d8,212c2f2c-4404-43a8-9b6e-a768ecfbdc8a,->,bcbf1d2f-ba94-4a53-9a39-09cb8d01bd80,java/lang/StringBuilder.java,append
bcbf1d2f-ba94-4a53-9a39-09cb8d01bd80,17adb061-933b-4730-a300-de41efc2d8d8,212c2f2c-4404-43a8-9b6e-a768ecfbdc8a,->,bcbf1d2f-ba94-4a53-9a39-09cb8d01bd80,java/lang/StringBuilder.java,append
bcbf1d2f-ba94-4a53-9a39-09cb8d01bd80,17adb061-933b-4730-a300-de41efc2d8d8,212c2f2c-4404-43a8-9b6e-a768ecfbdc8a,->,bcbf1d2f-ba94-4a53-9a39-09cb8d01bd80,java/lang/StringBuilder.java,toString
bcbf1d2f-ba94-4a53-9a39-09cb8d01bd80,17adb061-933b-4730-a300-de41efc2d8d8,212c2f2c-4404-43a8-9b6e-a768ecfbdc8a,->,bcbf1d2f-ba94-4a53-9a39-09cb8d01bd80,java/sql/Connection.java,createStatement
bcbf1d2f-ba94-4a53-9a39-09cb8d01bd80,17adb061-933b-4730-a300-de41efc2d8d8,212c2f2c-4404-43a8-9b6e-a768ecfbdc8a,->,bcbf1d2f-ba94-4a53-9a39-09cb8d01bd80,java/sql/Statement.java,executeUpdate
bcbf1d2f-ba94-4a53-9a39-09cb8d01bd80,17adb061-933b-4730-a300-de41efc2d8d8,212c2f2c-4404-43a8-9b6e-a768ecfbdc8a,->,bcbf1d2f-ba94-4a53-9a39-09cb8d01bd80,java/sql/SQLException.java,printStackTrace
bcbf1d2f-ba94-4a53-9a39-09cb8d01bd80,17adb061-933b-4730-a300-de41efc2d8d8,62acc29d-e798-44b9-8255-61ad10f3556b,->,bcbf1d2f-ba94-4a53-9a39-09cb8d01bd80,31734ef9-0c1b-4345-80ab-e0199651c258,966315e5-1ef2-4a9a-850e-970892fc44a7
bcbf1d2f-ba94-4a53-9a39-09cb8d01bd80,17adb061-933b-4730-a300-de41efc2d8d8,62acc29d-e798-44b9-8255-61ad10f3556b,->,bcbf1d2f-ba94-4a53-9a39-09cb8d01bd80,java/sql/Connection.java,createStatement
bcbf1d2f-ba94-4a53-9a39-09cb8d01bd80,17adb061-933b-4730-a300-de41efc2d8d8,62acc29d-e798-44b9-8255-61ad10f3556b,->,bcbf1d2f-ba94-4a53-9a39-09cb8d01bd80,java/sql/Statement.java,executeUpdate
bcbf1d2f-ba94-4a53-9a39-09cb8d01bd80,17adb061-933b-4730-a300-de41efc2d8d8,62acc29d-e798-44b9-8255-61ad10f3556b,->,bcbf1d2f-ba94-4a53-9a39-09cb8d01bd80,java/sql/SQLException.java,printStackTrace
bcbf1d2f-ba94-4a53-9a39-09cb8d01bd80,17adb061-933b-4730-a300-de41efc2d8d8,97147c6f-cbee-4089-a47e-60fa6318501e,->,bcbf1d2f-ba94-4a53-9a39-09cb8d01bd80,31734ef9-0c1b-4345-80ab-e0199651c258,966315e5-1ef2-4a9a-850e-970892fc44a7
bcbf1d2f-ba94-4a53-9a39-09cb8d01bd80,17adb061-933b-4730-a300-de41efc2d8d8,97147c6f-cbee-4089-a47e-60fa6318501e,->,bcbf1d2f-ba94-4a53-9a39-09cb8d01bd80,java/lang/StringBuilder.java,append
bcbf1d2f-ba94-4a53-9a39-09cb8d01bd80,17adb061-933b-4730-a300-de41efc2d8d8,97147c6f-cbee-4089-a47e-60fa6318501e,->,bcbf1d2f-ba94-4a53-9a39-09cb8d01bd80,java/lang/StringBuilder.java,append
bcbf1d2f-ba94-4a53-9a39-09cb8d01bd80,17adb061-933b-4730-a300-de41efc2d8d8,97147c6f-cbee-4089-a47e-60fa6318501e,->,bcbf1d2f-ba94-4a53-9a39-09cb8d01bd80,java/lang/StringBuilder.java,toString
bcbf1d2f-ba94-4a53-9a39-09cb8d01bd80,17adb061-933b-4730-a300-de41efc2d8d8,97147c6f-cbee-4089-a47e-60fa6318501e,->,bcbf1d2f-ba94-4a53-9a39-09cb8d01bd80,java/sql/Connection.java,createStatement
bcbf1d2f-ba94-4a53-9a39-09cb8d01bd80,17adb061-933b-4730-a300-de41efc2d8d8,97147c6f-cbee-4089-a47e-60fa6318501e,->,bcbf1d2f-ba94-4a53-9a39-09cb8d01bd80,java/sql/Statement.java,executeUpdate
bcbf1d2f-ba94-4a53-9a39-09cb8d01bd80,17adb061-933b-4730-a300-de41efc2d8d8,97147c6f-cbee-4089-a47e-60fa6318501e,->,bcbf1d2f-ba94-4a53-9a39-09cb8d01bd80,java/sql/SQLException.java,printStackTrace
bcbf1d2f-ba94-4a53-9a39-09cb8d01bd80,17adb061-933b-4730-a300-de41efc2d8d8,37124a61-642f-4e4a-8640-589a14913874,->,bcbf1d2f-ba94-4a53-9a39-09cb8d01bd80,31734ef9-0c1b-4345-80ab-e0199651c258,966315e5-1ef2-4a9a-850e-970892fc44a7
bcbf1d2f-ba94-4a53-9a39-09cb8d01bd80,17adb061-933b-4730-a300-de41efc2d8d8,37124a61-642f-4e4a-8640-589a14913874,->,bcbf1d2f-ba94-4a53-9a39-09cb8d01bd80,java/sql/Connection.java,createStatement
bcbf1d2f-ba94-4a53-9a39-09cb8d01bd80,17adb061-933b-4730-a300-de41efc2d8d8,37124a61-642f-4e4a-8640-589a14913874,->,bcbf1d2f-ba94-4a53-9a39-09cb8d01bd80,java/sql/Statement.java,executeUpdate
bcbf1d2f-ba94-4a53-9a39-09cb8d01bd80,17adb061-933b-4730-a300-de41efc2d8d8,37124a61-642f-4e4a-8640-589a14913874,->,bcbf1d2f-ba94-4a53-9a39-09cb8d01bd80,java/sql/SQLException.java,printStackTrace
bcbf1d2f-ba94-4a53-9a39-09cb8d01bd80,17adb061-933b-4730-a300-de41efc2d8d8,0c504466-0ea3-41c4-8f53-b03ef22936fb,->,bcbf1d2f-ba94-4a53-9a39-09cb8d01bd80,31734ef9-0c1b-4345-80ab-e0199651c258,966315e5-1ef2-4a9a-850e-970892fc44a7
bcbf1d2f-ba94-4a53-9a39-09cb8d01bd80,17adb061-933b-4730-a300-de41efc2d8d8,0c504466-0ea3-41c4-8f53-b03ef22936fb,->,bcbf1d2f-ba94-4a53-9a39-09cb8d01bd80,java/lang/StringBuilder.java,append
bcbf1d2f-ba94-4a53-9a39-09cb8d01bd80,17adb061-933b-4730-a300-de41efc2d8d8,0c504466-0ea3-41c4-8f53-b03ef22936fb,->,bcbf1d2f-ba94-4a53-9a39-09cb8d01bd80,java/lang/StringBuilder.java,append
bcbf1d2f-ba94-4a53-9a39-09cb8d01bd80,17adb061-933b-4730-a300-de41efc2d8d8,0c504466-0ea3-41c4-8f53-b03ef22936fb,->,bcbf1d2f-ba94-4a53-9a39-09cb8d01bd80,java/lang/StringBuilder.java,append
bcbf1d2f-ba94-4a53-9a39-09cb8d01bd80,17adb061-933b-4730-a300-de41efc2d8d8,0c504466-0ea3-41c4-8f53-b03ef22936fb,->,bcbf1d2f-ba94-4a53-9a39-09cb8d01bd80,java/lang/StringBuilder.java,toString
bcbf1d2f-ba94-4a53-9a39-09cb8d01bd80,17adb061-933b-4730-a300-de41efc2d8d8,0c504466-0ea3-41c4-8f53-b03ef22936fb,->,bcbf1d2f-ba94-4a53-9a39-09cb8d01bd80,java/sql/Connection.java,createStatement
bcbf1d2f-ba94-4a53-9a39-09cb8d01bd80,17adb061-933b-4730-a300-de41efc2d8d8,0c504466-0ea3-41c4-8f53-b03ef22936fb,->,bcbf1d2f-ba94-4a53-9a39-09cb8d01bd80,java/sql/Statement.java,executeQuery
bcbf1d2f-ba94-4a53-9a39-09cb8d01bd80,17adb061-933b-4730-a300-de41efc2d8d8,0c504466-0ea3-41c4-8f53-b03ef22936fb,->,bcbf1d2f-ba94-4a53-9a39-09cb8d01bd80,java/sql/ResultSet.java,next
bcbf1d2f-ba94-4a53-9a39-09cb8d01bd80,17adb061-933b-4730-a300-de41efc2d8d8,0c504466-0ea3-41c4-8f53-b03ef22936fb,->,bcbf1d2f-ba94-4a53-9a39-09cb8d01bd80,java/sql/ResultSet.java,getString
bcbf1d2f-ba94-4a53-9a39-09cb8d01bd80,17adb061-933b-4730-a300-de41efc2d8d8,0c504466-0ea3-41c4-8f53-b03ef22936fb,->,bcbf1d2f-ba94-4a53-9a39-09cb8d01bd80,java/sql/ResultSet.java,getString
bcbf1d2f-ba94-4a53-9a39-09cb8d01bd80,17adb061-933b-4730-a300-de41efc2d8d8,0c504466-0ea3-41c4-8f53-b03ef22936fb,->,bcbf1d2f-ba94-4a53-9a39-09cb8d01bd80,java/sql/ResultSet.java,getFloat
bcbf1d2f-ba94-4a53-9a39-09cb8d01bd80,17adb061-933b-4730-a300-de41efc2d8d8,0c504466-0ea3-41c4-8f53-b03ef22936fb,->,bcbf1d2f-ba94-4a53-9a39-09cb8d01bd80,java/sql/ResultSet.java,getFloat
bcbf1d2f-ba94-4a53-9a39-09cb8d01bd80,17adb061-933b-4730-a300-de41efc2d8d8,0c504466-0ea3-41c4-8f53-b03ef22936fb,->,bcbf1d2f-ba94-4a53-9a39-09cb8d01bd80,java/sql/ResultSet.java,getString
bcbf1d2f-ba94-4a53-9a39-09cb8d01bd80,17adb061-933b-4730-a300-de41efc2d8d8,0c504466-0ea3-41c4-8f53-b03ef22936fb,->,bcbf1d2f-ba94-4a53-9a39-09cb8d01bd80,java/sql/ResultSet.java,getString
bcbf1d2f-ba94-4a53-9a39-09cb8d01bd80,17adb061-933b-4730-a300-de41efc2d8d8,0c504466-0ea3-41c4-8f53-b03ef22936fb,->,bcbf1d2f-ba94-4a53-9a39-09cb8d01bd80,java/sql/ResultSet.java,getString
bcbf1d2f-ba94-4a53-9a39-09cb8d01bd80,17adb061-933b-4730-a300-de41efc2d8d8,0c504466-0ea3-41c4-8f53-b03ef22936fb,->,bcbf1d2f-ba94-4a53-9a39-09cb8d01bd80,java/sql/ResultSet.java,getString
bcbf1d2f-ba94-4a53-9a39-09cb8d01bd80,17adb061-933b-4730-a300-de41efc2d8d8,0c504466-0ea3-41c4-8f53-b03ef22936fb,->,bcbf1d2f-ba94-4a53-9a39-09cb8d01bd80,java/sql/ResultSet.java,getString
bcbf1d2f-ba94-4a53-9a39-09cb8d01bd80,17adb061-933b-4730-a300-de41efc2d8d8,0c504466-0ea3-41c4-8f53-b03ef22936fb,->,bcbf1d2f-ba94-4a53-9a39-09cb8d01bd80,java/sql/ResultSet.java,getString
bcbf1d2f-ba94-4a53-9a39-09cb8d01bd80,17adb061-933b-4730-a300-de41efc2d8d8,0c504466-0ea3-41c4-8f53-b03ef22936fb,->,bcbf1d2f-ba94-4a53-9a39-09cb8d01bd80,java/sql/ResultSet.java,getInt
bcbf1d2f-ba94-4a53-9a39-09cb8d01bd80,17adb061-933b-4730-a300-de41efc2d8d8,0c504466-0ea3-41c4-8f53-b03ef22936fb,->,bcbf1d2f-ba94-4a53-9a39-09cb8d01bd80,java/sql/ResultSet.java,getString
bcbf1d2f-ba94-4a53-9a39-09cb8d01bd80,17adb061-933b-4730-a300-de41efc2d8d8,0c504466-0ea3-41c4-8f53-b03ef22936fb,->,bcbf1d2f-ba94-4a53-9a39-09cb8d01bd80,java/sql/ResultSet.java,getString
bcbf1d2f-ba94-4a53-9a39-09cb8d01bd80,17adb061-933b-4730-a300-de41efc2d8d8,0c504466-0ea3-41c4-8f53-b03ef22936fb,->,bcbf1d2f-ba94-4a53-9a39-09cb8d01bd80,java/sql/ResultSet.java,getString
bcbf1d2f-ba94-4a53-9a39-09cb8d01bd80,17adb061-933b-4730-a300-de41efc2d8d8,0c504466-0ea3-41c4-8f53-b03ef22936fb,->,bcbf1d2f-ba94-4a53-9a39-09cb8d01bd80,java/sql/ResultSet.java,getString
bcbf1d2f-ba94-4a53-9a39-09cb8d01bd80,17adb061-933b-4730-a300-de41efc2d8d8,0c504466-0ea3-41c4-8f53-b03ef22936fb,->,bcbf1d2f-ba94-4a53-9a39-09cb8d01bd80,java/sql/ResultSet.java,getString
bcbf1d2f-ba94-4a53-9a39-09cb8d01bd80,17adb061-933b-4730-a300-de41efc2d8d8,0c504466-0ea3-41c4-8f53-b03ef22936fb,->,bcbf1d2f-ba94-4a53-9a39-09cb8d01bd80,java/sql/ResultSet.java,getFloat
bcbf1d2f-ba94-4a53-9a39-09cb8d01bd80,17adb061-933b-4730-a300-de41efc2d8d8,0c504466-0ea3-41c4-8f53-b03ef22936fb,->,bcbf1d2f-ba94-4a53-9a39-09cb8d01bd80,java/sql/ResultSet.java,getFloat
bcbf1d2f-ba94-4a53-9a39-09cb8d01bd80,17adb061-933b-4730-a300-de41efc2d8d8,0c504466-0ea3-41c4-8f53-b03ef22936fb,->,bcbf1d2f-ba94-4a53-9a39-09cb8d01bd80,java/sql/ResultSet.java,getFloat
bcbf1d2f-ba94-4a53-9a39-09cb8d01bd80,17adb061-933b-4730-a300-de41efc2d8d8,0c504466-0ea3-41c4-8f53-b03ef22936fb,->,bcbf1d2f-ba94-4a53-9a39-09cb8d01bd80,java/sql/ResultSet.java,getFloat
bcbf1d2f-ba94-4a53-9a39-09cb8d01bd80,17adb061-933b-4730-a300-de41efc2d8d8,0c504466-0ea3-41c4-8f53-b03ef22936fb,->,bcbf1d2f-ba94-4a53-9a39-09cb8d01bd80,java/sql/ResultSet.java,getString
bcbf1d2f-ba94-4a53-9a39-09cb8d01bd80,17adb061-933b-4730-a300-de41efc2d8d8,0c504466-0ea3-41c4-8f53-b03ef22936fb,->,bcbf1d2f-ba94-4a53-9a39-09cb8d01bd80,java/sql/ResultSet.java,getString
bcbf1d2f-ba94-4a53-9a39-09cb8d01bd80,17adb061-933b-4730-a300-de41efc2d8d8,0c504466-0ea3-41c4-8f53-b03ef22936fb,->,bcbf1d2f-ba94-4a53-9a39-09cb8d01bd80,java/sql/ResultSet.java,getBoolean
bcbf1d2f-ba94-4a53-9a39-09cb8d01bd80,17adb061-933b-4730-a300-de41efc2d8d8,0c504466-0ea3-41c4-8f53-b03ef22936fb,->,bcbf1d2f-ba94-4a53-9a39-09cb8d01bd80,663e0ea9-2e2c-4bc9-9587-19e5e8dc6f1e,ae45de51-3ef1-4f3d-a93b-a4213e6c9010
bcbf1d2f-ba94-4a53-9a39-09cb8d01bd80,17adb061-933b-4730-a300-de41efc2d8d8,0c504466-0ea3-41c4-8f53-b03ef22936fb,->,bcbf1d2f-ba94-4a53-9a39-09cb8d01bd80,663e0ea9-2e2c-4bc9-9587-19e5e8dc6f1e,a6c61f64-8c71-4789-aee5-68ab81589218
bcbf1d2f-ba94-4a53-9a39-09cb8d01bd80,17adb061-933b-4730-a300-de41efc2d8d8,0c504466-0ea3-41c4-8f53-b03ef22936fb,->,bcbf1d2f-ba94-4a53-9a39-09cb8d01bd80,663e0ea9-2e2c-4bc9-9587-19e5e8dc6f1e,1c6f78d8-44fb-40b8-9ffe-361d93a3d337
bcbf1d2f-ba94-4a53-9a39-09cb8d01bd80,17adb061-933b-4730-a300-de41efc2d8d8,0c504466-0ea3-41c4-8f53-b03ef22936fb,->,bcbf1d2f-ba94-4a53-9a39-09cb8d01bd80,663e0ea9-2e2c-4bc9-9587-19e5e8dc6f1e,efd3162c-e374-42e8-81aa-e473600684a2
bcbf1d2f-ba94-4a53-9a39-09cb8d01bd80,17adb061-933b-4730-a300-de41efc2d8d8,0c504466-0ea3-41c4-8f53-b03ef22936fb,->,bcbf1d2f-ba94-4a53-9a39-09cb8d01bd80,663e0ea9-2e2c-4bc9-9587-19e5e8dc6f1e,3810d17f-1be5-4b6a-aa06-cb6ae9079295
bcbf1d2f-ba94-4a53-9a39-09cb8d01bd80,17adb061-933b-4730-a300-de41efc2d8d8,0c504466-0ea3-41c4-8f53-b03ef22936fb,->,bcbf1d2f-ba94-4a53-9a39-09cb8d01bd80,663e0ea9-2e2c-4bc9-9587-19e5e8dc6f1e,1e90c9ae-909b-4854-bcab-45befa76d62b
bcbf1d2f-ba94-4a53-9a39-09cb8d01bd80,17adb061-933b-4730-a300-de41efc2d8d8,0c504466-0ea3-41c4-8f53-b03ef22936fb,->,bcbf1d2f-ba94-4a53-9a39-09cb8d01bd80,663e0ea9-2e2c-4bc9-9587-19e5e8dc6f1e,a0838764-99e4-4020-8925-f8b777f34389
bcbf1d2f-ba94-4a53-9a39-09cb8d01bd80,17adb061-933b-4730-a300-de41efc2d8d8,0c504466-0ea3-41c4-8f53-b03ef22936fb,->,bcbf1d2f-ba94-4a53-9a39-09cb8d01bd80,663e0ea9-2e2c-4bc9-9587-19e5e8dc6f1e,a0e3a7a3-6d3c-4552-b2bf-aed13944d181
bcbf1d2f-ba94-4a53-9a39-09cb8d01bd80,17adb061-933b-4730-a300-de41efc2d8d8,0c504466-0ea3-41c4-8f53-b03ef22936fb,->,bcbf1d2f-ba94-4a53-9a39-09cb8d01bd80,663e0ea9-2e2c-4bc9-9587-19e5e8dc6f1e,521b8055-0e4f-4449-9d10-413f5f89c281
bcbf1d2f-ba94-4a53-9a39-09cb8d01bd80,17adb061-933b-4730-a300-de41efc2d8d8,0c504466-0ea3-41c4-8f53-b03ef22936fb,->,bcbf1d2f-ba94-4a53-9a39-09cb8d01bd80,java/text/SimpleDateFormat.java,parse
bcbf1d2f-ba94-4a53-9a39-09cb8d01bd80,17adb061-933b-4730-a300-de41efc2d8d8,0c504466-0ea3-41c4-8f53-b03ef22936fb,->,bcbf1d2f-ba94-4a53-9a39-09cb8d01bd80,java/text/ParseException.java,printStackTrace
bcbf1d2f-ba94-4a53-9a39-09cb8d01bd80,17adb061-933b-4730-a300-de41efc2d8d8,0c504466-0ea3-41c4-8f53-b03ef22936fb,->,bcbf1d2f-ba94-4a53-9a39-09cb8d01bd80,663e0ea9-2e2c-4bc9-9587-19e5e8dc6f1e,13e802ce-0e82-4003-be30-5a1a13afaecd
bcbf1d2f-ba94-4a53-9a39-09cb8d01bd80,17adb061-933b-4730-a300-de41efc2d8d8,0c504466-0ea3-41c4-8f53-b03ef22936fb,->,bcbf1d2f-ba94-4a53-9a39-09cb8d01bd80,663e0ea9-2e2c-4bc9-9587-19e5e8dc6f1e,7361d1aa-d83a-47e3-be03-6c88a42ddbfb
bcbf1d2f-ba94-4a53-9a39-09cb8d01bd80,17adb061-933b-4730-a300-de41efc2d8d8,0c504466-0ea3-41c4-8f53-b03ef22936fb,->,bcbf1d2f-ba94-4a53-9a39-09cb8d01bd80,663e0ea9-2e2c-4bc9-9587-19e5e8dc6f1e,6dc049cc-a5de-473d-8048-4ffb9eceddfd
bcbf1d2f-ba94-4a53-9a39-09cb8d01bd80,17adb061-933b-4730-a300-de41efc2d8d8,0c504466-0ea3-41c4-8f53-b03ef22936fb,->,bcbf1d2f-ba94-4a53-9a39-09cb8d01bd80,663e0ea9-2e2c-4bc9-9587-19e5e8dc6f1e,1f588558-ad74-42f1-a6dc-b560ae1727d1
bcbf1d2f-ba94-4a53-9a39-09cb8d01bd80,17adb061-933b-4730-a300-de41efc2d8d8,0c504466-0ea3-41c4-8f53-b03ef22936fb,->,bcbf1d2f-ba94-4a53-9a39-09cb8d01bd80,663e0ea9-2e2c-4bc9-9587-19e5e8dc6f1e,b8ada0a1-4234-45ed-9153-1220c9b53769
bcbf1d2f-ba94-4a53-9a39-09cb8d01bd80,17adb061-933b-4730-a300-de41efc2d8d8,0c504466-0ea3-41c4-8f53-b03ef22936fb,->,bcbf1d2f-ba94-4a53-9a39-09cb8d01bd80,663e0ea9-2e2c-4bc9-9587-19e5e8dc6f1e,b702dc0d-0a7e-4ae7-adf2-61fada1c4480
bcbf1d2f-ba94-4a53-9a39-09cb8d01bd80,17adb061-933b-4730-a300-de41efc2d8d8,0c504466-0ea3-41c4-8f53-b03ef22936fb,->,bcbf1d2f-ba94-4a53-9a39-09cb8d01bd80,663e0ea9-2e2c-4bc9-9587-19e5e8dc6f1e,9c07df7a-eef6-4569-94fd-04dab022d572
bcbf1d2f-ba94-4a53-9a39-09cb8d01bd80,17adb061-933b-4730-a300-de41efc2d8d8,0c504466-0ea3-41c4-8f53-b03ef22936fb,->,bcbf1d2f-ba94-4a53-9a39-09cb8d01bd80,663e0ea9-2e2c-4bc9-9587-19e5e8dc6f1e,2f7fa0f0-ed6b-4525-b67f-cc45de7f57c2
bcbf1d2f-ba94-4a53-9a39-09cb8d01bd80,17adb061-933b-4730-a300-de41efc2d8d8,0c504466-0ea3-41c4-8f53-b03ef22936fb,->,bcbf1d2f-ba94-4a53-9a39-09cb8d01bd80,663e0ea9-2e2c-4bc9-9587-19e5e8dc6f1e,8cc575c7-9060-4959-bc03-7c5c286de62b
bcbf1d2f-ba94-4a53-9a39-09cb8d01bd80,17adb061-933b-4730-a300-de41efc2d8d8,0c504466-0ea3-41c4-8f53-b03ef22936fb,->,bcbf1d2f-ba94-4a53-9a39-09cb8d01bd80,663e0ea9-2e2c-4bc9-9587-19e5e8dc6f1e,189ab331-2d8b-4626-acfb-516303144923
bcbf1d2f-ba94-4a53-9a39-09cb8d01bd80,17adb061-933b-4730-a300-de41efc2d8d8,0c504466-0ea3-41c4-8f53-b03ef22936fb,->,bcbf1d2f-ba94-4a53-9a39-09cb8d01bd80,663e0ea9-2e2c-4bc9-9587-19e5e8dc6f1e,52ffde93-fa2a-4bf8-9c73-4ed38f5fd4a5
bcbf1d2f-ba94-4a53-9a39-09cb8d01bd80,17adb061-933b-4730-a300-de41efc2d8d8,0c504466-0ea3-41c4-8f53-b03ef22936fb,->,bcbf1d2f-ba94-4a53-9a39-09cb8d01bd80,663e0ea9-2e2c-4bc9-9587-19e5e8dc6f1e,5c045986-21cc-4215-9eeb-8b6b889c8c11
bcbf1d2f-ba94-4a53-9a39-09cb8d01bd80,17adb061-933b-4730-a300-de41efc2d8d8,0c504466-0ea3-41c4-8f53-b03ef22936fb,->,bcbf1d2f-ba94-4a53-9a39-09cb8d01bd80,663e0ea9-2e2c-4bc9-9587-19e5e8dc6f1e,80bb3682-00bf-4b73-bfb5-410f3fa3befe
bcbf1d2f-ba94-4a53-9a39-09cb8d01bd80,17adb061-933b-4730-a300-de41efc2d8d8,0c504466-0ea3-41c4-8f53-b03ef22936fb,->,bcbf1d2f-ba94-4a53-9a39-09cb8d01bd80,java/lang/Boolean.java,valueOf
bcbf1d2f-ba94-4a53-9a39-09cb8d01bd80,17adb061-933b-4730-a300-de41efc2d8d8,0c504466-0ea3-41c4-8f53-b03ef22936fb,->,bcbf1d2f-ba94-4a53-9a39-09cb8d01bd80,663e0ea9-2e2c-4bc9-9587-19e5e8dc6f1e,ff0f4abe-bbb5-4e2b-b011-2d2bae6620f7
bcbf1d2f-ba94-4a53-9a39-09cb8d01bd80,17adb061-933b-4730-a300-de41efc2d8d8,0c504466-0ea3-41c4-8f53-b03ef22936fb,->,bcbf1d2f-ba94-4a53-9a39-09cb8d01bd80,6576efa8-f581-4939-9f69-f25daa3ced44,995e5195-6e4a-4269-993e-e4712fe3ca32
bcbf1d2f-ba94-4a53-9a39-09cb8d01bd80,17adb061-933b-4730-a300-de41efc2d8d8,0c504466-0ea3-41c4-8f53-b03ef22936fb,->,bcbf1d2f-ba94-4a53-9a39-09cb8d01bd80,org/tju/ui/LogUi.java,repaint
bcbf1d2f-ba94-4a53-9a39-09cb8d01bd80,17adb061-933b-4730-a300-de41efc2d8d8,0c504466-0ea3-41c4-8f53-b03ef22936fb,->,bcbf1d2f-ba94-4a53-9a39-09cb8d01bd80,java/sql/SQLException.java,printStackTrace
bcbf1d2f-ba94-4a53-9a39-09cb8d01bd80,663e0ea9-2e2c-4bc9-9587-19e5e8dc6f1e,efd3162c-e374-42e8-81aa-e473600684a2,->,bcbf1d2f-ba94-4a53-9a39-09cb8d01bd80,java/lang/String.java,toLowerCase
bcbf1d2f-ba94-4a53-9a39-09cb8d01bd80,663e0ea9-2e2c-4bc9-9587-19e5e8dc6f1e,5bfcde3c-93ea-4c05-b82d-24ebbd75c0a0,->,bcbf1d2f-ba94-4a53-9a39-09cb8d01bd80,java/text/SimpleDateFormat.java,format
bcbf1d2f-ba94-4a53-9a39-09cb8d01bd80,org/tju/ui/LogUi$2.java,mouseClicked,->,bcbf1d2f-ba94-4a53-9a39-09cb8d01bd80,java/util/List.java,get
bcbf1d2f-ba94-4a53-9a39-09cb8d01bd80,org/tju/ui/LogUi$2.java,mouseClicked,->,bcbf1d2f-ba94-4a53-9a39-09cb8d01bd80,663e0ea9-2e2c-4bc9-9587-19e5e8dc6f1e,e97a388a-653d-4c3f-9ae5-1b1cb2b99f2d
bcbf1d2f-ba94-4a53-9a39-09cb8d01bd80,org/tju/ui/LogUi$2.java,mouseClicked,->,bcbf1d2f-ba94-4a53-9a39-09cb8d01bd80,java/util/List.java,get
bcbf1d2f-ba94-4a53-9a39-09cb8d01bd80,org/tju/ui/LogUi$2.java,mouseClicked,->,bcbf1d2f-ba94-4a53-9a39-09cb8d01bd80,663e0ea9-2e2c-4bc9-9587-19e5e8dc6f1e,a0fda326-0cc6-4402-b2ad-81bb0bd21718
bcbf1d2f-ba94-4a53-9a39-09cb8d01bd80,org/tju/ui/LogUi$2.java,mouseClicked,->,bcbf1d2f-ba94-4a53-9a39-09cb8d01bd80,java/util/List.java,get
bcbf1d2f-ba94-4a53-9a39-09cb8d01bd80,org/tju/ui/LogUi$2.java,mouseClicked,->,bcbf1d2f-ba94-4a53-9a39-09cb8d01bd80,663e0ea9-2e2c-4bc9-9587-19e5e8dc6f1e,70843833-3795-4332-88fe-060fbace45bc
bcbf1d2f-ba94-4a53-9a39-09cb8d01bd80,org/tju/ui/LogUi$2.java,mouseClicked,->,bcbf1d2f-ba94-4a53-9a39-09cb8d01bd80,java/util/List.java,get
bcbf1d2f-ba94-4a53-9a39-09cb8d01bd80,org/tju/ui/LogUi$2.java,mouseClicked,->,bcbf1d2f-ba94-4a53-9a39-09cb8d01bd80,663e0ea9-2e2c-4bc9-9587-19e5e8dc6f1e,1d87e1fb-9662-45b7-8328-086b3540826e
bcbf1d2f-ba94-4a53-9a39-09cb8d01bd80,org/tju/ui/LogUi$2.java,mouseClicked,->,bcbf1d2f-ba94-4a53-9a39-09cb8d01bd80,java/util/List.java,get
bcbf1d2f-ba94-4a53-9a39-09cb8d01bd80,org/tju/ui/LogUi$2.java,mouseClicked,->,bcbf1d2f-ba94-4a53-9a39-09cb8d01bd80,663e0ea9-2e2c-4bc9-9587-19e5e8dc6f1e,c5af0b3c-e518-4288-a1d2-e8185df9163c
bcbf1d2f-ba94-4a53-9a39-09cb8d01bd80,org/tju/ui/LogUi$2.java,mouseClicked,->,bcbf1d2f-ba94-4a53-9a39-09cb8d01bd80,java/util/List.java,get
bcbf1d2f-ba94-4a53-9a39-09cb8d01bd80,org/tju/ui/LogUi$2.java,mouseClicked,->,bcbf1d2f-ba94-4a53-9a39-09cb8d01bd80,663e0ea9-2e2c-4bc9-9587-19e5e8dc6f1e,4c6e5b10-09b0-494d-b7d8-d0277e585054
bcbf1d2f-ba94-4a53-9a39-09cb8d01bd80,org/tju/ui/LogUi$2.java,mouseClicked,->,bcbf1d2f-ba94-4a53-9a39-09cb8d01bd80,java/util/List.java,get
bcbf1d2f-ba94-4a53-9a39-09cb8d01bd80,org/tju/ui/LogUi$2.java,mouseClicked,->,bcbf1d2f-ba94-4a53-9a39-09cb8d01bd80,663e0ea9-2e2c-4bc9-9587-19e5e8dc6f1e,66706c82-f2ad-4abc-8acc-ca8d1d660770
bcbf1d2f-ba94-4a53-9a39-09cb8d01bd80,org/tju/ui/LogUi$2.java,mouseClicked,->,bcbf1d2f-ba94-4a53-9a39-09cb8d01bd80,java/util/List.java,get
bcbf1d2f-ba94-4a53-9a39-09cb8d01bd80,org/tju/ui/LogUi$2.java,mouseClicked,->,bcbf1d2f-ba94-4a53-9a39-09cb8d01bd80,663e0ea9-2e2c-4bc9-9587-19e5e8dc6f1e,c2b81c98-8fe3-4483-8edd-941edb9124e1
bcbf1d2f-ba94-4a53-9a39-09cb8d01bd80,org/tju/ui/LogUi$2.java,mouseClicked,->,bcbf1d2f-ba94-4a53-9a39-09cb8d01bd80,663e0ea9-2e2c-4bc9-9587-19e5e8dc6f1e,ae45de51-3ef1-4f3d-a93b-a4213e6c9010
bcbf1d2f-ba94-4a53-9a39-09cb8d01bd80,org/tju/ui/LogUi$2.java,mouseClicked,->,bcbf1d2f-ba94-4a53-9a39-09cb8d01bd80,663e0ea9-2e2c-4bc9-9587-19e5e8dc6f1e,efd3162c-e374-42e8-81aa-e473600684a2
bcbf1d2f-ba94-4a53-9a39-09cb8d01bd80,org/tju/ui/LogUi$2.java,mouseClicked,->,bcbf1d2f-ba94-4a53-9a39-09cb8d01bd80,663e0ea9-2e2c-4bc9-9587-19e5e8dc6f1e,1e90c9ae-909b-4854-bcab-45befa76d62b
bcbf1d2f-ba94-4a53-9a39-09cb8d01bd80,org/tju/ui/LogUi$2.java,mouseClicked,->,bcbf1d2f-ba94-4a53-9a39-09cb8d01bd80,663e0ea9-2e2c-4bc9-9587-19e5e8dc6f1e,a0838764-99e4-4020-8925-f8b777f34389
bcbf1d2f-ba94-4a53-9a39-09cb8d01bd80,org/tju/ui/LogUi$2.java,mouseClicked,->,bcbf1d2f-ba94-4a53-9a39-09cb8d01bd80,663e0ea9-2e2c-4bc9-9587-19e5e8dc6f1e,189ab331-2d8b-4626-acfb-516303144923
bcbf1d2f-ba94-4a53-9a39-09cb8d01bd80,org/tju/ui/LogUi$2.java,mouseClicked,->,bcbf1d2f-ba94-4a53-9a39-09cb8d01bd80,663e0ea9-2e2c-4bc9-9587-19e5e8dc6f1e,52ffde93-fa2a-4bf8-9c73-4ed38f5fd4a5
bcbf1d2f-ba94-4a53-9a39-09cb8d01bd80,org/tju/ui/LogUi$2.java,mouseClicked,->,bcbf1d2f-ba94-4a53-9a39-09cb8d01bd80,663e0ea9-2e2c-4bc9-9587-19e5e8dc6f1e,5c045986-21cc-4215-9eeb-8b6b889c8c11
bcbf1d2f-ba94-4a53-9a39-09cb8d01bd80,org/tju/ui/LogUi$2.java,mouseClicked,->,bcbf1d2f-ba94-4a53-9a39-09cb8d01bd80,663e0ea9-2e2c-4bc9-9587-19e5e8dc6f1e,80bb3682-00bf-4b73-bfb5-410f3fa3befe
bcbf1d2f-ba94-4a53-9a39-09cb8d01bd80,org/tju/ui/LogUi$2.java,mouseClicked,->,bcbf1d2f-ba94-4a53-9a39-09cb8d01bd80,java/util/List.java,get
bcbf1d2f-ba94-4a53-9a39-09cb8d01bd80,org/tju/ui/LogUi$2.java,mouseClicked,->,bcbf1d2f-ba94-4a53-9a39-09cb8d01bd80,663e0ea9-2e2c-4bc9-9587-19e5e8dc6f1e,977eee6d-f9a9-471f-9ea6-8aae3bfe94a5
bcbf1d2f-ba94-4a53-9a39-09cb8d01bd80,org/tju/ui/LogUi$2.java,mouseClicked,->,bcbf1d2f-ba94-4a53-9a39-09cb8d01bd80,java/lang/Boolean.java,booleanValue
bcbf1d2f-ba94-4a53-9a39-09cb8d01bd80,org/tju/ui/LogUi$2.java,mouseClicked,->,bcbf1d2f-ba94-4a53-9a39-09cb8d01bd80,17adb061-933b-4730-a300-de41efc2d8d8,5e74b05a-d6b8-4f98-908b-69654f63646b
bcbf1d2f-ba94-4a53-9a39-09cb8d01bd80,org/tju/ui/LogUi$2.java,mouseClicked,->,bcbf1d2f-ba94-4a53-9a39-09cb8d01bd80,17adb061-933b-4730-a300-de41efc2d8d8,e45efd8c-220b-4dd4-ac9c-dd436b0ddeeb
bcbf1d2f-ba94-4a53-9a39-09cb8d01bd80,org/tju/ui/LogUi$2.java,mouseClicked,->,bcbf1d2f-ba94-4a53-9a39-09cb8d01bd80,org/tju/ui/LogUi.java,repaint
bcbf1d2f-ba94-4a53-9a39-09cb8d01bd80,org/tju/ui/LogUi$2.java,mouseClicked,->,bcbf1d2f-ba94-4a53-9a39-09cb8d01bd80,org/tju/ui/LogUi.java,access$100
bcbf1d2f-ba94-4a53-9a39-09cb8d01bd80,org/tju/ui/LogUi$2.java,mouseClicked,->,bcbf1d2f-ba94-4a53-9a39-09cb8d01bd80,javax/swing/JTextField.java,setText
bcbf1d2f-ba94-4a53-9a39-09cb8d01bd80,org/tju/ui/LogUi$1.java,mouseClicked,->,bcbf1d2f-ba94-4a53-9a39-09cb8d01bd80,org/tju/ui/LogUi.java,access$000
bcbf1d2f-ba94-4a53-9a39-09cb8d01bd80,org/tju/ui/LogUi$1.java,mouseClicked,->,bcbf1d2f-ba94-4a53-9a39-09cb8d01bd80,javax/swing/JTable.java,isRowSelected
bcbf1d2f-ba94-4a53-9a39-09cb8d01bd80,org/tju/ui/LogUi$1.java,mouseClicked,->,bcbf1d2f-ba94-4a53-9a39-09cb8d01bd80,javax/swing/JTextField.java,setText
bcbf1d2f-ba94-4a53-9a39-09cb8d01bd80,org/tju/ui/LogUi$1.java,mouseClicked,->,bcbf1d2f-ba94-4a53-9a39-09cb8d01bd80,java/lang/StringBuilder.java,append
bcbf1d2f-ba94-4a53-9a39-09cb8d01bd80,org/tju/ui/LogUi$1.java,mouseClicked,->,bcbf1d2f-ba94-4a53-9a39-09cb8d01bd80,java/lang/Integer.java,toString
bcbf1d2f-ba94-4a53-9a39-09cb8d01bd80,org/tju/ui/LogUi$1.java,mouseClicked,->,bcbf1d2f-ba94-4a53-9a39-09cb8d01bd80,java/lang/StringBuilder.java,append
bcbf1d2f-ba94-4a53-9a39-09cb8d01bd80,org/tju/ui/LogUi$1.java,mouseClicked,->,bcbf1d2f-ba94-4a53-9a39-09cb8d01bd80,java/lang/StringBuilder.java,append
bcbf1d2f-ba94-4a53-9a39-09cb8d01bd80,org/tju/ui/LogUi$1.java,mouseClicked,->,bcbf1d2f-ba94-4a53-9a39-09cb8d01bd80,java/lang/StringBuilder.java,append
bcbf1d2f-ba94-4a53-9a39-09cb8d01bd80,org/tju/ui/LogUi$1.java,mouseClicked,->,bcbf1d2f-ba94-4a53-9a39-09cb8d01bd80,java/lang/StringBuilder.java,append
bcbf1d2f-ba94-4a53-9a39-09cb8d01bd80,org/tju/ui/LogUi$1.java,mouseClicked,->,bcbf1d2f-ba94-4a53-9a39-09cb8d01bd80,java/lang/StringBuilder.java,toString
bcbf1d2f-ba94-4a53-9a39-09cb8d01bd80,org/tju/ui/LogUi$1.java,mouseClicked,->,bcbf1d2f-ba94-4a53-9a39-09cb8d01bd80,javax/swing/JTextField.java,setText
bcbf1d2f-ba94-4a53-9a39-09cb8d01bd80,org/tju/ui/LogUi$6.java,actionPerformed,->,bcbf1d2f-ba94-4a53-9a39-09cb8d01bd80,org/tju/ui/LogUi.java,access$1800
bcbf1d2f-ba94-4a53-9a39-09cb8d01bd80,org/tju/ui/LogUi$6.java,actionPerformed,->,bcbf1d2f-ba94-4a53-9a39-09cb8d01bd80,javax/swing/JButton.java,setEnabled
bcbf1d2f-ba94-4a53-9a39-09cb8d01bd80,org/tju/ui/LogUi$6.java,actionPerformed,->,bcbf1d2f-ba94-4a53-9a39-09cb8d01bd80,org/tju/ui/LogUi.java,access$500
bcbf1d2f-ba94-4a53-9a39-09cb8d01bd80,org/tju/ui/LogUi$6.java,actionPerformed,->,bcbf1d2f-ba94-4a53-9a39-09cb8d01bd80,javax/swing/JComboBox.java,setEnabled
bcbf1d2f-ba94-4a53-9a39-09cb8d01bd80,org/tju/ui/LogUi$6.java,actionPerformed,->,bcbf1d2f-ba94-4a53-9a39-09cb8d01bd80,org/tju/ui/LogUi.java,access$700
bcbf1d2f-ba94-4a53-9a39-09cb8d01bd80,org/tju/ui/LogUi$6.java,actionPerformed,->,bcbf1d2f-ba94-4a53-9a39-09cb8d01bd80,javax/swing/JButton.java,setText
bcbf1d2f-ba94-4a53-9a39-09cb8d01bd80,0f593d89-8d58-4a5d-a9e1-a6f5dfe8c982,afc0ece1-6494-4f7e-a887-98f94e2301aa,->,bcbf1d2f-ba94-4a53-9a39-09cb8d01bd80,javax/swing/table/DefaultTableCellRenderer.java,getTableCellRendererComponent
bcbf1d2f-ba94-4a53-9a39-09cb8d01bd80,0f593d89-8d58-4a5d-a9e1-a6f5dfe8c982,afc0ece1-6494-4f7e-a887-98f94e2301aa,->,bcbf1d2f-ba94-4a53-9a39-09cb8d01bd80,java/util/List.java,get
bcbf1d2f-ba94-4a53-9a39-09cb8d01bd80,0f593d89-8d58-4a5d-a9e1-a6f5dfe8c982,afc0ece1-6494-4f7e-a887-98f94e2301aa,->,bcbf1d2f-ba94-4a53-9a39-09cb8d01bd80,663e0ea9-2e2c-4bc9-9587-19e5e8dc6f1e,66706c82-f2ad-4abc-8acc-ca8d1d660770
bcbf1d2f-ba94-4a53-9a39-09cb8d01bd80,0f593d89-8d58-4a5d-a9e1-a6f5dfe8c982,afc0ece1-6494-4f7e-a887-98f94e2301aa,->,bcbf1d2f-ba94-4a53-9a39-09cb8d01bd80,java/lang/String.java,equals
bcbf1d2f-ba94-4a53-9a39-09cb8d01bd80,0f593d89-8d58-4a5d-a9e1-a6f5dfe8c982,afc0ece1-6494-4f7e-a887-98f94e2301aa,->,bcbf1d2f-ba94-4a53-9a39-09cb8d01bd80,org/tju/ui/ObscolCellRenderer.java,setBackground
bcbf1d2f-ba94-4a53-9a39-09cb8d01bd80,0f593d89-8d58-4a5d-a9e1-a6f5dfe8c982,afc0ece1-6494-4f7e-a887-98f94e2301aa,->,bcbf1d2f-ba94-4a53-9a39-09cb8d01bd80,java/util/List.java,get
bcbf1d2f-ba94-4a53-9a39-09cb8d01bd80,0f593d89-8d58-4a5d-a9e1-a6f5dfe8c982,afc0ece1-6494-4f7e-a887-98f94e2301aa,->,bcbf1d2f-ba94-4a53-9a39-09cb8d01bd80,663e0ea9-2e2c-4bc9-9587-19e5e8dc6f1e,66706c82-f2ad-4abc-8acc-ca8d1d660770
bcbf1d2f-ba94-4a53-9a39-09cb8d01bd80,0f593d89-8d58-4a5d-a9e1-a6f5dfe8c982,afc0ece1-6494-4f7e-a887-98f94e2301aa,->,bcbf1d2f-ba94-4a53-9a39-09cb8d01bd80,java/lang/String.java,equals
bcbf1d2f-ba94-4a53-9a39-09cb8d01bd80,0f593d89-8d58-4a5d-a9e1-a6f5dfe8c982,afc0ece1-6494-4f7e-a887-98f94e2301aa,->,bcbf1d2f-ba94-4a53-9a39-09cb8d01bd80,java/util/List.java,get
bcbf1d2f-ba94-4a53-9a39-09cb8d01bd80,0f593d89-8d58-4a5d-a9e1-a6f5dfe8c982,afc0ece1-6494-4f7e-a887-98f94e2301aa,->,bcbf1d2f-ba94-4a53-9a39-09cb8d01bd80,663e0ea9-2e2c-4bc9-9587-19e5e8dc6f1e,66706c82-f2ad-4abc-8acc-ca8d1d660770
bcbf1d2f-ba94-4a53-9a39-09cb8d01bd80,0f593d89-8d58-4a5d-a9e1-a6f5dfe8c982,afc0ece1-6494-4f7e-a887-98f94e2301aa,->,bcbf1d2f-ba94-4a53-9a39-09cb8d01bd80,java/lang/String.java,equals
bcbf1d2f-ba94-4a53-9a39-09cb8d01bd80,0f593d89-8d58-4a5d-a9e1-a6f5dfe8c982,afc0ece1-6494-4f7e-a887-98f94e2301aa,->,bcbf1d2f-ba94-4a53-9a39-09cb8d01bd80,java/util/List.java,get
bcbf1d2f-ba94-4a53-9a39-09cb8d01bd80,0f593d89-8d58-4a5d-a9e1-a6f5dfe8c982,afc0ece1-6494-4f7e-a887-98f94e2301aa,->,bcbf1d2f-ba94-4a53-9a39-09cb8d01bd80,663e0ea9-2e2c-4bc9-9587-19e5e8dc6f1e,66706c82-f2ad-4abc-8acc-ca8d1d660770
bcbf1d2f-ba94-4a53-9a39-09cb8d01bd80,0f593d89-8d58-4a5d-a9e1-a6f5dfe8c982,afc0ece1-6494-4f7e-a887-98f94e2301aa,->,bcbf1d2f-ba94-4a53-9a39-09cb8d01bd80,java/lang/String.java,equals
bcbf1d2f-ba94-4a53-9a39-09cb8d01bd80,0f593d89-8d58-4a5d-a9e1-a6f5dfe8c982,afc0ece1-6494-4f7e-a887-98f94e2301aa,->,bcbf1d2f-ba94-4a53-9a39-09cb8d01bd80,org/tju/ui/ObscolCellRenderer.java,setBackground
bcbf1d2f-ba94-4a53-9a39-09cb8d01bd80,0f593d89-8d58-4a5d-a9e1-a6f5dfe8c982,afc0ece1-6494-4f7e-a887-98f94e2301aa,->,bcbf1d2f-ba94-4a53-9a39-09cb8d01bd80,org/tju/ui/ObscolCellRenderer.java,setBackground
bcbf1d2f-ba94-4a53-9a39-09cb8d01bd80,bad8bbfa-59a4-4aec-bacf-5960a0881086,e9593971-ef7b-4dba-9f26-84b28132cc0c,->,bcbf1d2f-ba94-4a53-9a39-09cb8d01bd80,javax/swing/table/DefaultTableCellRenderer.java,getTableCellRendererComponent
bcbf1d2f-ba94-4a53-9a39-09cb8d01bd80,bad8bbfa-59a4-4aec-bacf-5960a0881086,e9593971-ef7b-4dba-9f26-84b28132cc0c,->,bcbf1d2f-ba94-4a53-9a39-09cb8d01bd80,6576efa8-f581-4939-9f69-f25daa3ced44,b93d2b35-a8f1-4c5b-aa4a-2063a5c5709a
bcbf1d2f-ba94-4a53-9a39-09cb8d01bd80,bad8bbfa-59a4-4aec-bacf-5960a0881086,e9593971-ef7b-4dba-9f26-84b28132cc0c,->,bcbf1d2f-ba94-4a53-9a39-09cb8d01bd80,org/tju/ui/AlltableRenderer.java,setBackground
bcbf1d2f-ba94-4a53-9a39-09cb8d01bd80,bad8bbfa-59a4-4aec-bacf-5960a0881086,e9593971-ef7b-4dba-9f26-84b28132cc0c,->,bcbf1d2f-ba94-4a53-9a39-09cb8d01bd80,org/tju/ui/LogUi.java,repaint
bcbf1d2f-ba94-4a53-9a39-09cb8d01bd80,bad8bbfa-59a4-4aec-bacf-5960a0881086,e9593971-ef7b-4dba-9f26-84b28132cc0c,->,bcbf1d2f-ba94-4a53-9a39-09cb8d01bd80,org/tju/ui/AlltableRenderer.java,setBackground
bcbf1d2f-ba94-4a53-9a39-09cb8d01bd80,bad8bbfa-59a4-4aec-bacf-5960a0881086,e9593971-ef7b-4dba-9f26-84b28132cc0c,->,bcbf1d2f-ba94-4a53-9a39-09cb8d01bd80,org/tju/ui/LogUi.java,repaint
bcbf1d2f-ba94-4a53-9a39-09cb8d01bd80,71034d51-bef4-4a2d-9323-2ac1f813ff56,338eb8a2-3dc2-4762-ad10-95737b029f95,->,bcbf1d2f-ba94-4a53-9a39-09cb8d01bd80,javax/swing/JTextField.java,getText
bcbf1d2f-ba94-4a53-9a39-09cb8d01bd80,71034d51-bef4-4a2d-9323-2ac1f813ff56,338eb8a2-3dc2-4762-ad10-95737b029f95,->,bcbf1d2f-ba94-4a53-9a39-09cb8d01bd80,javax/swing/JTextField.java,getText
bcbf1d2f-ba94-4a53-9a39-09cb8d01bd80,71034d51-bef4-4a2d-9323-2ac1f813ff56,338eb8a2-3dc2-4762-ad10-95737b029f95,->,bcbf1d2f-ba94-4a53-9a39-09cb8d01bd80,java/lang/String.java,isEmpty
bcbf1d2f-ba94-4a53-9a39-09cb8d01bd80,71034d51-bef4-4a2d-9323-2ac1f813ff56,338eb8a2-3dc2-4762-ad10-95737b029f95,->,bcbf1d2f-ba94-4a53-9a39-09cb8d01bd80,java/lang/String.java,isEmpty
bcbf1d2f-ba94-4a53-9a39-09cb8d01bd80,71034d51-bef4-4a2d-9323-2ac1f813ff56,338eb8a2-3dc2-4762-ad10-95737b029f95,->,bcbf1d2f-ba94-4a53-9a39-09cb8d01bd80,java/lang/String.java,equals
bcbf1d2f-ba94-4a53-9a39-09cb8d01bd80,71034d51-bef4-4a2d-9323-2ac1f813ff56,338eb8a2-3dc2-4762-ad10-95737b029f95,->,bcbf1d2f-ba94-4a53-9a39-09cb8d01bd80,java/lang/String.java,equals
bcbf1d2f-ba94-4a53-9a39-09cb8d01bd80,71034d51-bef4-4a2d-9323-2ac1f813ff56,338eb8a2-3dc2-4762-ad10-95737b029f95,->,bcbf1d2f-ba94-4a53-9a39-09cb8d01bd80,java/lang/StringBuilder.java,append
bcbf1d2f-ba94-4a53-9a39-09cb8d01bd80,71034d51-bef4-4a2d-9323-2ac1f813ff56,338eb8a2-3dc2-4762-ad10-95737b029f95,->,bcbf1d2f-ba94-4a53-9a39-09cb8d01bd80,java/lang/StringBuilder.java,append
bcbf1d2f-ba94-4a53-9a39-09cb8d01bd80,71034d51-bef4-4a2d-9323-2ac1f813ff56,338eb8a2-3dc2-4762-ad10-95737b029f95,->,bcbf1d2f-ba94-4a53-9a39-09cb8d01bd80,java/lang/StringBuilder.java,append
bcbf1d2f-ba94-4a53-9a39-09cb8d01bd80,71034d51-bef4-4a2d-9323-2ac1f813ff56,338eb8a2-3dc2-4762-ad10-95737b029f95,->,bcbf1d2f-ba94-4a53-9a39-09cb8d01bd80,java/lang/StringBuilder.java,append
bcbf1d2f-ba94-4a53-9a39-09cb8d01bd80,71034d51-bef4-4a2d-9323-2ac1f813ff56,338eb8a2-3dc2-4762-ad10-95737b029f95,->,bcbf1d2f-ba94-4a53-9a39-09cb8d01bd80,java/lang/StringBuilder.java,append
bcbf1d2f-ba94-4a53-9a39-09cb8d01bd80,71034d51-bef4-4a2d-9323-2ac1f813ff56,338eb8a2-3dc2-4762-ad10-95737b029f95,->,bcbf1d2f-ba94-4a53-9a39-09cb8d01bd80,java/lang/StringBuilder.java,append
bcbf1d2f-ba94-4a53-9a39-09cb8d01bd80,71034d51-bef4-4a2d-9323-2ac1f813ff56,338eb8a2-3dc2-4762-ad10-95737b029f95,->,bcbf1d2f-ba94-4a53-9a39-09cb8d01bd80,java/lang/StringBuilder.java,append
bcbf1d2f-ba94-4a53-9a39-09cb8d01bd80,71034d51-bef4-4a2d-9323-2ac1f813ff56,338eb8a2-3dc2-4762-ad10-95737b029f95,->,bcbf1d2f-ba94-4a53-9a39-09cb8d01bd80,java/lang/StringBuilder.java,append
bcbf1d2f-ba94-4a53-9a39-09cb8d01bd80,71034d51-bef4-4a2d-9323-2ac1f813ff56,338eb8a2-3dc2-4762-ad10-95737b029f95,->,bcbf1d2f-ba94-4a53-9a39-09cb8d01bd80,java/lang/StringBuilder.java,append
bcbf1d2f-ba94-4a53-9a39-09cb8d01bd80,71034d51-bef4-4a2d-9323-2ac1f813ff56,338eb8a2-3dc2-4762-ad10-95737b029f95,->,bcbf1d2f-ba94-4a53-9a39-09cb8d01bd80,java/lang/StringBuilder.java,append
bcbf1d2f-ba94-4a53-9a39-09cb8d01bd80,71034d51-bef4-4a2d-9323-2ac1f813ff56,338eb8a2-3dc2-4762-ad10-95737b029f95,->,bcbf1d2f-ba94-4a53-9a39-09cb8d01bd80,java/lang/StringBuilder.java,append
bcbf1d2f-ba94-4a53-9a39-09cb8d01bd80,71034d51-bef4-4a2d-9323-2ac1f813ff56,338eb8a2-3dc2-4762-ad10-95737b029f95,->,bcbf1d2f-ba94-4a53-9a39-09cb8d01bd80,java/lang/StringBuilder.java,toString
bcbf1d2f-ba94-4a53-9a39-09cb8d01bd80,71034d51-bef4-4a2d-9323-2ac1f813ff56,338eb8a2-3dc2-4762-ad10-95737b029f95,->,bcbf1d2f-ba94-4a53-9a39-09cb8d01bd80,java/lang/String.java,equals
bcbf1d2f-ba94-4a53-9a39-09cb8d01bd80,71034d51-bef4-4a2d-9323-2ac1f813ff56,338eb8a2-3dc2-4762-ad10-95737b029f95,->,bcbf1d2f-ba94-4a53-9a39-09cb8d01bd80,java/lang/String.java,equals
bcbf1d2f-ba94-4a53-9a39-09cb8d01bd80,71034d51-bef4-4a2d-9323-2ac1f813ff56,338eb8a2-3dc2-4762-ad10-95737b029f95,->,bcbf1d2f-ba94-4a53-9a39-09cb8d01bd80,java/lang/StringBuilder.java,append
bcbf1d2f-ba94-4a53-9a39-09cb8d01bd80,71034d51-bef4-4a2d-9323-2ac1f813ff56,338eb8a2-3dc2-4762-ad10-95737b029f95,->,bcbf1d2f-ba94-4a53-9a39-09cb8d01bd80,java/lang/StringBuilder.java,append
bcbf1d2f-ba94-4a53-9a39-09cb8d01bd80,71034d51-bef4-4a2d-9323-2ac1f813ff56,338eb8a2-3dc2-4762-ad10-95737b029f95,->,bcbf1d2f-ba94-4a53-9a39-09cb8d01bd80,java/lang/StringBuilder.java,append
bcbf1d2f-ba94-4a53-9a39-09cb8d01bd80,71034d51-bef4-4a2d-9323-2ac1f813ff56,338eb8a2-3dc2-4762-ad10-95737b029f95,->,bcbf1d2f-ba94-4a53-9a39-09cb8d01bd80,java/lang/StringBuilder.java,append
bcbf1d2f-ba94-4a53-9a39-09cb8d01bd80,71034d51-bef4-4a2d-9323-2ac1f813ff56,338eb8a2-3dc2-4762-ad10-95737b029f95,->,bcbf1d2f-ba94-4a53-9a39-09cb8d01bd80,java/lang/StringBuilder.java,append
bcbf1d2f-ba94-4a53-9a39-09cb8d01bd80,71034d51-bef4-4a2d-9323-2ac1f813ff56,338eb8a2-3dc2-4762-ad10-95737b029f95,->,bcbf1d2f-ba94-4a53-9a39-09cb8d01bd80,java/lang/StringBuilder.java,append
bcbf1d2f-ba94-4a53-9a39-09cb8d01bd80,71034d51-bef4-4a2d-9323-2ac1f813ff56,338eb8a2-3dc2-4762-ad10-95737b029f95,->,bcbf1d2f-ba94-4a53-9a39-09cb8d01bd80,java/lang/StringBuilder.java,append
bcbf1d2f-ba94-4a53-9a39-09cb8d01bd80,71034d51-bef4-4a2d-9323-2ac1f813ff56,338eb8a2-3dc2-4762-ad10-95737b029f95,->,bcbf1d2f-ba94-4a53-9a39-09cb8d01bd80,java/lang/StringBuilder.java,append
bcbf1d2f-ba94-4a53-9a39-09cb8d01bd80,71034d51-bef4-4a2d-9323-2ac1f813ff56,338eb8a2-3dc2-4762-ad10-95737b029f95,->,bcbf1d2f-ba94-4a53-9a39-09cb8d01bd80,java/lang/StringBuilder.java,toString
bcbf1d2f-ba94-4a53-9a39-09cb8d01bd80,71034d51-bef4-4a2d-9323-2ac1f813ff56,338eb8a2-3dc2-4762-ad10-95737b029f95,->,bcbf1d2f-ba94-4a53-9a39-09cb8d01bd80,java/lang/String.java,equals
bcbf1d2f-ba94-4a53-9a39-09cb8d01bd80,71034d51-bef4-4a2d-9323-2ac1f813ff56,338eb8a2-3dc2-4762-ad10-95737b029f95,->,bcbf1d2f-ba94-4a53-9a39-09cb8d01bd80,java/lang/String.java,equals
bcbf1d2f-ba94-4a53-9a39-09cb8d01bd80,71034d51-bef4-4a2d-9323-2ac1f813ff56,338eb8a2-3dc2-4762-ad10-95737b029f95,->,bcbf1d2f-ba94-4a53-9a39-09cb8d01bd80,java/lang/StringBuilder.java,append
bcbf1d2f-ba94-4a53-9a39-09cb8d01bd80,71034d51-bef4-4a2d-9323-2ac1f813ff56,338eb8a2-3dc2-4762-ad10-95737b029f95,->,bcbf1d2f-ba94-4a53-9a39-09cb8d01bd80,java/lang/StringBuilder.java,append
bcbf1d2f-ba94-4a53-9a39-09cb8d01bd80,71034d51-bef4-4a2d-9323-2ac1f813ff56,338eb8a2-3dc2-4762-ad10-95737b029f95,->,bcbf1d2f-ba94-4a53-9a39-09cb8d01bd80,java/lang/StringBuilder.java,append
bcbf1d2f-ba94-4a53-9a39-09cb8d01bd80,71034d51-bef4-4a2d-9323-2ac1f813ff56,338eb8a2-3dc2-4762-ad10-95737b029f95,->,bcbf1d2f-ba94-4a53-9a39-09cb8d01bd80,java/lang/StringBuilder.java,append
bcbf1d2f-ba94-4a53-9a39-09cb8d01bd80,71034d51-bef4-4a2d-9323-2ac1f813ff56,338eb8a2-3dc2-4762-ad10-95737b029f95,->,bcbf1d2f-ba94-4a53-9a39-09cb8d01bd80,java/lang/StringBuilder.java,append
bcbf1d2f-ba94-4a53-9a39-09cb8d01bd80,71034d51-bef4-4a2d-9323-2ac1f813ff56,338eb8a2-3dc2-4762-ad10-95737b029f95,->,bcbf1d2f-ba94-4a53-9a39-09cb8d01bd80,java/lang/StringBuilder.java,append
bcbf1d2f-ba94-4a53-9a39-09cb8d01bd80,71034d51-bef4-4a2d-9323-2ac1f813ff56,338eb8a2-3dc2-4762-ad10-95737b029f95,->,bcbf1d2f-ba94-4a53-9a39-09cb8d01bd80,java/lang/StringBuilder.java,append
bcbf1d2f-ba94-4a53-9a39-09cb8d01bd80,71034d51-bef4-4a2d-9323-2ac1f813ff56,338eb8a2-3dc2-4762-ad10-95737b029f95,->,bcbf1d2f-ba94-4a53-9a39-09cb8d01bd80,java/lang/StringBuilder.java,append
bcbf1d2f-ba94-4a53-9a39-09cb8d01bd80,71034d51-bef4-4a2d-9323-2ac1f813ff56,338eb8a2-3dc2-4762-ad10-95737b029f95,->,bcbf1d2f-ba94-4a53-9a39-09cb8d01bd80,java/lang/StringBuilder.java,toString
bcbf1d2f-ba94-4a53-9a39-09cb8d01bd80,71034d51-bef4-4a2d-9323-2ac1f813ff56,338eb8a2-3dc2-4762-ad10-95737b029f95,->,bcbf1d2f-ba94-4a53-9a39-09cb8d01bd80,java/lang/StringBuilder.java,append
bcbf1d2f-ba94-4a53-9a39-09cb8d01bd80,71034d51-bef4-4a2d-9323-2ac1f813ff56,338eb8a2-3dc2-4762-ad10-95737b029f95,->,bcbf1d2f-ba94-4a53-9a39-09cb8d01bd80,java/lang/StringBuilder.java,append
bcbf1d2f-ba94-4a53-9a39-09cb8d01bd80,71034d51-bef4-4a2d-9323-2ac1f813ff56,338eb8a2-3dc2-4762-ad10-95737b029f95,->,bcbf1d2f-ba94-4a53-9a39-09cb8d01bd80,java/lang/StringBuilder.java,append
bcbf1d2f-ba94-4a53-9a39-09cb8d01bd80,71034d51-bef4-4a2d-9323-2ac1f813ff56,338eb8a2-3dc2-4762-ad10-95737b029f95,->,bcbf1d2f-ba94-4a53-9a39-09cb8d01bd80,java/lang/StringBuilder.java,append
bcbf1d2f-ba94-4a53-9a39-09cb8d01bd80,71034d51-bef4-4a2d-9323-2ac1f813ff56,338eb8a2-3dc2-4762-ad10-95737b029f95,->,bcbf1d2f-ba94-4a53-9a39-09cb8d01bd80,java/lang/StringBuilder.java,append
bcbf1d2f-ba94-4a53-9a39-09cb8d01bd80,71034d51-bef4-4a2d-9323-2ac1f813ff56,338eb8a2-3dc2-4762-ad10-95737b029f95,->,bcbf1d2f-ba94-4a53-9a39-09cb8d01bd80,java/lang/StringBuilder.java,toString
bcbf1d2f-ba94-4a53-9a39-09cb8d01bd80,71034d51-bef4-4a2d-9323-2ac1f813ff56,a56fe19a-8485-4f2b-8f41-a066e3547e40,->,bcbf1d2f-ba94-4a53-9a39-09cb8d01bd80,31734ef9-0c1b-4345-80ab-e0199651c258,966315e5-1ef2-4a9a-850e-970892fc44a7
bcbf1d2f-ba94-4a53-9a39-09cb8d01bd80,71034d51-bef4-4a2d-9323-2ac1f813ff56,a56fe19a-8485-4f2b-8f41-a066e3547e40,->,bcbf1d2f-ba94-4a53-9a39-09cb8d01bd80,java/sql/Connection.java,createStatement
bcbf1d2f-ba94-4a53-9a39-09cb8d01bd80,71034d51-bef4-4a2d-9323-2ac1f813ff56,a56fe19a-8485-4f2b-8f41-a066e3547e40,->,bcbf1d2f-ba94-4a53-9a39-09cb8d01bd80,java/sql/Statement.java,executeQuery
bcbf1d2f-ba94-4a53-9a39-09cb8d01bd80,71034d51-bef4-4a2d-9323-2ac1f813ff56,a56fe19a-8485-4f2b-8f41-a066e3547e40,->,bcbf1d2f-ba94-4a53-9a39-09cb8d01bd80,java/sql/ResultSet.java,next
bcbf1d2f-ba94-4a53-9a39-09cb8d01bd80,71034d51-bef4-4a2d-9323-2ac1f813ff56,a56fe19a-8485-4f2b-8f41-a066e3547e40,->,bcbf1d2f-ba94-4a53-9a39-09cb8d01bd80,java/sql/ResultSet.java,getString
bcbf1d2f-ba94-4a53-9a39-09cb8d01bd80,71034d51-bef4-4a2d-9323-2ac1f813ff56,a56fe19a-8485-4f2b-8f41-a066e3547e40,->,bcbf1d2f-ba94-4a53-9a39-09cb8d01bd80,java/lang/StringBuilder.java,append
bcbf1d2f-ba94-4a53-9a39-09cb8d01bd80,71034d51-bef4-4a2d-9323-2ac1f813ff56,a56fe19a-8485-4f2b-8f41-a066e3547e40,->,bcbf1d2f-ba94-4a53-9a39-09cb8d01bd80,java/lang/StringBuilder.java,append
bcbf1d2f-ba94-4a53-9a39-09cb8d01bd80,71034d51-bef4-4a2d-9323-2ac1f813ff56,a56fe19a-8485-4f2b-8f41-a066e3547e40,->,bcbf1d2f-ba94-4a53-9a39-09cb8d01bd80,java/lang/StringBuilder.java,append
bcbf1d2f-ba94-4a53-9a39-09cb8d01bd80,71034d51-bef4-4a2d-9323-2ac1f813ff56,a56fe19a-8485-4f2b-8f41-a066e3547e40,->,bcbf1d2f-ba94-4a53-9a39-09cb8d01bd80,java/lang/StringBuilder.java,toString
bcbf1d2f-ba94-4a53-9a39-09cb8d01bd80,71034d51-bef4-4a2d-9323-2ac1f813ff56,a56fe19a-8485-4f2b-8f41-a066e3547e40,->,bcbf1d2f-ba94-4a53-9a39-09cb8d01bd80,java/sql/Connection.java,createStatement
bcbf1d2f-ba94-4a53-9a39-09cb8d01bd80,71034d51-bef4-4a2d-9323-2ac1f813ff56,a56fe19a-8485-4f2b-8f41-a066e3547e40,->,bcbf1d2f-ba94-4a53-9a39-09cb8d01bd80,java/sql/Statement.java,executeUpdate
bcbf1d2f-ba94-4a53-9a39-09cb8d01bd80,71034d51-bef4-4a2d-9323-2ac1f813ff56,a56fe19a-8485-4f2b-8f41-a066e3547e40,->,bcbf1d2f-ba94-4a53-9a39-09cb8d01bd80,java/sql/SQLException.java,printStackTrace
bcbf1d2f-ba94-4a53-9a39-09cb8d01bd80,71034d51-bef4-4a2d-9323-2ac1f813ff56,a56fe19a-8485-4f2b-8f41-a066e3547e40,->,bcbf1d2f-ba94-4a53-9a39-09cb8d01bd80,java/sql/SQLException.java,printStackTrace
bcbf1d2f-ba94-4a53-9a39-09cb8d01bd80,org/tju/ui/LogUi.java,access$1900,->,bcbf1d2f-ba94-4a53-9a39-09cb8d01bd80,71034d51-bef4-4a2d-9323-2ac1f813ff56,338eb8a2-3dc2-4762-ad10-95737b029f95
bcbf1d2f-ba94-4a53-9a39-09cb8d01bd80,org/tju/ui/LogUi.java,access$2500,->,bcbf1d2f-ba94-4a53-9a39-09cb8d01bd80,71034d51-bef4-4a2d-9323-2ac1f813ff56,a56fe19a-8485-4f2b-8f41-a066e3547e40
bcbf1d2f-ba94-4a53-9a39-09cb8d01bd80,org/tju/ui/LogUi$QueryButton.java,actionPerformed,->,bcbf1d2f-ba94-4a53-9a39-09cb8d01bd80,java/awt/event/ActionEvent.java,getSource
bcbf1d2f-ba94-4a53-9a39-09cb8d01bd80,org/tju/ui/LogUi$QueryButton.java,actionPerformed,->,bcbf1d2f-ba94-4a53-9a39-09cb8d01bd80,org/tju/ui/LogUi.java,access$1000
bcbf1d2f-ba94-4a53-9a39-09cb8d01bd80,org/tju/ui/LogUi$QueryButton.java,actionPerformed,->,bcbf1d2f-ba94-4a53-9a39-09cb8d01bd80,java/lang/Object.java,equals
bcbf1d2f-ba94-4a53-9a39-09cb8d01bd80,org/tju/ui/LogUi$QueryButton.java,actionPerformed,->,bcbf1d2f-ba94-4a53-9a39-09cb8d01bd80,31734ef9-0c1b-4345-80ab-e0199651c258,966315e5-1ef2-4a9a-850e-970892fc44a7
bcbf1d2f-ba94-4a53-9a39-09cb8d01bd80,org/tju/ui/LogUi$QueryButton.java,actionPerformed,->,bcbf1d2f-ba94-4a53-9a39-09cb8d01bd80,java/sql/Connection.java,createStatement
bcbf1d2f-ba94-4a53-9a39-09cb8d01bd80,org/tju/ui/LogUi$QueryButton.java,actionPerformed,->,bcbf1d2f-ba94-4a53-9a39-09cb8d01bd80,org/tju/ui/LogUi.java,access$1900
bcbf1d2f-ba94-4a53-9a39-09cb8d01bd80,org/tju/ui/LogUi$QueryButton.java,actionPerformed,->,bcbf1d2f-ba94-4a53-9a39-09cb8d01bd80,java/lang/StringBuilder.java,append
bcbf1d2f-ba94-4a53-9a39-09cb8d01bd80,org/tju/ui/LogUi$QueryButton.java,actionPerformed,->,bcbf1d2f-ba94-4a53-9a39-09cb8d01bd80,org/tju/ui/LogUi.java,access$2000
bcbf1d2f-ba94-4a53-9a39-09cb8d01bd80,org/tju/ui/LogUi$QueryButton.java,actionPerformed,->,bcbf1d2f-ba94-4a53-9a39-09cb8d01bd80,java/lang/StringBuilder.java,append
bcbf1d2f-ba94-4a53-9a39-09cb8d01bd80,org/tju/ui/LogUi$QueryButton.java,actionPerformed,->,bcbf1d2f-ba94-4a53-9a39-09cb8d01bd80,java/lang/StringBuilder.java,append
bcbf1d2f-ba94-4a53-9a39-09cb8d01bd80,org/tju/ui/LogUi$QueryButton.java,actionPerformed,->,bcbf1d2f-ba94-4a53-9a39-09cb8d01bd80,java/lang/StringBuilder.java,toString
bcbf1d2f-ba94-4a53-9a39-09cb8d01bd80,org/tju/ui/LogUi$QueryButton.java,actionPerformed,->,bcbf1d2f-ba94-4a53-9a39-09cb8d01bd80,java/sql/Statement.java,executeQuery
bcbf1d2f-ba94-4a53-9a39-09cb8d01bd80,org/tju/ui/LogUi$QueryButton.java,actionPerformed,->,bcbf1d2f-ba94-4a53-9a39-09cb8d01bd80,java/sql/ResultSet.java,next
bcbf1d2f-ba94-4a53-9a39-09cb8d01bd80,org/tju/ui/LogUi$QueryButton.java,actionPerformed,->,bcbf1d2f-ba94-4a53-9a39-09cb8d01bd80,java/sql/ResultSet.java,getInt
bcbf1d2f-ba94-4a53-9a39-09cb8d01bd80,org/tju/ui/LogUi$QueryButton.java,actionPerformed,->,bcbf1d2f-ba94-4a53-9a39-09cb8d01bd80,java/sql/SQLException.java,printStackTrace
bcbf1d2f-ba94-4a53-9a39-09cb8d01bd80,org/tju/ui/LogUi$QueryButton.java,actionPerformed,->,bcbf1d2f-ba94-4a53-9a39-09cb8d01bd80,java/text/SimpleDateFormat.java,format
bcbf1d2f-ba94-4a53-9a39-09cb8d01bd80,org/tju/ui/LogUi$QueryButton.java,actionPerformed,->,bcbf1d2f-ba94-4a53-9a39-09cb8d01bd80,org/tju/ui/LogUi.java,access$2000
bcbf1d2f-ba94-4a53-9a39-09cb8d01bd80,org/tju/ui/LogUi$QueryButton.java,actionPerformed,->,bcbf1d2f-ba94-4a53-9a39-09cb8d01bd80,17adb061-933b-4730-a300-de41efc2d8d8,97147c6f-cbee-4089-a47e-60fa6318501e
bcbf1d2f-ba94-4a53-9a39-09cb8d01bd80,org/tju/ui/LogUi$QueryButton.java,actionPerformed,->,bcbf1d2f-ba94-4a53-9a39-09cb8d01bd80,org/tju/ui/LogUi.java,access$2000
bcbf1d2f-ba94-4a53-9a39-09cb8d01bd80,org/tju/ui/LogUi$QueryButton.java,actionPerformed,->,bcbf1d2f-ba94-4a53-9a39-09cb8d01bd80,17adb061-933b-4730-a300-de41efc2d8d8,212c2f2c-4404-43a8-9b6e-a768ecfbdc8a
bcbf1d2f-ba94-4a53-9a39-09cb8d01bd80,org/tju/ui/LogUi$QueryButton.java,actionPerformed,->,bcbf1d2f-ba94-4a53-9a39-09cb8d01bd80,17adb061-933b-4730-a300-de41efc2d8d8,62acc29d-e798-44b9-8255-61ad10f3556b
bcbf1d2f-ba94-4a53-9a39-09cb8d01bd80,org/tju/ui/LogUi$QueryButton.java,actionPerformed,->,bcbf1d2f-ba94-4a53-9a39-09cb8d01bd80,org/tju/ui/LogUi.java,access$2000
bcbf1d2f-ba94-4a53-9a39-09cb8d01bd80,org/tju/ui/LogUi$QueryButton.java,actionPerformed,->,bcbf1d2f-ba94-4a53-9a39-09cb8d01bd80,java/lang/String.java,length
bcbf1d2f-ba94-4a53-9a39-09cb8d01bd80,org/tju/ui/LogUi$QueryButton.java,actionPerformed,->,bcbf1d2f-ba94-4a53-9a39-09cb8d01bd80,org/tju/ui/LogUi.java,access$2200
bcbf1d2f-ba94-4a53-9a39-09cb8d01bd80,org/tju/ui/LogUi$QueryButton.java,actionPerformed,->,bcbf1d2f-ba94-4a53-9a39-09cb8d01bd80,java/lang/StringBuilder.java,append
bcbf1d2f-ba94-4a53-9a39-09cb8d01bd80,org/tju/ui/LogUi$QueryButton.java,actionPerformed,->,bcbf1d2f-ba94-4a53-9a39-09cb8d01bd80,java/lang/StringBuilder.java,append
bcbf1d2f-ba94-4a53-9a39-09cb8d01bd80,org/tju/ui/LogUi$QueryButton.java,actionPerformed,->,bcbf1d2f-ba94-4a53-9a39-09cb8d01bd80,java/lang/StringBuilder.java,toString
bcbf1d2f-ba94-4a53-9a39-09cb8d01bd80,org/tju/ui/LogUi$QueryButton.java,actionPerformed,->,bcbf1d2f-ba94-4a53-9a39-09cb8d01bd80,org/tju/ui/LogUi.java,access$2200
bcbf1d2f-ba94-4a53-9a39-09cb8d01bd80,org/tju/ui/LogUi$QueryButton.java,actionPerformed,->,bcbf1d2f-ba94-4a53-9a39-09cb8d01bd80,java/lang/StringBuilder.java,append
bcbf1d2f-ba94-4a53-9a39-09cb8d01bd80,org/tju/ui/LogUi$QueryButton.java,actionPerformed,->,bcbf1d2f-ba94-4a53-9a39-09cb8d01bd80,java/lang/StringBuilder.java,append
bcbf1d2f-ba94-4a53-9a39-09cb8d01bd80,org/tju/ui/LogUi$QueryButton.java,actionPerformed,->,bcbf1d2f-ba94-4a53-9a39-09cb8d01bd80,java/lang/StringBuilder.java,append
bcbf1d2f-ba94-4a53-9a39-09cb8d01bd80,org/tju/ui/LogUi$QueryButton.java,actionPerformed,->,bcbf1d2f-ba94-4a53-9a39-09cb8d01bd80,java/lang/StringBuilder.java,append
bcbf1d2f-ba94-4a53-9a39-09cb8d01bd80,org/tju/ui/LogUi$QueryButton.java,actionPerformed,->,bcbf1d2f-ba94-4a53-9a39-09cb8d01bd80,java/lang/StringBuilder.java,append
bcbf1d2f-ba94-4a53-9a39-09cb8d01bd80,org/tju/ui/LogUi$QueryButton.java,actionPerformed,->,bcbf1d2f-ba94-4a53-9a39-09cb8d01bd80,java/lang/StringBuilder.java,toString
bcbf1d2f-ba94-4a53-9a39-09cb8d01bd80,org/tju/ui/LogUi$QueryButton.java,actionPerformed,->,bcbf1d2f-ba94-4a53-9a39-09cb8d01bd80,43cd7aa4-e874-4186-8416-aa79ae48909d,af0cfbd5-3ecb-4401-9dd1-f9d3caefdc40
bcbf1d2f-ba94-4a53-9a39-09cb8d01bd80,org/tju/ui/LogUi$QueryButton.java,actionPerformed,->,bcbf1d2f-ba94-4a53-9a39-09cb8d01bd80,java/io/IOException.java,printStackTrace
bcbf1d2f-ba94-4a53-9a39-09cb8d01bd80,org/tju/ui/LogUi$QueryButton.java,actionPerformed,->,bcbf1d2f-ba94-4a53-9a39-09cb8d01bd80,org/tju/ui/LogUi.java,access$2200
bcbf1d2f-ba94-4a53-9a39-09cb8d01bd80,org/tju/ui/LogUi$QueryButton.java,actionPerformed,->,bcbf1d2f-ba94-4a53-9a39-09cb8d01bd80,java/lang/StringBuilder.java,append
bcbf1d2f-ba94-4a53-9a39-09cb8d01bd80,org/tju/ui/LogUi$QueryButton.java,actionPerformed,->,bcbf1d2f-ba94-4a53-9a39-09cb8d01bd80,java/lang/StringBuilder.java,append
bcbf1d2f-ba94-4a53-9a39-09cb8d01bd80,org/tju/ui/LogUi$QueryButton.java,actionPerformed,->,bcbf1d2f-ba94-4a53-9a39-09cb8d01bd80,java/lang/StringBuilder.java,toString
bcbf1d2f-ba94-4a53-9a39-09cb8d01bd80,org/tju/ui/LogUi$QueryButton.java,actionPerformed,->,bcbf1d2f-ba94-4a53-9a39-09cb8d01bd80,org/tju/ui/LogUi.java,access$2200
bcbf1d2f-ba94-4a53-9a39-09cb8d01bd80,org/tju/ui/LogUi$QueryButton.java,actionPerformed,->,bcbf1d2f-ba94-4a53-9a39-09cb8d01bd80,java/lang/StringBuilder.java,append
bcbf1d2f-ba94-4a53-9a39-09cb8d01bd80,org/tju/ui/LogUi$QueryButton.java,actionPerformed,->,bcbf1d2f-ba94-4a53-9a39-09cb8d01bd80,java/lang/StringBuilder.java,append
bcbf1d2f-ba94-4a53-9a39-09cb8d01bd80,org/tju/ui/LogUi$QueryButton.java,actionPerformed,->,bcbf1d2f-ba94-4a53-9a39-09cb8d01bd80,java/lang/StringBuilder.java,append
bcbf1d2f-ba94-4a53-9a39-09cb8d01bd80,org/tju/ui/LogUi$QueryButton.java,actionPerformed,->,bcbf1d2f-ba94-4a53-9a39-09cb8d01bd80,java/lang/StringBuilder.java,append
bcbf1d2f-ba94-4a53-9a39-09cb8d01bd80,org/tju/ui/LogUi$QueryButton.java,actionPerformed,->,bcbf1d2f-ba94-4a53-9a39-09cb8d01bd80,java/lang/StringBuilder.java,append
bcbf1d2f-ba94-4a53-9a39-09cb8d01bd80,org/tju/ui/LogUi$QueryButton.java,actionPerformed,->,bcbf1d2f-ba94-4a53-9a39-09cb8d01bd80,java/lang/StringBuilder.java,toString
bcbf1d2f-ba94-4a53-9a39-09cb8d01bd80,org/tju/ui/LogUi$QueryButton.java,actionPerformed,->,bcbf1d2f-ba94-4a53-9a39-09cb8d01bd80,43cd7aa4-e874-4186-8416-aa79ae48909d,af0cfbd5-3ecb-4401-9dd1-f9d3caefdc40
bcbf1d2f-ba94-4a53-9a39-09cb8d01bd80,org/tju/ui/LogUi$QueryButton.java,actionPerformed,->,bcbf1d2f-ba94-4a53-9a39-09cb8d01bd80,java/io/IOException.java,printStackTrace
bcbf1d2f-ba94-4a53-9a39-09cb8d01bd80,org/tju/ui/LogUi$QueryButton.java,actionPerformed,->,bcbf1d2f-ba94-4a53-9a39-09cb8d01bd80,17adb061-933b-4730-a300-de41efc2d8d8,37124a61-642f-4e4a-8640-589a14913874
bcbf1d2f-ba94-4a53-9a39-09cb8d01bd80,org/tju/ui/LogUi$QueryButton.java,actionPerformed,->,bcbf1d2f-ba94-4a53-9a39-09cb8d01bd80,java/awt/event/ActionEvent.java,getSource
bcbf1d2f-ba94-4a53-9a39-09cb8d01bd80,org/tju/ui/LogUi$QueryButton.java,actionPerformed,->,bcbf1d2f-ba94-4a53-9a39-09cb8d01bd80,org/tju/ui/LogUi.java,access$900
bcbf1d2f-ba94-4a53-9a39-09cb8d01bd80,org/tju/ui/LogUi$QueryButton.java,actionPerformed,->,bcbf1d2f-ba94-4a53-9a39-09cb8d01bd80,java/lang/Object.java,equals
bcbf1d2f-ba94-4a53-9a39-09cb8d01bd80,org/tju/ui/LogUi$QueryButton.java,actionPerformed,->,bcbf1d2f-ba94-4a53-9a39-09cb8d01bd80,31734ef9-0c1b-4345-80ab-e0199651c258,966315e5-1ef2-4a9a-850e-970892fc44a7
bcbf1d2f-ba94-4a53-9a39-09cb8d01bd80,org/tju/ui/LogUi$QueryButton.java,actionPerformed,->,bcbf1d2f-ba94-4a53-9a39-09cb8d01bd80,java/sql/Connection.java,createStatement
bcbf1d2f-ba94-4a53-9a39-09cb8d01bd80,org/tju/ui/LogUi$QueryButton.java,actionPerformed,->,bcbf1d2f-ba94-4a53-9a39-09cb8d01bd80,java/text/SimpleDateFormat.java,format
bcbf1d2f-ba94-4a53-9a39-09cb8d01bd80,org/tju/ui/LogUi$QueryButton.java,actionPerformed,->,bcbf1d2f-ba94-4a53-9a39-09cb8d01bd80,org/tju/ui/LogUi.java,access$1900
bcbf1d2f-ba94-4a53-9a39-09cb8d01bd80,org/tju/ui/LogUi$QueryButton.java,actionPerformed,->,bcbf1d2f-ba94-4a53-9a39-09cb8d01bd80,org/tju/ui/LogUi.java,access$2000
bcbf1d2f-ba94-4a53-9a39-09cb8d01bd80,org/tju/ui/LogUi$QueryButton.java,actionPerformed,->,bcbf1d2f-ba94-4a53-9a39-09cb8d01bd80,17adb061-933b-4730-a300-de41efc2d8d8,97147c6f-cbee-4089-a47e-60fa6318501e
bcbf1d2f-ba94-4a53-9a39-09cb8d01bd80,org/tju/ui/LogUi$QueryButton.java,actionPerformed,->,bcbf1d2f-ba94-4a53-9a39-09cb8d01bd80,org/tju/ui/LogUi.java,access$2000
bcbf1d2f-ba94-4a53-9a39-09cb8d01bd80,org/tju/ui/LogUi$QueryButton.java,actionPerformed,->,bcbf1d2f-ba94-4a53-9a39-09cb8d01bd80,17adb061-933b-4730-a300-de41efc2d8d8,212c2f2c-4404-43a8-9b6e-a768ecfbdc8a
bcbf1d2f-ba94-4a53-9a39-09cb8d01bd80,org/tju/ui/LogUi$QueryButton.java,actionPerformed,->,bcbf1d2f-ba94-4a53-9a39-09cb8d01bd80,17adb061-933b-4730-a300-de41efc2d8d8,62acc29d-e798-44b9-8255-61ad10f3556b
bcbf1d2f-ba94-4a53-9a39-09cb8d01bd80,org/tju/ui/LogUi$QueryButton.java,actionPerformed,->,bcbf1d2f-ba94-4a53-9a39-09cb8d01bd80,java/lang/StringBuilder.java,append
bcbf1d2f-ba94-4a53-9a39-09cb8d01bd80,org/tju/ui/LogUi$QueryButton.java,actionPerformed,->,bcbf1d2f-ba94-4a53-9a39-09cb8d01bd80,org/tju/ui/LogUi.java,access$2300
bcbf1d2f-ba94-4a53-9a39-09cb8d01bd80,org/tju/ui/LogUi$QueryButton.java,actionPerformed,->,bcbf1d2f-ba94-4a53-9a39-09cb8d01bd80,java/lang/StringBuilder.java,append
bcbf1d2f-ba94-4a53-9a39-09cb8d01bd80,org/tju/ui/LogUi$QueryButton.java,actionPerformed,->,bcbf1d2f-ba94-4a53-9a39-09cb8d01bd80,java/lang/StringBuilder.java,append
bcbf1d2f-ba94-4a53-9a39-09cb8d01bd80,org/tju/ui/LogUi$QueryButton.java,actionPerformed,->,bcbf1d2f-ba94-4a53-9a39-09cb8d01bd80,java/lang/StringBuilder.java,append
bcbf1d2f-ba94-4a53-9a39-09cb8d01bd80,org/tju/ui/LogUi$QueryButton.java,actionPerformed,->,bcbf1d2f-ba94-4a53-9a39-09cb8d01bd80,java/lang/StringBuilder.java,append
bcbf1d2f-ba94-4a53-9a39-09cb8d01bd80,org/tju/ui/LogUi$QueryButton.java,actionPerformed,->,bcbf1d2f-ba94-4a53-9a39-09cb8d01bd80,java/lang/StringBuilder.java,toString
bcbf1d2f-ba94-4a53-9a39-09cb8d01bd80,org/tju/ui/LogUi$QueryButton.java,actionPerformed,->,bcbf1d2f-ba94-4a53-9a39-09cb8d01bd80,java/sql/Statement.java,executeUpdate
bcbf1d2f-ba94-4a53-9a39-09cb8d01bd80,org/tju/ui/LogUi$QueryButton.java,actionPerformed,->,bcbf1d2f-ba94-4a53-9a39-09cb8d01bd80,17adb061-933b-4730-a300-de41efc2d8d8,37124a61-642f-4e4a-8640-589a14913874
bcbf1d2f-ba94-4a53-9a39-09cb8d01bd80,org/tju/ui/LogUi$QueryButton.java,actionPerformed,->,bcbf1d2f-ba94-4a53-9a39-09cb8d01bd80,java/sql/SQLException.java,printStackTrace
bcbf1d2f-ba94-4a53-9a39-09cb8d01bd80,org/tju/ui/LogUi$QueryButton.java,actionPerformed,->,bcbf1d2f-ba94-4a53-9a39-09cb8d01bd80,java/awt/event/ActionEvent.java,getSource
bcbf1d2f-ba94-4a53-9a39-09cb8d01bd80,org/tju/ui/LogUi$QueryButton.java,actionPerformed,->,bcbf1d2f-ba94-4a53-9a39-09cb8d01bd80,org/tju/ui/LogUi.java,access$800
bcbf1d2f-ba94-4a53-9a39-09cb8d01bd80,org/tju/ui/LogUi$QueryButton.java,actionPerformed,->,bcbf1d2f-ba94-4a53-9a39-09cb8d01bd80,java/lang/Object.java,equals
bcbf1d2f-ba94-4a53-9a39-09cb8d01bd80,org/tju/ui/LogUi$QueryButton.java,actionPerformed,->,bcbf1d2f-ba94-4a53-9a39-09cb8d01bd80,org/tju/ui/LogUi.java,access$1900
bcbf1d2f-ba94-4a53-9a39-09cb8d01bd80,org/tju/ui/LogUi$QueryButton.java,actionPerformed,->,bcbf1d2f-ba94-4a53-9a39-09cb8d01bd80,org/tju/ui/LogUi.java,access$2000
bcbf1d2f-ba94-4a53-9a39-09cb8d01bd80,org/tju/ui/LogUi$QueryButton.java,actionPerformed,->,bcbf1d2f-ba94-4a53-9a39-09cb8d01bd80,17adb061-933b-4730-a300-de41efc2d8d8,97147c6f-cbee-4089-a47e-60fa6318501e
bcbf1d2f-ba94-4a53-9a39-09cb8d01bd80,org/tju/ui/LogUi$QueryButton.java,actionPerformed,->,bcbf1d2f-ba94-4a53-9a39-09cb8d01bd80,org/tju/ui/LogUi.java,access$2000
bcbf1d2f-ba94-4a53-9a39-09cb8d01bd80,org/tju/ui/LogUi$QueryButton.java,actionPerformed,->,bcbf1d2f-ba94-4a53-9a39-09cb8d01bd80,17adb061-933b-4730-a300-de41efc2d8d8,212c2f2c-4404-43a8-9b6e-a768ecfbdc8a
bcbf1d2f-ba94-4a53-9a39-09cb8d01bd80,org/tju/ui/LogUi$QueryButton.java,actionPerformed,->,bcbf1d2f-ba94-4a53-9a39-09cb8d01bd80,17adb061-933b-4730-a300-de41efc2d8d8,62acc29d-e798-44b9-8255-61ad10f3556b
bcbf1d2f-ba94-4a53-9a39-09cb8d01bd80,org/tju/ui/LogUi$QueryButton.java,actionPerformed,->,bcbf1d2f-ba94-4a53-9a39-09cb8d01bd80,17adb061-933b-4730-a300-de41efc2d8d8,139e21b9-2ad0-43fd-9b47-340e10ef4efe
bcbf1d2f-ba94-4a53-9a39-09cb8d01bd80,org/tju/ui/LogUi$QueryButton.java,actionPerformed,->,bcbf1d2f-ba94-4a53-9a39-09cb8d01bd80,java/util/List.java,size
bcbf1d2f-ba94-4a53-9a39-09cb8d01bd80,org/tju/ui/LogUi$QueryButton.java,actionPerformed,->,bcbf1d2f-ba94-4a53-9a39-09cb8d01bd80,org/tju/ui/LogUi.java,access$1700
bcbf1d2f-ba94-4a53-9a39-09cb8d01bd80,org/tju/ui/LogUi$QueryButton.java,actionPerformed,->,bcbf1d2f-ba94-4a53-9a39-09cb8d01bd80,java/lang/StringBuilder.java,append
bcbf1d2f-ba94-4a53-9a39-09cb8d01bd80,org/tju/ui/LogUi$QueryButton.java,actionPerformed,->,bcbf1d2f-ba94-4a53-9a39-09cb8d01bd80,java/util/List.java,get
bcbf1d2f-ba94-4a53-9a39-09cb8d01bd80,org/tju/ui/LogUi$QueryButton.java,actionPerformed,->,bcbf1d2f-ba94-4a53-9a39-09cb8d01bd80,java/lang/Object.java,toString
bcbf1d2f-ba94-4a53-9a39-09cb8d01bd80,org/tju/ui/LogUi$QueryButton.java,actionPerformed,->,bcbf1d2f-ba94-4a53-9a39-09cb8d01bd80,java/lang/StringBuilder.java,append
bcbf1d2f-ba94-4a53-9a39-09cb8d01bd80,org/tju/ui/LogUi$QueryButton.java,actionPerformed,->,bcbf1d2f-ba94-4a53-9a39-09cb8d01bd80,java/lang/StringBuilder.java,toString
bcbf1d2f-ba94-4a53-9a39-09cb8d01bd80,org/tju/ui/LogUi$QueryButton.java,actionPerformed,->,bcbf1d2f-ba94-4a53-9a39-09cb8d01bd80,java/util/List.java,add
bcbf1d2f-ba94-4a53-9a39-09cb8d01bd80,org/tju/ui/LogUi$QueryButton.java,actionPerformed,->,bcbf1d2f-ba94-4a53-9a39-09cb8d01bd80,java/text/SimpleDateFormat.java,format
bcbf1d2f-ba94-4a53-9a39-09cb8d01bd80,org/tju/ui/LogUi$QueryButton.java,actionPerformed,->,bcbf1d2f-ba94-4a53-9a39-09cb8d01bd80,org/tju/ui/LogUi.java,access$2300
bcbf1d2f-ba94-4a53-9a39-09cb8d01bd80,org/tju/ui/LogUi$QueryButton.java,actionPerformed,->,bcbf1d2f-ba94-4a53-9a39-09cb8d01bd80,java/lang/StringBuilder.java,append
bcbf1d2f-ba94-4a53-9a39-09cb8d01bd80,org/tju/ui/LogUi$QueryButton.java,actionPerformed,->,bcbf1d2f-ba94-4a53-9a39-09cb8d01bd80,java/lang/StringBuilder.java,append
bcbf1d2f-ba94-4a53-9a39-09cb8d01bd80,org/tju/ui/LogUi$QueryButton.java,actionPerformed,->,bcbf1d2f-ba94-4a53-9a39-09cb8d01bd80,java/lang/StringBuilder.java,append
bcbf1d2f-ba94-4a53-9a39-09cb8d01bd80,org/tju/ui/LogUi$QueryButton.java,actionPerformed,->,bcbf1d2f-ba94-4a53-9a39-09cb8d01bd80,java/lang/StringBuilder.java,append
bcbf1d2f-ba94-4a53-9a39-09cb8d01bd80,org/tju/ui/LogUi$QueryButton.java,actionPerformed,->,bcbf1d2f-ba94-4a53-9a39-09cb8d01bd80,java/lang/StringBuilder.java,toString
bcbf1d2f-ba94-4a53-9a39-09cb8d01bd80,org/tju/ui/LogUi$QueryButton.java,actionPerformed,->,bcbf1d2f-ba94-4a53-9a39-09cb8d01bd80,a911f337-e96e-4836-8029-db9e688a5f71,b59760f2-8404-487d-81a3-589a3b06d75e
bcbf1d2f-ba94-4a53-9a39-09cb8d01bd80,org/tju/ui/LogUi$QueryButton.java,actionPerformed,->,bcbf1d2f-ba94-4a53-9a39-09cb8d01bd80,a911f337-e96e-4836-8029-db9e688a5f71,69f436f1-376f-4f86-9e3b-0ced7288dc97
bcbf1d2f-ba94-4a53-9a39-09cb8d01bd80,org/tju/ui/LogUi$QueryButton.java,actionPerformed,->,bcbf1d2f-ba94-4a53-9a39-09cb8d01bd80,17adb061-933b-4730-a300-de41efc2d8d8,37124a61-642f-4e4a-8640-589a14913874
bcbf1d2f-ba94-4a53-9a39-09cb8d01bd80,org/tju/ui/LogUi$QueryButton.java,actionPerformed,->,bcbf1d2f-ba94-4a53-9a39-09cb8d01bd80,org/tju/ui/LogUi.java,access$100
bcbf1d2f-ba94-4a53-9a39-09cb8d01bd80,org/tju/ui/LogUi$QueryButton.java,actionPerformed,->,bcbf1d2f-ba94-4a53-9a39-09cb8d01bd80,java/lang/StringBuilder.java,append
bcbf1d2f-ba94-4a53-9a39-09cb8d01bd80,org/tju/ui/LogUi$QueryButton.java,actionPerformed,->,bcbf1d2f-ba94-4a53-9a39-09cb8d01bd80,org/tju/ui/LogUi.java,access$2300
bcbf1d2f-ba94-4a53-9a39-09cb8d01bd80,org/tju/ui/LogUi$QueryButton.java,actionPerformed,->,bcbf1d2f-ba94-4a53-9a39-09cb8d01bd80,java/lang/StringBuilder.java,append
bcbf1d2f-ba94-4a53-9a39-09cb8d01bd80,org/tju/ui/LogUi$QueryButton.java,actionPerformed,->,bcbf1d2f-ba94-4a53-9a39-09cb8d01bd80,java/lang/StringBuilder.java,append
bcbf1d2f-ba94-4a53-9a39-09cb8d01bd80,org/tju/ui/LogUi$QueryButton.java,actionPerformed,->,bcbf1d2f-ba94-4a53-9a39-09cb8d01bd80,java/lang/StringBuilder.java,append
bcbf1d2f-ba94-4a53-9a39-09cb8d01bd80,org/tju/ui/LogUi$QueryButton.java,actionPerformed,->,bcbf1d2f-ba94-4a53-9a39-09cb8d01bd80,java/lang/StringBuilder.java,append
bcbf1d2f-ba94-4a53-9a39-09cb8d01bd80,org/tju/ui/LogUi$QueryButton.java,actionPerformed,->,bcbf1d2f-ba94-4a53-9a39-09cb8d01bd80,java/lang/StringBuilder.java,toString
bcbf1d2f-ba94-4a53-9a39-09cb8d01bd80,org/tju/ui/LogUi$QueryButton.java,actionPerformed,->,bcbf1d2f-ba94-4a53-9a39-09cb8d01bd80,javax/swing/JTextField.java,setText
bcbf1d2f-ba94-4a53-9a39-09cb8d01bd80,org/tju/ui/LogUi$QueryButton.java,actionPerformed,->,bcbf1d2f-ba94-4a53-9a39-09cb8d01bd80,java/awt/event/ActionEvent.java,getSource
bcbf1d2f-ba94-4a53-9a39-09cb8d01bd80,org/tju/ui/LogUi$QueryButton.java,actionPerformed,->,bcbf1d2f-ba94-4a53-9a39-09cb8d01bd80,org/tju/ui/LogUi.java,access$2400
bcbf1d2f-ba94-4a53-9a39-09cb8d01bd80,org/tju/ui/LogUi$QueryButton.java,actionPerformed,->,bcbf1d2f-ba94-4a53-9a39-09cb8d01bd80,java/lang/Object.java,equals
bcbf1d2f-ba94-4a53-9a39-09cb8d01bd80,org/tju/ui/LogUi$QueryButton.java,actionPerformed,->,bcbf1d2f-ba94-4a53-9a39-09cb8d01bd80,java/text/SimpleDateFormat.java,format
bcbf1d2f-ba94-4a53-9a39-09cb8d01bd80,org/tju/ui/LogUi$QueryButton.java,actionPerformed,->,bcbf1d2f-ba94-4a53-9a39-09cb8d01bd80,org/tju/ui/LogUi.java,access$1900
bcbf1d2f-ba94-4a53-9a39-09cb8d01bd80,org/tju/ui/LogUi$QueryButton.java,actionPerformed,->,bcbf1d2f-ba94-4a53-9a39-09cb8d01bd80,org/tju/ui/LogUi.java,access$2000
bcbf1d2f-ba94-4a53-9a39-09cb8d01bd80,org/tju/ui/LogUi$QueryButton.java,actionPerformed,->,bcbf1d2f-ba94-4a53-9a39-09cb8d01bd80,17adb061-933b-4730-a300-de41efc2d8d8,97147c6f-cbee-4089-a47e-60fa6318501e
bcbf1d2f-ba94-4a53-9a39-09cb8d01bd80,org/tju/ui/LogUi$QueryButton.java,actionPerformed,->,bcbf1d2f-ba94-4a53-9a39-09cb8d01bd80,org/tju/ui/LogUi.java,access$2000
bcbf1d2f-ba94-4a53-9a39-09cb8d01bd80,org/tju/ui/LogUi$QueryButton.java,actionPerformed,->,bcbf1d2f-ba94-4a53-9a39-09cb8d01bd80,17adb061-933b-4730-a300-de41efc2d8d8,212c2f2c-4404-43a8-9b6e-a768ecfbdc8a
bcbf1d2f-ba94-4a53-9a39-09cb8d01bd80,org/tju/ui/LogUi$QueryButton.java,actionPerformed,->,bcbf1d2f-ba94-4a53-9a39-09cb8d01bd80,17adb061-933b-4730-a300-de41efc2d8d8,62acc29d-e798-44b9-8255-61ad10f3556b
bcbf1d2f-ba94-4a53-9a39-09cb8d01bd80,org/tju/ui/LogUi$QueryButton.java,actionPerformed,->,bcbf1d2f-ba94-4a53-9a39-09cb8d01bd80,java/lang/Boolean.java,valueOf
bcbf1d2f-ba94-4a53-9a39-09cb8d01bd80,org/tju/ui/LogUi$QueryButton.java,actionPerformed,->,bcbf1d2f-ba94-4a53-9a39-09cb8d01bd80,6576efa8-f581-4939-9f69-f25daa3ced44,90fc46ad-fb55-4a15-b218-3110c3ed144d
bcbf1d2f-ba94-4a53-9a39-09cb8d01bd80,org/tju/ui/LogUi$QueryButton.java,actionPerformed,->,bcbf1d2f-ba94-4a53-9a39-09cb8d01bd80,org/tju/ui/LogUi.java,repaint
bcbf1d2f-ba94-4a53-9a39-09cb8d01bd80,org/tju/ui/LogUi$QueryButton.java,actionPerformed,->,bcbf1d2f-ba94-4a53-9a39-09cb8d01bd80,java/lang/StringBuilder.java,append
bcbf1d2f-ba94-4a53-9a39-09cb8d01bd80,org/tju/ui/LogUi$QueryButton.java,actionPerformed,->,bcbf1d2f-ba94-4a53-9a39-09cb8d01bd80,org/tju/ui/LogUi.java,access$2300
bcbf1d2f-ba94-4a53-9a39-09cb8d01bd80,org/tju/ui/LogUi$QueryButton.java,actionPerformed,->,bcbf1d2f-ba94-4a53-9a39-09cb8d01bd80,java/lang/StringBuilder.java,append
bcbf1d2f-ba94-4a53-9a39-09cb8d01bd80,org/tju/ui/LogUi$QueryButton.java,actionPerformed,->,bcbf1d2f-ba94-4a53-9a39-09cb8d01bd80,java/lang/StringBuilder.java,append
bcbf1d2f-ba94-4a53-9a39-09cb8d01bd80,org/tju/ui/LogUi$QueryButton.java,actionPerformed,->,bcbf1d2f-ba94-4a53-9a39-09cb8d01bd80,java/lang/StringBuilder.java,append
bcbf1d2f-ba94-4a53-9a39-09cb8d01bd80,org/tju/ui/LogUi$QueryButton.java,actionPerformed,->,bcbf1d2f-ba94-4a53-9a39-09cb8d01bd80,java/lang/StringBuilder.java,append
bcbf1d2f-ba94-4a53-9a39-09cb8d01bd80,org/tju/ui/LogUi$QueryButton.java,actionPerformed,->,bcbf1d2f-ba94-4a53-9a39-09cb8d01bd80,java/lang/StringBuilder.java,toString
bcbf1d2f-ba94-4a53-9a39-09cb8d01bd80,org/tju/ui/LogUi$QueryButton.java,actionPerformed,->,bcbf1d2f-ba94-4a53-9a39-09cb8d01bd80,java/lang/Runtime.java,getRuntime
bcbf1d2f-ba94-4a53-9a39-09cb8d01bd80,org/tju/ui/LogUi$QueryButton.java,actionPerformed,->,bcbf1d2f-ba94-4a53-9a39-09cb8d01bd80,java/lang/Runtime.java,exec
bcbf1d2f-ba94-4a53-9a39-09cb8d01bd80,org/tju/ui/LogUi$QueryButton.java,actionPerformed,->,bcbf1d2f-ba94-4a53-9a39-09cb8d01bd80,java/lang/Process.java,waitFor
bcbf1d2f-ba94-4a53-9a39-09cb8d01bd80,org/tju/ui/LogUi$QueryButton.java,actionPerformed,->,bcbf1d2f-ba94-4a53-9a39-09cb8d01bd80,org/tju/ui/LogUi.java,access$2500
bcbf1d2f-ba94-4a53-9a39-09cb8d01bd80,org/tju/ui/LogUi$QueryButton.java,actionPerformed,->,bcbf1d2f-ba94-4a53-9a39-09cb8d01bd80,17adb061-933b-4730-a300-de41efc2d8d8,37124a61-642f-4e4a-8640-589a14913874
bcbf1d2f-ba94-4a53-9a39-09cb8d01bd80,org/tju/ui/LogUi$QueryButton.java,actionPerformed,->,bcbf1d2f-ba94-4a53-9a39-09cb8d01bd80,java/lang/Exception.java,printStackTrace
bcbf1d2f-ba94-4a53-9a39-09cb8d01bd80,org/tju/ui/LogUi$4.java,actionPerformed,->,bcbf1d2f-ba94-4a53-9a39-09cb8d01bd80,org/tju/ui/LogUi.java,access$400
bcbf1d2f-ba94-4a53-9a39-09cb8d01bd80,org/tju/ui/LogUi$4.java,actionPerformed,->,bcbf1d2f-ba94-4a53-9a39-09cb8d01bd80,javax/swing/JButton.java,setEnabled
bcbf1d2f-ba94-4a53-9a39-09cb8d01bd80,org/tju/ui/LogUi$4.java,actionPerformed,->,bcbf1d2f-ba94-4a53-9a39-09cb8d01bd80,org/tju/ui/LogUi.java,access$300
bcbf1d2f-ba94-4a53-9a39-09cb8d01bd80,org/tju/ui/LogUi$4.java,actionPerformed,->,bcbf1d2f-ba94-4a53-9a39-09cb8d01bd80,javax/swing/JButton.java,setEnabled
bcbf1d2f-ba94-4a53-9a39-09cb8d01bd80,org/tju/ui/LogUi$4.java,actionPerformed,->,bcbf1d2f-ba94-4a53-9a39-09cb8d01bd80,org/tju/ui/LogUi.java,access$500
bcbf1d2f-ba94-4a53-9a39-09cb8d01bd80,org/tju/ui/LogUi$4.java,actionPerformed,->,bcbf1d2f-ba94-4a53-9a39-09cb8d01bd80,javax/swing/JComboBox.java,setEnabled
bcbf1d2f-ba94-4a53-9a39-09cb8d01bd80,org/tju/ui/LogUi$4.java,actionPerformed,->,bcbf1d2f-ba94-4a53-9a39-09cb8d01bd80,org/tju/ui/LogUi.java,access$600
bcbf1d2f-ba94-4a53-9a39-09cb8d01bd80,org/tju/ui/LogUi$4.java,actionPerformed,->,bcbf1d2f-ba94-4a53-9a39-09cb8d01bd80,javax/swing/JButton.java,setEnabled
bcbf1d2f-ba94-4a53-9a39-09cb8d01bd80,org/tju/ui/LogUi$4.java,actionPerformed,->,bcbf1d2f-ba94-4a53-9a39-09cb8d01bd80,org/tju/ui/LogUi.java,access$700
bcbf1d2f-ba94-4a53-9a39-09cb8d01bd80,org/tju/ui/LogUi$4.java,actionPerformed,->,bcbf1d2f-ba94-4a53-9a39-09cb8d01bd80,javax/swing/JButton.java,setEnabled
bcbf1d2f-ba94-4a53-9a39-09cb8d01bd80,org/tju/ui/LogUi$4.java,actionPerformed,->,bcbf1d2f-ba94-4a53-9a39-09cb8d01bd80,org/tju/ui/LogUi.java,access$700
bcbf1d2f-ba94-4a53-9a39-09cb8d01bd80,org/tju/ui/LogUi$4.java,actionPerformed,->,bcbf1d2f-ba94-4a53-9a39-09cb8d01bd80,javax/swing/JButton.java,setText
bcbf1d2f-ba94-4a53-9a39-09cb8d01bd80,org/tju/ui/LogUi$4.java,actionPerformed,->,bcbf1d2f-ba94-4a53-9a39-09cb8d01bd80,org/tju/ui/LogUi.java,access$700
bcbf1d2f-ba94-4a53-9a39-09cb8d01bd80,org/tju/ui/LogUi$4.java,actionPerformed,->,bcbf1d2f-ba94-4a53-9a39-09cb8d01bd80,javax/swing/JButton.java,setForeground
bcbf1d2f-ba94-4a53-9a39-09cb8d01bd80,org/tju/ui/LogUi$4.java,actionPerformed,->,bcbf1d2f-ba94-4a53-9a39-09cb8d01bd80,org/tju/ui/LogUi.java,access$800
bcbf1d2f-ba94-4a53-9a39-09cb8d01bd80,org/tju/ui/LogUi$4.java,actionPerformed,->,bcbf1d2f-ba94-4a53-9a39-09cb8d01bd80,javax/swing/JButton.java,setEnabled
bcbf1d2f-ba94-4a53-9a39-09cb8d01bd80,org/tju/ui/LogUi$4.java,actionPerformed,->,bcbf1d2f-ba94-4a53-9a39-09cb8d01bd80,org/tju/ui/LogUi.java,access$900
bcbf1d2f-ba94-4a53-9a39-09cb8d01bd80,org/tju/ui/LogUi$4.java,actionPerformed,->,bcbf1d2f-ba94-4a53-9a39-09cb8d01bd80,javax/swing/JButton.java,setEnabled
bcbf1d2f-ba94-4a53-9a39-09cb8d01bd80,org/tju/ui/LogUi$4.java,actionPerformed,->,bcbf1d2f-ba94-4a53-9a39-09cb8d01bd80,org/tju/ui/LogUi.java,access$1000
bcbf1d2f-ba94-4a53-9a39-09cb8d01bd80,org/tju/ui/LogUi$4.java,actionPerformed,->,bcbf1d2f-ba94-4a53-9a39-09cb8d01bd80,javax/swing/JButton.java,setEnabled
bcbf1d2f-ba94-4a53-9a39-09cb8d01bd80,org/tju/ui/LogUi$4.java,actionPerformed,->,bcbf1d2f-ba94-4a53-9a39-09cb8d01bd80,org/tju/ui/LogUi.java,access$1100
bcbf1d2f-ba94-4a53-9a39-09cb8d01bd80,org/tju/ui/LogUi$4.java,actionPerformed,->,bcbf1d2f-ba94-4a53-9a39-09cb8d01bd80,javax/swing/JTextField.java,setEnabled
bcbf1d2f-ba94-4a53-9a39-09cb8d01bd80,org/tju/ui/LogUi$4.java,actionPerformed,->,bcbf1d2f-ba94-4a53-9a39-09cb8d01bd80,org/tju/ui/LogUi.java,access$1200
bcbf1d2f-ba94-4a53-9a39-09cb8d01bd80,org/tju/ui/LogUi$4.java,actionPerformed,->,bcbf1d2f-ba94-4a53-9a39-09cb8d01bd80,javax/swing/JTextField.java,setEnabled
bcbf1d2f-ba94-4a53-9a39-09cb8d01bd80,org/tju/ui/LogUi$4.java,actionPerformed,->,bcbf1d2f-ba94-4a53-9a39-09cb8d01bd80,org/tju/ui/LogUi.java,access$1300
bcbf1d2f-ba94-4a53-9a39-09cb8d01bd80,org/tju/ui/LogUi$4.java,actionPerformed,->,bcbf1d2f-ba94-4a53-9a39-09cb8d01bd80,javax/swing/JComboBox.java,setEnabled
bcbf1d2f-ba94-4a53-9a39-09cb8d01bd80,org/tju/ui/LogUi$4.java,actionPerformed,->,bcbf1d2f-ba94-4a53-9a39-09cb8d01bd80,org/tju/ui/LogUi.java,access$1400
bcbf1d2f-ba94-4a53-9a39-09cb8d01bd80,org/tju/ui/LogUi$4.java,actionPerformed,->,bcbf1d2f-ba94-4a53-9a39-09cb8d01bd80,javax/swing/JComboBox.java,setEnabled
bcbf1d2f-ba94-4a53-9a39-09cb8d01bd80,org/tju/ui/LogUi$4.java,actionPerformed,->,bcbf1d2f-ba94-4a53-9a39-09cb8d01bd80,6576efa8-f581-4939-9f69-f25daa3ced44,fa7640aa-5799-4333-949d-730604762589
bcbf1d2f-ba94-4a53-9a39-09cb8d01bd80,org/tju/ui/LogUi$4.java,actionPerformed,->,bcbf1d2f-ba94-4a53-9a39-09cb8d01bd80,org/tju/ui/LogUi.java,repaint
bcbf1d2f-ba94-4a53-9a39-09cb8d01bd80,org/tju/ui/LogUi$4.java,actionPerformed,->,bcbf1d2f-ba94-4a53-9a39-09cb8d01bd80,org/tju/ui/LogUi.java,access$1500
bcbf1d2f-ba94-4a53-9a39-09cb8d01bd80,org/tju/ui/LogUi$4.java,actionPerformed,->,bcbf1d2f-ba94-4a53-9a39-09cb8d01bd80,java/lang/String.java,equals
bcbf1d2f-ba94-4a53-9a39-09cb8d01bd80,org/tju/ui/LogUi$4.java,actionPerformed,->,bcbf1d2f-ba94-4a53-9a39-09cb8d01bd80,org/tju/ui/LogUi.java,access$1700
bcbf1d2f-ba94-4a53-9a39-09cb8d01bd80,org/tju/ui/LogUi$4.java,actionPerformed,->,bcbf1d2f-ba94-4a53-9a39-09cb8d01bd80,org/tju/ui/LogUi.java,access$1602
bcbf1d2f-ba94-4a53-9a39-09cb8d01bd80,org/tju/ui/LogUi$4.java,actionPerformed,->,bcbf1d2f-ba94-4a53-9a39-09cb8d01bd80,org/tju/ui/LogUi.java,access$1600
bcbf1d2f-ba94-4a53-9a39-09cb8d01bd80,org/tju/ui/LogUi$4.java,actionPerformed,->,bcbf1d2f-ba94-4a53-9a39-09cb8d01bd80,org/tju/tool/MonThread.java,start
bcbf1d2f-ba94-4a53-9a39-09cb8d01bd80,org/tju/ui/LogUi$4.java,actionPerformed,->,bcbf1d2f-ba94-4a53-9a39-09cb8d01bd80,org/tju/tool/FileMonitor.java,start
bcbf1d2f-ba94-4a53-9a39-09cb8d01bd80,org/tju/ui/LogUi$4.java,actionPerformed,->,bcbf1d2f-ba94-4a53-9a39-09cb8d01bd80,org/tju/ui/LogUi.java,access$1800
bcbf1d2f-ba94-4a53-9a39-09cb8d01bd80,org/tju/ui/LogUi$4.java,actionPerformed,->,bcbf1d2f-ba94-4a53-9a39-09cb8d01bd80,javax/swing/JButton.java,setText
bcbf1d2f-ba94-4a53-9a39-09cb8d01bd80,org/tju/ui/LogUi$4.java,actionPerformed,->,bcbf1d2f-ba94-4a53-9a39-09cb8d01bd80,org/tju/ui/LogUi.java,access$1800
bcbf1d2f-ba94-4a53-9a39-09cb8d01bd80,org/tju/ui/LogUi$4.java,actionPerformed,->,bcbf1d2f-ba94-4a53-9a39-09cb8d01bd80,javax/swing/JButton.java,setForeground
bcbf1d2f-ba94-4a53-9a39-09cb8d01bd80,org/tju/ui/LogUi$4.java,actionPerformed,->,bcbf1d2f-ba94-4a53-9a39-09cb8d01bd80,javax/swing/JTextField.java,setText
bcbf1d2f-ba94-4a53-9a39-09cb8d01bd80,org/tju/ui/LogUi$4.java,actionPerformed,->,bcbf1d2f-ba94-4a53-9a39-09cb8d01bd80,org/tju/ui/LogUi.java,access$500
bcbf1d2f-ba94-4a53-9a39-09cb8d01bd80,org/tju/ui/LogUi$4.java,actionPerformed,->,bcbf1d2f-ba94-4a53-9a39-09cb8d01bd80,javax/swing/JComboBox.java,setEnabled
bcbf1d2f-ba94-4a53-9a39-09cb8d01bd80,org/tju/ui/LogUi$4.java,actionPerformed,->,bcbf1d2f-ba94-4a53-9a39-09cb8d01bd80,org/tju/ui/LogUi.java,access$600
bcbf1d2f-ba94-4a53-9a39-09cb8d01bd80,org/tju/ui/LogUi$4.java,actionPerformed,->,bcbf1d2f-ba94-4a53-9a39-09cb8d01bd80,javax/swing/JButton.java,setEnabled
bcbf1d2f-ba94-4a53-9a39-09cb8d01bd80,org/tju/ui/LogUi$4.java,actionPerformed,->,bcbf1d2f-ba94-4a53-9a39-09cb8d01bd80,org/tju/ui/LogUi.java,access$700
bcbf1d2f-ba94-4a53-9a39-09cb8d01bd80,org/tju/ui/LogUi$4.java,actionPerformed,->,bcbf1d2f-ba94-4a53-9a39-09cb8d01bd80,javax/swing/JButton.java,setEnabled
bcbf1d2f-ba94-4a53-9a39-09cb8d01bd80,org/tju/ui/LogUi$4.java,actionPerformed,->,bcbf1d2f-ba94-4a53-9a39-09cb8d01bd80,org/tju/ui/LogUi.java,access$700
bcbf1d2f-ba94-4a53-9a39-09cb8d01bd80,org/tju/ui/LogUi$4.java,actionPerformed,->,bcbf1d2f-ba94-4a53-9a39-09cb8d01bd80,javax/swing/JButton.java,setText
bcbf1d2f-ba94-4a53-9a39-09cb8d01bd80,org/tju/ui/LogUi$4.java,actionPerformed,->,bcbf1d2f-ba94-4a53-9a39-09cb8d01bd80,org/tju/ui/LogUi.java,access$700
bcbf1d2f-ba94-4a53-9a39-09cb8d01bd80,org/tju/ui/LogUi$4.java,actionPerformed,->,bcbf1d2f-ba94-4a53-9a39-09cb8d01bd80,javax/swing/JButton.java,setForeground
bcbf1d2f-ba94-4a53-9a39-09cb8d01bd80,org/tju/ui/LogUi$4.java,actionPerformed,->,bcbf1d2f-ba94-4a53-9a39-09cb8d01bd80,org/tju/ui/LogUi.java,access$1100
bcbf1d2f-ba94-4a53-9a39-09cb8d01bd80,org/tju/ui/LogUi$4.java,actionPerformed,->,bcbf1d2f-ba94-4a53-9a39-09cb8d01bd80,javax/swing/JTextField.java,setEnabled
bcbf1d2f-ba94-4a53-9a39-09cb8d01bd80,org/tju/ui/LogUi$4.java,actionPerformed,->,bcbf1d2f-ba94-4a53-9a39-09cb8d01bd80,org/tju/ui/LogUi.java,access$1200
bcbf1d2f-ba94-4a53-9a39-09cb8d01bd80,org/tju/ui/LogUi$4.java,actionPerformed,->,bcbf1d2f-ba94-4a53-9a39-09cb8d01bd80,javax/swing/JTextField.java,setEnabled
bcbf1d2f-ba94-4a53-9a39-09cb8d01bd80,org/tju/ui/LogUi$4.java,actionPerformed,->,bcbf1d2f-ba94-4a53-9a39-09cb8d01bd80,org/tju/ui/LogUi.java,access$1300
bcbf1d2f-ba94-4a53-9a39-09cb8d01bd80,org/tju/ui/LogUi$4.java,actionPerformed,->,bcbf1d2f-ba94-4a53-9a39-09cb8d01bd80,javax/swing/JComboBox.java,setEnabled
bcbf1d2f-ba94-4a53-9a39-09cb8d01bd80,org/tju/ui/LogUi$4.java,actionPerformed,->,bcbf1d2f-ba94-4a53-9a39-09cb8d01bd80,org/tju/ui/LogUi.java,access$1400
bcbf1d2f-ba94-4a53-9a39-09cb8d01bd80,org/tju/ui/LogUi$4.java,actionPerformed,->,bcbf1d2f-ba94-4a53-9a39-09cb8d01bd80,javax/swing/JComboBox.java,setEnabled
bcbf1d2f-ba94-4a53-9a39-09cb8d01bd80,org/tju/ui/LogUi$4.java,actionPerformed,->,bcbf1d2f-ba94-4a53-9a39-09cb8d01bd80,org/tju/ui/LogUi.java,access$1800
bcbf1d2f-ba94-4a53-9a39-09cb8d01bd80,org/tju/ui/LogUi$4.java,actionPerformed,->,bcbf1d2f-ba94-4a53-9a39-09cb8d01bd80,javax/swing/JButton.java,setText
bcbf1d2f-ba94-4a53-9a39-09cb8d01bd80,org/tju/ui/LogUi$4.java,actionPerformed,->,bcbf1d2f-ba94-4a53-9a39-09cb8d01bd80,org/tju/ui/LogUi.java,access$1800
bcbf1d2f-ba94-4a53-9a39-09cb8d01bd80,org/tju/ui/LogUi$4.java,actionPerformed,->,bcbf1d2f-ba94-4a53-9a39-09cb8d01bd80,javax/swing/JButton.java,setForeground
bcbf1d2f-ba94-4a53-9a39-09cb8d01bd80,org/tju/ui/LogUi$4.java,actionPerformed,->,bcbf1d2f-ba94-4a53-9a39-09cb8d01bd80,org/tju/tool/FileMonitor.java,stop
bcbf1d2f-ba94-4a53-9a39-09cb8d01bd80,org/tju/ui/LogUi$4.java,actionPerformed,->,bcbf1d2f-ba94-4a53-9a39-09cb8d01bd80,org/tju/ui/LogUi.java,access$100
bcbf1d2f-ba94-4a53-9a39-09cb8d01bd80,org/tju/ui/LogUi$4.java,actionPerformed,->,bcbf1d2f-ba94-4a53-9a39-09cb8d01bd80,javax/swing/JTextField.java,setForeground
bcbf1d2f-ba94-4a53-9a39-09cb8d01bd80,org/tju/ui/LogUi$4.java,actionPerformed,->,bcbf1d2f-ba94-4a53-9a39-09cb8d01bd80,org/tju/ui/LogUi.java,access$100
bcbf1d2f-ba94-4a53-9a39-09cb8d01bd80,org/tju/ui/LogUi$4.java,actionPerformed,->,bcbf1d2f-ba94-4a53-9a39-09cb8d01bd80,javax/swing/JTextField.java,setText
bcbf1d2f-ba94-4a53-9a39-09cb8d01bd80,org/tju/ui/LogUi$4.java,actionPerformed,->,bcbf1d2f-ba94-4a53-9a39-09cb8d01bd80,org/tju/ui/LogUi.java,access$100
bcbf1d2f-ba94-4a53-9a39-09cb8d01bd80,org/tju/ui/LogUi$4.java,actionPerformed,->,bcbf1d2f-ba94-4a53-9a39-09cb8d01bd80,javax/swing/JTextField.java,setText
bcbf1d2f-ba94-4a53-9a39-09cb8d01bd80,org/tju/ui/LogUi$4.java,actionPerformed,->,bcbf1d2f-ba94-4a53-9a39-09cb8d01bd80,org/tju/ui/LogUi.java,access$100
bcbf1d2f-ba94-4a53-9a39-09cb8d01bd80,org/tju/ui/LogUi$4.java,actionPerformed,->,bcbf1d2f-ba94-4a53-9a39-09cb8d01bd80,javax/swing/JTextField.java,setForeground
bcbf1d2f-ba94-4a53-9a39-09cb8d01bd80,org/tju/ui/LogUi$5.java,actionPerformed,->,bcbf1d2f-ba94-4a53-9a39-09cb8d01bd80,org/tju/ui/LogUi.java,access$500
bcbf1d2f-ba94-4a53-9a39-09cb8d01bd80,org/tju/ui/LogUi$5.java,actionPerformed,->,bcbf1d2f-ba94-4a53-9a39-09cb8d01bd80,javax/swing/JComboBox.java,setEnabled
bcbf1d2f-ba94-4a53-9a39-09cb8d01bd80,org/tju/ui/LogUi$5.java,actionPerformed,->,bcbf1d2f-ba94-4a53-9a39-09cb8d01bd80,org/tju/ui/LogUi.java,access$1800
bcbf1d2f-ba94-4a53-9a39-09cb8d01bd80,org/tju/ui/LogUi$5.java,actionPerformed,->,bcbf1d2f-ba94-4a53-9a39-09cb8d01bd80,javax/swing/JButton.java,setEnabled
bcbf1d2f-ba94-4a53-9a39-09cb8d01bd80,org/tju/ui/LogUi$5.java,actionPerformed,->,bcbf1d2f-ba94-4a53-9a39-09cb8d01bd80,org/tju/ui/LogUi.java,access$400
bcbf1d2f-ba94-4a53-9a39-09cb8d01bd80,org/tju/ui/LogUi$5.java,actionPerformed,->,bcbf1d2f-ba94-4a53-9a39-09cb8d01bd80,javax/swing/JButton.java,setEnabled
bcbf1d2f-ba94-4a53-9a39-09cb8d01bd80,org/tju/ui/LogUi$5.java,actionPerformed,->,bcbf1d2f-ba94-4a53-9a39-09cb8d01bd80,org/tju/ui/LogUi.java,access$300
bcbf1d2f-ba94-4a53-9a39-09cb8d01bd80,org/tju/ui/LogUi$5.java,actionPerformed,->,bcbf1d2f-ba94-4a53-9a39-09cb8d01bd80,javax/swing/JButton.java,setEnabled
bcbf1d2f-ba94-4a53-9a39-09cb8d01bd80,org/tju/ui/LogUi$5.java,actionPerformed,->,bcbf1d2f-ba94-4a53-9a39-09cb8d01bd80,org/tju/ui/LogUi.java,access$800
bcbf1d2f-ba94-4a53-9a39-09cb8d01bd80,org/tju/ui/LogUi$5.java,actionPerformed,->,bcbf1d2f-ba94-4a53-9a39-09cb8d01bd80,javax/swing/JButton.java,setEnabled
bcbf1d2f-ba94-4a53-9a39-09cb8d01bd80,org/tju/ui/LogUi$5.java,actionPerformed,->,bcbf1d2f-ba94-4a53-9a39-09cb8d01bd80,org/tju/ui/LogUi.java,access$900
bcbf1d2f-ba94-4a53-9a39-09cb8d01bd80,org/tju/ui/LogUi$5.java,actionPerformed,->,bcbf1d2f-ba94-4a53-9a39-09cb8d01bd80,javax/swing/JButton.java,setEnabled
bcbf1d2f-ba94-4a53-9a39-09cb8d01bd80,org/tju/ui/LogUi$5.java,actionPerformed,->,bcbf1d2f-ba94-4a53-9a39-09cb8d01bd80,org/tju/ui/LogUi.java,access$1000
bcbf1d2f-ba94-4a53-9a39-09cb8d01bd80,org/tju/ui/LogUi$5.java,actionPerformed,->,bcbf1d2f-ba94-4a53-9a39-09cb8d01bd80,javax/swing/JButton.java,setEnabled
bcbf1d2f-ba94-4a53-9a39-09cb8d01bd80,org/tju/ui/LogUi$5.java,actionPerformed,->,bcbf1d2f-ba94-4a53-9a39-09cb8d01bd80,org/tju/ui/LogUi.java,access$700
bcbf1d2f-ba94-4a53-9a39-09cb8d01bd80,org/tju/ui/LogUi$5.java,actionPerformed,->,bcbf1d2f-ba94-4a53-9a39-09cb8d01bd80,javax/swing/JButton.java,setText
bcbf1d2f-ba94-4a53-9a39-09cb8d01bd80,org/tju/ui/LogUi$5.java,actionPerformed,->,bcbf1d2f-ba94-4a53-9a39-09cb8d01bd80,6576efa8-f581-4939-9f69-f25daa3ced44,fa7640aa-5799-4333-949d-730604762589
bcbf1d2f-ba94-4a53-9a39-09cb8d01bd80,org/tju/ui/LogUi$5.java,actionPerformed,->,bcbf1d2f-ba94-4a53-9a39-09cb8d01bd80,org/tju/ui/LogUi.java,repaint
bcbf1d2f-ba94-4a53-9a39-09cb8d01bd80,org/tju/ui/LogUi$5.java,actionPerformed,->,bcbf1d2f-ba94-4a53-9a39-09cb8d01bd80,org/tju/ui/LogUi.java,access$1900
bcbf1d2f-ba94-4a53-9a39-09cb8d01bd80,org/tju/ui/LogUi$5.java,actionPerformed,->,bcbf1d2f-ba94-4a53-9a39-09cb8d01bd80,org/tju/ui/LogUi.java,access$2000
bcbf1d2f-ba94-4a53-9a39-09cb8d01bd80,org/tju/ui/LogUi$5.java,actionPerformed,->,bcbf1d2f-ba94-4a53-9a39-09cb8d01bd80,org/tju/ui/LogUi.java,access$2000
bcbf1d2f-ba94-4a53-9a39-09cb8d01bd80,org/tju/ui/LogUi$5.java,actionPerformed,->,bcbf1d2f-ba94-4a53-9a39-09cb8d01bd80,17adb061-933b-4730-a300-de41efc2d8d8,0c504466-0ea3-41c4-8f53-b03ef22936fb
bcbf1d2f-ba94-4a53-9a39-09cb8d01bd80,org/tju/ui/LogUi$5.java,actionPerformed,->,bcbf1d2f-ba94-4a53-9a39-09cb8d01bd80,org/tju/ui/LogUi.java,repaint
bcbf1d2f-ba94-4a53-9a39-09cb8d01bd80,org/tju/ui/LogUi$5.java,actionPerformed,->,bcbf1d2f-ba94-4a53-9a39-09cb8d01bd80,java/lang/StringBuilder.java,append
bcbf1d2f-ba94-4a53-9a39-09cb8d01bd80,org/tju/ui/LogUi$5.java,actionPerformed,->,bcbf1d2f-ba94-4a53-9a39-09cb8d01bd80,java/lang/StringBuilder.java,append
bcbf1d2f-ba94-4a53-9a39-09cb8d01bd80,org/tju/ui/LogUi$5.java,actionPerformed,->,bcbf1d2f-ba94-4a53-9a39-09cb8d01bd80,java/lang/StringBuilder.java,append
bcbf1d2f-ba94-4a53-9a39-09cb8d01bd80,org/tju/ui/LogUi$5.java,actionPerformed,->,bcbf1d2f-ba94-4a53-9a39-09cb8d01bd80,java/lang/StringBuilder.java,toString
bcbf1d2f-ba94-4a53-9a39-09cb8d01bd80,org/tju/ui/LogUi$5.java,actionPerformed,->,bcbf1d2f-ba94-4a53-9a39-09cb8d01bd80,javax/swing/JTextField.java,setText
bcbf1d2f-ba94-4a53-9a39-09cb8d01bd80,org/tju/ui/LogUi$5.java,actionPerformed,->,bcbf1d2f-ba94-4a53-9a39-09cb8d01bd80,org/tju/ui/LogUi.java,access$100
bcbf1d2f-ba94-4a53-9a39-09cb8d01bd80,org/tju/ui/LogUi$5.java,actionPerformed,->,bcbf1d2f-ba94-4a53-9a39-09cb8d01bd80,javax/swing/JTextField.java,setText
bcbf1d2f-ba94-4a53-9a39-09cb8d01bd80,org/tju/ui/LogUi$9.java,actionPerformed,->,bcbf1d2f-ba94-4a53-9a39-09cb8d01bd80,java/awt/event/ActionEvent.java,getSource
bcbf1d2f-ba94-4a53-9a39-09cb8d01bd80,org/tju/ui/LogUi$9.java,actionPerformed,->,bcbf1d2f-ba94-4a53-9a39-09cb8d01bd80,javax/swing/JComboBox.java,getSelectedIndex
bcbf1d2f-ba94-4a53-9a39-09cb8d01bd80,org/tju/ui/LogUi$9.java,actionPerformed,->,bcbf1d2f-ba94-4a53-9a39-09cb8d01bd80,org/tju/ui/LogUi.java,access$2702
bcbf1d2f-ba94-4a53-9a39-09cb8d01bd80,org/tju/ui/LogUi$9.java,actionPerformed,->,bcbf1d2f-ba94-4a53-9a39-09cb8d01bd80,org/tju/ui/LogUi.java,access$2700
bcbf1d2f-ba94-4a53-9a39-09cb8d01bd80,org/tju/ui/LogUi$9.java,actionPerformed,->,bcbf1d2f-ba94-4a53-9a39-09cb8d01bd80,org/tju/ui/LogUi.java,access$2702
bcbf1d2f-ba94-4a53-9a39-09cb8d01bd80,org/tju/ui/LogUi$3.java,actionPerformed,->,bcbf1d2f-ba94-4a53-9a39-09cb8d01bd80,org/tju/ui/LogUi.java,access$200
bcbf1d2f-ba94-4a53-9a39-09cb8d01bd80,org/tju/ui/LogUi$3.java,actionPerformed,->,bcbf1d2f-ba94-4a53-9a39-09cb8d01bd80,java/lang/Boolean.java,valueOf
bcbf1d2f-ba94-4a53-9a39-09cb8d01bd80,org/tju/ui/LogUi$3.java,actionPerformed,->,bcbf1d2f-ba94-4a53-9a39-09cb8d01bd80,6576efa8-f581-4939-9f69-f25daa3ced44,90fc46ad-fb55-4a15-b218-3110c3ed144d
bcbf1d2f-ba94-4a53-9a39-09cb8d01bd80,org/tju/ui/LogUi$3.java,actionPerformed,->,bcbf1d2f-ba94-4a53-9a39-09cb8d01bd80,org/tju/ui/LogUi.java,repaint
bcbf1d2f-ba94-4a53-9a39-09cb8d01bd80,org/tju/ui/LogUi$3.java,actionPerformed,->,bcbf1d2f-ba94-4a53-9a39-09cb8d01bd80,org/tju/ui/LogUi.java,access$300
bcbf1d2f-ba94-4a53-9a39-09cb8d01bd80,org/tju/ui/LogUi$3.java,actionPerformed,->,bcbf1d2f-ba94-4a53-9a39-09cb8d01bd80,javax/swing/JButton.java,setText
bcbf1d2f-ba94-4a53-9a39-09cb8d01bd80,org/tju/ui/LogUi$3.java,actionPerformed,->,bcbf1d2f-ba94-4a53-9a39-09cb8d01bd80,java/lang/Boolean.java,valueOf
bcbf1d2f-ba94-4a53-9a39-09cb8d01bd80,org/tju/ui/LogUi$3.java,actionPerformed,->,bcbf1d2f-ba94-4a53-9a39-09cb8d01bd80,6576efa8-f581-4939-9f69-f25daa3ced44,90fc46ad-fb55-4a15-b218-3110c3ed144d
bcbf1d2f-ba94-4a53-9a39-09cb8d01bd80,org/tju/ui/LogUi$3.java,actionPerformed,->,bcbf1d2f-ba94-4a53-9a39-09cb8d01bd80,org/tju/ui/LogUi.java,repaint
bcbf1d2f-ba94-4a53-9a39-09cb8d01bd80,org/tju/ui/LogUi$3.java,actionPerformed,->,bcbf1d2f-ba94-4a53-9a39-09cb8d01bd80,org/tju/ui/LogUi.java,access$300
bcbf1d2f-ba94-4a53-9a39-09cb8d01bd80,org/tju/ui/LogUi$3.java,actionPerformed,->,bcbf1d2f-ba94-4a53-9a39-09cb8d01bd80,javax/swing/JButton.java,setText
bcbf1d2f-ba94-4a53-9a39-09cb8d01bd80,org/tju/ui/LogUi$3.java,actionPerformed,->,bcbf1d2f-ba94-4a53-9a39-09cb8d01bd80,org/tju/ui/LogUi.java,access$208
bcbf1d2f-ba94-4a53-9a39-09cb8d01bd80,org/tju/ui/LogUi$3.java,actionPerformed,->,bcbf1d2f-ba94-4a53-9a39-09cb8d01bd80,org/tju/ui/LogUi.java,access$100
bcbf1d2f-ba94-4a53-9a39-09cb8d01bd80,org/tju/ui/LogUi$3.java,actionPerformed,->,bcbf1d2f-ba94-4a53-9a39-09cb8d01bd80,javax/swing/JTextField.java,setText
bcbf1d2f-ba94-4a53-9a39-09cb8d01bd80,org/tju/ui/LogUi$8.java,actionPerformed,->,bcbf1d2f-ba94-4a53-9a39-09cb8d01bd80,java/awt/event/ActionEvent.java,getSource
bcbf1d2f-ba94-4a53-9a39-09cb8d01bd80,org/tju/ui/LogUi$8.java,actionPerformed,->,bcbf1d2f-ba94-4a53-9a39-09cb8d01bd80,javax/swing/JComboBox.java,getSelectedIndex
bcbf1d2f-ba94-4a53-9a39-09cb8d01bd80,org/tju/ui/LogUi$8.java,actionPerformed,->,bcbf1d2f-ba94-4a53-9a39-09cb8d01bd80,org/tju/ui/LogUi.java,access$2602
bcbf1d2f-ba94-4a53-9a39-09cb8d01bd80,org/tju/ui/LogUi$8.java,actionPerformed,->,bcbf1d2f-ba94-4a53-9a39-09cb8d01bd80,org/tju/ui/LogUi.java,access$2600
bcbf1d2f-ba94-4a53-9a39-09cb8d01bd80,org/tju/ui/LogUi$8.java,actionPerformed,->,bcbf1d2f-ba94-4a53-9a39-09cb8d01bd80,org/tju/ui/LogUi.java,access$2602
bcbf1d2f-ba94-4a53-9a39-09cb8d01bd80,org/tju/ui/LogUi$7.java,actionPerformed,->,bcbf1d2f-ba94-4a53-9a39-09cb8d01bd80,java/awt/event/ActionEvent.java,getSource
bcbf1d2f-ba94-4a53-9a39-09cb8d01bd80,org/tju/ui/LogUi$7.java,actionPerformed,->,bcbf1d2f-ba94-4a53-9a39-09cb8d01bd80,javax/swing/JComboBox.java,getSelectedItem
bcbf1d2f-ba94-4a53-9a39-09cb8d01bd80,org/tju/ui/LogUi$7.java,actionPerformed,->,bcbf1d2f-ba94-4a53-9a39-09cb8d01bd80,javax/swing/JComboBox.java,getSelectedIndex
bcbf1d2f-ba94-4a53-9a39-09cb8d01bd80,org/tju/ui/LogUi$7.java,actionPerformed,->,bcbf1d2f-ba94-4a53-9a39-09cb8d01bd80,org/tju/ui/LogUi.java,access$100
bcbf1d2f-ba94-4a53-9a39-09cb8d01bd80,org/tju/ui/LogUi$7.java,actionPerformed,->,bcbf1d2f-ba94-4a53-9a39-09cb8d01bd80,java/lang/StringBuilder.java,append
bcbf1d2f-ba94-4a53-9a39-09cb8d01bd80,org/tju/ui/LogUi$7.java,actionPerformed,->,bcbf1d2f-ba94-4a53-9a39-09cb8d01bd80,java/lang/StringBuilder.java,append
bcbf1d2f-ba94-4a53-9a39-09cb8d01bd80,org/tju/ui/LogUi$7.java,actionPerformed,->,bcbf1d2f-ba94-4a53-9a39-09cb8d01bd80,java/lang/StringBuilder.java,append
bcbf1d2f-ba94-4a53-9a39-09cb8d01bd80,org/tju/ui/LogUi$7.java,actionPerformed,->,bcbf1d2f-ba94-4a53-9a39-09cb8d01bd80,java/lang/StringBuilder.java,toString
bcbf1d2f-ba94-4a53-9a39-09cb8d01bd80,org/tju/ui/LogUi$7.java,actionPerformed,->,bcbf1d2f-ba94-4a53-9a39-09cb8d01bd80,javax/swing/JTextField.java,setText
bcbf1d2f-ba94-4a53-9a39-09cb8d01bd80,6576efa8-f581-4939-9f69-f25daa3ced44,093f516d-25bb-47c7-a70c-6c800b559bf0,->,bcbf1d2f-ba94-4a53-9a39-09cb8d01bd80,java/util/List.java,size
bcbf1d2f-ba94-4a53-9a39-09cb8d01bd80,6576efa8-f581-4939-9f69-f25daa3ced44,a2fad4cb-afba-40a5-8495-0e2258ac3ddd,->,bcbf1d2f-ba94-4a53-9a39-09cb8d01bd80,java/util/List.java,get
bcbf1d2f-ba94-4a53-9a39-09cb8d01bd80,6576efa8-f581-4939-9f69-f25daa3ced44,a2fad4cb-afba-40a5-8495-0e2258ac3ddd,->,bcbf1d2f-ba94-4a53-9a39-09cb8d01bd80,6576efa8-f581-4939-9f69-f25daa3ced44,47d6c0af-1d41-48b6-a4ec-9bd5c329a75d
bcbf1d2f-ba94-4a53-9a39-09cb8d01bd80,6576efa8-f581-4939-9f69-f25daa3ced44,90fc46ad-fb55-4a15-b218-3110c3ed144d,->,bcbf1d2f-ba94-4a53-9a39-09cb8d01bd80,java/util/List.java,size
bcbf1d2f-ba94-4a53-9a39-09cb8d01bd80,6576efa8-f581-4939-9f69-f25daa3ced44,90fc46ad-fb55-4a15-b218-3110c3ed144d,->,bcbf1d2f-ba94-4a53-9a39-09cb8d01bd80,java/util/List.java,get
bcbf1d2f-ba94-4a53-9a39-09cb8d01bd80,6576efa8-f581-4939-9f69-f25daa3ced44,90fc46ad-fb55-4a15-b218-3110c3ed144d,->,bcbf1d2f-ba94-4a53-9a39-09cb8d01bd80,java/lang/Object.java,toString
bcbf1d2f-ba94-4a53-9a39-09cb8d01bd80,6576efa8-f581-4939-9f69-f25daa3ced44,90fc46ad-fb55-4a15-b218-3110c3ed144d,->,bcbf1d2f-ba94-4a53-9a39-09cb8d01bd80,663e0ea9-2e2c-4bc9-9587-19e5e8dc6f1e,efd3162c-e374-42e8-81aa-e473600684a2
bcbf1d2f-ba94-4a53-9a39-09cb8d01bd80,6576efa8-f581-4939-9f69-f25daa3ced44,90fc46ad-fb55-4a15-b218-3110c3ed144d,->,bcbf1d2f-ba94-4a53-9a39-09cb8d01bd80,java/util/List.java,get
bcbf1d2f-ba94-4a53-9a39-09cb8d01bd80,6576efa8-f581-4939-9f69-f25daa3ced44,90fc46ad-fb55-4a15-b218-3110c3ed144d,->,bcbf1d2f-ba94-4a53-9a39-09cb8d01bd80,java/lang/Object.java,toString
bcbf1d2f-ba94-4a53-9a39-09cb8d01bd80,6576efa8-f581-4939-9f69-f25daa3ced44,90fc46ad-fb55-4a15-b218-3110c3ed144d,->,bcbf1d2f-ba94-4a53-9a39-09cb8d01bd80,663e0ea9-2e2c-4bc9-9587-19e5e8dc6f1e,1e90c9ae-909b-4854-bcab-45befa76d62b
bcbf1d2f-ba94-4a53-9a39-09cb8d01bd80,6576efa8-f581-4939-9f69-f25daa3ced44,90fc46ad-fb55-4a15-b218-3110c3ed144d,->,bcbf1d2f-ba94-4a53-9a39-09cb8d01bd80,java/util/List.java,get
bcbf1d2f-ba94-4a53-9a39-09cb8d01bd80,6576efa8-f581-4939-9f69-f25daa3ced44,90fc46ad-fb55-4a15-b218-3110c3ed144d,->,bcbf1d2f-ba94-4a53-9a39-09cb8d01bd80,java/lang/Object.java,toString
bcbf1d2f-ba94-4a53-9a39-09cb8d01bd80,6576efa8-f581-4939-9f69-f25daa3ced44,90fc46ad-fb55-4a15-b218-3110c3ed144d,->,bcbf1d2f-ba94-4a53-9a39-09cb8d01bd80,java/lang/Float.java,parseFloat
bcbf1d2f-ba94-4a53-9a39-09cb8d01bd80,6576efa8-f581-4939-9f69-f25daa3ced44,90fc46ad-fb55-4a15-b218-3110c3ed144d,->,bcbf1d2f-ba94-4a53-9a39-09cb8d01bd80,663e0ea9-2e2c-4bc9-9587-19e5e8dc6f1e,189ab331-2d8b-4626-acfb-516303144923
bcbf1d2f-ba94-4a53-9a39-09cb8d01bd80,6576efa8-f581-4939-9f69-f25daa3ced44,90fc46ad-fb55-4a15-b218-3110c3ed144d,->,bcbf1d2f-ba94-4a53-9a39-09cb8d01bd80,java/util/List.java,get
bcbf1d2f-ba94-4a53-9a39-09cb8d01bd80,6576efa8-f581-4939-9f69-f25daa3ced44,90fc46ad-fb55-4a15-b218-3110c3ed144d,->,bcbf1d2f-ba94-4a53-9a39-09cb8d01bd80,java/lang/Object.java,toString
bcbf1d2f-ba94-4a53-9a39-09cb8d01bd80,6576efa8-f581-4939-9f69-f25daa3ced44,90fc46ad-fb55-4a15-b218-3110c3ed144d,->,bcbf1d2f-ba94-4a53-9a39-09cb8d01bd80,java/lang/Float.java,parseFloat
bcbf1d2f-ba94-4a53-9a39-09cb8d01bd80,6576efa8-f581-4939-9f69-f25daa3ced44,90fc46ad-fb55-4a15-b218-3110c3ed144d,->,bcbf1d2f-ba94-4a53-9a39-09cb8d01bd80,663e0ea9-2e2c-4bc9-9587-19e5e8dc6f1e,52ffde93-fa2a-4bf8-9c73-4ed38f5fd4a5
bcbf1d2f-ba94-4a53-9a39-09cb8d01bd80,6576efa8-f581-4939-9f69-f25daa3ced44,90fc46ad-fb55-4a15-b218-3110c3ed144d,->,bcbf1d2f-ba94-4a53-9a39-09cb8d01bd80,java/util/List.java,get
bcbf1d2f-ba94-4a53-9a39-09cb8d01bd80,6576efa8-f581-4939-9f69-f25daa3ced44,90fc46ad-fb55-4a15-b218-3110c3ed144d,->,bcbf1d2f-ba94-4a53-9a39-09cb8d01bd80,java/lang/Object.java,toString
bcbf1d2f-ba94-4a53-9a39-09cb8d01bd80,6576efa8-f581-4939-9f69-f25daa3ced44,90fc46ad-fb55-4a15-b218-3110c3ed144d,->,bcbf1d2f-ba94-4a53-9a39-09cb8d01bd80,663e0ea9-2e2c-4bc9-9587-19e5e8dc6f1e,80bb3682-00bf-4b73-bfb5-410f3fa3befe
bcbf1d2f-ba94-4a53-9a39-09cb8d01bd80,6576efa8-f581-4939-9f69-f25daa3ced44,90fc46ad-fb55-4a15-b218-3110c3ed144d,->,bcbf1d2f-ba94-4a53-9a39-09cb8d01bd80,java/util/List.java,get
bcbf1d2f-ba94-4a53-9a39-09cb8d01bd80,6576efa8-f581-4939-9f69-f25daa3ced44,90fc46ad-fb55-4a15-b218-3110c3ed144d,->,bcbf1d2f-ba94-4a53-9a39-09cb8d01bd80,java/lang/Boolean.java,booleanValue
bcbf1d2f-ba94-4a53-9a39-09cb8d01bd80,6576efa8-f581-4939-9f69-f25daa3ced44,90fc46ad-fb55-4a15-b218-3110c3ed144d,->,bcbf1d2f-ba94-4a53-9a39-09cb8d01bd80,java/lang/Boolean.java,valueOf
bcbf1d2f-ba94-4a53-9a39-09cb8d01bd80,6576efa8-f581-4939-9f69-f25daa3ced44,90fc46ad-fb55-4a15-b218-3110c3ed144d,->,bcbf1d2f-ba94-4a53-9a39-09cb8d01bd80,663e0ea9-2e2c-4bc9-9587-19e5e8dc6f1e,1ea9dcfb-4d59-488e-a708-0b8b531b8aae
bcbf1d2f-ba94-4a53-9a39-09cb8d01bd80,6576efa8-f581-4939-9f69-f25daa3ced44,90fc46ad-fb55-4a15-b218-3110c3ed144d,->,bcbf1d2f-ba94-4a53-9a39-09cb8d01bd80,java/util/List.java,get
bcbf1d2f-ba94-4a53-9a39-09cb8d01bd80,6576efa8-f581-4939-9f69-f25daa3ced44,90fc46ad-fb55-4a15-b218-3110c3ed144d,->,bcbf1d2f-ba94-4a53-9a39-09cb8d01bd80,java/lang/Object.java,toString
bcbf1d2f-ba94-4a53-9a39-09cb8d01bd80,6576efa8-f581-4939-9f69-f25daa3ced44,90fc46ad-fb55-4a15-b218-3110c3ed144d,->,bcbf1d2f-ba94-4a53-9a39-09cb8d01bd80,663e0ea9-2e2c-4bc9-9587-19e5e8dc6f1e,a0838764-99e4-4020-8925-f8b777f34389
bcbf1d2f-ba94-4a53-9a39-09cb8d01bd80,6576efa8-f581-4939-9f69-f25daa3ced44,90fc46ad-fb55-4a15-b218-3110c3ed144d,->,bcbf1d2f-ba94-4a53-9a39-09cb8d01bd80,java/util/List.java,get
bcbf1d2f-ba94-4a53-9a39-09cb8d01bd80,6576efa8-f581-4939-9f69-f25daa3ced44,90fc46ad-fb55-4a15-b218-3110c3ed144d,->,bcbf1d2f-ba94-4a53-9a39-09cb8d01bd80,java/lang/Object.java,toString
bcbf1d2f-ba94-4a53-9a39-09cb8d01bd80,6576efa8-f581-4939-9f69-f25daa3ced44,90fc46ad-fb55-4a15-b218-3110c3ed144d,->,bcbf1d2f-ba94-4a53-9a39-09cb8d01bd80,663e0ea9-2e2c-4bc9-9587-19e5e8dc6f1e,5c045986-21cc-4215-9eeb-8b6b889c8c11
bcbf1d2f-ba94-4a53-9a39-09cb8d01bd80,6576efa8-f581-4939-9f69-f25daa3ced44,90fc46ad-fb55-4a15-b218-3110c3ed144d,->,bcbf1d2f-ba94-4a53-9a39-09cb8d01bd80,java/util/List.java,get
bcbf1d2f-ba94-4a53-9a39-09cb8d01bd80,6576efa8-f581-4939-9f69-f25daa3ced44,90fc46ad-fb55-4a15-b218-3110c3ed144d,->,bcbf1d2f-ba94-4a53-9a39-09cb8d01bd80,java/lang/Boolean.java,booleanValue
bcbf1d2f-ba94-4a53-9a39-09cb8d01bd80,6576efa8-f581-4939-9f69-f25daa3ced44,90fc46ad-fb55-4a15-b218-3110c3ed144d,->,bcbf1d2f-ba94-4a53-9a39-09cb8d01bd80,java/lang/Boolean.java,valueOf
bcbf1d2f-ba94-4a53-9a39-09cb8d01bd80,6576efa8-f581-4939-9f69-f25daa3ced44,90fc46ad-fb55-4a15-b218-3110c3ed144d,->,bcbf1d2f-ba94-4a53-9a39-09cb8d01bd80,663e0ea9-2e2c-4bc9-9587-19e5e8dc6f1e,ff0f4abe-bbb5-4e2b-b011-2d2bae6620f7
bcbf1d2f-ba94-4a53-9a39-09cb8d01bd80,6576efa8-f581-4939-9f69-f25daa3ced44,90fc46ad-fb55-4a15-b218-3110c3ed144d,->,bcbf1d2f-ba94-4a53-9a39-09cb8d01bd80,org/tju/ui/TableModel.java,fireTableCellUpdated
bcbf1d2f-ba94-4a53-9a39-09cb8d01bd80,6576efa8-f581-4939-9f69-f25daa3ced44,995e5195-6e4a-4269-993e-e4712fe3ca32,->,bcbf1d2f-ba94-4a53-9a39-09cb8d01bd80,java/util/List.java,size
bcbf1d2f-ba94-4a53-9a39-09cb8d01bd80,6576efa8-f581-4939-9f69-f25daa3ced44,995e5195-6e4a-4269-993e-e4712fe3ca32,->,bcbf1d2f-ba94-4a53-9a39-09cb8d01bd80,java/util/List.java,add
bcbf1d2f-ba94-4a53-9a39-09cb8d01bd80,6576efa8-f581-4939-9f69-f25daa3ced44,995e5195-6e4a-4269-993e-e4712fe3ca32,->,bcbf1d2f-ba94-4a53-9a39-09cb8d01bd80,java/util/List.java,size
bcbf1d2f-ba94-4a53-9a39-09cb8d01bd80,6576efa8-f581-4939-9f69-f25daa3ced44,995e5195-6e4a-4269-993e-e4712fe3ca32,->,bcbf1d2f-ba94-4a53-9a39-09cb8d01bd80,java/util/List.java,size
bcbf1d2f-ba94-4a53-9a39-09cb8d01bd80,6576efa8-f581-4939-9f69-f25daa3ced44,995e5195-6e4a-4269-993e-e4712fe3ca32,->,bcbf1d2f-ba94-4a53-9a39-09cb8d01bd80,org/tju/ui/TableModel.java,fireTableRowsInserted
bcbf1d2f-ba94-4a53-9a39-09cb8d01bd80,6576efa8-f581-4939-9f69-f25daa3ced44,995e5195-6e4a-4269-993e-e4712fe3ca32,->,bcbf1d2f-ba94-4a53-9a39-09cb8d01bd80,java/util/List.java,add
bcbf1d2f-ba94-4a53-9a39-09cb8d01bd80,6576efa8-f581-4939-9f69-f25daa3ced44,995e5195-6e4a-4269-993e-e4712fe3ca32,->,bcbf1d2f-ba94-4a53-9a39-09cb8d01bd80,org/tju/ui/TableModel.java,fireTableRowsInserted
bcbf1d2f-ba94-4a53-9a39-09cb8d01bd80,6576efa8-f581-4939-9f69-f25daa3ced44,fa7640aa-5799-4333-949d-730604762589,->,bcbf1d2f-ba94-4a53-9a39-09cb8d01bd80,java/util/List.java,size
bcbf1d2f-ba94-4a53-9a39-09cb8d01bd80,6576efa8-f581-4939-9f69-f25daa3ced44,fa7640aa-5799-4333-949d-730604762589,->,bcbf1d2f-ba94-4a53-9a39-09cb8d01bd80,java/util/List.java,remove
bcbf1d2f-ba94-4a53-9a39-09cb8d01bd80,6576efa8-f581-4939-9f69-f25daa3ced44,fa7640aa-5799-4333-949d-730604762589,->,bcbf1d2f-ba94-4a53-9a39-09cb8d01bd80,org/tju/ui/TableModel.java,fireTableRowsDeleted
bcbf1d2f-ba94-4a53-9a39-09cb8d01bd80,6576efa8-f581-4939-9f69-f25daa3ced44,518f2b96-7e9c-46c7-9afa-71547a1ed3a1,->,bcbf1d2f-ba94-4a53-9a39-09cb8d01bd80,java/util/List.java,size
bcbf1d2f-ba94-4a53-9a39-09cb8d01bd80,6576efa8-f581-4939-9f69-f25daa3ced44,518f2b96-7e9c-46c7-9afa-71547a1ed3a1,->,bcbf1d2f-ba94-4a53-9a39-09cb8d01bd80,java/util/List.java,set
bcbf1d2f-ba94-4a53-9a39-09cb8d01bd80,6576efa8-f581-4939-9f69-f25daa3ced44,518f2b96-7e9c-46c7-9afa-71547a1ed3a1,->,bcbf1d2f-ba94-4a53-9a39-09cb8d01bd80,org/tju/ui/TableModel.java,fireTableRowsUpdated
bcbf1d2f-ba94-4a53-9a39-09cb8d01bd80,6576efa8-f581-4939-9f69-f25daa3ced44,9506a9fa-ebaf-4c05-bd08-008cb6901331,->,bcbf1d2f-ba94-4a53-9a39-09cb8d01bd80,java/util/List.java,size
bcbf1d2f-ba94-4a53-9a39-09cb8d01bd80,6576efa8-f581-4939-9f69-f25daa3ced44,9506a9fa-ebaf-4c05-bd08-008cb6901331,->,bcbf1d2f-ba94-4a53-9a39-09cb8d01bd80,java/util/List.java,get
bcbf1d2f-ba94-4a53-9a39-09cb8d01bd80,6576efa8-f581-4939-9f69-f25daa3ced44,47d6c0af-1d41-48b6-a4ec-9bd5c329a75d,->,bcbf1d2f-ba94-4a53-9a39-09cb8d01bd80,663e0ea9-2e2c-4bc9-9587-19e5e8dc6f1e,e97a388a-653d-4c3f-9ae5-1b1cb2b99f2d
bcbf1d2f-ba94-4a53-9a39-09cb8d01bd80,6576efa8-f581-4939-9f69-f25daa3ced44,47d6c0af-1d41-48b6-a4ec-9bd5c329a75d,->,bcbf1d2f-ba94-4a53-9a39-09cb8d01bd80,663e0ea9-2e2c-4bc9-9587-19e5e8dc6f1e,a0fda326-0cc6-4402-b2ad-81bb0bd21718
bcbf1d2f-ba94-4a53-9a39-09cb8d01bd80,6576efa8-f581-4939-9f69-f25daa3ced44,47d6c0af-1d41-48b6-a4ec-9bd5c329a75d,->,bcbf1d2f-ba94-4a53-9a39-09cb8d01bd80,663e0ea9-2e2c-4bc9-9587-19e5e8dc6f1e,f193c71e-6fb5-4e31-9c60-fdddceb8a4b5
bcbf1d2f-ba94-4a53-9a39-09cb8d01bd80,6576efa8-f581-4939-9f69-f25daa3ced44,47d6c0af-1d41-48b6-a4ec-9bd5c329a75d,->,bcbf1d2f-ba94-4a53-9a39-09cb8d01bd80,java/lang/Float.java,valueOf
bcbf1d2f-ba94-4a53-9a39-09cb8d01bd80,6576efa8-f581-4939-9f69-f25daa3ced44,47d6c0af-1d41-48b6-a4ec-9bd5c329a75d,->,bcbf1d2f-ba94-4a53-9a39-09cb8d01bd80,663e0ea9-2e2c-4bc9-9587-19e5e8dc6f1e,810c99db-21f5-4ea8-b83f-42e155a38e0d
bcbf1d2f-ba94-4a53-9a39-09cb8d01bd80,6576efa8-f581-4939-9f69-f25daa3ced44,47d6c0af-1d41-48b6-a4ec-9bd5c329a75d,->,bcbf1d2f-ba94-4a53-9a39-09cb8d01bd80,java/lang/Float.java,valueOf
bcbf1d2f-ba94-4a53-9a39-09cb8d01bd80,6576efa8-f581-4939-9f69-f25daa3ced44,47d6c0af-1d41-48b6-a4ec-9bd5c329a75d,->,bcbf1d2f-ba94-4a53-9a39-09cb8d01bd80,663e0ea9-2e2c-4bc9-9587-19e5e8dc6f1e,5b0fd91c-5bb2-4341-831c-c1332a81a02e
bcbf1d2f-ba94-4a53-9a39-09cb8d01bd80,6576efa8-f581-4939-9f69-f25daa3ced44,47d6c0af-1d41-48b6-a4ec-9bd5c329a75d,->,bcbf1d2f-ba94-4a53-9a39-09cb8d01bd80,663e0ea9-2e2c-4bc9-9587-19e5e8dc6f1e,70843833-3795-4332-88fe-060fbace45bc
bcbf1d2f-ba94-4a53-9a39-09cb8d01bd80,6576efa8-f581-4939-9f69-f25daa3ced44,47d6c0af-1d41-48b6-a4ec-9bd5c329a75d,->,bcbf1d2f-ba94-4a53-9a39-09cb8d01bd80,663e0ea9-2e2c-4bc9-9587-19e5e8dc6f1e,18968741-0d0c-4619-b967-35177427f933
bcbf1d2f-ba94-4a53-9a39-09cb8d01bd80,6576efa8-f581-4939-9f69-f25daa3ced44,47d6c0af-1d41-48b6-a4ec-9bd5c329a75d,->,bcbf1d2f-ba94-4a53-9a39-09cb8d01bd80,663e0ea9-2e2c-4bc9-9587-19e5e8dc6f1e,5bfcde3c-93ea-4c05-b82d-24ebbd75c0a0
bcbf1d2f-ba94-4a53-9a39-09cb8d01bd80,6576efa8-f581-4939-9f69-f25daa3ced44,47d6c0af-1d41-48b6-a4ec-9bd5c329a75d,->,bcbf1d2f-ba94-4a53-9a39-09cb8d01bd80,663e0ea9-2e2c-4bc9-9587-19e5e8dc6f1e,f96d19e4-470a-4217-b540-c98d9224df34
bcbf1d2f-ba94-4a53-9a39-09cb8d01bd80,6576efa8-f581-4939-9f69-f25daa3ced44,47d6c0af-1d41-48b6-a4ec-9bd5c329a75d,->,bcbf1d2f-ba94-4a53-9a39-09cb8d01bd80,java/lang/Integer.java,valueOf
bcbf1d2f-ba94-4a53-9a39-09cb8d01bd80,6576efa8-f581-4939-9f69-f25daa3ced44,47d6c0af-1d41-48b6-a4ec-9bd5c329a75d,->,bcbf1d2f-ba94-4a53-9a39-09cb8d01bd80,663e0ea9-2e2c-4bc9-9587-19e5e8dc6f1e,31a1e0ef-8eb1-4b92-ac10-b51f7165fe10
bcbf1d2f-ba94-4a53-9a39-09cb8d01bd80,6576efa8-f581-4939-9f69-f25daa3ced44,47d6c0af-1d41-48b6-a4ec-9bd5c329a75d,->,bcbf1d2f-ba94-4a53-9a39-09cb8d01bd80,663e0ea9-2e2c-4bc9-9587-19e5e8dc6f1e,4a702e56-6eed-437d-9664-243d57422e3b
bcbf1d2f-ba94-4a53-9a39-09cb8d01bd80,6576efa8-f581-4939-9f69-f25daa3ced44,47d6c0af-1d41-48b6-a4ec-9bd5c329a75d,->,bcbf1d2f-ba94-4a53-9a39-09cb8d01bd80,663e0ea9-2e2c-4bc9-9587-19e5e8dc6f1e,e4456697-d84d-4c0e-8dd4-7f90a185bdd8
bcbf1d2f-ba94-4a53-9a39-09cb8d01bd80,6576efa8-f581-4939-9f69-f25daa3ced44,47d6c0af-1d41-48b6-a4ec-9bd5c329a75d,->,bcbf1d2f-ba94-4a53-9a39-09cb8d01bd80,663e0ea9-2e2c-4bc9-9587-19e5e8dc6f1e,9506b15d-77b1-4648-8da7-0bec6c64c437
bcbf1d2f-ba94-4a53-9a39-09cb8d01bd80,6576efa8-f581-4939-9f69-f25daa3ced44,47d6c0af-1d41-48b6-a4ec-9bd5c329a75d,->,bcbf1d2f-ba94-4a53-9a39-09cb8d01bd80,663e0ea9-2e2c-4bc9-9587-19e5e8dc6f1e,0af40685-459e-450a-b54a-4f61095bf79f
bcbf1d2f-ba94-4a53-9a39-09cb8d01bd80,6576efa8-f581-4939-9f69-f25daa3ced44,47d6c0af-1d41-48b6-a4ec-9bd5c329a75d,->,bcbf1d2f-ba94-4a53-9a39-09cb8d01bd80,663e0ea9-2e2c-4bc9-9587-19e5e8dc6f1e,adb17c4c-18a2-426a-8892-7e6a11dd7858
bcbf1d2f-ba94-4a53-9a39-09cb8d01bd80,6576efa8-f581-4939-9f69-f25daa3ced44,47d6c0af-1d41-48b6-a4ec-9bd5c329a75d,->,bcbf1d2f-ba94-4a53-9a39-09cb8d01bd80,java/lang/Float.java,valueOf
bcbf1d2f-ba94-4a53-9a39-09cb8d01bd80,6576efa8-f581-4939-9f69-f25daa3ced44,47d6c0af-1d41-48b6-a4ec-9bd5c329a75d,->,bcbf1d2f-ba94-4a53-9a39-09cb8d01bd80,663e0ea9-2e2c-4bc9-9587-19e5e8dc6f1e,3fad646d-3c84-496c-bdee-deeaf7b7f396
bcbf1d2f-ba94-4a53-9a39-09cb8d01bd80,6576efa8-f581-4939-9f69-f25daa3ced44,47d6c0af-1d41-48b6-a4ec-9bd5c329a75d,->,bcbf1d2f-ba94-4a53-9a39-09cb8d01bd80,java/lang/Float.java,valueOf
bcbf1d2f-ba94-4a53-9a39-09cb8d01bd80,6576efa8-f581-4939-9f69-f25daa3ced44,47d6c0af-1d41-48b6-a4ec-9bd5c329a75d,->,bcbf1d2f-ba94-4a53-9a39-09cb8d01bd80,663e0ea9-2e2c-4bc9-9587-19e5e8dc6f1e,c5af0b3c-e518-4288-a1d2-e8185df9163c
bcbf1d2f-ba94-4a53-9a39-09cb8d01bd80,6576efa8-f581-4939-9f69-f25daa3ced44,47d6c0af-1d41-48b6-a4ec-9bd5c329a75d,->,bcbf1d2f-ba94-4a53-9a39-09cb8d01bd80,java/lang/Float.java,valueOf
bcbf1d2f-ba94-4a53-9a39-09cb8d01bd80,6576efa8-f581-4939-9f69-f25daa3ced44,47d6c0af-1d41-48b6-a4ec-9bd5c329a75d,->,bcbf1d2f-ba94-4a53-9a39-09cb8d01bd80,663e0ea9-2e2c-4bc9-9587-19e5e8dc6f1e,4c6e5b10-09b0-494d-b7d8-d0277e585054
bcbf1d2f-ba94-4a53-9a39-09cb8d01bd80,6576efa8-f581-4939-9f69-f25daa3ced44,47d6c0af-1d41-48b6-a4ec-9bd5c329a75d,->,bcbf1d2f-ba94-4a53-9a39-09cb8d01bd80,java/lang/Float.java,valueOf
bcbf1d2f-ba94-4a53-9a39-09cb8d01bd80,6576efa8-f581-4939-9f69-f25daa3ced44,47d6c0af-1d41-48b6-a4ec-9bd5c329a75d,->,bcbf1d2f-ba94-4a53-9a39-09cb8d01bd80,663e0ea9-2e2c-4bc9-9587-19e5e8dc6f1e,c2b81c98-8fe3-4483-8edd-941edb9124e1
bcbf1d2f-ba94-4a53-9a39-09cb8d01bd80,6576efa8-f581-4939-9f69-f25daa3ced44,47d6c0af-1d41-48b6-a4ec-9bd5c329a75d,->,bcbf1d2f-ba94-4a53-9a39-09cb8d01bd80,663e0ea9-2e2c-4bc9-9587-19e5e8dc6f1e,f7cc06e3-a888-4690-9f86-1823e9e8ba2b
bcbf1d2f-ba94-4a53-9a39-09cb8d01bd80,6576efa8-f581-4939-9f69-f25daa3ced44,47d6c0af-1d41-48b6-a4ec-9bd5c329a75d,->,bcbf1d2f-ba94-4a53-9a39-09cb8d01bd80,663e0ea9-2e2c-4bc9-9587-19e5e8dc6f1e,977eee6d-f9a9-471f-9ea6-8aae3bfe94a5
bcbf1d2f-ba94-4a53-9a39-09cb8d01bd80,6576efa8-f581-4939-9f69-f25daa3ced44,47d6c0af-1d41-48b6-a4ec-9bd5c329a75d,->,bcbf1d2f-ba94-4a53-9a39-09cb8d01bd80,663e0ea9-2e2c-4bc9-9587-19e5e8dc6f1e,1d87e1fb-9662-45b7-8328-086b3540826e
bcbf1d2f-ba94-4a53-9a39-09cb8d01bd80,6576efa8-f581-4939-9f69-f25daa3ced44,47d6c0af-1d41-48b6-a4ec-9bd5c329a75d,->,bcbf1d2f-ba94-4a53-9a39-09cb8d01bd80,663e0ea9-2e2c-4bc9-9587-19e5e8dc6f1e,66706c82-f2ad-4abc-8acc-ca8d1d660770
bcbf1d2f-ba94-4a53-9a39-09cb8d01bd80,6576efa8-f581-4939-9f69-f25daa3ced44,47d6c0af-1d41-48b6-a4ec-9bd5c329a75d,->,bcbf1d2f-ba94-4a53-9a39-09cb8d01bd80,663e0ea9-2e2c-4bc9-9587-19e5e8dc6f1e,3373bf00-6569-46e6-ace0-1d8c971d0a2b
bcbf1d2f-ba94-4a53-9a39-09cb8d01bd80,1cf529df-49a9-479c-9038-e768ad314126,29ecdb7b-92a3-41b7-971d-9072512f32c4,->,bcbf1d2f-ba94-4a53-9a39-09cb8d01bd80,javax/swing/table/DefaultTableCellRenderer.java,getTableCellRendererComponent
bcbf1d2f-ba94-4a53-9a39-09cb8d01bd80,1cf529df-49a9-479c-9038-e768ad314126,29ecdb7b-92a3-41b7-971d-9072512f32c4,->,bcbf1d2f-ba94-4a53-9a39-09cb8d01bd80,java/util/List.java,get
bcbf1d2f-ba94-4a53-9a39-09cb8d01bd80,1cf529df-49a9-479c-9038-e768ad314126,29ecdb7b-92a3-41b7-971d-9072512f32c4,->,bcbf1d2f-ba94-4a53-9a39-09cb8d01bd80,663e0ea9-2e2c-4bc9-9587-19e5e8dc6f1e,977eee6d-f9a9-471f-9ea6-8aae3bfe94a5
bcbf1d2f-ba94-4a53-9a39-09cb8d01bd80,1cf529df-49a9-479c-9038-e768ad314126,29ecdb7b-92a3-41b7-971d-9072512f32c4,->,bcbf1d2f-ba94-4a53-9a39-09cb8d01bd80,java/lang/Boolean.java,booleanValue
bcbf1d2f-ba94-4a53-9a39-09cb8d01bd80,1cf529df-49a9-479c-9038-e768ad314126,29ecdb7b-92a3-41b7-971d-9072512f32c4,->,bcbf1d2f-ba94-4a53-9a39-09cb8d01bd80,org/tju/ui/FirstcolumnCellRenderer.java,setBackground
bcbf1d2f-ba94-4a53-9a39-09cb8d01bd80,1cf529df-49a9-479c-9038-e768ad314126,29ecdb7b-92a3-41b7-971d-9072512f32c4,->,bcbf1d2f-ba94-4a53-9a39-09cb8d01bd80,org/tju/ui/LogUi.java,repaint
bcbf1d2f-ba94-4a53-9a39-09cb8d01bd80,1cf529df-49a9-479c-9038-e768ad314126,29ecdb7b-92a3-41b7-971d-9072512f32c4,->,bcbf1d2f-ba94-4a53-9a39-09cb8d01bd80,org/tju/ui/FirstcolumnCellRenderer.java,setBackground
bcbf1d2f-ba94-4a53-9a39-09cb8d01bd80,1cf529df-49a9-479c-9038-e768ad314126,29ecdb7b-92a3-41b7-971d-9072512f32c4,->,bcbf1d2f-ba94-4a53-9a39-09cb8d01bd80,org/tju/ui/LogUi.java,repaint
bcbf1d2f-ba94-4a53-9a39-09cb8d01bd80,43cd7aa4-e874-4186-8416-aa79ae48909d,af0cfbd5-3ecb-4401-9dd1-f9d3caefdc40,->,bcbf1d2f-ba94-4a53-9a39-09cb8d01bd80,jxl/Workbook.java,getWorkbook
bcbf1d2f-ba94-4a53-9a39-09cb8d01bd80,43cd7aa4-e874-4186-8416-aa79ae48909d,af0cfbd5-3ecb-4401-9dd1-f9d3caefdc40,->,bcbf1d2f-ba94-4a53-9a39-09cb8d01bd80,jxl/Workbook.java,createWorkbook
bcbf1d2f-ba94-4a53-9a39-09cb8d01bd80,43cd7aa4-e874-4186-8416-aa79ae48909d,af0cfbd5-3ecb-4401-9dd1-f9d3caefdc40,->,bcbf1d2f-ba94-4a53-9a39-09cb8d01bd80,jxl/write/WritableWorkbook.java,getSheet
bcbf1d2f-ba94-4a53-9a39-09cb8d01bd80,43cd7aa4-e874-4186-8416-aa79ae48909d,af0cfbd5-3ecb-4401-9dd1-f9d3caefdc40,->,bcbf1d2f-ba94-4a53-9a39-09cb8d01bd80,31734ef9-0c1b-4345-80ab-e0199651c258,966315e5-1ef2-4a9a-850e-970892fc44a7
bcbf1d2f-ba94-4a53-9a39-09cb8d01bd80,43cd7aa4-e874-4186-8416-aa79ae48909d,af0cfbd5-3ecb-4401-9dd1-f9d3caefdc40,->,bcbf1d2f-ba94-4a53-9a39-09cb8d01bd80,java/sql/Connection.java,createStatement
bcbf1d2f-ba94-4a53-9a39-09cb8d01bd80,43cd7aa4-e874-4186-8416-aa79ae48909d,af0cfbd5-3ecb-4401-9dd1-f9d3caefdc40,->,bcbf1d2f-ba94-4a53-9a39-09cb8d01bd80,java/sql/Statement.java,executeQuery
bcbf1d2f-ba94-4a53-9a39-09cb8d01bd80,43cd7aa4-e874-4186-8416-aa79ae48909d,af0cfbd5-3ecb-4401-9dd1-f9d3caefdc40,->,bcbf1d2f-ba94-4a53-9a39-09cb8d01bd80,jxl/write/WritableCellFormat.java,setBorder
bcbf1d2f-ba94-4a53-9a39-09cb8d01bd80,43cd7aa4-e874-4186-8416-aa79ae48909d,af0cfbd5-3ecb-4401-9dd1-f9d3caefdc40,->,bcbf1d2f-ba94-4a53-9a39-09cb8d01bd80,jxl/write/WriteException.java,printStackTrace
bcbf1d2f-ba94-4a53-9a39-09cb8d01bd80,43cd7aa4-e874-4186-8416-aa79ae48909d,af0cfbd5-3ecb-4401-9dd1-f9d3caefdc40,->,bcbf1d2f-ba94-4a53-9a39-09cb8d01bd80,java/sql/ResultSet.java,next
bcbf1d2f-ba94-4a53-9a39-09cb8d01bd80,43cd7aa4-e874-4186-8416-aa79ae48909d,af0cfbd5-3ecb-4401-9dd1-f9d3caefdc40,->,bcbf1d2f-ba94-4a53-9a39-09cb8d01bd80,java/sql/ResultSet.java,getString
bcbf1d2f-ba94-4a53-9a39-09cb8d01bd80,43cd7aa4-e874-4186-8416-aa79ae48909d,af0cfbd5-3ecb-4401-9dd1-f9d3caefdc40,->,bcbf1d2f-ba94-4a53-9a39-09cb8d01bd80,java/lang/String.java,substring
bcbf1d2f-ba94-4a53-9a39-09cb8d01bd80,43cd7aa4-e874-4186-8416-aa79ae48909d,af0cfbd5-3ecb-4401-9dd1-f9d3caefdc40,->,bcbf1d2f-ba94-4a53-9a39-09cb8d01bd80,java/lang/StringBuilder.java,append
bcbf1d2f-ba94-4a53-9a39-09cb8d01bd80,43cd7aa4-e874-4186-8416-aa79ae48909d,af0cfbd5-3ecb-4401-9dd1-f9d3caefdc40,->,bcbf1d2f-ba94-4a53-9a39-09cb8d01bd80,java/lang/StringBuilder.java,append
bcbf1d2f-ba94-4a53-9a39-09cb8d01bd80,43cd7aa4-e874-4186-8416-aa79ae48909d,af0cfbd5-3ecb-4401-9dd1-f9d3caefdc40,->,bcbf1d2f-ba94-4a53-9a39-09cb8d01bd80,java/lang/StringBuilder.java,toString
bcbf1d2f-ba94-4a53-9a39-09cb8d01bd80,43cd7aa4-e874-4186-8416-aa79ae48909d,af0cfbd5-3ecb-4401-9dd1-f9d3caefdc40,->,bcbf1d2f-ba94-4a53-9a39-09cb8d01bd80,java/sql/ResultSet.java,getString
bcbf1d2f-ba94-4a53-9a39-09cb8d01bd80,43cd7aa4-e874-4186-8416-aa79ae48909d,af0cfbd5-3ecb-4401-9dd1-f9d3caefdc40,->,bcbf1d2f-ba94-4a53-9a39-09cb8d01bd80,java/sql/ResultSet.java,getFloat
bcbf1d2f-ba94-4a53-9a39-09cb8d01bd80,43cd7aa4-e874-4186-8416-aa79ae48909d,af0cfbd5-3ecb-4401-9dd1-f9d3caefdc40,->,bcbf1d2f-ba94-4a53-9a39-09cb8d01bd80,java/sql/ResultSet.java,getFloat
bcbf1d2f-ba94-4a53-9a39-09cb8d01bd80,43cd7aa4-e874-4186-8416-aa79ae48909d,af0cfbd5-3ecb-4401-9dd1-f9d3caefdc40,->,bcbf1d2f-ba94-4a53-9a39-09cb8d01bd80,java/sql/ResultSet.java,getString
bcbf1d2f-ba94-4a53-9a39-09cb8d01bd80,43cd7aa4-e874-4186-8416-aa79ae48909d,af0cfbd5-3ecb-4401-9dd1-f9d3caefdc40,->,bcbf1d2f-ba94-4a53-9a39-09cb8d01bd80,java/sql/ResultSet.java,getString
bcbf1d2f-ba94-4a53-9a39-09cb8d01bd80,43cd7aa4-e874-4186-8416-aa79ae48909d,af0cfbd5-3ecb-4401-9dd1-f9d3caefdc40,->,bcbf1d2f-ba94-4a53-9a39-09cb8d01bd80,java/sql/ResultSet.java,getString
bcbf1d2f-ba94-4a53-9a39-09cb8d01bd80,43cd7aa4-e874-4186-8416-aa79ae48909d,af0cfbd5-3ecb-4401-9dd1-f9d3caefdc40,->,bcbf1d2f-ba94-4a53-9a39-09cb8d01bd80,java/sql/ResultSet.java,getString
bcbf1d2f-ba94-4a53-9a39-09cb8d01bd80,43cd7aa4-e874-4186-8416-aa79ae48909d,af0cfbd5-3ecb-4401-9dd1-f9d3caefdc40,->,bcbf1d2f-ba94-4a53-9a39-09cb8d01bd80,java/sql/ResultSet.java,getInt
bcbf1d2f-ba94-4a53-9a39-09cb8d01bd80,43cd7aa4-e874-4186-8416-aa79ae48909d,af0cfbd5-3ecb-4401-9dd1-f9d3caefdc40,->,bcbf1d2f-ba94-4a53-9a39-09cb8d01bd80,java/sql/ResultSet.java,getString
bcbf1d2f-ba94-4a53-9a39-09cb8d01bd80,43cd7aa4-e874-4186-8416-aa79ae48909d,af0cfbd5-3ecb-4401-9dd1-f9d3caefdc40,->,bcbf1d2f-ba94-4a53-9a39-09cb8d01bd80,java/sql/ResultSet.java,getString
bcbf1d2f-ba94-4a53-9a39-09cb8d01bd80,43cd7aa4-e874-4186-8416-aa79ae48909d,af0cfbd5-3ecb-4401-9dd1-f9d3caefdc40,->,bcbf1d2f-ba94-4a53-9a39-09cb8d01bd80,java/sql/ResultSet.java,getString
bcbf1d2f-ba94-4a53-9a39-09cb8d01bd80,43cd7aa4-e874-4186-8416-aa79ae48909d,af0cfbd5-3ecb-4401-9dd1-f9d3caefdc40,->,bcbf1d2f-ba94-4a53-9a39-09cb8d01bd80,java/sql/ResultSet.java,getString
bcbf1d2f-ba94-4a53-9a39-09cb8d01bd80,43cd7aa4-e874-4186-8416-aa79ae48909d,af0cfbd5-3ecb-4401-9dd1-f9d3caefdc40,->,bcbf1d2f-ba94-4a53-9a39-09cb8d01bd80,java/sql/ResultSet.java,getString
bcbf1d2f-ba94-4a53-9a39-09cb8d01bd80,43cd7aa4-e874-4186-8416-aa79ae48909d,af0cfbd5-3ecb-4401-9dd1-f9d3caefdc40,->,bcbf1d2f-ba94-4a53-9a39-09cb8d01bd80,java/sql/ResultSet.java,getFloat
bcbf1d2f-ba94-4a53-9a39-09cb8d01bd80,43cd7aa4-e874-4186-8416-aa79ae48909d,af0cfbd5-3ecb-4401-9dd1-f9d3caefdc40,->,bcbf1d2f-ba94-4a53-9a39-09cb8d01bd80,java/sql/ResultSet.java,getFloat
bcbf1d2f-ba94-4a53-9a39-09cb8d01bd80,43cd7aa4-e874-4186-8416-aa79ae48909d,af0cfbd5-3ecb-4401-9dd1-f9d3caefdc40,->,bcbf1d2f-ba94-4a53-9a39-09cb8d01bd80,java/sql/ResultSet.java,getFloat
bcbf1d2f-ba94-4a53-9a39-09cb8d01bd80,43cd7aa4-e874-4186-8416-aa79ae48909d,af0cfbd5-3ecb-4401-9dd1-f9d3caefdc40,->,bcbf1d2f-ba94-4a53-9a39-09cb8d01bd80,java/sql/ResultSet.java,getFloat
bcbf1d2f-ba94-4a53-9a39-09cb8d01bd80,43cd7aa4-e874-4186-8416-aa79ae48909d,af0cfbd5-3ecb-4401-9dd1-f9d3caefdc40,->,bcbf1d2f-ba94-4a53-9a39-09cb8d01bd80,java/sql/ResultSet.java,getString
bcbf1d2f-ba94-4a53-9a39-09cb8d01bd80,43cd7aa4-e874-4186-8416-aa79ae48909d,af0cfbd5-3ecb-4401-9dd1-f9d3caefdc40,->,bcbf1d2f-ba94-4a53-9a39-09cb8d01bd80,java/lang/Float.java,toString
bcbf1d2f-ba94-4a53-9a39-09cb8d01bd80,43cd7aa4-e874-4186-8416-aa79ae48909d,af0cfbd5-3ecb-4401-9dd1-f9d3caefdc40,->,bcbf1d2f-ba94-4a53-9a39-09cb8d01bd80,java/lang/Float.java,toString
bcbf1d2f-ba94-4a53-9a39-09cb8d01bd80,43cd7aa4-e874-4186-8416-aa79ae48909d,af0cfbd5-3ecb-4401-9dd1-f9d3caefdc40,->,bcbf1d2f-ba94-4a53-9a39-09cb8d01bd80,java/lang/StringBuilder.java,append
bcbf1d2f-ba94-4a53-9a39-09cb8d01bd80,43cd7aa4-e874-4186-8416-aa79ae48909d,af0cfbd5-3ecb-4401-9dd1-f9d3caefdc40,->,bcbf1d2f-ba94-4a53-9a39-09cb8d01bd80,java/lang/StringBuilder.java,append
bcbf1d2f-ba94-4a53-9a39-09cb8d01bd80,43cd7aa4-e874-4186-8416-aa79ae48909d,af0cfbd5-3ecb-4401-9dd1-f9d3caefdc40,->,bcbf1d2f-ba94-4a53-9a39-09cb8d01bd80,java/lang/StringBuilder.java,toString
bcbf1d2f-ba94-4a53-9a39-09cb8d01bd80,43cd7aa4-e874-4186-8416-aa79ae48909d,af0cfbd5-3ecb-4401-9dd1-f9d3caefdc40,->,bcbf1d2f-ba94-4a53-9a39-09cb8d01bd80,java/lang/StringBuilder.java,append
bcbf1d2f-ba94-4a53-9a39-09cb8d01bd80,43cd7aa4-e874-4186-8416-aa79ae48909d,af0cfbd5-3ecb-4401-9dd1-f9d3caefdc40,->,bcbf1d2f-ba94-4a53-9a39-09cb8d01bd80,java/lang/StringBuilder.java,append
bcbf1d2f-ba94-4a53-9a39-09cb8d01bd80,43cd7aa4-e874-4186-8416-aa79ae48909d,af0cfbd5-3ecb-4401-9dd1-f9d3caefdc40,->,bcbf1d2f-ba94-4a53-9a39-09cb8d01bd80,java/lang/StringBuilder.java,toString
bcbf1d2f-ba94-4a53-9a39-09cb8d01bd80,43cd7aa4-e874-4186-8416-aa79ae48909d,af0cfbd5-3ecb-4401-9dd1-f9d3caefdc40,->,bcbf1d2f-ba94-4a53-9a39-09cb8d01bd80,java/lang/StringBuilder.java,append
bcbf1d2f-ba94-4a53-9a39-09cb8d01bd80,43cd7aa4-e874-4186-8416-aa79ae48909d,af0cfbd5-3ecb-4401-9dd1-f9d3caefdc40,->,bcbf1d2f-ba94-4a53-9a39-09cb8d01bd80,java/lang/StringBuilder.java,append
bcbf1d2f-ba94-4a53-9a39-09cb8d01bd80,43cd7aa4-e874-4186-8416-aa79ae48909d,af0cfbd5-3ecb-4401-9dd1-f9d3caefdc40,->,bcbf1d2f-ba94-4a53-9a39-09cb8d01bd80,java/lang/StringBuilder.java,toString
bcbf1d2f-ba94-4a53-9a39-09cb8d01bd80,43cd7aa4-e874-4186-8416-aa79ae48909d,af0cfbd5-3ecb-4401-9dd1-f9d3caefdc40,->,bcbf1d2f-ba94-4a53-9a39-09cb8d01bd80,java/lang/StringBuilder.java,append
bcbf1d2f-ba94-4a53-9a39-09cb8d01bd80,43cd7aa4-e874-4186-8416-aa79ae48909d,af0cfbd5-3ecb-4401-9dd1-f9d3caefdc40,->,bcbf1d2f-ba94-4a53-9a39-09cb8d01bd80,java/lang/StringBuilder.java,append
bcbf1d2f-ba94-4a53-9a39-09cb8d01bd80,43cd7aa4-e874-4186-8416-aa79ae48909d,af0cfbd5-3ecb-4401-9dd1-f9d3caefdc40,->,bcbf1d2f-ba94-4a53-9a39-09cb8d01bd80,java/lang/StringBuilder.java,toString
bcbf1d2f-ba94-4a53-9a39-09cb8d01bd80,43cd7aa4-e874-4186-8416-aa79ae48909d,af0cfbd5-3ecb-4401-9dd1-f9d3caefdc40,->,bcbf1d2f-ba94-4a53-9a39-09cb8d01bd80,java/lang/StringBuilder.java,append
bcbf1d2f-ba94-4a53-9a39-09cb8d01bd80,43cd7aa4-e874-4186-8416-aa79ae48909d,af0cfbd5-3ecb-4401-9dd1-f9d3caefdc40,->,bcbf1d2f-ba94-4a53-9a39-09cb8d01bd80,java/lang/StringBuilder.java,append
bcbf1d2f-ba94-4a53-9a39-09cb8d01bd80,43cd7aa4-e874-4186-8416-aa79ae48909d,af0cfbd5-3ecb-4401-9dd1-f9d3caefdc40,->,bcbf1d2f-ba94-4a53-9a39-09cb8d01bd80,java/lang/StringBuilder.java,toString
bcbf1d2f-ba94-4a53-9a39-09cb8d01bd80,43cd7aa4-e874-4186-8416-aa79ae48909d,af0cfbd5-3ecb-4401-9dd1-f9d3caefdc40,->,bcbf1d2f-ba94-4a53-9a39-09cb8d01bd80,jxl/write/Label.java,setCellFormat
bcbf1d2f-ba94-4a53-9a39-09cb8d01bd80,43cd7aa4-e874-4186-8416-aa79ae48909d,af0cfbd5-3ecb-4401-9dd1-f9d3caefdc40,->,bcbf1d2f-ba94-4a53-9a39-09cb8d01bd80,java/lang/String.java,length
bcbf1d2f-ba94-4a53-9a39-09cb8d01bd80,43cd7aa4-e874-4186-8416-aa79ae48909d,af0cfbd5-3ecb-4401-9dd1-f9d3caefdc40,->,bcbf1d2f-ba94-4a53-9a39-09cb8d01bd80,jxl/write/WritableSheet.java,addCell
bcbf1d2f-ba94-4a53-9a39-09cb8d01bd80,43cd7aa4-e874-4186-8416-aa79ae48909d,af0cfbd5-3ecb-4401-9dd1-f9d3caefdc40,->,bcbf1d2f-ba94-4a53-9a39-09cb8d01bd80,jxl/write/biff/RowsExceededException.java,printStackTrace
bcbf1d2f-ba94-4a53-9a39-09cb8d01bd80,43cd7aa4-e874-4186-8416-aa79ae48909d,af0cfbd5-3ecb-4401-9dd1-f9d3caefdc40,->,bcbf1d2f-ba94-4a53-9a39-09cb8d01bd80,jxl/write/WriteException.java,printStackTrace
bcbf1d2f-ba94-4a53-9a39-09cb8d01bd80,43cd7aa4-e874-4186-8416-aa79ae48909d,af0cfbd5-3ecb-4401-9dd1-f9d3caefdc40,->,bcbf1d2f-ba94-4a53-9a39-09cb8d01bd80,java/lang/String.java,length
bcbf1d2f-ba94-4a53-9a39-09cb8d01bd80,43cd7aa4-e874-4186-8416-aa79ae48909d,af0cfbd5-3ecb-4401-9dd1-f9d3caefdc40,->,bcbf1d2f-ba94-4a53-9a39-09cb8d01bd80,java/sql/SQLException.java,printStackTrace
bcbf1d2f-ba94-4a53-9a39-09cb8d01bd80,43cd7aa4-e874-4186-8416-aa79ae48909d,af0cfbd5-3ecb-4401-9dd1-f9d3caefdc40,->,bcbf1d2f-ba94-4a53-9a39-09cb8d01bd80,jxl/write/WritableCellFormat.java,setAlignment
bcbf1d2f-ba94-4a53-9a39-09cb8d01bd80,43cd7aa4-e874-4186-8416-aa79ae48909d,af0cfbd5-3ecb-4401-9dd1-f9d3caefdc40,->,bcbf1d2f-ba94-4a53-9a39-09cb8d01bd80,jxl/write/WritableCellFormat.java,setVerticalAlignment
bcbf1d2f-ba94-4a53-9a39-09cb8d01bd80,43cd7aa4-e874-4186-8416-aa79ae48909d,af0cfbd5-3ecb-4401-9dd1-f9d3caefdc40,->,bcbf1d2f-ba94-4a53-9a39-09cb8d01bd80,jxl/write/WritableCellFormat.java,setBorder
bcbf1d2f-ba94-4a53-9a39-09cb8d01bd80,43cd7aa4-e874-4186-8416-aa79ae48909d,af0cfbd5-3ecb-4401-9dd1-f9d3caefdc40,->,bcbf1d2f-ba94-4a53-9a39-09cb8d01bd80,jxl/write/WriteException.java,printStackTrace
bcbf1d2f-ba94-4a53-9a39-09cb8d01bd80,43cd7aa4-e874-4186-8416-aa79ae48909d,af0cfbd5-3ecb-4401-9dd1-f9d3caefdc40,->,bcbf1d2f-ba94-4a53-9a39-09cb8d01bd80,java/text/SimpleDateFormat.java,format
bcbf1d2f-ba94-4a53-9a39-09cb8d01bd80,43cd7aa4-e874-4186-8416-aa79ae48909d,af0cfbd5-3ecb-4401-9dd1-f9d3caefdc40,->,bcbf1d2f-ba94-4a53-9a39-09cb8d01bd80,java/lang/StringBuilder.java,append
bcbf1d2f-ba94-4a53-9a39-09cb8d01bd80,43cd7aa4-e874-4186-8416-aa79ae48909d,af0cfbd5-3ecb-4401-9dd1-f9d3caefdc40,->,bcbf1d2f-ba94-4a53-9a39-09cb8d01bd80,java/lang/StringBuilder.java,append
bcbf1d2f-ba94-4a53-9a39-09cb8d01bd80,43cd7aa4-e874-4186-8416-aa79ae48909d,af0cfbd5-3ecb-4401-9dd1-f9d3caefdc40,->,bcbf1d2f-ba94-4a53-9a39-09cb8d01bd80,java/lang/StringBuilder.java,toString
bcbf1d2f-ba94-4a53-9a39-09cb8d01bd80,43cd7aa4-e874-4186-8416-aa79ae48909d,af0cfbd5-3ecb-4401-9dd1-f9d3caefdc40,->,bcbf1d2f-ba94-4a53-9a39-09cb8d01bd80,java/lang/StringBuilder.java,append
bcbf1d2f-ba94-4a53-9a39-09cb8d01bd80,43cd7aa4-e874-4186-8416-aa79ae48909d,af0cfbd5-3ecb-4401-9dd1-f9d3caefdc40,->,bcbf1d2f-ba94-4a53-9a39-09cb8d01bd80,java/lang/StringBuilder.java,append
bcbf1d2f-ba94-4a53-9a39-09cb8d01bd80,43cd7aa4-e874-4186-8416-aa79ae48909d,af0cfbd5-3ecb-4401-9dd1-f9d3caefdc40,->,bcbf1d2f-ba94-4a53-9a39-09cb8d01bd80,java/lang/StringBuilder.java,append
bcbf1d2f-ba94-4a53-9a39-09cb8d01bd80,43cd7aa4-e874-4186-8416-aa79ae48909d,af0cfbd5-3ecb-4401-9dd1-f9d3caefdc40,->,bcbf1d2f-ba94-4a53-9a39-09cb8d01bd80,java/lang/StringBuilder.java,toString
bcbf1d2f-ba94-4a53-9a39-09cb8d01bd80,43cd7aa4-e874-4186-8416-aa79ae48909d,af0cfbd5-3ecb-4401-9dd1-f9d3caefdc40,->,bcbf1d2f-ba94-4a53-9a39-09cb8d01bd80,java/lang/StringBuilder.java,append
bcbf1d2f-ba94-4a53-9a39-09cb8d01bd80,43cd7aa4-e874-4186-8416-aa79ae48909d,af0cfbd5-3ecb-4401-9dd1-f9d3caefdc40,->,bcbf1d2f-ba94-4a53-9a39-09cb8d01bd80,java/lang/StringBuilder.java,append
bcbf1d2f-ba94-4a53-9a39-09cb8d01bd80,43cd7aa4-e874-4186-8416-aa79ae48909d,af0cfbd5-3ecb-4401-9dd1-f9d3caefdc40,->,bcbf1d2f-ba94-4a53-9a39-09cb8d01bd80,java/lang/StringBuilder.java,toString
bcbf1d2f-ba94-4a53-9a39-09cb8d01bd80,43cd7aa4-e874-4186-8416-aa79ae48909d,af0cfbd5-3ecb-4401-9dd1-f9d3caefdc40,->,bcbf1d2f-ba94-4a53-9a39-09cb8d01bd80,jxl/write/WritableSheet.java,addCell
bcbf1d2f-ba94-4a53-9a39-09cb8d01bd80,43cd7aa4-e874-4186-8416-aa79ae48909d,af0cfbd5-3ecb-4401-9dd1-f9d3caefdc40,->,bcbf1d2f-ba94-4a53-9a39-09cb8d01bd80,jxl/write/WritableSheet.java,addCell
bcbf1d2f-ba94-4a53-9a39-09cb8d01bd80,43cd7aa4-e874-4186-8416-aa79ae48909d,af0cfbd5-3ecb-4401-9dd1-f9d3caefdc40,->,bcbf1d2f-ba94-4a53-9a39-09cb8d01bd80,jxl/write/biff/RowsExceededException.java,printStackTrace
bcbf1d2f-ba94-4a53-9a39-09cb8d01bd80,43cd7aa4-e874-4186-8416-aa79ae48909d,af0cfbd5-3ecb-4401-9dd1-f9d3caefdc40,->,bcbf1d2f-ba94-4a53-9a39-09cb8d01bd80,jxl/write/WriteException.java,printStackTrace
bcbf1d2f-ba94-4a53-9a39-09cb8d01bd80,43cd7aa4-e874-4186-8416-aa79ae48909d,af0cfbd5-3ecb-4401-9dd1-f9d3caefdc40,->,bcbf1d2f-ba94-4a53-9a39-09cb8d01bd80,jxl/write/WritableSheet.java,addCell
bcbf1d2f-ba94-4a53-9a39-09cb8d01bd80,43cd7aa4-e874-4186-8416-aa79ae48909d,af0cfbd5-3ecb-4401-9dd1-f9d3caefdc40,->,bcbf1d2f-ba94-4a53-9a39-09cb8d01bd80,jxl/write/WritableSheet.java,addCell
bcbf1d2f-ba94-4a53-9a39-09cb8d01bd80,43cd7aa4-e874-4186-8416-aa79ae48909d,af0cfbd5-3ecb-4401-9dd1-f9d3caefdc40,->,bcbf1d2f-ba94-4a53-9a39-09cb8d01bd80,jxl/write/biff/RowsExceededException.java,printStackTrace
bcbf1d2f-ba94-4a53-9a39-09cb8d01bd80,43cd7aa4-e874-4186-8416-aa79ae48909d,af0cfbd5-3ecb-4401-9dd1-f9d3caefdc40,->,bcbf1d2f-ba94-4a53-9a39-09cb8d01bd80,jxl/write/WriteException.java,printStackTrace
bcbf1d2f-ba94-4a53-9a39-09cb8d01bd80,43cd7aa4-e874-4186-8416-aa79ae48909d,af0cfbd5-3ecb-4401-9dd1-f9d3caefdc40,->,bcbf1d2f-ba94-4a53-9a39-09cb8d01bd80,jxl/write/WritableSheet.java,getSettings
bcbf1d2f-ba94-4a53-9a39-09cb8d01bd80,43cd7aa4-e874-4186-8416-aa79ae48909d,af0cfbd5-3ecb-4401-9dd1-f9d3caefdc40,->,bcbf1d2f-ba94-4a53-9a39-09cb8d01bd80,jxl/SheetSettings.java,setBottomMargin
bcbf1d2f-ba94-4a53-9a39-09cb8d01bd80,43cd7aa4-e874-4186-8416-aa79ae48909d,af0cfbd5-3ecb-4401-9dd1-f9d3caefdc40,->,bcbf1d2f-ba94-4a53-9a39-09cb8d01bd80,jxl/write/WritableSheet.java,getSettings
bcbf1d2f-ba94-4a53-9a39-09cb8d01bd80,43cd7aa4-e874-4186-8416-aa79ae48909d,af0cfbd5-3ecb-4401-9dd1-f9d3caefdc40,->,bcbf1d2f-ba94-4a53-9a39-09cb8d01bd80,jxl/SheetSettings.java,setTopMargin
bcbf1d2f-ba94-4a53-9a39-09cb8d01bd80,43cd7aa4-e874-4186-8416-aa79ae48909d,af0cfbd5-3ecb-4401-9dd1-f9d3caefdc40,->,bcbf1d2f-ba94-4a53-9a39-09cb8d01bd80,jxl/write/WritableSheet.java,getSettings
bcbf1d2f-ba94-4a53-9a39-09cb8d01bd80,43cd7aa4-e874-4186-8416-aa79ae48909d,af0cfbd5-3ecb-4401-9dd1-f9d3caefdc40,->,bcbf1d2f-ba94-4a53-9a39-09cb8d01bd80,jxl/SheetSettings.java,setLeftMargin
bcbf1d2f-ba94-4a53-9a39-09cb8d01bd80,43cd7aa4-e874-4186-8416-aa79ae48909d,af0cfbd5-3ecb-4401-9dd1-f9d3caefdc40,->,bcbf1d2f-ba94-4a53-9a39-09cb8d01bd80,jxl/write/WritableSheet.java,getSettings
bcbf1d2f-ba94-4a53-9a39-09cb8d01bd80,43cd7aa4-e874-4186-8416-aa79ae48909d,af0cfbd5-3ecb-4401-9dd1-f9d3caefdc40,->,bcbf1d2f-ba94-4a53-9a39-09cb8d01bd80,jxl/SheetSettings.java,setRightMargin
bcbf1d2f-ba94-4a53-9a39-09cb8d01bd80,43cd7aa4-e874-4186-8416-aa79ae48909d,af0cfbd5-3ecb-4401-9dd1-f9d3caefdc40,->,bcbf1d2f-ba94-4a53-9a39-09cb8d01bd80,jxl/write/WritableSheet.java,setPageSetup
bcbf1d2f-ba94-4a53-9a39-09cb8d01bd80,43cd7aa4-e874-4186-8416-aa79ae48909d,af0cfbd5-3ecb-4401-9dd1-f9d3caefdc40,->,bcbf1d2f-ba94-4a53-9a39-09cb8d01bd80,jxl/write/WritableWorkbook.java,write
bcbf1d2f-ba94-4a53-9a39-09cb8d01bd80,43cd7aa4-e874-4186-8416-aa79ae48909d,af0cfbd5-3ecb-4401-9dd1-f9d3caefdc40,->,bcbf1d2f-ba94-4a53-9a39-09cb8d01bd80,jxl/write/WritableWorkbook.java,close
bcbf1d2f-ba94-4a53-9a39-09cb8d01bd80,43cd7aa4-e874-4186-8416-aa79ae48909d,af0cfbd5-3ecb-4401-9dd1-f9d3caefdc40,->,bcbf1d2f-ba94-4a53-9a39-09cb8d01bd80,jxl/write/WriteException.java,printStackTrace
bcbf1d2f-ba94-4a53-9a39-09cb8d01bd80,43cd7aa4-e874-4186-8416-aa79ae48909d,af0cfbd5-3ecb-4401-9dd1-f9d3caefdc40,->,bcbf1d2f-ba94-4a53-9a39-09cb8d01bd80,javax/swing/JOptionPane.java,showMessageDialog
bcbf1d2f-ba94-4a53-9a39-09cb8d01bd80,95200612-8336-4141-b47c-300475cdcb7e,8c1766af-0bc1-4e04-a487-d767498fd9a4,->,bcbf1d2f-ba94-4a53-9a39-09cb8d01bd80,65d1c167-e8ee-4e14-a8d4-73e325ff74ec,69682865-3411-4948-91ae-13ea5fe85c43
bcbf1d2f-ba94-4a53-9a39-09cb8d01bd80,95200612-8336-4141-b47c-300475cdcb7e,8c1766af-0bc1-4e04-a487-d767498fd9a4,->,bcbf1d2f-ba94-4a53-9a39-09cb8d01bd80,65d1c167-e8ee-4e14-a8d4-73e325ff74ec,69682865-3411-4948-91ae-13ea5fe85c43
bcbf1d2f-ba94-4a53-9a39-09cb8d01bd80,95200612-8336-4141-b47c-300475cdcb7e,8c1766af-0bc1-4e04-a487-d767498fd9a4,->,bcbf1d2f-ba94-4a53-9a39-09cb8d01bd80,65d1c167-e8ee-4e14-a8d4-73e325ff74ec,69682865-3411-4948-91ae-13ea5fe85c43
bcbf1d2f-ba94-4a53-9a39-09cb8d01bd80,95200612-8336-4141-b47c-300475cdcb7e,8c1766af-0bc1-4e04-a487-d767498fd9a4,->,bcbf1d2f-ba94-4a53-9a39-09cb8d01bd80,java/util/ArrayList.java,size
bcbf1d2f-ba94-4a53-9a39-09cb8d01bd80,95200612-8336-4141-b47c-300475cdcb7e,8c1766af-0bc1-4e04-a487-d767498fd9a4,->,bcbf1d2f-ba94-4a53-9a39-09cb8d01bd80,65d1c167-e8ee-4e14-a8d4-73e325ff74ec,69682865-3411-4948-91ae-13ea5fe85c43
bcbf1d2f-ba94-4a53-9a39-09cb8d01bd80,95200612-8336-4141-b47c-300475cdcb7e,8c1766af-0bc1-4e04-a487-d767498fd9a4,->,bcbf1d2f-ba94-4a53-9a39-09cb8d01bd80,95200612-8336-4141-b47c-300475cdcb7e,498be94e-2f25-4660-81bc-5a9d12d66de7
bcbf1d2f-ba94-4a53-9a39-09cb8d01bd80,95200612-8336-4141-b47c-300475cdcb7e,8c1766af-0bc1-4e04-a487-d767498fd9a4,->,bcbf1d2f-ba94-4a53-9a39-09cb8d01bd80,65d1c167-e8ee-4e14-a8d4-73e325ff74ec,69682865-3411-4948-91ae-13ea5fe85c43
bcbf1d2f-ba94-4a53-9a39-09cb8d01bd80,95200612-8336-4141-b47c-300475cdcb7e,8c1766af-0bc1-4e04-a487-d767498fd9a4,->,bcbf1d2f-ba94-4a53-9a39-09cb8d01bd80,65d1c167-e8ee-4e14-a8d4-73e325ff74ec,69682865-3411-4948-91ae-13ea5fe85c43
bcbf1d2f-ba94-4a53-9a39-09cb8d01bd80,95200612-8336-4141-b47c-300475cdcb7e,8c1766af-0bc1-4e04-a487-d767498fd9a4,->,bcbf1d2f-ba94-4a53-9a39-09cb8d01bd80,65d1c167-e8ee-4e14-a8d4-73e325ff74ec,69682865-3411-4948-91ae-13ea5fe85c43
bcbf1d2f-ba94-4a53-9a39-09cb8d01bd80,95200612-8336-4141-b47c-300475cdcb7e,8c1766af-0bc1-4e04-a487-d767498fd9a4,->,bcbf1d2f-ba94-4a53-9a39-09cb8d01bd80,95200612-8336-4141-b47c-300475cdcb7e,fe2b2a98-fa5e-469c-90b8-6b4c6b22f3fb
bcbf1d2f-ba94-4a53-9a39-09cb8d01bd80,95200612-8336-4141-b47c-300475cdcb7e,8c1766af-0bc1-4e04-a487-d767498fd9a4,->,bcbf1d2f-ba94-4a53-9a39-09cb8d01bd80,65d1c167-e8ee-4e14-a8d4-73e325ff74ec,69682865-3411-4948-91ae-13ea5fe85c43
bcbf1d2f-ba94-4a53-9a39-09cb8d01bd80,95200612-8336-4141-b47c-300475cdcb7e,382ffea0-c779-4bcc-a5c2-7a452254248d,->,bcbf1d2f-ba94-4a53-9a39-09cb8d01bd80,java/util/ArrayList.java,add
bcbf1d2f-ba94-4a53-9a39-09cb8d01bd80,95200612-8336-4141-b47c-300475cdcb7e,4723061a-6b42-4b18-bdd2-123367fa65ec,->,bcbf1d2f-ba94-4a53-9a39-09cb8d01bd80,java/util/ArrayList.java,add
bcbf1d2f-ba94-4a53-9a39-09cb8d01bd80,95200612-8336-4141-b47c-300475cdcb7e,b8e7bb64-fdea-466c-bd7e-861ddd549ca2,->,bcbf1d2f-ba94-4a53-9a39-09cb8d01bd80,java/util/ArrayList.java,remove
bcbf1d2f-ba94-4a53-9a39-09cb8d01bd80,95200612-8336-4141-b47c-300475cdcb7e,"998fb4b8-1561-445b-b071-691183681b62,8fdd6ca2-0b31-478f-b870-0c4fe78f7734",->,bcbf1d2f-ba94-4a53-9a39-09cb8d01bd80,java/util/ArrayList.java,size
bcbf1d2f-ba94-4a53-9a39-09cb8d01bd80,95200612-8336-4141-b47c-300475cdcb7e,"998fb4b8-1561-445b-b071-691183681b62,8fdd6ca2-0b31-478f-b870-0c4fe78f7734",->,bcbf1d2f-ba94-4a53-9a39-09cb8d01bd80,java/util/ArrayList.java,get
bcbf1d2f-ba94-4a53-9a39-09cb8d01bd80,95200612-8336-4141-b47c-300475cdcb7e,"998fb4b8-1561-445b-b071-691183681b62,8fdd6ca2-0b31-478f-b870-0c4fe78f7734",->,bcbf1d2f-ba94-4a53-9a39-09cb8d01bd80,java/util/ArrayList.java,iterator
bcbf1d2f-ba94-4a53-9a39-09cb8d01bd80,95200612-8336-4141-b47c-300475cdcb7e,"998fb4b8-1561-445b-b071-691183681b62,8fdd6ca2-0b31-478f-b870-0c4fe78f7734",->,bcbf1d2f-ba94-4a53-9a39-09cb8d01bd80,java/util/Iterator.java,hasNext
bcbf1d2f-ba94-4a53-9a39-09cb8d01bd80,95200612-8336-4141-b47c-300475cdcb7e,"998fb4b8-1561-445b-b071-691183681b62,8fdd6ca2-0b31-478f-b870-0c4fe78f7734",->,bcbf1d2f-ba94-4a53-9a39-09cb8d01bd80,java/util/Iterator.java,next
bcbf1d2f-ba94-4a53-9a39-09cb8d01bd80,95200612-8336-4141-b47c-300475cdcb7e,"998fb4b8-1561-445b-b071-691183681b62,8fdd6ca2-0b31-478f-b870-0c4fe78f7734",->,bcbf1d2f-ba94-4a53-9a39-09cb8d01bd80,27d5816e-a114-414d-923b-685d546139ad,0ec6d99b-12dd-4ce4-8794-63bb76537a83
bcbf1d2f-ba94-4a53-9a39-09cb8d01bd80,95200612-8336-4141-b47c-300475cdcb7e,"998fb4b8-1561-445b-b071-691183681b62,8fdd6ca2-0b31-478f-b870-0c4fe78f7734",->,bcbf1d2f-ba94-4a53-9a39-09cb8d01bd80,java/lang/String.java,equalsIgnoreCase
bcbf1d2f-ba94-4a53-9a39-09cb8d01bd80,95200612-8336-4141-b47c-300475cdcb7e,fe2b2a98-fa5e-469c-90b8-6b4c6b22f3fb,->,bcbf1d2f-ba94-4a53-9a39-09cb8d01bd80,java/util/ArrayList.java,size
bcbf1d2f-ba94-4a53-9a39-09cb8d01bd80,55b6dcc8-e073-44e0-9086-eb63cd2a53bd,e781a23b-b4cc-4df8-b57c-1fff9dee15eb,->,bcbf1d2f-ba94-4a53-9a39-09cb8d01bd80,cb5778f5-ef4d-4a24-9428-97f14b837b07,b9621f0d-ce53-4b1e-8638-904d681235ba
bcbf1d2f-ba94-4a53-9a39-09cb8d01bd80,55b6dcc8-e073-44e0-9086-eb63cd2a53bd,e781a23b-b4cc-4df8-b57c-1fff9dee15eb,->,bcbf1d2f-ba94-4a53-9a39-09cb8d01bd80,65d1c167-e8ee-4e14-a8d4-73e325ff74ec,69682865-3411-4948-91ae-13ea5fe85c43
bcbf1d2f-ba94-4a53-9a39-09cb8d01bd80,55b6dcc8-e073-44e0-9086-eb63cd2a53bd,e781a23b-b4cc-4df8-b57c-1fff9dee15eb,->,bcbf1d2f-ba94-4a53-9a39-09cb8d01bd80,java/lang/StringBuilder.java,append
bcbf1d2f-ba94-4a53-9a39-09cb8d01bd80,55b6dcc8-e073-44e0-9086-eb63cd2a53bd,e781a23b-b4cc-4df8-b57c-1fff9dee15eb,->,bcbf1d2f-ba94-4a53-9a39-09cb8d01bd80,java/lang/StringBuilder.java,append
bcbf1d2f-ba94-4a53-9a39-09cb8d01bd80,55b6dcc8-e073-44e0-9086-eb63cd2a53bd,e781a23b-b4cc-4df8-b57c-1fff9dee15eb,->,bcbf1d2f-ba94-4a53-9a39-09cb8d01bd80,java/lang/StringBuilder.java,toString
bcbf1d2f-ba94-4a53-9a39-09cb8d01bd80,55b6dcc8-e073-44e0-9086-eb63cd2a53bd,e781a23b-b4cc-4df8-b57c-1fff9dee15eb,->,bcbf1d2f-ba94-4a53-9a39-09cb8d01bd80,65d1c167-e8ee-4e14-a8d4-73e325ff74ec,69682865-3411-4948-91ae-13ea5fe85c43
bcbf1d2f-ba94-4a53-9a39-09cb8d01bd80,55b6dcc8-e073-44e0-9086-eb63cd2a53bd,e781a23b-b4cc-4df8-b57c-1fff9dee15eb,->,bcbf1d2f-ba94-4a53-9a39-09cb8d01bd80,java/lang/StringBuilder.java,append
bcbf1d2f-ba94-4a53-9a39-09cb8d01bd80,55b6dcc8-e073-44e0-9086-eb63cd2a53bd,e781a23b-b4cc-4df8-b57c-1fff9dee15eb,->,bcbf1d2f-ba94-4a53-9a39-09cb8d01bd80,java/lang/StringBuilder.java,append
bcbf1d2f-ba94-4a53-9a39-09cb8d01bd80,55b6dcc8-e073-44e0-9086-eb63cd2a53bd,e781a23b-b4cc-4df8-b57c-1fff9dee15eb,->,bcbf1d2f-ba94-4a53-9a39-09cb8d01bd80,java/lang/StringBuilder.java,toString
bcbf1d2f-ba94-4a53-9a39-09cb8d01bd80,55b6dcc8-e073-44e0-9086-eb63cd2a53bd,e781a23b-b4cc-4df8-b57c-1fff9dee15eb,->,bcbf1d2f-ba94-4a53-9a39-09cb8d01bd80,65d1c167-e8ee-4e14-a8d4-73e325ff74ec,69682865-3411-4948-91ae-13ea5fe85c43
bcbf1d2f-ba94-4a53-9a39-09cb8d01bd80,55b6dcc8-e073-44e0-9086-eb63cd2a53bd,e781a23b-b4cc-4df8-b57c-1fff9dee15eb,->,bcbf1d2f-ba94-4a53-9a39-09cb8d01bd80,java/lang/StringBuilder.java,append
bcbf1d2f-ba94-4a53-9a39-09cb8d01bd80,55b6dcc8-e073-44e0-9086-eb63cd2a53bd,e781a23b-b4cc-4df8-b57c-1fff9dee15eb,->,bcbf1d2f-ba94-4a53-9a39-09cb8d01bd80,java/lang/StringBuilder.java,append
bcbf1d2f-ba94-4a53-9a39-09cb8d01bd80,55b6dcc8-e073-44e0-9086-eb63cd2a53bd,e781a23b-b4cc-4df8-b57c-1fff9dee15eb,->,bcbf1d2f-ba94-4a53-9a39-09cb8d01bd80,java/lang/StringBuilder.java,toString
bcbf1d2f-ba94-4a53-9a39-09cb8d01bd80,55b6dcc8-e073-44e0-9086-eb63cd2a53bd,e781a23b-b4cc-4df8-b57c-1fff9dee15eb,->,bcbf1d2f-ba94-4a53-9a39-09cb8d01bd80,65d1c167-e8ee-4e14-a8d4-73e325ff74ec,69682865-3411-4948-91ae-13ea5fe85c43
bcbf1d2f-ba94-4a53-9a39-09cb8d01bd80,55b6dcc8-e073-44e0-9086-eb63cd2a53bd,74d0219b-bf09-470f-9be2-286146a2e9d3,->,bcbf1d2f-ba94-4a53-9a39-09cb8d01bd80,55b6dcc8-e073-44e0-9086-eb63cd2a53bd,dda6f7bc-7b3f-4231-bda9-e88fd40d3a2e
bcbf1d2f-ba94-4a53-9a39-09cb8d01bd80,55b6dcc8-e073-44e0-9086-eb63cd2a53bd,74d0219b-bf09-470f-9be2-286146a2e9d3,->,bcbf1d2f-ba94-4a53-9a39-09cb8d01bd80,java/io/DataInputStream.java,readUnsignedByte
bcbf1d2f-ba94-4a53-9a39-09cb8d01bd80,55b6dcc8-e073-44e0-9086-eb63cd2a53bd,74d0219b-bf09-470f-9be2-286146a2e9d3,->,bcbf1d2f-ba94-4a53-9a39-09cb8d01bd80,java/io/DataInputStream.java,readShort
bcbf1d2f-ba94-4a53-9a39-09cb8d01bd80,55b6dcc8-e073-44e0-9086-eb63cd2a53bd,74d0219b-bf09-470f-9be2-286146a2e9d3,->,bcbf1d2f-ba94-4a53-9a39-09cb8d01bd80,java/io/DataInputStream.java,readInt
bcbf1d2f-ba94-4a53-9a39-09cb8d01bd80,55b6dcc8-e073-44e0-9086-eb63cd2a53bd,6888b6ee-170d-48c2-a960-c50993192f7c,->,bcbf1d2f-ba94-4a53-9a39-09cb8d01bd80,55b6dcc8-e073-44e0-9086-eb63cd2a53bd,dda6f7bc-7b3f-4231-bda9-e88fd40d3a2e
bcbf1d2f-ba94-4a53-9a39-09cb8d01bd80,55b6dcc8-e073-44e0-9086-eb63cd2a53bd,6888b6ee-170d-48c2-a960-c50993192f7c,->,bcbf1d2f-ba94-4a53-9a39-09cb8d01bd80,java/io/DataInputStream.java,readUnsignedByte
bcbf1d2f-ba94-4a53-9a39-09cb8d01bd80,55b6dcc8-e073-44e0-9086-eb63cd2a53bd,6888b6ee-170d-48c2-a960-c50993192f7c,->,bcbf1d2f-ba94-4a53-9a39-09cb8d01bd80,java/io/DataInputStream.java,readShort
bcbf1d2f-ba94-4a53-9a39-09cb8d01bd80,55b6dcc8-e073-44e0-9086-eb63cd2a53bd,6888b6ee-170d-48c2-a960-c50993192f7c,->,bcbf1d2f-ba94-4a53-9a39-09cb8d01bd80,java/io/DataInputStream.java,readInt
bcbf1d2f-ba94-4a53-9a39-09cb8d01bd80,55b6dcc8-e073-44e0-9086-eb63cd2a53bd,b5777e8c-c3ed-4ec6-91e4-3e354674fc4d,->,bcbf1d2f-ba94-4a53-9a39-09cb8d01bd80,55b6dcc8-e073-44e0-9086-eb63cd2a53bd,dda6f7bc-7b3f-4231-bda9-e88fd40d3a2e
bcbf1d2f-ba94-4a53-9a39-09cb8d01bd80,55b6dcc8-e073-44e0-9086-eb63cd2a53bd,b5777e8c-c3ed-4ec6-91e4-3e354674fc4d,->,bcbf1d2f-ba94-4a53-9a39-09cb8d01bd80,java/io/DataInputStream.java,readUnsignedByte
bcbf1d2f-ba94-4a53-9a39-09cb8d01bd80,55b6dcc8-e073-44e0-9086-eb63cd2a53bd,b5777e8c-c3ed-4ec6-91e4-3e354674fc4d,->,bcbf1d2f-ba94-4a53-9a39-09cb8d01bd80,java/io/DataInputStream.java,readShort
bcbf1d2f-ba94-4a53-9a39-09cb8d01bd80,55b6dcc8-e073-44e0-9086-eb63cd2a53bd,b5777e8c-c3ed-4ec6-91e4-3e354674fc4d,->,bcbf1d2f-ba94-4a53-9a39-09cb8d01bd80,java/io/DataInputStream.java,readInt
bcbf1d2f-ba94-4a53-9a39-09cb8d01bd80,55b6dcc8-e073-44e0-9086-eb63cd2a53bd,b5777e8c-c3ed-4ec6-91e4-3e354674fc4d,->,bcbf1d2f-ba94-4a53-9a39-09cb8d01bd80,java/io/DataInputStream.java,readFloat
bcbf1d2f-ba94-4a53-9a39-09cb8d01bd80,55b6dcc8-e073-44e0-9086-eb63cd2a53bd,b5777e8c-c3ed-4ec6-91e4-3e354674fc4d,->,bcbf1d2f-ba94-4a53-9a39-09cb8d01bd80,java/io/DataInputStream.java,readDouble
bcbf1d2f-ba94-4a53-9a39-09cb8d01bd80,55b6dcc8-e073-44e0-9086-eb63cd2a53bd,dda6f7bc-7b3f-4231-bda9-e88fd40d3a2e,->,bcbf1d2f-ba94-4a53-9a39-09cb8d01bd80,java/io/RandomAccessFile.java,seek
bcbf1d2f-ba94-4a53-9a39-09cb8d01bd80,55b6dcc8-e073-44e0-9086-eb63cd2a53bd,dda6f7bc-7b3f-4231-bda9-e88fd40d3a2e,->,bcbf1d2f-ba94-4a53-9a39-09cb8d01bd80,java/io/RandomAccessFile.java,read
bcbf1d2f-ba94-4a53-9a39-09cb8d01bd80,55b6dcc8-e073-44e0-9086-eb63cd2a53bd,d3e4146b-ba6a-43b1-a67b-58e2c0e2a314,->,bcbf1d2f-ba94-4a53-9a39-09cb8d01bd80,java/io/DataOutputStream.java,writeShort
bcbf1d2f-ba94-4a53-9a39-09cb8d01bd80,55b6dcc8-e073-44e0-9086-eb63cd2a53bd,d3e4146b-ba6a-43b1-a67b-58e2c0e2a314,->,bcbf1d2f-ba94-4a53-9a39-09cb8d01bd80,java/io/DataOutputStream.java,writeInt
bcbf1d2f-ba94-4a53-9a39-09cb8d01bd80,55b6dcc8-e073-44e0-9086-eb63cd2a53bd,d3e4146b-ba6a-43b1-a67b-58e2c0e2a314,->,bcbf1d2f-ba94-4a53-9a39-09cb8d01bd80,java/io/DataOutputStream.java,writeFloat
bcbf1d2f-ba94-4a53-9a39-09cb8d01bd80,55b6dcc8-e073-44e0-9086-eb63cd2a53bd,d3e4146b-ba6a-43b1-a67b-58e2c0e2a314,->,bcbf1d2f-ba94-4a53-9a39-09cb8d01bd80,java/io/DataOutputStream.java,writeDouble
bcbf1d2f-ba94-4a53-9a39-09cb8d01bd80,55b6dcc8-e073-44e0-9086-eb63cd2a53bd,d3e4146b-ba6a-43b1-a67b-58e2c0e2a314,->,bcbf1d2f-ba94-4a53-9a39-09cb8d01bd80,java/io/RandomAccessFile.java,seek
bcbf1d2f-ba94-4a53-9a39-09cb8d01bd80,55b6dcc8-e073-44e0-9086-eb63cd2a53bd,d3e4146b-ba6a-43b1-a67b-58e2c0e2a314,->,bcbf1d2f-ba94-4a53-9a39-09cb8d01bd80,java/io/ByteArrayOutputStream.java,toByteArray
bcbf1d2f-ba94-4a53-9a39-09cb8d01bd80,55b6dcc8-e073-44e0-9086-eb63cd2a53bd,d3e4146b-ba6a-43b1-a67b-58e2c0e2a314,->,bcbf1d2f-ba94-4a53-9a39-09cb8d01bd80,java/io/RandomAccessFile.java,write
bcbf1d2f-ba94-4a53-9a39-09cb8d01bd80,55b6dcc8-e073-44e0-9086-eb63cd2a53bd,d3e4146b-ba6a-43b1-a67b-58e2c0e2a314,->,bcbf1d2f-ba94-4a53-9a39-09cb8d01bd80,java/io/ByteArrayOutputStream.java,toByteArray
bcbf1d2f-ba94-4a53-9a39-09cb8d01bd80,55b6dcc8-e073-44e0-9086-eb63cd2a53bd,eb140707-c660-482c-8fea-f40edeb990f5,->,bcbf1d2f-ba94-4a53-9a39-09cb8d01bd80,java/io/DataOutputStream.java,writeShort
bcbf1d2f-ba94-4a53-9a39-09cb8d01bd80,55b6dcc8-e073-44e0-9086-eb63cd2a53bd,eb140707-c660-482c-8fea-f40edeb990f5,->,bcbf1d2f-ba94-4a53-9a39-09cb8d01bd80,java/io/DataOutputStream.java,writeInt
bcbf1d2f-ba94-4a53-9a39-09cb8d01bd80,55b6dcc8-e073-44e0-9086-eb63cd2a53bd,eb140707-c660-482c-8fea-f40edeb990f5,->,bcbf1d2f-ba94-4a53-9a39-09cb8d01bd80,java/io/DataOutputStream.java,writeFloat
bcbf1d2f-ba94-4a53-9a39-09cb8d01bd80,55b6dcc8-e073-44e0-9086-eb63cd2a53bd,eb140707-c660-482c-8fea-f40edeb990f5,->,bcbf1d2f-ba94-4a53-9a39-09cb8d01bd80,java/io/DataOutputStream.java,writeDouble
bcbf1d2f-ba94-4a53-9a39-09cb8d01bd80,55b6dcc8-e073-44e0-9086-eb63cd2a53bd,eb140707-c660-482c-8fea-f40edeb990f5,->,bcbf1d2f-ba94-4a53-9a39-09cb8d01bd80,java/io/RandomAccessFile.java,seek
bcbf1d2f-ba94-4a53-9a39-09cb8d01bd80,55b6dcc8-e073-44e0-9086-eb63cd2a53bd,eb140707-c660-482c-8fea-f40edeb990f5,->,bcbf1d2f-ba94-4a53-9a39-09cb8d01bd80,java/io/ByteArrayOutputStream.java,toByteArray
bcbf1d2f-ba94-4a53-9a39-09cb8d01bd80,55b6dcc8-e073-44e0-9086-eb63cd2a53bd,eb140707-c660-482c-8fea-f40edeb990f5,->,bcbf1d2f-ba94-4a53-9a39-09cb8d01bd80,java/io/RandomAccessFile.java,write
bcbf1d2f-ba94-4a53-9a39-09cb8d01bd80,55b6dcc8-e073-44e0-9086-eb63cd2a53bd,eb140707-c660-482c-8fea-f40edeb990f5,->,bcbf1d2f-ba94-4a53-9a39-09cb8d01bd80,java/io/ByteArrayOutputStream.java,toByteArray
bcbf1d2f-ba94-4a53-9a39-09cb8d01bd80,55b6dcc8-e073-44e0-9086-eb63cd2a53bd,87c5a1ec-e38f-49f7-ad81-2d58015bc05c,->,bcbf1d2f-ba94-4a53-9a39-09cb8d01bd80,java/io/DataOutputStream.java,writeShort
bcbf1d2f-ba94-4a53-9a39-09cb8d01bd80,55b6dcc8-e073-44e0-9086-eb63cd2a53bd,87c5a1ec-e38f-49f7-ad81-2d58015bc05c,->,bcbf1d2f-ba94-4a53-9a39-09cb8d01bd80,java/io/DataOutputStream.java,writeInt
bcbf1d2f-ba94-4a53-9a39-09cb8d01bd80,55b6dcc8-e073-44e0-9086-eb63cd2a53bd,87c5a1ec-e38f-49f7-ad81-2d58015bc05c,->,bcbf1d2f-ba94-4a53-9a39-09cb8d01bd80,java/io/DataOutputStream.java,writeFloat
bcbf1d2f-ba94-4a53-9a39-09cb8d01bd80,55b6dcc8-e073-44e0-9086-eb63cd2a53bd,87c5a1ec-e38f-49f7-ad81-2d58015bc05c,->,bcbf1d2f-ba94-4a53-9a39-09cb8d01bd80,java/io/DataOutputStream.java,writeDouble
bcbf1d2f-ba94-4a53-9a39-09cb8d01bd80,55b6dcc8-e073-44e0-9086-eb63cd2a53bd,87c5a1ec-e38f-49f7-ad81-2d58015bc05c,->,bcbf1d2f-ba94-4a53-9a39-09cb8d01bd80,java/io/RandomAccessFile.java,seek
bcbf1d2f-ba94-4a53-9a39-09cb8d01bd80,55b6dcc8-e073-44e0-9086-eb63cd2a53bd,87c5a1ec-e38f-49f7-ad81-2d58015bc05c,->,bcbf1d2f-ba94-4a53-9a39-09cb8d01bd80,java/io/ByteArrayOutputStream.java,toByteArray
bcbf1d2f-ba94-4a53-9a39-09cb8d01bd80,55b6dcc8-e073-44e0-9086-eb63cd2a53bd,87c5a1ec-e38f-49f7-ad81-2d58015bc05c,->,bcbf1d2f-ba94-4a53-9a39-09cb8d01bd80,java/io/RandomAccessFile.java,write
bcbf1d2f-ba94-4a53-9a39-09cb8d01bd80,55b6dcc8-e073-44e0-9086-eb63cd2a53bd,87c5a1ec-e38f-49f7-ad81-2d58015bc05c,->,bcbf1d2f-ba94-4a53-9a39-09cb8d01bd80,java/io/ByteArrayOutputStream.java,toByteArray
bcbf1d2f-ba94-4a53-9a39-09cb8d01bd80,55b6dcc8-e073-44e0-9086-eb63cd2a53bd,064949a1-474c-409d-8b3b-74d466c67992,->,bcbf1d2f-ba94-4a53-9a39-09cb8d01bd80,e1b0804b-0d5e-4ee0-8ef5-b150c8446841,728d9062-d23f-4524-b1e0-94425f86c4c4
bcbf1d2f-ba94-4a53-9a39-09cb8d01bd80,55b6dcc8-e073-44e0-9086-eb63cd2a53bd,4133c1e2-dd11-4e43-ba73-89d40b97b960,->,bcbf1d2f-ba94-4a53-9a39-09cb8d01bd80,e1b0804b-0d5e-4ee0-8ef5-b150c8446841,a57c74cf-8bc2-4bf5-b1f1-dbeaa503a073
bcbf1d2f-ba94-4a53-9a39-09cb8d01bd80,e1b0804b-0d5e-4ee0-8ef5-b150c8446841,51ae0671-ade1-43f5-8810-592892875e61,->,bcbf1d2f-ba94-4a53-9a39-09cb8d01bd80,65d1c167-e8ee-4e14-a8d4-73e325ff74ec,33568cf7-9057-40c9-ae5d-f682d7121e1e
bcbf1d2f-ba94-4a53-9a39-09cb8d01bd80,e1b0804b-0d5e-4ee0-8ef5-b150c8446841,51ae0671-ade1-43f5-8810-592892875e61,->,bcbf1d2f-ba94-4a53-9a39-09cb8d01bd80,65d1c167-e8ee-4e14-a8d4-73e325ff74ec,"af539323-bbcf-4ba5-bc19-efd11c7bbe08,84785d82-c03e-4e17-abb6-2d21835b09fc"
bcbf1d2f-ba94-4a53-9a39-09cb8d01bd80,e1b0804b-0d5e-4ee0-8ef5-b150c8446841,51ae0671-ade1-43f5-8810-592892875e61,->,bcbf1d2f-ba94-4a53-9a39-09cb8d01bd80,b60bc1cf-f0b0-41c9-8c75-667901eb1f35,61f6ed64-ed33-4a20-84b6-2807e2b758f4
bcbf1d2f-ba94-4a53-9a39-09cb8d01bd80,e1b0804b-0d5e-4ee0-8ef5-b150c8446841,51ae0671-ade1-43f5-8810-592892875e61,->,bcbf1d2f-ba94-4a53-9a39-09cb8d01bd80,65d1c167-e8ee-4e14-a8d4-73e325ff74ec,"af539323-bbcf-4ba5-bc19-efd11c7bbe08,84785d82-c03e-4e17-abb6-2d21835b09fc"
bcbf1d2f-ba94-4a53-9a39-09cb8d01bd80,e1b0804b-0d5e-4ee0-8ef5-b150c8446841,51ae0671-ade1-43f5-8810-592892875e61,->,bcbf1d2f-ba94-4a53-9a39-09cb8d01bd80,b60bc1cf-f0b0-41c9-8c75-667901eb1f35,61f6ed64-ed33-4a20-84b6-2807e2b758f4
bcbf1d2f-ba94-4a53-9a39-09cb8d01bd80,e1b0804b-0d5e-4ee0-8ef5-b150c8446841,51ae0671-ade1-43f5-8810-592892875e61,->,bcbf1d2f-ba94-4a53-9a39-09cb8d01bd80,e1b0804b-0d5e-4ee0-8ef5-b150c8446841,fefe7ea1-e3c1-4fad-9e35-f27c42587507
bcbf1d2f-ba94-4a53-9a39-09cb8d01bd80,e1b0804b-0d5e-4ee0-8ef5-b150c8446841,51ae0671-ade1-43f5-8810-592892875e61,->,bcbf1d2f-ba94-4a53-9a39-09cb8d01bd80,java/lang/String.java,valueOf
bcbf1d2f-ba94-4a53-9a39-09cb8d01bd80,e1b0804b-0d5e-4ee0-8ef5-b150c8446841,51ae0671-ade1-43f5-8810-592892875e61,->,bcbf1d2f-ba94-4a53-9a39-09cb8d01bd80,java/lang/String.java,toUpperCase
bcbf1d2f-ba94-4a53-9a39-09cb8d01bd80,e1b0804b-0d5e-4ee0-8ef5-b150c8446841,51ae0671-ade1-43f5-8810-592892875e61,->,bcbf1d2f-ba94-4a53-9a39-09cb8d01bd80,java/lang/String.java,trim
bcbf1d2f-ba94-4a53-9a39-09cb8d01bd80,e1b0804b-0d5e-4ee0-8ef5-b150c8446841,51ae0671-ade1-43f5-8810-592892875e61,->,bcbf1d2f-ba94-4a53-9a39-09cb8d01bd80,java/lang/StringBuilder.java,append
bcbf1d2f-ba94-4a53-9a39-09cb8d01bd80,e1b0804b-0d5e-4ee0-8ef5-b150c8446841,51ae0671-ade1-43f5-8810-592892875e61,->,bcbf1d2f-ba94-4a53-9a39-09cb8d01bd80,java/lang/StringBuilder.java,append
bcbf1d2f-ba94-4a53-9a39-09cb8d01bd80,e1b0804b-0d5e-4ee0-8ef5-b150c8446841,51ae0671-ade1-43f5-8810-592892875e61,->,bcbf1d2f-ba94-4a53-9a39-09cb8d01bd80,java/lang/StringBuilder.java,append
bcbf1d2f-ba94-4a53-9a39-09cb8d01bd80,e1b0804b-0d5e-4ee0-8ef5-b150c8446841,51ae0671-ade1-43f5-8810-592892875e61,->,bcbf1d2f-ba94-4a53-9a39-09cb8d01bd80,java/lang/StringBuilder.java,toString
bcbf1d2f-ba94-4a53-9a39-09cb8d01bd80,e1b0804b-0d5e-4ee0-8ef5-b150c8446841,51ae0671-ade1-43f5-8810-592892875e61,->,bcbf1d2f-ba94-4a53-9a39-09cb8d01bd80,65d1c167-e8ee-4e14-a8d4-73e325ff74ec,"af539323-bbcf-4ba5-bc19-efd11c7bbe08,84785d82-c03e-4e17-abb6-2d21835b09fc"
bcbf1d2f-ba94-4a53-9a39-09cb8d01bd80,e1b0804b-0d5e-4ee0-8ef5-b150c8446841,51ae0671-ade1-43f5-8810-592892875e61,->,bcbf1d2f-ba94-4a53-9a39-09cb8d01bd80,b60bc1cf-f0b0-41c9-8c75-667901eb1f35,5e9e2fde-8830-4dc0-a821-b7f9e81f8727
bcbf1d2f-ba94-4a53-9a39-09cb8d01bd80,e1b0804b-0d5e-4ee0-8ef5-b150c8446841,51ae0671-ade1-43f5-8810-592892875e61,->,bcbf1d2f-ba94-4a53-9a39-09cb8d01bd80,java/lang/StringBuilder.java,append
bcbf1d2f-ba94-4a53-9a39-09cb8d01bd80,e1b0804b-0d5e-4ee0-8ef5-b150c8446841,51ae0671-ade1-43f5-8810-592892875e61,->,bcbf1d2f-ba94-4a53-9a39-09cb8d01bd80,java/lang/StringBuilder.java,append
bcbf1d2f-ba94-4a53-9a39-09cb8d01bd80,e1b0804b-0d5e-4ee0-8ef5-b150c8446841,51ae0671-ade1-43f5-8810-592892875e61,->,bcbf1d2f-ba94-4a53-9a39-09cb8d01bd80,java/lang/StringBuilder.java,append
bcbf1d2f-ba94-4a53-9a39-09cb8d01bd80,e1b0804b-0d5e-4ee0-8ef5-b150c8446841,51ae0671-ade1-43f5-8810-592892875e61,->,bcbf1d2f-ba94-4a53-9a39-09cb8d01bd80,java/lang/StringBuilder.java,toString
bcbf1d2f-ba94-4a53-9a39-09cb8d01bd80,e1b0804b-0d5e-4ee0-8ef5-b150c8446841,51ae0671-ade1-43f5-8810-592892875e61,->,bcbf1d2f-ba94-4a53-9a39-09cb8d01bd80,65d1c167-e8ee-4e14-a8d4-73e325ff74ec,"af539323-bbcf-4ba5-bc19-efd11c7bbe08,84785d82-c03e-4e17-abb6-2d21835b09fc"
bcbf1d2f-ba94-4a53-9a39-09cb8d01bd80,e1b0804b-0d5e-4ee0-8ef5-b150c8446841,51ae0671-ade1-43f5-8810-592892875e61,->,bcbf1d2f-ba94-4a53-9a39-09cb8d01bd80,b60bc1cf-f0b0-41c9-8c75-667901eb1f35,5e9e2fde-8830-4dc0-a821-b7f9e81f8727
bcbf1d2f-ba94-4a53-9a39-09cb8d01bd80,e1b0804b-0d5e-4ee0-8ef5-b150c8446841,51ae0671-ade1-43f5-8810-592892875e61,->,bcbf1d2f-ba94-4a53-9a39-09cb8d01bd80,java/lang/StringBuilder.java,append
bcbf1d2f-ba94-4a53-9a39-09cb8d01bd80,e1b0804b-0d5e-4ee0-8ef5-b150c8446841,51ae0671-ade1-43f5-8810-592892875e61,->,bcbf1d2f-ba94-4a53-9a39-09cb8d01bd80,java/lang/StringBuilder.java,append
bcbf1d2f-ba94-4a53-9a39-09cb8d01bd80,e1b0804b-0d5e-4ee0-8ef5-b150c8446841,51ae0671-ade1-43f5-8810-592892875e61,->,bcbf1d2f-ba94-4a53-9a39-09cb8d01bd80,java/lang/StringBuilder.java,append
bcbf1d2f-ba94-4a53-9a39-09cb8d01bd80,e1b0804b-0d5e-4ee0-8ef5-b150c8446841,51ae0671-ade1-43f5-8810-592892875e61,->,bcbf1d2f-ba94-4a53-9a39-09cb8d01bd80,java/lang/StringBuilder.java,toString
bcbf1d2f-ba94-4a53-9a39-09cb8d01bd80,e1b0804b-0d5e-4ee0-8ef5-b150c8446841,51ae0671-ade1-43f5-8810-592892875e61,->,bcbf1d2f-ba94-4a53-9a39-09cb8d01bd80,65d1c167-e8ee-4e14-a8d4-73e325ff74ec,"af539323-bbcf-4ba5-bc19-efd11c7bbe08,84785d82-c03e-4e17-abb6-2d21835b09fc"
bcbf1d2f-ba94-4a53-9a39-09cb8d01bd80,e1b0804b-0d5e-4ee0-8ef5-b150c8446841,51ae0671-ade1-43f5-8810-592892875e61,->,bcbf1d2f-ba94-4a53-9a39-09cb8d01bd80,b60bc1cf-f0b0-41c9-8c75-667901eb1f35,5e9e2fde-8830-4dc0-a821-b7f9e81f8727
bcbf1d2f-ba94-4a53-9a39-09cb8d01bd80,e1b0804b-0d5e-4ee0-8ef5-b150c8446841,51ae0671-ade1-43f5-8810-592892875e61,->,bcbf1d2f-ba94-4a53-9a39-09cb8d01bd80,java/lang/StringBuilder.java,append
bcbf1d2f-ba94-4a53-9a39-09cb8d01bd80,e1b0804b-0d5e-4ee0-8ef5-b150c8446841,51ae0671-ade1-43f5-8810-592892875e61,->,bcbf1d2f-ba94-4a53-9a39-09cb8d01bd80,java/lang/StringBuilder.java,append
bcbf1d2f-ba94-4a53-9a39-09cb8d01bd80,e1b0804b-0d5e-4ee0-8ef5-b150c8446841,51ae0671-ade1-43f5-8810-592892875e61,->,bcbf1d2f-ba94-4a53-9a39-09cb8d01bd80,java/lang/StringBuilder.java,append
bcbf1d2f-ba94-4a53-9a39-09cb8d01bd80,e1b0804b-0d5e-4ee0-8ef5-b150c8446841,51ae0671-ade1-43f5-8810-592892875e61,->,bcbf1d2f-ba94-4a53-9a39-09cb8d01bd80,java/lang/StringBuilder.java,toString
bcbf1d2f-ba94-4a53-9a39-09cb8d01bd80,e1b0804b-0d5e-4ee0-8ef5-b150c8446841,51ae0671-ade1-43f5-8810-592892875e61,->,bcbf1d2f-ba94-4a53-9a39-09cb8d01bd80,65d1c167-e8ee-4e14-a8d4-73e325ff74ec,"af539323-bbcf-4ba5-bc19-efd11c7bbe08,84785d82-c03e-4e17-abb6-2d21835b09fc"
bcbf1d2f-ba94-4a53-9a39-09cb8d01bd80,e1b0804b-0d5e-4ee0-8ef5-b150c8446841,51ae0671-ade1-43f5-8810-592892875e61,->,bcbf1d2f-ba94-4a53-9a39-09cb8d01bd80,b60bc1cf-f0b0-41c9-8c75-667901eb1f35,9dbf7251-9adf-4162-8a81-30c8d34ad529
bcbf1d2f-ba94-4a53-9a39-09cb8d01bd80,e1b0804b-0d5e-4ee0-8ef5-b150c8446841,51ae0671-ade1-43f5-8810-592892875e61,->,bcbf1d2f-ba94-4a53-9a39-09cb8d01bd80,java/lang/String.java,length
bcbf1d2f-ba94-4a53-9a39-09cb8d01bd80,e1b0804b-0d5e-4ee0-8ef5-b150c8446841,51ae0671-ade1-43f5-8810-592892875e61,->,bcbf1d2f-ba94-4a53-9a39-09cb8d01bd80,java/lang/String.java,substring
bcbf1d2f-ba94-4a53-9a39-09cb8d01bd80,e1b0804b-0d5e-4ee0-8ef5-b150c8446841,51ae0671-ade1-43f5-8810-592892875e61,->,bcbf1d2f-ba94-4a53-9a39-09cb8d01bd80,java/lang/String.java,equals
bcbf1d2f-ba94-4a53-9a39-09cb8d01bd80,e1b0804b-0d5e-4ee0-8ef5-b150c8446841,51ae0671-ade1-43f5-8810-592892875e61,->,bcbf1d2f-ba94-4a53-9a39-09cb8d01bd80,java/lang/String.java,equals
bcbf1d2f-ba94-4a53-9a39-09cb8d01bd80,e1b0804b-0d5e-4ee0-8ef5-b150c8446841,51ae0671-ade1-43f5-8810-592892875e61,->,bcbf1d2f-ba94-4a53-9a39-09cb8d01bd80,java/lang/StringBuilder.java,append
bcbf1d2f-ba94-4a53-9a39-09cb8d01bd80,e1b0804b-0d5e-4ee0-8ef5-b150c8446841,51ae0671-ade1-43f5-8810-592892875e61,->,bcbf1d2f-ba94-4a53-9a39-09cb8d01bd80,java/lang/StringBuilder.java,append
bcbf1d2f-ba94-4a53-9a39-09cb8d01bd80,e1b0804b-0d5e-4ee0-8ef5-b150c8446841,51ae0671-ade1-43f5-8810-592892875e61,->,bcbf1d2f-ba94-4a53-9a39-09cb8d01bd80,java/lang/StringBuilder.java,append
bcbf1d2f-ba94-4a53-9a39-09cb8d01bd80,e1b0804b-0d5e-4ee0-8ef5-b150c8446841,51ae0671-ade1-43f5-8810-592892875e61,->,bcbf1d2f-ba94-4a53-9a39-09cb8d01bd80,java/lang/StringBuilder.java,append
bcbf1d2f-ba94-4a53-9a39-09cb8d01bd80,e1b0804b-0d5e-4ee0-8ef5-b150c8446841,51ae0671-ade1-43f5-8810-592892875e61,->,bcbf1d2f-ba94-4a53-9a39-09cb8d01bd80,java/lang/StringBuilder.java,append
bcbf1d2f-ba94-4a53-9a39-09cb8d01bd80,e1b0804b-0d5e-4ee0-8ef5-b150c8446841,51ae0671-ade1-43f5-8810-592892875e61,->,bcbf1d2f-ba94-4a53-9a39-09cb8d01bd80,java/lang/StringBuilder.java,toString
bcbf1d2f-ba94-4a53-9a39-09cb8d01bd80,e1b0804b-0d5e-4ee0-8ef5-b150c8446841,51ae0671-ade1-43f5-8810-592892875e61,->,bcbf1d2f-ba94-4a53-9a39-09cb8d01bd80,65d1c167-e8ee-4e14-a8d4-73e325ff74ec,"af539323-bbcf-4ba5-bc19-efd11c7bbe08,84785d82-c03e-4e17-abb6-2d21835b09fc"
bcbf1d2f-ba94-4a53-9a39-09cb8d01bd80,e1b0804b-0d5e-4ee0-8ef5-b150c8446841,51ae0671-ade1-43f5-8810-592892875e61,->,bcbf1d2f-ba94-4a53-9a39-09cb8d01bd80,b60bc1cf-f0b0-41c9-8c75-667901eb1f35,5e9e2fde-8830-4dc0-a821-b7f9e81f8727
bcbf1d2f-ba94-4a53-9a39-09cb8d01bd80,e1b0804b-0d5e-4ee0-8ef5-b150c8446841,51ae0671-ade1-43f5-8810-592892875e61,->,bcbf1d2f-ba94-4a53-9a39-09cb8d01bd80,java/lang/StringBuilder.java,append
bcbf1d2f-ba94-4a53-9a39-09cb8d01bd80,e1b0804b-0d5e-4ee0-8ef5-b150c8446841,51ae0671-ade1-43f5-8810-592892875e61,->,bcbf1d2f-ba94-4a53-9a39-09cb8d01bd80,java/lang/StringBuilder.java,append
bcbf1d2f-ba94-4a53-9a39-09cb8d01bd80,e1b0804b-0d5e-4ee0-8ef5-b150c8446841,51ae0671-ade1-43f5-8810-592892875e61,->,bcbf1d2f-ba94-4a53-9a39-09cb8d01bd80,java/lang/StringBuilder.java,append
bcbf1d2f-ba94-4a53-9a39-09cb8d01bd80,e1b0804b-0d5e-4ee0-8ef5-b150c8446841,51ae0671-ade1-43f5-8810-592892875e61,->,bcbf1d2f-ba94-4a53-9a39-09cb8d01bd80,java/lang/StringBuilder.java,append
bcbf1d2f-ba94-4a53-9a39-09cb8d01bd80,e1b0804b-0d5e-4ee0-8ef5-b150c8446841,51ae0671-ade1-43f5-8810-592892875e61,->,bcbf1d2f-ba94-4a53-9a39-09cb8d01bd80,java/lang/StringBuilder.java,append
bcbf1d2f-ba94-4a53-9a39-09cb8d01bd80,e1b0804b-0d5e-4ee0-8ef5-b150c8446841,51ae0671-ade1-43f5-8810-592892875e61,->,bcbf1d2f-ba94-4a53-9a39-09cb8d01bd80,java/lang/StringBuilder.java,toString
bcbf1d2f-ba94-4a53-9a39-09cb8d01bd80,e1b0804b-0d5e-4ee0-8ef5-b150c8446841,51ae0671-ade1-43f5-8810-592892875e61,->,bcbf1d2f-ba94-4a53-9a39-09cb8d01bd80,65d1c167-e8ee-4e14-a8d4-73e325ff74ec,"af539323-bbcf-4ba5-bc19-efd11c7bbe08,84785d82-c03e-4e17-abb6-2d21835b09fc"
bcbf1d2f-ba94-4a53-9a39-09cb8d01bd80,e1b0804b-0d5e-4ee0-8ef5-b150c8446841,51ae0671-ade1-43f5-8810-592892875e61,->,bcbf1d2f-ba94-4a53-9a39-09cb8d01bd80,b60bc1cf-f0b0-41c9-8c75-667901eb1f35,5e9e2fde-8830-4dc0-a821-b7f9e81f8727
bcbf1d2f-ba94-4a53-9a39-09cb8d01bd80,e1b0804b-0d5e-4ee0-8ef5-b150c8446841,51ae0671-ade1-43f5-8810-592892875e61,->,bcbf1d2f-ba94-4a53-9a39-09cb8d01bd80,java/lang/StringBuilder.java,append
bcbf1d2f-ba94-4a53-9a39-09cb8d01bd80,e1b0804b-0d5e-4ee0-8ef5-b150c8446841,51ae0671-ade1-43f5-8810-592892875e61,->,bcbf1d2f-ba94-4a53-9a39-09cb8d01bd80,java/lang/StringBuilder.java,append
bcbf1d2f-ba94-4a53-9a39-09cb8d01bd80,e1b0804b-0d5e-4ee0-8ef5-b150c8446841,51ae0671-ade1-43f5-8810-592892875e61,->,bcbf1d2f-ba94-4a53-9a39-09cb8d01bd80,java/lang/StringBuilder.java,toString
bcbf1d2f-ba94-4a53-9a39-09cb8d01bd80,e1b0804b-0d5e-4ee0-8ef5-b150c8446841,51ae0671-ade1-43f5-8810-592892875e61,->,bcbf1d2f-ba94-4a53-9a39-09cb8d01bd80,65d1c167-e8ee-4e14-a8d4-73e325ff74ec,"af539323-bbcf-4ba5-bc19-efd11c7bbe08,84785d82-c03e-4e17-abb6-2d21835b09fc"
bcbf1d2f-ba94-4a53-9a39-09cb8d01bd80,e1b0804b-0d5e-4ee0-8ef5-b150c8446841,51ae0671-ade1-43f5-8810-592892875e61,->,bcbf1d2f-ba94-4a53-9a39-09cb8d01bd80,b60bc1cf-f0b0-41c9-8c75-667901eb1f35,5e9e2fde-8830-4dc0-a821-b7f9e81f8727
bcbf1d2f-ba94-4a53-9a39-09cb8d01bd80,e1b0804b-0d5e-4ee0-8ef5-b150c8446841,51ae0671-ade1-43f5-8810-592892875e61,->,bcbf1d2f-ba94-4a53-9a39-09cb8d01bd80,java/lang/StringBuilder.java,append
bcbf1d2f-ba94-4a53-9a39-09cb8d01bd80,e1b0804b-0d5e-4ee0-8ef5-b150c8446841,51ae0671-ade1-43f5-8810-592892875e61,->,bcbf1d2f-ba94-4a53-9a39-09cb8d01bd80,java/lang/StringBuilder.java,append
bcbf1d2f-ba94-4a53-9a39-09cb8d01bd80,e1b0804b-0d5e-4ee0-8ef5-b150c8446841,51ae0671-ade1-43f5-8810-592892875e61,->,bcbf1d2f-ba94-4a53-9a39-09cb8d01bd80,java/lang/StringBuilder.java,toString
bcbf1d2f-ba94-4a53-9a39-09cb8d01bd80,e1b0804b-0d5e-4ee0-8ef5-b150c8446841,51ae0671-ade1-43f5-8810-592892875e61,->,bcbf1d2f-ba94-4a53-9a39-09cb8d01bd80,65d1c167-e8ee-4e14-a8d4-73e325ff74ec,"af539323-bbcf-4ba5-bc19-efd11c7bbe08,84785d82-c03e-4e17-abb6-2d21835b09fc"
bcbf1d2f-ba94-4a53-9a39-09cb8d01bd80,e1b0804b-0d5e-4ee0-8ef5-b150c8446841,51ae0671-ade1-43f5-8810-592892875e61,->,bcbf1d2f-ba94-4a53-9a39-09cb8d01bd80,b60bc1cf-f0b0-41c9-8c75-667901eb1f35,5e9e2fde-8830-4dc0-a821-b7f9e81f8727
bcbf1d2f-ba94-4a53-9a39-09cb8d01bd80,e1b0804b-0d5e-4ee0-8ef5-b150c8446841,728d9062-d23f-4524-b1e0-94425f86c4c4,->,bcbf1d2f-ba94-4a53-9a39-09cb8d01bd80,e1b0804b-0d5e-4ee0-8ef5-b150c8446841,75548ec9-bca8-4b4e-90cb-0c7845beb295
bcbf1d2f-ba94-4a53-9a39-09cb8d01bd80,e1b0804b-0d5e-4ee0-8ef5-b150c8446841,728d9062-d23f-4524-b1e0-94425f86c4c4,->,bcbf1d2f-ba94-4a53-9a39-09cb8d01bd80,e1b0804b-0d5e-4ee0-8ef5-b150c8446841,75548ec9-bca8-4b4e-90cb-0c7845beb295
bcbf1d2f-ba94-4a53-9a39-09cb8d01bd80,e1b0804b-0d5e-4ee0-8ef5-b150c8446841,728d9062-d23f-4524-b1e0-94425f86c4c4,->,bcbf1d2f-ba94-4a53-9a39-09cb8d01bd80,java/lang/Math.java,toRadians
bcbf1d2f-ba94-4a53-9a39-09cb8d01bd80,e1b0804b-0d5e-4ee0-8ef5-b150c8446841,728d9062-d23f-4524-b1e0-94425f86c4c4,->,bcbf1d2f-ba94-4a53-9a39-09cb8d01bd80,java/lang/Math.java,sin
bcbf1d2f-ba94-4a53-9a39-09cb8d01bd80,e1b0804b-0d5e-4ee0-8ef5-b150c8446841,728d9062-d23f-4524-b1e0-94425f86c4c4,->,bcbf1d2f-ba94-4a53-9a39-09cb8d01bd80,java/lang/Math.java,toRadians
bcbf1d2f-ba94-4a53-9a39-09cb8d01bd80,e1b0804b-0d5e-4ee0-8ef5-b150c8446841,728d9062-d23f-4524-b1e0-94425f86c4c4,->,bcbf1d2f-ba94-4a53-9a39-09cb8d01bd80,java/lang/Math.java,cos
bcbf1d2f-ba94-4a53-9a39-09cb8d01bd80,e1b0804b-0d5e-4ee0-8ef5-b150c8446841,728d9062-d23f-4524-b1e0-94425f86c4c4,->,bcbf1d2f-ba94-4a53-9a39-09cb8d01bd80,java/lang/Math.java,toRadians
bcbf1d2f-ba94-4a53-9a39-09cb8d01bd80,e1b0804b-0d5e-4ee0-8ef5-b150c8446841,728d9062-d23f-4524-b1e0-94425f86c4c4,->,bcbf1d2f-ba94-4a53-9a39-09cb8d01bd80,java/lang/Math.java,sin
bcbf1d2f-ba94-4a53-9a39-09cb8d01bd80,e1b0804b-0d5e-4ee0-8ef5-b150c8446841,728d9062-d23f-4524-b1e0-94425f86c4c4,->,bcbf1d2f-ba94-4a53-9a39-09cb8d01bd80,java/lang/Math.java,toRadians
bcbf1d2f-ba94-4a53-9a39-09cb8d01bd80,e1b0804b-0d5e-4ee0-8ef5-b150c8446841,728d9062-d23f-4524-b1e0-94425f86c4c4,->,bcbf1d2f-ba94-4a53-9a39-09cb8d01bd80,java/lang/Math.java,cos
bcbf1d2f-ba94-4a53-9a39-09cb8d01bd80,e1b0804b-0d5e-4ee0-8ef5-b150c8446841,728d9062-d23f-4524-b1e0-94425f86c4c4,->,bcbf1d2f-ba94-4a53-9a39-09cb8d01bd80,java/lang/Math.java,sqrt
bcbf1d2f-ba94-4a53-9a39-09cb8d01bd80,e1b0804b-0d5e-4ee0-8ef5-b150c8446841,728d9062-d23f-4524-b1e0-94425f86c4c4,->,bcbf1d2f-ba94-4a53-9a39-09cb8d01bd80,java/lang/Math.java,atan2
bcbf1d2f-ba94-4a53-9a39-09cb8d01bd80,e1b0804b-0d5e-4ee0-8ef5-b150c8446841,728d9062-d23f-4524-b1e0-94425f86c4c4,->,bcbf1d2f-ba94-4a53-9a39-09cb8d01bd80,java/lang/Math.java,toRadians
bcbf1d2f-ba94-4a53-9a39-09cb8d01bd80,e1b0804b-0d5e-4ee0-8ef5-b150c8446841,728d9062-d23f-4524-b1e0-94425f86c4c4,->,bcbf1d2f-ba94-4a53-9a39-09cb8d01bd80,java/lang/Math.java,atan
bcbf1d2f-ba94-4a53-9a39-09cb8d01bd80,e1b0804b-0d5e-4ee0-8ef5-b150c8446841,728d9062-d23f-4524-b1e0-94425f86c4c4,->,bcbf1d2f-ba94-4a53-9a39-09cb8d01bd80,java/lang/Math.java,cos
bcbf1d2f-ba94-4a53-9a39-09cb8d01bd80,e1b0804b-0d5e-4ee0-8ef5-b150c8446841,728d9062-d23f-4524-b1e0-94425f86c4c4,->,bcbf1d2f-ba94-4a53-9a39-09cb8d01bd80,java/lang/Math.java,toRadians
bcbf1d2f-ba94-4a53-9a39-09cb8d01bd80,e1b0804b-0d5e-4ee0-8ef5-b150c8446841,728d9062-d23f-4524-b1e0-94425f86c4c4,->,bcbf1d2f-ba94-4a53-9a39-09cb8d01bd80,java/lang/Math.java,cos
bcbf1d2f-ba94-4a53-9a39-09cb8d01bd80,e1b0804b-0d5e-4ee0-8ef5-b150c8446841,728d9062-d23f-4524-b1e0-94425f86c4c4,->,bcbf1d2f-ba94-4a53-9a39-09cb8d01bd80,java/lang/Math.java,cos
bcbf1d2f-ba94-4a53-9a39-09cb8d01bd80,e1b0804b-0d5e-4ee0-8ef5-b150c8446841,728d9062-d23f-4524-b1e0-94425f86c4c4,->,bcbf1d2f-ba94-4a53-9a39-09cb8d01bd80,java/lang/Math.java,toRadians
bcbf1d2f-ba94-4a53-9a39-09cb8d01bd80,e1b0804b-0d5e-4ee0-8ef5-b150c8446841,728d9062-d23f-4524-b1e0-94425f86c4c4,->,bcbf1d2f-ba94-4a53-9a39-09cb8d01bd80,java/lang/Math.java,sin
bcbf1d2f-ba94-4a53-9a39-09cb8d01bd80,e1b0804b-0d5e-4ee0-8ef5-b150c8446841,728d9062-d23f-4524-b1e0-94425f86c4c4,->,bcbf1d2f-ba94-4a53-9a39-09cb8d01bd80,java/lang/Math.java,sin
bcbf1d2f-ba94-4a53-9a39-09cb8d01bd80,e1b0804b-0d5e-4ee0-8ef5-b150c8446841,728d9062-d23f-4524-b1e0-94425f86c4c4,->,bcbf1d2f-ba94-4a53-9a39-09cb8d01bd80,java/lang/Math.java,atan2
bcbf1d2f-ba94-4a53-9a39-09cb8d01bd80,e1b0804b-0d5e-4ee0-8ef5-b150c8446841,728d9062-d23f-4524-b1e0-94425f86c4c4,->,bcbf1d2f-ba94-4a53-9a39-09cb8d01bd80,java/lang/Math.java,toDegrees
bcbf1d2f-ba94-4a53-9a39-09cb8d01bd80,e1b0804b-0d5e-4ee0-8ef5-b150c8446841,728d9062-d23f-4524-b1e0-94425f86c4c4,->,bcbf1d2f-ba94-4a53-9a39-09cb8d01bd80,java/lang/Math.java,sin
bcbf1d2f-ba94-4a53-9a39-09cb8d01bd80,e1b0804b-0d5e-4ee0-8ef5-b150c8446841,728d9062-d23f-4524-b1e0-94425f86c4c4,->,bcbf1d2f-ba94-4a53-9a39-09cb8d01bd80,java/lang/Math.java,asin
bcbf1d2f-ba94-4a53-9a39-09cb8d01bd80,e1b0804b-0d5e-4ee0-8ef5-b150c8446841,728d9062-d23f-4524-b1e0-94425f86c4c4,->,bcbf1d2f-ba94-4a53-9a39-09cb8d01bd80,java/lang/Math.java,toDegrees
bcbf1d2f-ba94-4a53-9a39-09cb8d01bd80,65d1c167-e8ee-4e14-a8d4-73e325ff74ec,69682865-3411-4948-91ae-13ea5fe85c43,->,bcbf1d2f-ba94-4a53-9a39-09cb8d01bd80,java/util/ArrayList.java,add
bcbf1d2f-ba94-4a53-9a39-09cb8d01bd80,65d1c167-e8ee-4e14-a8d4-73e325ff74ec,69682865-3411-4948-91ae-13ea5fe85c43,->,bcbf1d2f-ba94-4a53-9a39-09cb8d01bd80,65d1c167-e8ee-4e14-a8d4-73e325ff74ec,08825b1d-858c-479c-a525-de96fe088303
bcbf1d2f-ba94-4a53-9a39-09cb8d01bd80,65d1c167-e8ee-4e14-a8d4-73e325ff74ec,e23e8dbb-f7d6-4eaf-b773-53721a0cf95d,->,bcbf1d2f-ba94-4a53-9a39-09cb8d01bd80,java/util/ArrayList.java,add
bcbf1d2f-ba94-4a53-9a39-09cb8d01bd80,65d1c167-e8ee-4e14-a8d4-73e325ff74ec,e23e8dbb-f7d6-4eaf-b773-53721a0cf95d,->,bcbf1d2f-ba94-4a53-9a39-09cb8d01bd80,65d1c167-e8ee-4e14-a8d4-73e325ff74ec,08825b1d-858c-479c-a525-de96fe088303
bcbf1d2f-ba94-4a53-9a39-09cb8d01bd80,65d1c167-e8ee-4e14-a8d4-73e325ff74ec,217d8d7b-83f3-4a0b-9c18-1f2fcdb60b2c,->,bcbf1d2f-ba94-4a53-9a39-09cb8d01bd80,java/util/ArrayList.java,get
bcbf1d2f-ba94-4a53-9a39-09cb8d01bd80,65d1c167-e8ee-4e14-a8d4-73e325ff74ec,217d8d7b-83f3-4a0b-9c18-1f2fcdb60b2c,->,bcbf1d2f-ba94-4a53-9a39-09cb8d01bd80,b60bc1cf-f0b0-41c9-8c75-667901eb1f35,f2ea25b0-5801-43e4-aba0-9d0f5fdebbae
bcbf1d2f-ba94-4a53-9a39-09cb8d01bd80,65d1c167-e8ee-4e14-a8d4-73e325ff74ec,217d8d7b-83f3-4a0b-9c18-1f2fcdb60b2c,->,bcbf1d2f-ba94-4a53-9a39-09cb8d01bd80,java/util/HashMap.java,remove
bcbf1d2f-ba94-4a53-9a39-09cb8d01bd80,65d1c167-e8ee-4e14-a8d4-73e325ff74ec,217d8d7b-83f3-4a0b-9c18-1f2fcdb60b2c,->,bcbf1d2f-ba94-4a53-9a39-09cb8d01bd80,java/util/ArrayList.java,remove
bcbf1d2f-ba94-4a53-9a39-09cb8d01bd80,65d1c167-e8ee-4e14-a8d4-73e325ff74ec,08825b1d-858c-479c-a525-de96fe088303,->,bcbf1d2f-ba94-4a53-9a39-09cb8d01bd80,b60bc1cf-f0b0-41c9-8c75-667901eb1f35,9829140d-4ea6-443c-9f1f-40a0062597d5
bcbf1d2f-ba94-4a53-9a39-09cb8d01bd80,65d1c167-e8ee-4e14-a8d4-73e325ff74ec,08825b1d-858c-479c-a525-de96fe088303,->,bcbf1d2f-ba94-4a53-9a39-09cb8d01bd80,b60bc1cf-f0b0-41c9-8c75-667901eb1f35,f2ea25b0-5801-43e4-aba0-9d0f5fdebbae
bcbf1d2f-ba94-4a53-9a39-09cb8d01bd80,65d1c167-e8ee-4e14-a8d4-73e325ff74ec,08825b1d-858c-479c-a525-de96fe088303,->,bcbf1d2f-ba94-4a53-9a39-09cb8d01bd80,java/util/HashMap.java,get
bcbf1d2f-ba94-4a53-9a39-09cb8d01bd80,65d1c167-e8ee-4e14-a8d4-73e325ff74ec,08825b1d-858c-479c-a525-de96fe088303,->,bcbf1d2f-ba94-4a53-9a39-09cb8d01bd80,b60bc1cf-f0b0-41c9-8c75-667901eb1f35,f2ea25b0-5801-43e4-aba0-9d0f5fdebbae
bcbf1d2f-ba94-4a53-9a39-09cb8d01bd80,65d1c167-e8ee-4e14-a8d4-73e325ff74ec,08825b1d-858c-479c-a525-de96fe088303,->,bcbf1d2f-ba94-4a53-9a39-09cb8d01bd80,java/util/HashMap.java,put
bcbf1d2f-ba94-4a53-9a39-09cb8d01bd80,65d1c167-e8ee-4e14-a8d4-73e325ff74ec,08825b1d-858c-479c-a525-de96fe088303,->,bcbf1d2f-ba94-4a53-9a39-09cb8d01bd80,java/util/ArrayList.java,add
bcbf1d2f-ba94-4a53-9a39-09cb8d01bd80,65d1c167-e8ee-4e14-a8d4-73e325ff74ec,08825b1d-858c-479c-a525-de96fe088303,->,bcbf1d2f-ba94-4a53-9a39-09cb8d01bd80,b60bc1cf-f0b0-41c9-8c75-667901eb1f35,f2ea25b0-5801-43e4-aba0-9d0f5fdebbae
bcbf1d2f-ba94-4a53-9a39-09cb8d01bd80,65d1c167-e8ee-4e14-a8d4-73e325ff74ec,08825b1d-858c-479c-a525-de96fe088303,->,bcbf1d2f-ba94-4a53-9a39-09cb8d01bd80,java/util/HashMap.java,put
bcbf1d2f-ba94-4a53-9a39-09cb8d01bd80,65d1c167-e8ee-4e14-a8d4-73e325ff74ec,33568cf7-9057-40c9-ae5d-f682d7121e1e,->,bcbf1d2f-ba94-4a53-9a39-09cb8d01bd80,java/util/ArrayList.java,size
bcbf1d2f-ba94-4a53-9a39-09cb8d01bd80,65d1c167-e8ee-4e14-a8d4-73e325ff74ec,33568cf7-9057-40c9-ae5d-f682d7121e1e,->,bcbf1d2f-ba94-4a53-9a39-09cb8d01bd80,java/util/ArrayList.java,get
bcbf1d2f-ba94-4a53-9a39-09cb8d01bd80,65d1c167-e8ee-4e14-a8d4-73e325ff74ec,33568cf7-9057-40c9-ae5d-f682d7121e1e,->,bcbf1d2f-ba94-4a53-9a39-09cb8d01bd80,b60bc1cf-f0b0-41c9-8c75-667901eb1f35,f2ea25b0-5801-43e4-aba0-9d0f5fdebbae
bcbf1d2f-ba94-4a53-9a39-09cb8d01bd80,65d1c167-e8ee-4e14-a8d4-73e325ff74ec,33568cf7-9057-40c9-ae5d-f682d7121e1e,->,bcbf1d2f-ba94-4a53-9a39-09cb8d01bd80,java/lang/String.java,equals
bcbf1d2f-ba94-4a53-9a39-09cb8d01bd80,65d1c167-e8ee-4e14-a8d4-73e325ff74ec,33568cf7-9057-40c9-ae5d-f682d7121e1e,->,bcbf1d2f-ba94-4a53-9a39-09cb8d01bd80,b60bc1cf-f0b0-41c9-8c75-667901eb1f35,81273c6f-7a6a-4739-bbf1-9461cbaf810d
bcbf1d2f-ba94-4a53-9a39-09cb8d01bd80,65d1c167-e8ee-4e14-a8d4-73e325ff74ec,33568cf7-9057-40c9-ae5d-f682d7121e1e,->,bcbf1d2f-ba94-4a53-9a39-09cb8d01bd80,java/util/HashMap.java,get
bcbf1d2f-ba94-4a53-9a39-09cb8d01bd80,65d1c167-e8ee-4e14-a8d4-73e325ff74ec,33568cf7-9057-40c9-ae5d-f682d7121e1e,->,bcbf1d2f-ba94-4a53-9a39-09cb8d01bd80,b60bc1cf-f0b0-41c9-8c75-667901eb1f35,61f6ed64-ed33-4a20-84b6-2807e2b758f4
bcbf1d2f-ba94-4a53-9a39-09cb8d01bd80,65d1c167-e8ee-4e14-a8d4-73e325ff74ec,33568cf7-9057-40c9-ae5d-f682d7121e1e,->,bcbf1d2f-ba94-4a53-9a39-09cb8d01bd80,java/util/HashMap.java,get
bcbf1d2f-ba94-4a53-9a39-09cb8d01bd80,65d1c167-e8ee-4e14-a8d4-73e325ff74ec,33568cf7-9057-40c9-ae5d-f682d7121e1e,->,bcbf1d2f-ba94-4a53-9a39-09cb8d01bd80,b60bc1cf-f0b0-41c9-8c75-667901eb1f35,81273c6f-7a6a-4739-bbf1-9461cbaf810d
bcbf1d2f-ba94-4a53-9a39-09cb8d01bd80,65d1c167-e8ee-4e14-a8d4-73e325ff74ec,33568cf7-9057-40c9-ae5d-f682d7121e1e,->,bcbf1d2f-ba94-4a53-9a39-09cb8d01bd80,b60bc1cf-f0b0-41c9-8c75-667901eb1f35,f2ea25b0-5801-43e4-aba0-9d0f5fdebbae
bcbf1d2f-ba94-4a53-9a39-09cb8d01bd80,65d1c167-e8ee-4e14-a8d4-73e325ff74ec,33568cf7-9057-40c9-ae5d-f682d7121e1e,->,bcbf1d2f-ba94-4a53-9a39-09cb8d01bd80,java/lang/String.java,equals
bcbf1d2f-ba94-4a53-9a39-09cb8d01bd80,65d1c167-e8ee-4e14-a8d4-73e325ff74ec,33568cf7-9057-40c9-ae5d-f682d7121e1e,->,bcbf1d2f-ba94-4a53-9a39-09cb8d01bd80,b60bc1cf-f0b0-41c9-8c75-667901eb1f35,9dbf7251-9adf-4162-8a81-30c8d34ad529
bcbf1d2f-ba94-4a53-9a39-09cb8d01bd80,65d1c167-e8ee-4e14-a8d4-73e325ff74ec,33568cf7-9057-40c9-ae5d-f682d7121e1e,->,bcbf1d2f-ba94-4a53-9a39-09cb8d01bd80,java/lang/String.java,startsWith
bcbf1d2f-ba94-4a53-9a39-09cb8d01bd80,65d1c167-e8ee-4e14-a8d4-73e325ff74ec,33568cf7-9057-40c9-ae5d-f682d7121e1e,->,bcbf1d2f-ba94-4a53-9a39-09cb8d01bd80,b60bc1cf-f0b0-41c9-8c75-667901eb1f35,9dbf7251-9adf-4162-8a81-30c8d34ad529
bcbf1d2f-ba94-4a53-9a39-09cb8d01bd80,65d1c167-e8ee-4e14-a8d4-73e325ff74ec,33568cf7-9057-40c9-ae5d-f682d7121e1e,->,bcbf1d2f-ba94-4a53-9a39-09cb8d01bd80,java/lang/String.java,startsWith
bcbf1d2f-ba94-4a53-9a39-09cb8d01bd80,65d1c167-e8ee-4e14-a8d4-73e325ff74ec,33568cf7-9057-40c9-ae5d-f682d7121e1e,->,bcbf1d2f-ba94-4a53-9a39-09cb8d01bd80,b60bc1cf-f0b0-41c9-8c75-667901eb1f35,9dbf7251-9adf-4162-8a81-30c8d34ad529
bcbf1d2f-ba94-4a53-9a39-09cb8d01bd80,65d1c167-e8ee-4e14-a8d4-73e325ff74ec,33568cf7-9057-40c9-ae5d-f682d7121e1e,->,bcbf1d2f-ba94-4a53-9a39-09cb8d01bd80,java/lang/String.java,startsWith
bcbf1d2f-ba94-4a53-9a39-09cb8d01bd80,65d1c167-e8ee-4e14-a8d4-73e325ff74ec,bab79e13-482c-4178-8ad7-6922ef92ae09,->,bcbf1d2f-ba94-4a53-9a39-09cb8d01bd80,65d1c167-e8ee-4e14-a8d4-73e325ff74ec,33568cf7-9057-40c9-ae5d-f682d7121e1e
bcbf1d2f-ba94-4a53-9a39-09cb8d01bd80,65d1c167-e8ee-4e14-a8d4-73e325ff74ec,bab79e13-482c-4178-8ad7-6922ef92ae09,->,bcbf1d2f-ba94-4a53-9a39-09cb8d01bd80,java/util/HashMap.java,get
bcbf1d2f-ba94-4a53-9a39-09cb8d01bd80,65d1c167-e8ee-4e14-a8d4-73e325ff74ec,bab79e13-482c-4178-8ad7-6922ef92ae09,->,bcbf1d2f-ba94-4a53-9a39-09cb8d01bd80,b60bc1cf-f0b0-41c9-8c75-667901eb1f35,61f6ed64-ed33-4a20-84b6-2807e2b758f4
bcbf1d2f-ba94-4a53-9a39-09cb8d01bd80,65d1c167-e8ee-4e14-a8d4-73e325ff74ec,bab79e13-482c-4178-8ad7-6922ef92ae09,->,bcbf1d2f-ba94-4a53-9a39-09cb8d01bd80,java/util/HashMap.java,get
bcbf1d2f-ba94-4a53-9a39-09cb8d01bd80,65d1c167-e8ee-4e14-a8d4-73e325ff74ec,bab79e13-482c-4178-8ad7-6922ef92ae09,->,bcbf1d2f-ba94-4a53-9a39-09cb8d01bd80,b60bc1cf-f0b0-41c9-8c75-667901eb1f35,61f6ed64-ed33-4a20-84b6-2807e2b758f4
bcbf1d2f-ba94-4a53-9a39-09cb8d01bd80,65d1c167-e8ee-4e14-a8d4-73e325ff74ec,bab79e13-482c-4178-8ad7-6922ef92ae09,->,bcbf1d2f-ba94-4a53-9a39-09cb8d01bd80,java/lang/Math.java,abs
bcbf1d2f-ba94-4a53-9a39-09cb8d01bd80,65d1c167-e8ee-4e14-a8d4-73e325ff74ec,bab79e13-482c-4178-8ad7-6922ef92ae09,->,bcbf1d2f-ba94-4a53-9a39-09cb8d01bd80,java/lang/StringBuilder.java,append
bcbf1d2f-ba94-4a53-9a39-09cb8d01bd80,65d1c167-e8ee-4e14-a8d4-73e325ff74ec,bab79e13-482c-4178-8ad7-6922ef92ae09,->,bcbf1d2f-ba94-4a53-9a39-09cb8d01bd80,java/lang/StringBuilder.java,append
bcbf1d2f-ba94-4a53-9a39-09cb8d01bd80,65d1c167-e8ee-4e14-a8d4-73e325ff74ec,bab79e13-482c-4178-8ad7-6922ef92ae09,->,bcbf1d2f-ba94-4a53-9a39-09cb8d01bd80,java/lang/StringBuilder.java,toString
bcbf1d2f-ba94-4a53-9a39-09cb8d01bd80,65d1c167-e8ee-4e14-a8d4-73e325ff74ec,bab79e13-482c-4178-8ad7-6922ef92ae09,->,bcbf1d2f-ba94-4a53-9a39-09cb8d01bd80,java/util/HashMap.java,get
bcbf1d2f-ba94-4a53-9a39-09cb8d01bd80,65d1c167-e8ee-4e14-a8d4-73e325ff74ec,bab79e13-482c-4178-8ad7-6922ef92ae09,->,bcbf1d2f-ba94-4a53-9a39-09cb8d01bd80,b60bc1cf-f0b0-41c9-8c75-667901eb1f35,61f6ed64-ed33-4a20-84b6-2807e2b758f4
bcbf1d2f-ba94-4a53-9a39-09cb8d01bd80,65d1c167-e8ee-4e14-a8d4-73e325ff74ec,bab79e13-482c-4178-8ad7-6922ef92ae09,->,bcbf1d2f-ba94-4a53-9a39-09cb8d01bd80,java/util/HashMap.java,get
bcbf1d2f-ba94-4a53-9a39-09cb8d01bd80,65d1c167-e8ee-4e14-a8d4-73e325ff74ec,bab79e13-482c-4178-8ad7-6922ef92ae09,->,bcbf1d2f-ba94-4a53-9a39-09cb8d01bd80,b60bc1cf-f0b0-41c9-8c75-667901eb1f35,61f6ed64-ed33-4a20-84b6-2807e2b758f4
bcbf1d2f-ba94-4a53-9a39-09cb8d01bd80,65d1c167-e8ee-4e14-a8d4-73e325ff74ec,bab79e13-482c-4178-8ad7-6922ef92ae09,->,bcbf1d2f-ba94-4a53-9a39-09cb8d01bd80,java/util/HashMap.java,get
bcbf1d2f-ba94-4a53-9a39-09cb8d01bd80,65d1c167-e8ee-4e14-a8d4-73e325ff74ec,bab79e13-482c-4178-8ad7-6922ef92ae09,->,bcbf1d2f-ba94-4a53-9a39-09cb8d01bd80,b60bc1cf-f0b0-41c9-8c75-667901eb1f35,61f6ed64-ed33-4a20-84b6-2807e2b758f4
bcbf1d2f-ba94-4a53-9a39-09cb8d01bd80,65d1c167-e8ee-4e14-a8d4-73e325ff74ec,7cec9cd9-e68d-4637-92b5-fdaf8cfdb853,->,bcbf1d2f-ba94-4a53-9a39-09cb8d01bd80,java/util/HashMap.java,get
bcbf1d2f-ba94-4a53-9a39-09cb8d01bd80,65d1c167-e8ee-4e14-a8d4-73e325ff74ec,7cec9cd9-e68d-4637-92b5-fdaf8cfdb853,->,bcbf1d2f-ba94-4a53-9a39-09cb8d01bd80,b60bc1cf-f0b0-41c9-8c75-667901eb1f35,9829140d-4ea6-443c-9f1f-40a0062597d5
bcbf1d2f-ba94-4a53-9a39-09cb8d01bd80,65d1c167-e8ee-4e14-a8d4-73e325ff74ec,7cec9cd9-e68d-4637-92b5-fdaf8cfdb853,->,bcbf1d2f-ba94-4a53-9a39-09cb8d01bd80,b60bc1cf-f0b0-41c9-8c75-667901eb1f35,9dbf7251-9adf-4162-8a81-30c8d34ad529
bcbf1d2f-ba94-4a53-9a39-09cb8d01bd80,65d1c167-e8ee-4e14-a8d4-73e325ff74ec,83df9167-4476-4f92-a6d1-ccf2c17e366c,->,bcbf1d2f-ba94-4a53-9a39-09cb8d01bd80,java/util/HashMap.java,get
bcbf1d2f-ba94-4a53-9a39-09cb8d01bd80,65d1c167-e8ee-4e14-a8d4-73e325ff74ec,83df9167-4476-4f92-a6d1-ccf2c17e366c,->,bcbf1d2f-ba94-4a53-9a39-09cb8d01bd80,b60bc1cf-f0b0-41c9-8c75-667901eb1f35,9829140d-4ea6-443c-9f1f-40a0062597d5
bcbf1d2f-ba94-4a53-9a39-09cb8d01bd80,65d1c167-e8ee-4e14-a8d4-73e325ff74ec,83df9167-4476-4f92-a6d1-ccf2c17e366c,->,bcbf1d2f-ba94-4a53-9a39-09cb8d01bd80,b60bc1cf-f0b0-41c9-8c75-667901eb1f35,61f6ed64-ed33-4a20-84b6-2807e2b758f4
bcbf1d2f-ba94-4a53-9a39-09cb8d01bd80,65d1c167-e8ee-4e14-a8d4-73e325ff74ec,1aa45818-0272-4a39-a7f6-cba59d1cbb3c,->,bcbf1d2f-ba94-4a53-9a39-09cb8d01bd80,java/util/ArrayList.java,size
bcbf1d2f-ba94-4a53-9a39-09cb8d01bd80,65d1c167-e8ee-4e14-a8d4-73e325ff74ec,"af539323-bbcf-4ba5-bc19-efd11c7bbe08,84785d82-c03e-4e17-abb6-2d21835b09fc",->,bcbf1d2f-ba94-4a53-9a39-09cb8d01bd80,java/util/ArrayList.java,size
bcbf1d2f-ba94-4a53-9a39-09cb8d01bd80,65d1c167-e8ee-4e14-a8d4-73e325ff74ec,"af539323-bbcf-4ba5-bc19-efd11c7bbe08,84785d82-c03e-4e17-abb6-2d21835b09fc",->,bcbf1d2f-ba94-4a53-9a39-09cb8d01bd80,java/util/ArrayList.java,get
bcbf1d2f-ba94-4a53-9a39-09cb8d01bd80,65d1c167-e8ee-4e14-a8d4-73e325ff74ec,"af539323-bbcf-4ba5-bc19-efd11c7bbe08,84785d82-c03e-4e17-abb6-2d21835b09fc",->,bcbf1d2f-ba94-4a53-9a39-09cb8d01bd80,java/util/HashMap.java,get
bcbf1d2f-ba94-4a53-9a39-09cb8d01bd80,65d1c167-e8ee-4e14-a8d4-73e325ff74ec,"af539323-bbcf-4ba5-bc19-efd11c7bbe08,84785d82-c03e-4e17-abb6-2d21835b09fc",->,bcbf1d2f-ba94-4a53-9a39-09cb8d01bd80,java/util/HashMap.java,get
bcbf1d2f-ba94-4a53-9a39-09cb8d01bd80,65d1c167-e8ee-4e14-a8d4-73e325ff74ec,"af539323-bbcf-4ba5-bc19-efd11c7bbe08,84785d82-c03e-4e17-abb6-2d21835b09fc",->,bcbf1d2f-ba94-4a53-9a39-09cb8d01bd80,java/util/ArrayList.java,get
bcbf1d2f-ba94-4a53-9a39-09cb8d01bd80,65d1c167-e8ee-4e14-a8d4-73e325ff74ec,adb6218a-d145-4251-924a-c5c04f1480f4,->,bcbf1d2f-ba94-4a53-9a39-09cb8d01bd80,java/util/HashMap.java,get
bcbf1d2f-ba94-4a53-9a39-09cb8d01bd80,65d1c167-e8ee-4e14-a8d4-73e325ff74ec,adb6218a-d145-4251-924a-c5c04f1480f4,->,bcbf1d2f-ba94-4a53-9a39-09cb8d01bd80,java/util/HashMap.java,get
bcbf1d2f-ba94-4a53-9a39-09cb8d01bd80,65d1c167-e8ee-4e14-a8d4-73e325ff74ec,adb6218a-d145-4251-924a-c5c04f1480f4,->,bcbf1d2f-ba94-4a53-9a39-09cb8d01bd80,java/util/ArrayList.java,size
bcbf1d2f-ba94-4a53-9a39-09cb8d01bd80,65d1c167-e8ee-4e14-a8d4-73e325ff74ec,adb6218a-d145-4251-924a-c5c04f1480f4,->,bcbf1d2f-ba94-4a53-9a39-09cb8d01bd80,java/util/ArrayList.java,toArray
bcbf1d2f-ba94-4a53-9a39-09cb8d01bd80,65d1c167-e8ee-4e14-a8d4-73e325ff74ec,6893e0e5-7458-4ba6-bec8-5a349c447dfc,->,bcbf1d2f-ba94-4a53-9a39-09cb8d01bd80,java/util/ArrayList.java,listIterator
bcbf1d2f-ba94-4a53-9a39-09cb8d01bd80,65d1c167-e8ee-4e14-a8d4-73e325ff74ec,8725910f-53ab-4254-a8fa-27305f2422ec,->,bcbf1d2f-ba94-4a53-9a39-09cb8d01bd80,java/util/ArrayList.java,size
bcbf1d2f-ba94-4a53-9a39-09cb8d01bd80,65d1c167-e8ee-4e14-a8d4-73e325ff74ec,8725910f-53ab-4254-a8fa-27305f2422ec,->,bcbf1d2f-ba94-4a53-9a39-09cb8d01bd80,java/util/ArrayList.java,iterator
bcbf1d2f-ba94-4a53-9a39-09cb8d01bd80,65d1c167-e8ee-4e14-a8d4-73e325ff74ec,8725910f-53ab-4254-a8fa-27305f2422ec,->,bcbf1d2f-ba94-4a53-9a39-09cb8d01bd80,java/util/Iterator.java,hasNext
bcbf1d2f-ba94-4a53-9a39-09cb8d01bd80,65d1c167-e8ee-4e14-a8d4-73e325ff74ec,8725910f-53ab-4254-a8fa-27305f2422ec,->,bcbf1d2f-ba94-4a53-9a39-09cb8d01bd80,java/util/Iterator.java,next
bcbf1d2f-ba94-4a53-9a39-09cb8d01bd80,65d1c167-e8ee-4e14-a8d4-73e325ff74ec,8725910f-53ab-4254-a8fa-27305f2422ec,->,bcbf1d2f-ba94-4a53-9a39-09cb8d01bd80,b60bc1cf-f0b0-41c9-8c75-667901eb1f35,7c069a10-1b71-4497-bb73-0b0be3f0bcf9
bcbf1d2f-ba94-4a53-9a39-09cb8d01bd80,65d1c167-e8ee-4e14-a8d4-73e325ff74ec,8725910f-53ab-4254-a8fa-27305f2422ec,->,bcbf1d2f-ba94-4a53-9a39-09cb8d01bd80,java/lang/StringBuffer.java,append
bcbf1d2f-ba94-4a53-9a39-09cb8d01bd80,65d1c167-e8ee-4e14-a8d4-73e325ff74ec,8725910f-53ab-4254-a8fa-27305f2422ec,->,bcbf1d2f-ba94-4a53-9a39-09cb8d01bd80,java/lang/StringBuffer.java,toString
bcbf1d2f-ba94-4a53-9a39-09cb8d01bd80,65d1c167-e8ee-4e14-a8d4-73e325ff74ec,b65ebcd7-2911-4f1a-a84a-c963c1d9a8ad,->,bcbf1d2f-ba94-4a53-9a39-09cb8d01bd80,65d1c167-e8ee-4e14-a8d4-73e325ff74ec,217d8d7b-83f3-4a0b-9c18-1f2fcdb60b2c
bcbf1d2f-ba94-4a53-9a39-09cb8d01bd80,65d1c167-e8ee-4e14-a8d4-73e325ff74ec,b65ebcd7-2911-4f1a-a84a-c963c1d9a8ad,->,bcbf1d2f-ba94-4a53-9a39-09cb8d01bd80,65d1c167-e8ee-4e14-a8d4-73e325ff74ec,e23e8dbb-f7d6-4eaf-b773-53721a0cf95d
bcbf1d2f-ba94-4a53-9a39-09cb8d01bd80,b60bc1cf-f0b0-41c9-8c75-667901eb1f35,81273c6f-7a6a-4739-bbf1-9461cbaf810d,->,bcbf1d2f-ba94-4a53-9a39-09cb8d01bd80,java/lang/Boolean.java,booleanValue
bcbf1d2f-ba94-4a53-9a39-09cb8d01bd80,b60bc1cf-f0b0-41c9-8c75-667901eb1f35,81273c6f-7a6a-4739-bbf1-9461cbaf810d,->,bcbf1d2f-ba94-4a53-9a39-09cb8d01bd80,java/lang/Integer.java,intValue
bcbf1d2f-ba94-4a53-9a39-09cb8d01bd80,b60bc1cf-f0b0-41c9-8c75-667901eb1f35,81273c6f-7a6a-4739-bbf1-9461cbaf810d,->,bcbf1d2f-ba94-4a53-9a39-09cb8d01bd80,java/lang/Double.java,intValue
bcbf1d2f-ba94-4a53-9a39-09cb8d01bd80,b60bc1cf-f0b0-41c9-8c75-667901eb1f35,61f6ed64-ed33-4a20-84b6-2807e2b758f4,->,bcbf1d2f-ba94-4a53-9a39-09cb8d01bd80,java/lang/Integer.java,intValue
bcbf1d2f-ba94-4a53-9a39-09cb8d01bd80,b60bc1cf-f0b0-41c9-8c75-667901eb1f35,61f6ed64-ed33-4a20-84b6-2807e2b758f4,->,bcbf1d2f-ba94-4a53-9a39-09cb8d01bd80,java/lang/Double.java,intValue
bcbf1d2f-ba94-4a53-9a39-09cb8d01bd80,b60bc1cf-f0b0-41c9-8c75-667901eb1f35,5e9e2fde-8830-4dc0-a821-b7f9e81f8727,->,bcbf1d2f-ba94-4a53-9a39-09cb8d01bd80,java/lang/Double.java,doubleValue
bcbf1d2f-ba94-4a53-9a39-09cb8d01bd80,b60bc1cf-f0b0-41c9-8c75-667901eb1f35,5e9e2fde-8830-4dc0-a821-b7f9e81f8727,->,bcbf1d2f-ba94-4a53-9a39-09cb8d01bd80,java/lang/Integer.java,doubleValue
bcbf1d2f-ba94-4a53-9a39-09cb8d01bd80,b60bc1cf-f0b0-41c9-8c75-667901eb1f35,ad3d1012-ce19-4c6c-bb71-2515d7ca44c4,->,bcbf1d2f-ba94-4a53-9a39-09cb8d01bd80,java/lang/String.java,indexOf
bcbf1d2f-ba94-4a53-9a39-09cb8d01bd80,b60bc1cf-f0b0-41c9-8c75-667901eb1f35,ad3d1012-ce19-4c6c-bb71-2515d7ca44c4,->,bcbf1d2f-ba94-4a53-9a39-09cb8d01bd80,java/lang/String.java,indexOf
bcbf1d2f-ba94-4a53-9a39-09cb8d01bd80,b60bc1cf-f0b0-41c9-8c75-667901eb1f35,ad3d1012-ce19-4c6c-bb71-2515d7ca44c4,->,bcbf1d2f-ba94-4a53-9a39-09cb8d01bd80,java/text/SimpleDateFormat.java,setTimeZone
bcbf1d2f-ba94-4a53-9a39-09cb8d01bd80,b60bc1cf-f0b0-41c9-8c75-667901eb1f35,ad3d1012-ce19-4c6c-bb71-2515d7ca44c4,->,bcbf1d2f-ba94-4a53-9a39-09cb8d01bd80,java/text/SimpleDateFormat.java,parse
bcbf1d2f-ba94-4a53-9a39-09cb8d01bd80,b60bc1cf-f0b0-41c9-8c75-667901eb1f35,9dbf7251-9adf-4162-8a81-30c8d34ad529,->,bcbf1d2f-ba94-4a53-9a39-09cb8d01bd80,java/text/SimpleDateFormat.java,setTimeZone
bcbf1d2f-ba94-4a53-9a39-09cb8d01bd80,b60bc1cf-f0b0-41c9-8c75-667901eb1f35,9dbf7251-9adf-4162-8a81-30c8d34ad529,->,bcbf1d2f-ba94-4a53-9a39-09cb8d01bd80,java/text/SimpleDateFormat.java,format
bcbf1d2f-ba94-4a53-9a39-09cb8d01bd80,b60bc1cf-f0b0-41c9-8c75-667901eb1f35,9dbf7251-9adf-4162-8a81-30c8d34ad529,->,bcbf1d2f-ba94-4a53-9a39-09cb8d01bd80,java/lang/StringBuffer.java,toString
bcbf1d2f-ba94-4a53-9a39-09cb8d01bd80,b60bc1cf-f0b0-41c9-8c75-667901eb1f35,9dbf7251-9adf-4162-8a81-30c8d34ad529,->,bcbf1d2f-ba94-4a53-9a39-09cb8d01bd80,java/lang/Object.java,toString
bcbf1d2f-ba94-4a53-9a39-09cb8d01bd80,b60bc1cf-f0b0-41c9-8c75-667901eb1f35,7c069a10-1b71-4497-bb73-0b0be3f0bcf9,->,bcbf1d2f-ba94-4a53-9a39-09cb8d01bd80,java/lang/String.java,length
bcbf1d2f-ba94-4a53-9a39-09cb8d01bd80,b60bc1cf-f0b0-41c9-8c75-667901eb1f35,7c069a10-1b71-4497-bb73-0b0be3f0bcf9,->,bcbf1d2f-ba94-4a53-9a39-09cb8d01bd80,java/lang/String.java,indexOf
bcbf1d2f-ba94-4a53-9a39-09cb8d01bd80,b60bc1cf-f0b0-41c9-8c75-667901eb1f35,7c069a10-1b71-4497-bb73-0b0be3f0bcf9,->,bcbf1d2f-ba94-4a53-9a39-09cb8d01bd80,java/lang/StringBuffer.java,append
bcbf1d2f-ba94-4a53-9a39-09cb8d01bd80,b60bc1cf-f0b0-41c9-8c75-667901eb1f35,7c069a10-1b71-4497-bb73-0b0be3f0bcf9,->,bcbf1d2f-ba94-4a53-9a39-09cb8d01bd80,java/lang/StringBuffer.java,length
bcbf1d2f-ba94-4a53-9a39-09cb8d01bd80,b60bc1cf-f0b0-41c9-8c75-667901eb1f35,7c069a10-1b71-4497-bb73-0b0be3f0bcf9,->,bcbf1d2f-ba94-4a53-9a39-09cb8d01bd80,java/lang/StringBuffer.java,append
bcbf1d2f-ba94-4a53-9a39-09cb8d01bd80,b60bc1cf-f0b0-41c9-8c75-667901eb1f35,7c069a10-1b71-4497-bb73-0b0be3f0bcf9,->,bcbf1d2f-ba94-4a53-9a39-09cb8d01bd80,java/lang/StringBuffer.java,append
bcbf1d2f-ba94-4a53-9a39-09cb8d01bd80,b60bc1cf-f0b0-41c9-8c75-667901eb1f35,7c069a10-1b71-4497-bb73-0b0be3f0bcf9,->,bcbf1d2f-ba94-4a53-9a39-09cb8d01bd80,java/util/StringTokenizer.java,hasMoreTokens
bcbf1d2f-ba94-4a53-9a39-09cb8d01bd80,b60bc1cf-f0b0-41c9-8c75-667901eb1f35,7c069a10-1b71-4497-bb73-0b0be3f0bcf9,->,bcbf1d2f-ba94-4a53-9a39-09cb8d01bd80,java/util/StringTokenizer.java,nextToken
bcbf1d2f-ba94-4a53-9a39-09cb8d01bd80,b60bc1cf-f0b0-41c9-8c75-667901eb1f35,7c069a10-1b71-4497-bb73-0b0be3f0bcf9,->,bcbf1d2f-ba94-4a53-9a39-09cb8d01bd80,java/lang/StringBuilder.java,append
bcbf1d2f-ba94-4a53-9a39-09cb8d01bd80,b60bc1cf-f0b0-41c9-8c75-667901eb1f35,7c069a10-1b71-4497-bb73-0b0be3f0bcf9,->,bcbf1d2f-ba94-4a53-9a39-09cb8d01bd80,java/lang/StringBuilder.java,append
bcbf1d2f-ba94-4a53-9a39-09cb8d01bd80,b60bc1cf-f0b0-41c9-8c75-667901eb1f35,7c069a10-1b71-4497-bb73-0b0be3f0bcf9,->,bcbf1d2f-ba94-4a53-9a39-09cb8d01bd80,java/lang/StringBuilder.java,toString
bcbf1d2f-ba94-4a53-9a39-09cb8d01bd80,b60bc1cf-f0b0-41c9-8c75-667901eb1f35,7c069a10-1b71-4497-bb73-0b0be3f0bcf9,->,bcbf1d2f-ba94-4a53-9a39-09cb8d01bd80,java/lang/StringBuffer.java,append
bcbf1d2f-ba94-4a53-9a39-09cb8d01bd80,b60bc1cf-f0b0-41c9-8c75-667901eb1f35,7c069a10-1b71-4497-bb73-0b0be3f0bcf9,->,bcbf1d2f-ba94-4a53-9a39-09cb8d01bd80,java/lang/String.java,indexOf
bcbf1d2f-ba94-4a53-9a39-09cb8d01bd80,b60bc1cf-f0b0-41c9-8c75-667901eb1f35,7c069a10-1b71-4497-bb73-0b0be3f0bcf9,->,bcbf1d2f-ba94-4a53-9a39-09cb8d01bd80,java/lang/String.java,toCharArray
bcbf1d2f-ba94-4a53-9a39-09cb8d01bd80,b60bc1cf-f0b0-41c9-8c75-667901eb1f35,7c069a10-1b71-4497-bb73-0b0be3f0bcf9,->,bcbf1d2f-ba94-4a53-9a39-09cb8d01bd80,java/lang/StringBuffer.java,append
bcbf1d2f-ba94-4a53-9a39-09cb8d01bd80,b60bc1cf-f0b0-41c9-8c75-667901eb1f35,7c069a10-1b71-4497-bb73-0b0be3f0bcf9,->,bcbf1d2f-ba94-4a53-9a39-09cb8d01bd80,java/lang/StringBuffer.java,append
bcbf1d2f-ba94-4a53-9a39-09cb8d01bd80,b60bc1cf-f0b0-41c9-8c75-667901eb1f35,7c069a10-1b71-4497-bb73-0b0be3f0bcf9,->,bcbf1d2f-ba94-4a53-9a39-09cb8d01bd80,java/lang/StringBuffer.java,length
bcbf1d2f-ba94-4a53-9a39-09cb8d01bd80,b60bc1cf-f0b0-41c9-8c75-667901eb1f35,7c069a10-1b71-4497-bb73-0b0be3f0bcf9,->,bcbf1d2f-ba94-4a53-9a39-09cb8d01bd80,java/lang/StringBuffer.java,append
bcbf1d2f-ba94-4a53-9a39-09cb8d01bd80,b60bc1cf-f0b0-41c9-8c75-667901eb1f35,7c069a10-1b71-4497-bb73-0b0be3f0bcf9,->,bcbf1d2f-ba94-4a53-9a39-09cb8d01bd80,java/lang/StringBuffer.java,insert
bcbf1d2f-ba94-4a53-9a39-09cb8d01bd80,b60bc1cf-f0b0-41c9-8c75-667901eb1f35,7c069a10-1b71-4497-bb73-0b0be3f0bcf9,->,bcbf1d2f-ba94-4a53-9a39-09cb8d01bd80,java/lang/StringBuffer.java,append
bcbf1d2f-ba94-4a53-9a39-09cb8d01bd80,b60bc1cf-f0b0-41c9-8c75-667901eb1f35,7c069a10-1b71-4497-bb73-0b0be3f0bcf9,->,bcbf1d2f-ba94-4a53-9a39-09cb8d01bd80,java/lang/StringBuffer.java,toString
bcbf1d2f-ba94-4a53-9a39-09cb8d01bd80,b60bc1cf-f0b0-41c9-8c75-667901eb1f35,7c069a10-1b71-4497-bb73-0b0be3f0bcf9,->,bcbf1d2f-ba94-4a53-9a39-09cb8d01bd80,java/lang/Integer.java,toString
bcbf1d2f-ba94-4a53-9a39-09cb8d01bd80,b60bc1cf-f0b0-41c9-8c75-667901eb1f35,7c069a10-1b71-4497-bb73-0b0be3f0bcf9,->,bcbf1d2f-ba94-4a53-9a39-09cb8d01bd80,java/lang/Double.java,toString
bcbf1d2f-ba94-4a53-9a39-09cb8d01bd80,b60bc1cf-f0b0-41c9-8c75-667901eb1f35,7c069a10-1b71-4497-bb73-0b0be3f0bcf9,->,bcbf1d2f-ba94-4a53-9a39-09cb8d01bd80,java/lang/Boolean.java,booleanValue
bcbf1d2f-ba94-4a53-9a39-09cb8d01bd80,b60bc1cf-f0b0-41c9-8c75-667901eb1f35,7c069a10-1b71-4497-bb73-0b0be3f0bcf9,->,bcbf1d2f-ba94-4a53-9a39-09cb8d01bd80,java/text/SimpleDateFormat.java,setTimeZone
bcbf1d2f-ba94-4a53-9a39-09cb8d01bd80,b60bc1cf-f0b0-41c9-8c75-667901eb1f35,7c069a10-1b71-4497-bb73-0b0be3f0bcf9,->,bcbf1d2f-ba94-4a53-9a39-09cb8d01bd80,java/lang/StringBuilder.java,append
bcbf1d2f-ba94-4a53-9a39-09cb8d01bd80,b60bc1cf-f0b0-41c9-8c75-667901eb1f35,7c069a10-1b71-4497-bb73-0b0be3f0bcf9,->,bcbf1d2f-ba94-4a53-9a39-09cb8d01bd80,java/text/SimpleDateFormat.java,format
bcbf1d2f-ba94-4a53-9a39-09cb8d01bd80,b60bc1cf-f0b0-41c9-8c75-667901eb1f35,7c069a10-1b71-4497-bb73-0b0be3f0bcf9,->,bcbf1d2f-ba94-4a53-9a39-09cb8d01bd80,java/lang/StringBuilder.java,append
bcbf1d2f-ba94-4a53-9a39-09cb8d01bd80,b60bc1cf-f0b0-41c9-8c75-667901eb1f35,7c069a10-1b71-4497-bb73-0b0be3f0bcf9,->,bcbf1d2f-ba94-4a53-9a39-09cb8d01bd80,java/lang/StringBuilder.java,append
bcbf1d2f-ba94-4a53-9a39-09cb8d01bd80,b60bc1cf-f0b0-41c9-8c75-667901eb1f35,7c069a10-1b71-4497-bb73-0b0be3f0bcf9,->,bcbf1d2f-ba94-4a53-9a39-09cb8d01bd80,java/lang/StringBuilder.java,toString
bcbf1d2f-ba94-4a53-9a39-09cb8d01bd80,b60bc1cf-f0b0-41c9-8c75-667901eb1f35,7c069a10-1b71-4497-bb73-0b0be3f0bcf9,->,bcbf1d2f-ba94-4a53-9a39-09cb8d01bd80,java/lang/StringBuffer.java,toString
bcbf1d2f-ba94-4a53-9a39-09cb8d01bd80,b60bc1cf-f0b0-41c9-8c75-667901eb1f35,7c069a10-1b71-4497-bb73-0b0be3f0bcf9,->,bcbf1d2f-ba94-4a53-9a39-09cb8d01bd80,java/lang/StringBuffer.java,append
bcbf1d2f-ba94-4a53-9a39-09cb8d01bd80,b60bc1cf-f0b0-41c9-8c75-667901eb1f35,7c069a10-1b71-4497-bb73-0b0be3f0bcf9,->,bcbf1d2f-ba94-4a53-9a39-09cb8d01bd80,java/lang/StringBuffer.java,append
bcbf1d2f-ba94-4a53-9a39-09cb8d01bd80,b60bc1cf-f0b0-41c9-8c75-667901eb1f35,7c069a10-1b71-4497-bb73-0b0be3f0bcf9,->,bcbf1d2f-ba94-4a53-9a39-09cb8d01bd80,java/lang/String.java,length
bcbf1d2f-ba94-4a53-9a39-09cb8d01bd80,b60bc1cf-f0b0-41c9-8c75-667901eb1f35,7c069a10-1b71-4497-bb73-0b0be3f0bcf9,->,bcbf1d2f-ba94-4a53-9a39-09cb8d01bd80,java/lang/StringBuffer.java,length
bcbf1d2f-ba94-4a53-9a39-09cb8d01bd80,b60bc1cf-f0b0-41c9-8c75-667901eb1f35,7c069a10-1b71-4497-bb73-0b0be3f0bcf9,->,bcbf1d2f-ba94-4a53-9a39-09cb8d01bd80,java/lang/StringBuffer.java,append
bcbf1d2f-ba94-4a53-9a39-09cb8d01bd80,b60bc1cf-f0b0-41c9-8c75-667901eb1f35,7c069a10-1b71-4497-bb73-0b0be3f0bcf9,->,bcbf1d2f-ba94-4a53-9a39-09cb8d01bd80,java/lang/StringBuffer.java,append
bcbf1d2f-ba94-4a53-9a39-09cb8d01bd80,b60bc1cf-f0b0-41c9-8c75-667901eb1f35,7c069a10-1b71-4497-bb73-0b0be3f0bcf9,->,bcbf1d2f-ba94-4a53-9a39-09cb8d01bd80,java/lang/StringBuffer.java,length
bcbf1d2f-ba94-4a53-9a39-09cb8d01bd80,b60bc1cf-f0b0-41c9-8c75-667901eb1f35,7c069a10-1b71-4497-bb73-0b0be3f0bcf9,->,bcbf1d2f-ba94-4a53-9a39-09cb8d01bd80,java/lang/StringBuffer.java,setCharAt
bcbf1d2f-ba94-4a53-9a39-09cb8d01bd80,b60bc1cf-f0b0-41c9-8c75-667901eb1f35,7c069a10-1b71-4497-bb73-0b0be3f0bcf9,->,bcbf1d2f-ba94-4a53-9a39-09cb8d01bd80,java/lang/StringBuffer.java,append
bcbf1d2f-ba94-4a53-9a39-09cb8d01bd80,b60bc1cf-f0b0-41c9-8c75-667901eb1f35,7c069a10-1b71-4497-bb73-0b0be3f0bcf9,->,bcbf1d2f-ba94-4a53-9a39-09cb8d01bd80,java/lang/StringBuilder.java,append
bcbf1d2f-ba94-4a53-9a39-09cb8d01bd80,b60bc1cf-f0b0-41c9-8c75-667901eb1f35,7c069a10-1b71-4497-bb73-0b0be3f0bcf9,->,bcbf1d2f-ba94-4a53-9a39-09cb8d01bd80,java/lang/StringBuilder.java,append
bcbf1d2f-ba94-4a53-9a39-09cb8d01bd80,b60bc1cf-f0b0-41c9-8c75-667901eb1f35,7c069a10-1b71-4497-bb73-0b0be3f0bcf9,->,bcbf1d2f-ba94-4a53-9a39-09cb8d01bd80,java/lang/StringBuilder.java,toString
bcbf1d2f-ba94-4a53-9a39-09cb8d01bd80,b60bc1cf-f0b0-41c9-8c75-667901eb1f35,7c069a10-1b71-4497-bb73-0b0be3f0bcf9,->,bcbf1d2f-ba94-4a53-9a39-09cb8d01bd80,java/lang/StringBuffer.java,append
bcbf1d2f-ba94-4a53-9a39-09cb8d01bd80,b60bc1cf-f0b0-41c9-8c75-667901eb1f35,7c069a10-1b71-4497-bb73-0b0be3f0bcf9,->,bcbf1d2f-ba94-4a53-9a39-09cb8d01bd80,java/lang/StringBuffer.java,length
bcbf1d2f-ba94-4a53-9a39-09cb8d01bd80,b60bc1cf-f0b0-41c9-8c75-667901eb1f35,7c069a10-1b71-4497-bb73-0b0be3f0bcf9,->,bcbf1d2f-ba94-4a53-9a39-09cb8d01bd80,java/lang/StringBuffer.java,setLength
bcbf1d2f-ba94-4a53-9a39-09cb8d01bd80,b60bc1cf-f0b0-41c9-8c75-667901eb1f35,7c069a10-1b71-4497-bb73-0b0be3f0bcf9,->,bcbf1d2f-ba94-4a53-9a39-09cb8d01bd80,java/lang/StringBuffer.java,append
bcbf1d2f-ba94-4a53-9a39-09cb8d01bd80,b60bc1cf-f0b0-41c9-8c75-667901eb1f35,7c069a10-1b71-4497-bb73-0b0be3f0bcf9,->,bcbf1d2f-ba94-4a53-9a39-09cb8d01bd80,java/lang/StringBuffer.java,toString
bcbf1d2f-ba94-4a53-9a39-09cb8d01bd80,b60bc1cf-f0b0-41c9-8c75-667901eb1f35,9f5305b0-424e-4115-bea5-c57c875afa69,->,bcbf1d2f-ba94-4a53-9a39-09cb8d01bd80,java/lang/String.java,length
bcbf1d2f-ba94-4a53-9a39-09cb8d01bd80,b60bc1cf-f0b0-41c9-8c75-667901eb1f35,9f5305b0-424e-4115-bea5-c57c875afa69,->,bcbf1d2f-ba94-4a53-9a39-09cb8d01bd80,java/lang/String.java,length
bcbf1d2f-ba94-4a53-9a39-09cb8d01bd80,b60bc1cf-f0b0-41c9-8c75-667901eb1f35,f7bc3e1e-2ae2-424a-9865-f83ef5d75e81,->,bcbf1d2f-ba94-4a53-9a39-09cb8d01bd80,java/lang/String.java,toUpperCase
bcbf1d2f-ba94-4a53-9a39-09cb8d01bd80,org/tju/fits/FitsKeyword.java,<clinit>,->,bcbf1d2f-ba94-4a53-9a39-09cb8d01bd80,java/util/TimeZone.java,getTimeZone
bcbf1d2f-ba94-4a53-9a39-09cb8d01bd80,8ad8d32c-554b-4ca5-9121-a6d42d158e99,e77a2a85-5932-425d-a68b-30e2d5381094,->,bcbf1d2f-ba94-4a53-9a39-09cb8d01bd80,65d1c167-e8ee-4e14-a8d4-73e325ff74ec,33568cf7-9057-40c9-ae5d-f682d7121e1e
bcbf1d2f-ba94-4a53-9a39-09cb8d01bd80,8ad8d32c-554b-4ca5-9121-a6d42d158e99,c6e398b5-6790-4604-bf3e-42c6c9d2270d,->,bcbf1d2f-ba94-4a53-9a39-09cb8d01bd80,65d1c167-e8ee-4e14-a8d4-73e325ff74ec,b5147cf3-453e-484d-b65d-16e7622eac13
bcbf1d2f-ba94-4a53-9a39-09cb8d01bd80,8ad8d32c-554b-4ca5-9121-a6d42d158e99,c6e398b5-6790-4604-bf3e-42c6c9d2270d,->,bcbf1d2f-ba94-4a53-9a39-09cb8d01bd80,65d1c167-e8ee-4e14-a8d4-73e325ff74ec,1aa45818-0272-4a39-a7f6-cba59d1cbb3c
bcbf1d2f-ba94-4a53-9a39-09cb8d01bd80,8ad8d32c-554b-4ca5-9121-a6d42d158e99,66bad0f6-67ca-4082-916c-a96a8c04d28a,->,bcbf1d2f-ba94-4a53-9a39-09cb8d01bd80,65d1c167-e8ee-4e14-a8d4-73e325ff74ec,b5147cf3-453e-484d-b65d-16e7622eac13
bcbf1d2f-ba94-4a53-9a39-09cb8d01bd80,8ad8d32c-554b-4ca5-9121-a6d42d158e99,66bad0f6-67ca-4082-916c-a96a8c04d28a,->,bcbf1d2f-ba94-4a53-9a39-09cb8d01bd80,65d1c167-e8ee-4e14-a8d4-73e325ff74ec,1aa45818-0272-4a39-a7f6-cba59d1cbb3c
bcbf1d2f-ba94-4a53-9a39-09cb8d01bd80,8ad8d32c-554b-4ca5-9121-a6d42d158e99,66bad0f6-67ca-4082-916c-a96a8c04d28a,->,bcbf1d2f-ba94-4a53-9a39-09cb8d01bd80,java/io/RandomAccessFile.java,seek
bcbf1d2f-ba94-4a53-9a39-09cb8d01bd80,8ad8d32c-554b-4ca5-9121-a6d42d158e99,66bad0f6-67ca-4082-916c-a96a8c04d28a,->,bcbf1d2f-ba94-4a53-9a39-09cb8d01bd80,65d1c167-e8ee-4e14-a8d4-73e325ff74ec,8725910f-53ab-4254-a8fa-27305f2422ec
bcbf1d2f-ba94-4a53-9a39-09cb8d01bd80,8ad8d32c-554b-4ca5-9121-a6d42d158e99,66bad0f6-67ca-4082-916c-a96a8c04d28a,->,bcbf1d2f-ba94-4a53-9a39-09cb8d01bd80,java/lang/String.java,getBytes
bcbf1d2f-ba94-4a53-9a39-09cb8d01bd80,8ad8d32c-554b-4ca5-9121-a6d42d158e99,66bad0f6-67ca-4082-916c-a96a8c04d28a,->,bcbf1d2f-ba94-4a53-9a39-09cb8d01bd80,java/io/RandomAccessFile.java,write
bcbf1d2f-ba94-4a53-9a39-09cb8d01bd80,8ad8d32c-554b-4ca5-9121-a6d42d158e99,66bad0f6-67ca-4082-916c-a96a8c04d28a,->,bcbf1d2f-ba94-4a53-9a39-09cb8d01bd80,java/lang/String.java,getBytes
bcbf1d2f-ba94-4a53-9a39-09cb8d01bd80,8ad8d32c-554b-4ca5-9121-a6d42d158e99,66bad0f6-67ca-4082-916c-a96a8c04d28a,->,bcbf1d2f-ba94-4a53-9a39-09cb8d01bd80,java/io/RandomAccessFile.java,write
bcbf1d2f-ba94-4a53-9a39-09cb8d01bd80,8ad8d32c-554b-4ca5-9121-a6d42d158e99,66bad0f6-67ca-4082-916c-a96a8c04d28a,->,bcbf1d2f-ba94-4a53-9a39-09cb8d01bd80,java/lang/String.java,getBytes
bcbf1d2f-ba94-4a53-9a39-09cb8d01bd80,8ad8d32c-554b-4ca5-9121-a6d42d158e99,66bad0f6-67ca-4082-916c-a96a8c04d28a,->,bcbf1d2f-ba94-4a53-9a39-09cb8d01bd80,java/io/RandomAccessFile.java,write
bcbf1d2f-ba94-4a53-9a39-09cb8d01bd80,8ad8d32c-554b-4ca5-9121-a6d42d158e99,caef80bf-cf94-4e51-9b2b-263677b85765,->,bcbf1d2f-ba94-4a53-9a39-09cb8d01bd80,65d1c167-e8ee-4e14-a8d4-73e325ff74ec,1aa45818-0272-4a39-a7f6-cba59d1cbb3c
bcbf1d2f-ba94-4a53-9a39-09cb8d01bd80,8ad8d32c-554b-4ca5-9121-a6d42d158e99,caef80bf-cf94-4e51-9b2b-263677b85765,->,bcbf1d2f-ba94-4a53-9a39-09cb8d01bd80,65d1c167-e8ee-4e14-a8d4-73e325ff74ec,8725910f-53ab-4254-a8fa-27305f2422ec
bcbf1d2f-ba94-4a53-9a39-09cb8d01bd80,8ad8d32c-554b-4ca5-9121-a6d42d158e99,caef80bf-cf94-4e51-9b2b-263677b85765,->,bcbf1d2f-ba94-4a53-9a39-09cb8d01bd80,java/lang/String.java,getBytes
bcbf1d2f-ba94-4a53-9a39-09cb8d01bd80,8ad8d32c-554b-4ca5-9121-a6d42d158e99,caef80bf-cf94-4e51-9b2b-263677b85765,->,bcbf1d2f-ba94-4a53-9a39-09cb8d01bd80,java/io/DataOutput.java,write
bcbf1d2f-ba94-4a53-9a39-09cb8d01bd80,8ad8d32c-554b-4ca5-9121-a6d42d158e99,caef80bf-cf94-4e51-9b2b-263677b85765,->,bcbf1d2f-ba94-4a53-9a39-09cb8d01bd80,java/lang/String.java,getBytes
bcbf1d2f-ba94-4a53-9a39-09cb8d01bd80,8ad8d32c-554b-4ca5-9121-a6d42d158e99,caef80bf-cf94-4e51-9b2b-263677b85765,->,bcbf1d2f-ba94-4a53-9a39-09cb8d01bd80,java/io/DataOutput.java,write
bcbf1d2f-ba94-4a53-9a39-09cb8d01bd80,8ad8d32c-554b-4ca5-9121-a6d42d158e99,caef80bf-cf94-4e51-9b2b-263677b85765,->,bcbf1d2f-ba94-4a53-9a39-09cb8d01bd80,java/lang/String.java,getBytes
bcbf1d2f-ba94-4a53-9a39-09cb8d01bd80,8ad8d32c-554b-4ca5-9121-a6d42d158e99,caef80bf-cf94-4e51-9b2b-263677b85765,->,bcbf1d2f-ba94-4a53-9a39-09cb8d01bd80,java/io/DataOutput.java,write
bcbf1d2f-ba94-4a53-9a39-09cb8d01bd80,8ad8d32c-554b-4ca5-9121-a6d42d158e99,caef80bf-cf94-4e51-9b2b-263677b85765,->,bcbf1d2f-ba94-4a53-9a39-09cb8d01bd80,cb5778f5-ef4d-4a24-9428-97f14b837b07,df0c9abc-1335-48f4-a29c-5f1abfcfb30e
bcbf1d2f-ba94-4a53-9a39-09cb8d01bd80,8ad8d32c-554b-4ca5-9121-a6d42d158e99,320fd645-83ad-45bc-85d2-37f0b2349ab8,->,bcbf1d2f-ba94-4a53-9a39-09cb8d01bd80,cb5778f5-ef4d-4a24-9428-97f14b837b07,3a235243-ba0c-4cf4-9d2f-03dcbfb638a1
bcbf1d2f-ba94-4a53-9a39-09cb8d01bd80,e41fe055-80e1-4b88-ade2-0eaf2ebea768,a8c17e5d-841c-4665-8bfa-2eba38342ecf,->,bcbf1d2f-ba94-4a53-9a39-09cb8d01bd80,java/lang/Thread.java,sleep
bcbf1d2f-ba94-4a53-9a39-09cb8d01bd80,e41fe055-80e1-4b88-ade2-0eaf2ebea768,a8c17e5d-841c-4665-8bfa-2eba38342ecf,->,bcbf1d2f-ba94-4a53-9a39-09cb8d01bd80,java/lang/InterruptedException.java,printStackTrace
bcbf1d2f-ba94-4a53-9a39-09cb8d01bd80,e41fe055-80e1-4b88-ade2-0eaf2ebea768,244d95f2-3fae-41bb-a7fc-717859c71d50,->,bcbf1d2f-ba94-4a53-9a39-09cb8d01bd80,a8fc100f-9f94-45d2-892c-4a4bd97a3ac4,7827091c-9cd1-4661-9fb0-7042f8c388c5
bcbf1d2f-ba94-4a53-9a39-09cb8d01bd80,e41fe055-80e1-4b88-ade2-0eaf2ebea768,244d95f2-3fae-41bb-a7fc-717859c71d50,->,bcbf1d2f-ba94-4a53-9a39-09cb8d01bd80,8ad8d32c-554b-4ca5-9121-a6d42d158e99,07c38171-29a1-4dad-ac27-bed81d61afcc
bcbf1d2f-ba94-4a53-9a39-09cb8d01bd80,e41fe055-80e1-4b88-ade2-0eaf2ebea768,244d95f2-3fae-41bb-a7fc-717859c71d50,->,bcbf1d2f-ba94-4a53-9a39-09cb8d01bd80,65d1c167-e8ee-4e14-a8d4-73e325ff74ec,6893e0e5-7458-4ba6-bec8-5a349c447dfc
bcbf1d2f-ba94-4a53-9a39-09cb8d01bd80,e41fe055-80e1-4b88-ade2-0eaf2ebea768,244d95f2-3fae-41bb-a7fc-717859c71d50,->,bcbf1d2f-ba94-4a53-9a39-09cb8d01bd80,java/lang/Float.java,valueOf
bcbf1d2f-ba94-4a53-9a39-09cb8d01bd80,e41fe055-80e1-4b88-ade2-0eaf2ebea768,244d95f2-3fae-41bb-a7fc-717859c71d50,->,bcbf1d2f-ba94-4a53-9a39-09cb8d01bd80,java/util/ListIterator.java,hasNext
bcbf1d2f-ba94-4a53-9a39-09cb8d01bd80,e41fe055-80e1-4b88-ade2-0eaf2ebea768,244d95f2-3fae-41bb-a7fc-717859c71d50,->,bcbf1d2f-ba94-4a53-9a39-09cb8d01bd80,java/util/ListIterator.java,next
bcbf1d2f-ba94-4a53-9a39-09cb8d01bd80,e41fe055-80e1-4b88-ade2-0eaf2ebea768,244d95f2-3fae-41bb-a7fc-717859c71d50,->,bcbf1d2f-ba94-4a53-9a39-09cb8d01bd80,b60bc1cf-f0b0-41c9-8c75-667901eb1f35,f2ea25b0-5801-43e4-aba0-9d0f5fdebbae
bcbf1d2f-ba94-4a53-9a39-09cb8d01bd80,e41fe055-80e1-4b88-ade2-0eaf2ebea768,244d95f2-3fae-41bb-a7fc-717859c71d50,->,bcbf1d2f-ba94-4a53-9a39-09cb8d01bd80,java/lang/String.java,equals
bcbf1d2f-ba94-4a53-9a39-09cb8d01bd80,e41fe055-80e1-4b88-ade2-0eaf2ebea768,244d95f2-3fae-41bb-a7fc-717859c71d50,->,bcbf1d2f-ba94-4a53-9a39-09cb8d01bd80,b60bc1cf-f0b0-41c9-8c75-667901eb1f35,9dbf7251-9adf-4162-8a81-30c8d34ad529
bcbf1d2f-ba94-4a53-9a39-09cb8d01bd80,e41fe055-80e1-4b88-ade2-0eaf2ebea768,244d95f2-3fae-41bb-a7fc-717859c71d50,->,bcbf1d2f-ba94-4a53-9a39-09cb8d01bd80,java/lang/String.java,substring
bcbf1d2f-ba94-4a53-9a39-09cb8d01bd80,e41fe055-80e1-4b88-ade2-0eaf2ebea768,244d95f2-3fae-41bb-a7fc-717859c71d50,->,bcbf1d2f-ba94-4a53-9a39-09cb8d01bd80,java/lang/Integer.java,parseInt
bcbf1d2f-ba94-4a53-9a39-09cb8d01bd80,e41fe055-80e1-4b88-ade2-0eaf2ebea768,244d95f2-3fae-41bb-a7fc-717859c71d50,->,bcbf1d2f-ba94-4a53-9a39-09cb8d01bd80,java/lang/String.java,substring
bcbf1d2f-ba94-4a53-9a39-09cb8d01bd80,e41fe055-80e1-4b88-ade2-0eaf2ebea768,244d95f2-3fae-41bb-a7fc-717859c71d50,->,bcbf1d2f-ba94-4a53-9a39-09cb8d01bd80,java/lang/Integer.java,parseInt
bcbf1d2f-ba94-4a53-9a39-09cb8d01bd80,e41fe055-80e1-4b88-ade2-0eaf2ebea768,244d95f2-3fae-41bb-a7fc-717859c71d50,->,bcbf1d2f-ba94-4a53-9a39-09cb8d01bd80,java/lang/String.java,substring
bcbf1d2f-ba94-4a53-9a39-09cb8d01bd80,e41fe055-80e1-4b88-ade2-0eaf2ebea768,244d95f2-3fae-41bb-a7fc-717859c71d50,->,bcbf1d2f-ba94-4a53-9a39-09cb8d01bd80,java/lang/Float.java,parseFloat
bcbf1d2f-ba94-4a53-9a39-09cb8d01bd80,e41fe055-80e1-4b88-ade2-0eaf2ebea768,244d95f2-3fae-41bb-a7fc-717859c71d50,->,bcbf1d2f-ba94-4a53-9a39-09cb8d01bd80,java/lang/Float.java,valueOf
bcbf1d2f-ba94-4a53-9a39-09cb8d01bd80,e41fe055-80e1-4b88-ade2-0eaf2ebea768,244d95f2-3fae-41bb-a7fc-717859c71d50,->,bcbf1d2f-ba94-4a53-9a39-09cb8d01bd80,java/lang/Float.java,floatValue
bcbf1d2f-ba94-4a53-9a39-09cb8d01bd80,e41fe055-80e1-4b88-ade2-0eaf2ebea768,a0092d8a-a9a1-45ef-8b14-ab865eb5d9d6,->,bcbf1d2f-ba94-4a53-9a39-09cb8d01bd80,a8fc100f-9f94-45d2-892c-4a4bd97a3ac4,7827091c-9cd1-4661-9fb0-7042f8c388c5
bcbf1d2f-ba94-4a53-9a39-09cb8d01bd80,e41fe055-80e1-4b88-ade2-0eaf2ebea768,a0092d8a-a9a1-45ef-8b14-ab865eb5d9d6,->,bcbf1d2f-ba94-4a53-9a39-09cb8d01bd80,8ad8d32c-554b-4ca5-9121-a6d42d158e99,07c38171-29a1-4dad-ac27-bed81d61afcc
bcbf1d2f-ba94-4a53-9a39-09cb8d01bd80,e41fe055-80e1-4b88-ade2-0eaf2ebea768,a0092d8a-a9a1-45ef-8b14-ab865eb5d9d6,->,bcbf1d2f-ba94-4a53-9a39-09cb8d01bd80,65d1c167-e8ee-4e14-a8d4-73e325ff74ec,6893e0e5-7458-4ba6-bec8-5a349c447dfc
bcbf1d2f-ba94-4a53-9a39-09cb8d01bd80,e41fe055-80e1-4b88-ade2-0eaf2ebea768,a0092d8a-a9a1-45ef-8b14-ab865eb5d9d6,->,bcbf1d2f-ba94-4a53-9a39-09cb8d01bd80,java/lang/Float.java,valueOf
bcbf1d2f-ba94-4a53-9a39-09cb8d01bd80,e41fe055-80e1-4b88-ade2-0eaf2ebea768,a0092d8a-a9a1-45ef-8b14-ab865eb5d9d6,->,bcbf1d2f-ba94-4a53-9a39-09cb8d01bd80,java/util/ListIterator.java,hasNext
bcbf1d2f-ba94-4a53-9a39-09cb8d01bd80,e41fe055-80e1-4b88-ade2-0eaf2ebea768,a0092d8a-a9a1-45ef-8b14-ab865eb5d9d6,->,bcbf1d2f-ba94-4a53-9a39-09cb8d01bd80,java/util/ListIterator.java,next
bcbf1d2f-ba94-4a53-9a39-09cb8d01bd80,e41fe055-80e1-4b88-ade2-0eaf2ebea768,a0092d8a-a9a1-45ef-8b14-ab865eb5d9d6,->,bcbf1d2f-ba94-4a53-9a39-09cb8d01bd80,b60bc1cf-f0b0-41c9-8c75-667901eb1f35,f2ea25b0-5801-43e4-aba0-9d0f5fdebbae
bcbf1d2f-ba94-4a53-9a39-09cb8d01bd80,e41fe055-80e1-4b88-ade2-0eaf2ebea768,a0092d8a-a9a1-45ef-8b14-ab865eb5d9d6,->,bcbf1d2f-ba94-4a53-9a39-09cb8d01bd80,java/lang/String.java,equals
bcbf1d2f-ba94-4a53-9a39-09cb8d01bd80,e41fe055-80e1-4b88-ade2-0eaf2ebea768,a0092d8a-a9a1-45ef-8b14-ab865eb5d9d6,->,bcbf1d2f-ba94-4a53-9a39-09cb8d01bd80,b60bc1cf-f0b0-41c9-8c75-667901eb1f35,9dbf7251-9adf-4162-8a81-30c8d34ad529
bcbf1d2f-ba94-4a53-9a39-09cb8d01bd80,e41fe055-80e1-4b88-ade2-0eaf2ebea768,a0092d8a-a9a1-45ef-8b14-ab865eb5d9d6,->,bcbf1d2f-ba94-4a53-9a39-09cb8d01bd80,java/lang/String.java,substring
bcbf1d2f-ba94-4a53-9a39-09cb8d01bd80,e41fe055-80e1-4b88-ade2-0eaf2ebea768,a0092d8a-a9a1-45ef-8b14-ab865eb5d9d6,->,bcbf1d2f-ba94-4a53-9a39-09cb8d01bd80,java/lang/String.java,substring
bcbf1d2f-ba94-4a53-9a39-09cb8d01bd80,e41fe055-80e1-4b88-ade2-0eaf2ebea768,a0092d8a-a9a1-45ef-8b14-ab865eb5d9d6,->,bcbf1d2f-ba94-4a53-9a39-09cb8d01bd80,java/lang/Integer.java,parseInt
bcbf1d2f-ba94-4a53-9a39-09cb8d01bd80,e41fe055-80e1-4b88-ade2-0eaf2ebea768,a0092d8a-a9a1-45ef-8b14-ab865eb5d9d6,->,bcbf1d2f-ba94-4a53-9a39-09cb8d01bd80,java/lang/String.java,substring
bcbf1d2f-ba94-4a53-9a39-09cb8d01bd80,e41fe055-80e1-4b88-ade2-0eaf2ebea768,a0092d8a-a9a1-45ef-8b14-ab865eb5d9d6,->,bcbf1d2f-ba94-4a53-9a39-09cb8d01bd80,java/lang/Integer.java,parseInt
bcbf1d2f-ba94-4a53-9a39-09cb8d01bd80,e41fe055-80e1-4b88-ade2-0eaf2ebea768,a0092d8a-a9a1-45ef-8b14-ab865eb5d9d6,->,bcbf1d2f-ba94-4a53-9a39-09cb8d01bd80,java/lang/String.java,substring
bcbf1d2f-ba94-4a53-9a39-09cb8d01bd80,e41fe055-80e1-4b88-ade2-0eaf2ebea768,a0092d8a-a9a1-45ef-8b14-ab865eb5d9d6,->,bcbf1d2f-ba94-4a53-9a39-09cb8d01bd80,java/lang/Float.java,parseFloat
bcbf1d2f-ba94-4a53-9a39-09cb8d01bd80,e41fe055-80e1-4b88-ade2-0eaf2ebea768,a0092d8a-a9a1-45ef-8b14-ab865eb5d9d6,->,bcbf1d2f-ba94-4a53-9a39-09cb8d01bd80,java/lang/String.java,equals
bcbf1d2f-ba94-4a53-9a39-09cb8d01bd80,e41fe055-80e1-4b88-ade2-0eaf2ebea768,a0092d8a-a9a1-45ef-8b14-ab865eb5d9d6,->,bcbf1d2f-ba94-4a53-9a39-09cb8d01bd80,java/lang/Float.java,valueOf
bcbf1d2f-ba94-4a53-9a39-09cb8d01bd80,e41fe055-80e1-4b88-ade2-0eaf2ebea768,a0092d8a-a9a1-45ef-8b14-ab865eb5d9d6,->,bcbf1d2f-ba94-4a53-9a39-09cb8d01bd80,java/lang/String.java,equals
bcbf1d2f-ba94-4a53-9a39-09cb8d01bd80,e41fe055-80e1-4b88-ade2-0eaf2ebea768,a0092d8a-a9a1-45ef-8b14-ab865eb5d9d6,->,bcbf1d2f-ba94-4a53-9a39-09cb8d01bd80,java/lang/Float.java,valueOf
bcbf1d2f-ba94-4a53-9a39-09cb8d01bd80,e41fe055-80e1-4b88-ade2-0eaf2ebea768,a0092d8a-a9a1-45ef-8b14-ab865eb5d9d6,->,bcbf1d2f-ba94-4a53-9a39-09cb8d01bd80,java/lang/Float.java,floatValue
bcbf1d2f-ba94-4a53-9a39-09cb8d01bd80,e41fe055-80e1-4b88-ade2-0eaf2ebea768,03056ffb-c7f7-44b2-9641-f4bad61e7b9d,->,bcbf1d2f-ba94-4a53-9a39-09cb8d01bd80,a8fc100f-9f94-45d2-892c-4a4bd97a3ac4,7827091c-9cd1-4661-9fb0-7042f8c388c5
bcbf1d2f-ba94-4a53-9a39-09cb8d01bd80,e41fe055-80e1-4b88-ade2-0eaf2ebea768,03056ffb-c7f7-44b2-9641-f4bad61e7b9d,->,bcbf1d2f-ba94-4a53-9a39-09cb8d01bd80,8ad8d32c-554b-4ca5-9121-a6d42d158e99,07c38171-29a1-4dad-ac27-bed81d61afcc
bcbf1d2f-ba94-4a53-9a39-09cb8d01bd80,e41fe055-80e1-4b88-ade2-0eaf2ebea768,03056ffb-c7f7-44b2-9641-f4bad61e7b9d,->,bcbf1d2f-ba94-4a53-9a39-09cb8d01bd80,65d1c167-e8ee-4e14-a8d4-73e325ff74ec,6893e0e5-7458-4ba6-bec8-5a349c447dfc
bcbf1d2f-ba94-4a53-9a39-09cb8d01bd80,e41fe055-80e1-4b88-ade2-0eaf2ebea768,03056ffb-c7f7-44b2-9641-f4bad61e7b9d,->,bcbf1d2f-ba94-4a53-9a39-09cb8d01bd80,java/util/ListIterator.java,hasNext
bcbf1d2f-ba94-4a53-9a39-09cb8d01bd80,e41fe055-80e1-4b88-ade2-0eaf2ebea768,03056ffb-c7f7-44b2-9641-f4bad61e7b9d,->,bcbf1d2f-ba94-4a53-9a39-09cb8d01bd80,java/util/ListIterator.java,next
bcbf1d2f-ba94-4a53-9a39-09cb8d01bd80,e41fe055-80e1-4b88-ade2-0eaf2ebea768,03056ffb-c7f7-44b2-9641-f4bad61e7b9d,->,bcbf1d2f-ba94-4a53-9a39-09cb8d01bd80,b60bc1cf-f0b0-41c9-8c75-667901eb1f35,f2ea25b0-5801-43e4-aba0-9d0f5fdebbae
bcbf1d2f-ba94-4a53-9a39-09cb8d01bd80,e41fe055-80e1-4b88-ade2-0eaf2ebea768,03056ffb-c7f7-44b2-9641-f4bad61e7b9d,->,bcbf1d2f-ba94-4a53-9a39-09cb8d01bd80,java/lang/String.java,equals
bcbf1d2f-ba94-4a53-9a39-09cb8d01bd80,e41fe055-80e1-4b88-ade2-0eaf2ebea768,03056ffb-c7f7-44b2-9641-f4bad61e7b9d,->,bcbf1d2f-ba94-4a53-9a39-09cb8d01bd80,b60bc1cf-f0b0-41c9-8c75-667901eb1f35,9dbf7251-9adf-4162-8a81-30c8d34ad529
bcbf1d2f-ba94-4a53-9a39-09cb8d01bd80,e41fe055-80e1-4b88-ade2-0eaf2ebea768,03056ffb-c7f7-44b2-9641-f4bad61e7b9d,->,bcbf1d2f-ba94-4a53-9a39-09cb8d01bd80,a8fc100f-9f94-45d2-892c-4a4bd97a3ac4,7827091c-9cd1-4661-9fb0-7042f8c388c5
bcbf1d2f-ba94-4a53-9a39-09cb8d01bd80,e41fe055-80e1-4b88-ade2-0eaf2ebea768,03056ffb-c7f7-44b2-9641-f4bad61e7b9d,->,bcbf1d2f-ba94-4a53-9a39-09cb8d01bd80,8ad8d32c-554b-4ca5-9121-a6d42d158e99,07c38171-29a1-4dad-ac27-bed81d61afcc
bcbf1d2f-ba94-4a53-9a39-09cb8d01bd80,e41fe055-80e1-4b88-ade2-0eaf2ebea768,03056ffb-c7f7-44b2-9641-f4bad61e7b9d,->,bcbf1d2f-ba94-4a53-9a39-09cb8d01bd80,65d1c167-e8ee-4e14-a8d4-73e325ff74ec,6893e0e5-7458-4ba6-bec8-5a349c447dfc
bcbf1d2f-ba94-4a53-9a39-09cb8d01bd80,e41fe055-80e1-4b88-ade2-0eaf2ebea768,03056ffb-c7f7-44b2-9641-f4bad61e7b9d,->,bcbf1d2f-ba94-4a53-9a39-09cb8d01bd80,java/util/ListIterator.java,hasNext
bcbf1d2f-ba94-4a53-9a39-09cb8d01bd80,e41fe055-80e1-4b88-ade2-0eaf2ebea768,03056ffb-c7f7-44b2-9641-f4bad61e7b9d,->,bcbf1d2f-ba94-4a53-9a39-09cb8d01bd80,java/util/ListIterator.java,next
bcbf1d2f-ba94-4a53-9a39-09cb8d01bd80,e41fe055-80e1-4b88-ade2-0eaf2ebea768,03056ffb-c7f7-44b2-9641-f4bad61e7b9d,->,bcbf1d2f-ba94-4a53-9a39-09cb8d01bd80,b60bc1cf-f0b0-41c9-8c75-667901eb1f35,f2ea25b0-5801-43e4-aba0-9d0f5fdebbae
bcbf1d2f-ba94-4a53-9a39-09cb8d01bd80,e41fe055-80e1-4b88-ade2-0eaf2ebea768,03056ffb-c7f7-44b2-9641-f4bad61e7b9d,->,bcbf1d2f-ba94-4a53-9a39-09cb8d01bd80,java/lang/String.java,equals
bcbf1d2f-ba94-4a53-9a39-09cb8d01bd80,e41fe055-80e1-4b88-ade2-0eaf2ebea768,03056ffb-c7f7-44b2-9641-f4bad61e7b9d,->,bcbf1d2f-ba94-4a53-9a39-09cb8d01bd80,b60bc1cf-f0b0-41c9-8c75-667901eb1f35,9dbf7251-9adf-4162-8a81-30c8d34ad529
bcbf1d2f-ba94-4a53-9a39-09cb8d01bd80,e41fe055-80e1-4b88-ade2-0eaf2ebea768,974012b0-3b40-4522-acf6-7dae0f6ef5e6,->,bcbf1d2f-ba94-4a53-9a39-09cb8d01bd80,a8fc100f-9f94-45d2-892c-4a4bd97a3ac4,7827091c-9cd1-4661-9fb0-7042f8c388c5
bcbf1d2f-ba94-4a53-9a39-09cb8d01bd80,e41fe055-80e1-4b88-ade2-0eaf2ebea768,974012b0-3b40-4522-acf6-7dae0f6ef5e6,->,bcbf1d2f-ba94-4a53-9a39-09cb8d01bd80,8ad8d32c-554b-4ca5-9121-a6d42d158e99,07c38171-29a1-4dad-ac27-bed81d61afcc
bcbf1d2f-ba94-4a53-9a39-09cb8d01bd80,e41fe055-80e1-4b88-ade2-0eaf2ebea768,974012b0-3b40-4522-acf6-7dae0f6ef5e6,->,bcbf1d2f-ba94-4a53-9a39-09cb8d01bd80,65d1c167-e8ee-4e14-a8d4-73e325ff74ec,6893e0e5-7458-4ba6-bec8-5a349c447dfc
bcbf1d2f-ba94-4a53-9a39-09cb8d01bd80,e41fe055-80e1-4b88-ade2-0eaf2ebea768,974012b0-3b40-4522-acf6-7dae0f6ef5e6,->,bcbf1d2f-ba94-4a53-9a39-09cb8d01bd80,java/util/ListIterator.java,hasNext
bcbf1d2f-ba94-4a53-9a39-09cb8d01bd80,e41fe055-80e1-4b88-ade2-0eaf2ebea768,974012b0-3b40-4522-acf6-7dae0f6ef5e6,->,bcbf1d2f-ba94-4a53-9a39-09cb8d01bd80,java/util/ListIterator.java,next
bcbf1d2f-ba94-4a53-9a39-09cb8d01bd80,e41fe055-80e1-4b88-ade2-0eaf2ebea768,974012b0-3b40-4522-acf6-7dae0f6ef5e6,->,bcbf1d2f-ba94-4a53-9a39-09cb8d01bd80,b60bc1cf-f0b0-41c9-8c75-667901eb1f35,f2ea25b0-5801-43e4-aba0-9d0f5fdebbae
bcbf1d2f-ba94-4a53-9a39-09cb8d01bd80,e41fe055-80e1-4b88-ade2-0eaf2ebea768,974012b0-3b40-4522-acf6-7dae0f6ef5e6,->,bcbf1d2f-ba94-4a53-9a39-09cb8d01bd80,java/lang/String.java,equals
bcbf1d2f-ba94-4a53-9a39-09cb8d01bd80,e41fe055-80e1-4b88-ade2-0eaf2ebea768,974012b0-3b40-4522-acf6-7dae0f6ef5e6,->,bcbf1d2f-ba94-4a53-9a39-09cb8d01bd80,b60bc1cf-f0b0-41c9-8c75-667901eb1f35,9dbf7251-9adf-4162-8a81-30c8d34ad529
bcbf1d2f-ba94-4a53-9a39-09cb8d01bd80,e41fe055-80e1-4b88-ade2-0eaf2ebea768,974012b0-3b40-4522-acf6-7dae0f6ef5e6,->,bcbf1d2f-ba94-4a53-9a39-09cb8d01bd80,a8fc100f-9f94-45d2-892c-4a4bd97a3ac4,7827091c-9cd1-4661-9fb0-7042f8c388c5
bcbf1d2f-ba94-4a53-9a39-09cb8d01bd80,e41fe055-80e1-4b88-ade2-0eaf2ebea768,974012b0-3b40-4522-acf6-7dae0f6ef5e6,->,bcbf1d2f-ba94-4a53-9a39-09cb8d01bd80,8ad8d32c-554b-4ca5-9121-a6d42d158e99,07c38171-29a1-4dad-ac27-bed81d61afcc
bcbf1d2f-ba94-4a53-9a39-09cb8d01bd80,e41fe055-80e1-4b88-ade2-0eaf2ebea768,974012b0-3b40-4522-acf6-7dae0f6ef5e6,->,bcbf1d2f-ba94-4a53-9a39-09cb8d01bd80,65d1c167-e8ee-4e14-a8d4-73e325ff74ec,6893e0e5-7458-4ba6-bec8-5a349c447dfc
bcbf1d2f-ba94-4a53-9a39-09cb8d01bd80,e41fe055-80e1-4b88-ade2-0eaf2ebea768,974012b0-3b40-4522-acf6-7dae0f6ef5e6,->,bcbf1d2f-ba94-4a53-9a39-09cb8d01bd80,java/util/ListIterator.java,hasNext
bcbf1d2f-ba94-4a53-9a39-09cb8d01bd80,e41fe055-80e1-4b88-ade2-0eaf2ebea768,974012b0-3b40-4522-acf6-7dae0f6ef5e6,->,bcbf1d2f-ba94-4a53-9a39-09cb8d01bd80,java/util/ListIterator.java,next
bcbf1d2f-ba94-4a53-9a39-09cb8d01bd80,e41fe055-80e1-4b88-ade2-0eaf2ebea768,974012b0-3b40-4522-acf6-7dae0f6ef5e6,->,bcbf1d2f-ba94-4a53-9a39-09cb8d01bd80,b60bc1cf-f0b0-41c9-8c75-667901eb1f35,f2ea25b0-5801-43e4-aba0-9d0f5fdebbae
bcbf1d2f-ba94-4a53-9a39-09cb8d01bd80,e41fe055-80e1-4b88-ade2-0eaf2ebea768,974012b0-3b40-4522-acf6-7dae0f6ef5e6,->,bcbf1d2f-ba94-4a53-9a39-09cb8d01bd80,java/lang/String.java,equals
bcbf1d2f-ba94-4a53-9a39-09cb8d01bd80,e41fe055-80e1-4b88-ade2-0eaf2ebea768,974012b0-3b40-4522-acf6-7dae0f6ef5e6,->,bcbf1d2f-ba94-4a53-9a39-09cb8d01bd80,b60bc1cf-f0b0-41c9-8c75-667901eb1f35,9dbf7251-9adf-4162-8a81-30c8d34ad529
bcbf1d2f-ba94-4a53-9a39-09cb8d01bd80,e41fe055-80e1-4b88-ade2-0eaf2ebea768,6a3cc79c-c19d-4488-b95c-4284d29a9531,->,bcbf1d2f-ba94-4a53-9a39-09cb8d01bd80,a8fc100f-9f94-45d2-892c-4a4bd97a3ac4,7827091c-9cd1-4661-9fb0-7042f8c388c5
bcbf1d2f-ba94-4a53-9a39-09cb8d01bd80,e41fe055-80e1-4b88-ade2-0eaf2ebea768,6a3cc79c-c19d-4488-b95c-4284d29a9531,->,bcbf1d2f-ba94-4a53-9a39-09cb8d01bd80,8ad8d32c-554b-4ca5-9121-a6d42d158e99,07c38171-29a1-4dad-ac27-bed81d61afcc
bcbf1d2f-ba94-4a53-9a39-09cb8d01bd80,e41fe055-80e1-4b88-ade2-0eaf2ebea768,6a3cc79c-c19d-4488-b95c-4284d29a9531,->,bcbf1d2f-ba94-4a53-9a39-09cb8d01bd80,65d1c167-e8ee-4e14-a8d4-73e325ff74ec,6893e0e5-7458-4ba6-bec8-5a349c447dfc
bcbf1d2f-ba94-4a53-9a39-09cb8d01bd80,e41fe055-80e1-4b88-ade2-0eaf2ebea768,6a3cc79c-c19d-4488-b95c-4284d29a9531,->,bcbf1d2f-ba94-4a53-9a39-09cb8d01bd80,java/util/ListIterator.java,hasNext
bcbf1d2f-ba94-4a53-9a39-09cb8d01bd80,e41fe055-80e1-4b88-ade2-0eaf2ebea768,6a3cc79c-c19d-4488-b95c-4284d29a9531,->,bcbf1d2f-ba94-4a53-9a39-09cb8d01bd80,java/util/ListIterator.java,next
bcbf1d2f-ba94-4a53-9a39-09cb8d01bd80,e41fe055-80e1-4b88-ade2-0eaf2ebea768,6a3cc79c-c19d-4488-b95c-4284d29a9531,->,bcbf1d2f-ba94-4a53-9a39-09cb8d01bd80,b60bc1cf-f0b0-41c9-8c75-667901eb1f35,f2ea25b0-5801-43e4-aba0-9d0f5fdebbae
bcbf1d2f-ba94-4a53-9a39-09cb8d01bd80,e41fe055-80e1-4b88-ade2-0eaf2ebea768,6a3cc79c-c19d-4488-b95c-4284d29a9531,->,bcbf1d2f-ba94-4a53-9a39-09cb8d01bd80,java/lang/String.java,equals
bcbf1d2f-ba94-4a53-9a39-09cb8d01bd80,e41fe055-80e1-4b88-ade2-0eaf2ebea768,6a3cc79c-c19d-4488-b95c-4284d29a9531,->,bcbf1d2f-ba94-4a53-9a39-09cb8d01bd80,b60bc1cf-f0b0-41c9-8c75-667901eb1f35,9dbf7251-9adf-4162-8a81-30c8d34ad529
bcbf1d2f-ba94-4a53-9a39-09cb8d01bd80,e41fe055-80e1-4b88-ade2-0eaf2ebea768,4f581345-2178-436d-9203-7e22b381a9c9,->,bcbf1d2f-ba94-4a53-9a39-09cb8d01bd80,a8fc100f-9f94-45d2-892c-4a4bd97a3ac4,7827091c-9cd1-4661-9fb0-7042f8c388c5
bcbf1d2f-ba94-4a53-9a39-09cb8d01bd80,e41fe055-80e1-4b88-ade2-0eaf2ebea768,4f581345-2178-436d-9203-7e22b381a9c9,->,bcbf1d2f-ba94-4a53-9a39-09cb8d01bd80,8ad8d32c-554b-4ca5-9121-a6d42d158e99,07c38171-29a1-4dad-ac27-bed81d61afcc
bcbf1d2f-ba94-4a53-9a39-09cb8d01bd80,e41fe055-80e1-4b88-ade2-0eaf2ebea768,4f581345-2178-436d-9203-7e22b381a9c9,->,bcbf1d2f-ba94-4a53-9a39-09cb8d01bd80,65d1c167-e8ee-4e14-a8d4-73e325ff74ec,6893e0e5-7458-4ba6-bec8-5a349c447dfc
bcbf1d2f-ba94-4a53-9a39-09cb8d01bd80,e41fe055-80e1-4b88-ade2-0eaf2ebea768,4f581345-2178-436d-9203-7e22b381a9c9,->,bcbf1d2f-ba94-4a53-9a39-09cb8d01bd80,java/util/ListIterator.java,hasNext
bcbf1d2f-ba94-4a53-9a39-09cb8d01bd80,e41fe055-80e1-4b88-ade2-0eaf2ebea768,4f581345-2178-436d-9203-7e22b381a9c9,->,bcbf1d2f-ba94-4a53-9a39-09cb8d01bd80,java/util/ListIterator.java,next
bcbf1d2f-ba94-4a53-9a39-09cb8d01bd80,e41fe055-80e1-4b88-ade2-0eaf2ebea768,4f581345-2178-436d-9203-7e22b381a9c9,->,bcbf1d2f-ba94-4a53-9a39-09cb8d01bd80,b60bc1cf-f0b0-41c9-8c75-667901eb1f35,f2ea25b0-5801-43e4-aba0-9d0f5fdebbae
bcbf1d2f-ba94-4a53-9a39-09cb8d01bd80,e41fe055-80e1-4b88-ade2-0eaf2ebea768,4f581345-2178-436d-9203-7e22b381a9c9,->,bcbf1d2f-ba94-4a53-9a39-09cb8d01bd80,java/lang/String.java,equals
bcbf1d2f-ba94-4a53-9a39-09cb8d01bd80,e41fe055-80e1-4b88-ade2-0eaf2ebea768,4f581345-2178-436d-9203-7e22b381a9c9,->,bcbf1d2f-ba94-4a53-9a39-09cb8d01bd80,b60bc1cf-f0b0-41c9-8c75-667901eb1f35,ad3d1012-ce19-4c6c-bb71-2515d7ca44c4
bcbf1d2f-ba94-4a53-9a39-09cb8d01bd80,e41fe055-80e1-4b88-ade2-0eaf2ebea768,4f581345-2178-436d-9203-7e22b381a9c9,->,bcbf1d2f-ba94-4a53-9a39-09cb8d01bd80,java/lang/Thread.java,sleep
bcbf1d2f-ba94-4a53-9a39-09cb8d01bd80,e41fe055-80e1-4b88-ade2-0eaf2ebea768,4f581345-2178-436d-9203-7e22b381a9c9,->,bcbf1d2f-ba94-4a53-9a39-09cb8d01bd80,java/io/PrintStream.java,println
bcbf1d2f-ba94-4a53-9a39-09cb8d01bd80,e41fe055-80e1-4b88-ade2-0eaf2ebea768,4f581345-2178-436d-9203-7e22b381a9c9,->,bcbf1d2f-ba94-4a53-9a39-09cb8d01bd80,java/lang/InterruptedException.java,printStackTrace
bcbf1d2f-ba94-4a53-9a39-09cb8d01bd80,e41fe055-80e1-4b88-ade2-0eaf2ebea768,4f581345-2178-436d-9203-7e22b381a9c9,->,bcbf1d2f-ba94-4a53-9a39-09cb8d01bd80,a8fc100f-9f94-45d2-892c-4a4bd97a3ac4,7827091c-9cd1-4661-9fb0-7042f8c388c5
bcbf1d2f-ba94-4a53-9a39-09cb8d01bd80,e41fe055-80e1-4b88-ade2-0eaf2ebea768,4f581345-2178-436d-9203-7e22b381a9c9,->,bcbf1d2f-ba94-4a53-9a39-09cb8d01bd80,8ad8d32c-554b-4ca5-9121-a6d42d158e99,07c38171-29a1-4dad-ac27-bed81d61afcc
bcbf1d2f-ba94-4a53-9a39-09cb8d01bd80,e41fe055-80e1-4b88-ade2-0eaf2ebea768,4f581345-2178-436d-9203-7e22b381a9c9,->,bcbf1d2f-ba94-4a53-9a39-09cb8d01bd80,65d1c167-e8ee-4e14-a8d4-73e325ff74ec,6893e0e5-7458-4ba6-bec8-5a349c447dfc
bcbf1d2f-ba94-4a53-9a39-09cb8d01bd80,e41fe055-80e1-4b88-ade2-0eaf2ebea768,4f581345-2178-436d-9203-7e22b381a9c9,->,bcbf1d2f-ba94-4a53-9a39-09cb8d01bd80,java/util/ListIterator.java,hasNext
bcbf1d2f-ba94-4a53-9a39-09cb8d01bd80,e41fe055-80e1-4b88-ade2-0eaf2ebea768,4f581345-2178-436d-9203-7e22b381a9c9,->,bcbf1d2f-ba94-4a53-9a39-09cb8d01bd80,java/util/ListIterator.java,next
bcbf1d2f-ba94-4a53-9a39-09cb8d01bd80,e41fe055-80e1-4b88-ade2-0eaf2ebea768,4f581345-2178-436d-9203-7e22b381a9c9,->,bcbf1d2f-ba94-4a53-9a39-09cb8d01bd80,b60bc1cf-f0b0-41c9-8c75-667901eb1f35,f2ea25b0-5801-43e4-aba0-9d0f5fdebbae
bcbf1d2f-ba94-4a53-9a39-09cb8d01bd80,e41fe055-80e1-4b88-ade2-0eaf2ebea768,4f581345-2178-436d-9203-7e22b381a9c9,->,bcbf1d2f-ba94-4a53-9a39-09cb8d01bd80,java/lang/String.java,equals
bcbf1d2f-ba94-4a53-9a39-09cb8d01bd80,e41fe055-80e1-4b88-ade2-0eaf2ebea768,4f581345-2178-436d-9203-7e22b381a9c9,->,bcbf1d2f-ba94-4a53-9a39-09cb8d01bd80,b60bc1cf-f0b0-41c9-8c75-667901eb1f35,ad3d1012-ce19-4c6c-bb71-2515d7ca44c4
bcbf1d2f-ba94-4a53-9a39-09cb8d01bd80,e41fe055-80e1-4b88-ade2-0eaf2ebea768,c63687ae-8974-452c-9ae1-f117a2813232,->,bcbf1d2f-ba94-4a53-9a39-09cb8d01bd80,a8fc100f-9f94-45d2-892c-4a4bd97a3ac4,7827091c-9cd1-4661-9fb0-7042f8c388c5
bcbf1d2f-ba94-4a53-9a39-09cb8d01bd80,e41fe055-80e1-4b88-ade2-0eaf2ebea768,c63687ae-8974-452c-9ae1-f117a2813232,->,bcbf1d2f-ba94-4a53-9a39-09cb8d01bd80,8ad8d32c-554b-4ca5-9121-a6d42d158e99,07c38171-29a1-4dad-ac27-bed81d61afcc
bcbf1d2f-ba94-4a53-9a39-09cb8d01bd80,e41fe055-80e1-4b88-ade2-0eaf2ebea768,c63687ae-8974-452c-9ae1-f117a2813232,->,bcbf1d2f-ba94-4a53-9a39-09cb8d01bd80,65d1c167-e8ee-4e14-a8d4-73e325ff74ec,6893e0e5-7458-4ba6-bec8-5a349c447dfc
bcbf1d2f-ba94-4a53-9a39-09cb8d01bd80,e41fe055-80e1-4b88-ade2-0eaf2ebea768,c63687ae-8974-452c-9ae1-f117a2813232,->,bcbf1d2f-ba94-4a53-9a39-09cb8d01bd80,java/util/ListIterator.java,hasNext
bcbf1d2f-ba94-4a53-9a39-09cb8d01bd80,e41fe055-80e1-4b88-ade2-0eaf2ebea768,c63687ae-8974-452c-9ae1-f117a2813232,->,bcbf1d2f-ba94-4a53-9a39-09cb8d01bd80,java/util/ListIterator.java,next
bcbf1d2f-ba94-4a53-9a39-09cb8d01bd80,e41fe055-80e1-4b88-ade2-0eaf2ebea768,c63687ae-8974-452c-9ae1-f117a2813232,->,bcbf1d2f-ba94-4a53-9a39-09cb8d01bd80,b60bc1cf-f0b0-41c9-8c75-667901eb1f35,f2ea25b0-5801-43e4-aba0-9d0f5fdebbae
bcbf1d2f-ba94-4a53-9a39-09cb8d01bd80,e41fe055-80e1-4b88-ade2-0eaf2ebea768,c63687ae-8974-452c-9ae1-f117a2813232,->,bcbf1d2f-ba94-4a53-9a39-09cb8d01bd80,java/lang/String.java,equals
bcbf1d2f-ba94-4a53-9a39-09cb8d01bd80,e41fe055-80e1-4b88-ade2-0eaf2ebea768,c63687ae-8974-452c-9ae1-f117a2813232,->,bcbf1d2f-ba94-4a53-9a39-09cb8d01bd80,b60bc1cf-f0b0-41c9-8c75-667901eb1f35,5e9e2fde-8830-4dc0-a821-b7f9e81f8727
bcbf1d2f-ba94-4a53-9a39-09cb8d01bd80,e41fe055-80e1-4b88-ade2-0eaf2ebea768,798b7a52-a782-4407-bf11-896e5156f793,->,bcbf1d2f-ba94-4a53-9a39-09cb8d01bd80,a8fc100f-9f94-45d2-892c-4a4bd97a3ac4,7827091c-9cd1-4661-9fb0-7042f8c388c5
bcbf1d2f-ba94-4a53-9a39-09cb8d01bd80,e41fe055-80e1-4b88-ade2-0eaf2ebea768,798b7a52-a782-4407-bf11-896e5156f793,->,bcbf1d2f-ba94-4a53-9a39-09cb8d01bd80,8ad8d32c-554b-4ca5-9121-a6d42d158e99,07c38171-29a1-4dad-ac27-bed81d61afcc
bcbf1d2f-ba94-4a53-9a39-09cb8d01bd80,e41fe055-80e1-4b88-ade2-0eaf2ebea768,798b7a52-a782-4407-bf11-896e5156f793,->,bcbf1d2f-ba94-4a53-9a39-09cb8d01bd80,65d1c167-e8ee-4e14-a8d4-73e325ff74ec,6893e0e5-7458-4ba6-bec8-5a349c447dfc
bcbf1d2f-ba94-4a53-9a39-09cb8d01bd80,e41fe055-80e1-4b88-ade2-0eaf2ebea768,798b7a52-a782-4407-bf11-896e5156f793,->,bcbf1d2f-ba94-4a53-9a39-09cb8d01bd80,java/util/ListIterator.java,hasNext
bcbf1d2f-ba94-4a53-9a39-09cb8d01bd80,e41fe055-80e1-4b88-ade2-0eaf2ebea768,798b7a52-a782-4407-bf11-896e5156f793,->,bcbf1d2f-ba94-4a53-9a39-09cb8d01bd80,java/util/ListIterator.java,next
bcbf1d2f-ba94-4a53-9a39-09cb8d01bd80,e41fe055-80e1-4b88-ade2-0eaf2ebea768,798b7a52-a782-4407-bf11-896e5156f793,->,bcbf1d2f-ba94-4a53-9a39-09cb8d01bd80,b60bc1cf-f0b0-41c9-8c75-667901eb1f35,f2ea25b0-5801-43e4-aba0-9d0f5fdebbae
bcbf1d2f-ba94-4a53-9a39-09cb8d01bd80,e41fe055-80e1-4b88-ade2-0eaf2ebea768,798b7a52-a782-4407-bf11-896e5156f793,->,bcbf1d2f-ba94-4a53-9a39-09cb8d01bd80,java/lang/String.java,equals
bcbf1d2f-ba94-4a53-9a39-09cb8d01bd80,e41fe055-80e1-4b88-ade2-0eaf2ebea768,798b7a52-a782-4407-bf11-896e5156f793,->,bcbf1d2f-ba94-4a53-9a39-09cb8d01bd80,b60bc1cf-f0b0-41c9-8c75-667901eb1f35,9dbf7251-9adf-4162-8a81-30c8d34ad529
bcbf1d2f-ba94-4a53-9a39-09cb8d01bd80,e41fe055-80e1-4b88-ade2-0eaf2ebea768,798b7a52-a782-4407-bf11-896e5156f793,->,bcbf1d2f-ba94-4a53-9a39-09cb8d01bd80,a8fc100f-9f94-45d2-892c-4a4bd97a3ac4,7827091c-9cd1-4661-9fb0-7042f8c388c5
bcbf1d2f-ba94-4a53-9a39-09cb8d01bd80,e41fe055-80e1-4b88-ade2-0eaf2ebea768,798b7a52-a782-4407-bf11-896e5156f793,->,bcbf1d2f-ba94-4a53-9a39-09cb8d01bd80,8ad8d32c-554b-4ca5-9121-a6d42d158e99,07c38171-29a1-4dad-ac27-bed81d61afcc
bcbf1d2f-ba94-4a53-9a39-09cb8d01bd80,e41fe055-80e1-4b88-ade2-0eaf2ebea768,798b7a52-a782-4407-bf11-896e5156f793,->,bcbf1d2f-ba94-4a53-9a39-09cb8d01bd80,65d1c167-e8ee-4e14-a8d4-73e325ff74ec,6893e0e5-7458-4ba6-bec8-5a349c447dfc
bcbf1d2f-ba94-4a53-9a39-09cb8d01bd80,e41fe055-80e1-4b88-ade2-0eaf2ebea768,798b7a52-a782-4407-bf11-896e5156f793,->,bcbf1d2f-ba94-4a53-9a39-09cb8d01bd80,java/util/ListIterator.java,hasNext
bcbf1d2f-ba94-4a53-9a39-09cb8d01bd80,e41fe055-80e1-4b88-ade2-0eaf2ebea768,798b7a52-a782-4407-bf11-896e5156f793,->,bcbf1d2f-ba94-4a53-9a39-09cb8d01bd80,java/util/ListIterator.java,next
bcbf1d2f-ba94-4a53-9a39-09cb8d01bd80,e41fe055-80e1-4b88-ade2-0eaf2ebea768,798b7a52-a782-4407-bf11-896e5156f793,->,bcbf1d2f-ba94-4a53-9a39-09cb8d01bd80,b60bc1cf-f0b0-41c9-8c75-667901eb1f35,f2ea25b0-5801-43e4-aba0-9d0f5fdebbae
bcbf1d2f-ba94-4a53-9a39-09cb8d01bd80,e41fe055-80e1-4b88-ade2-0eaf2ebea768,798b7a52-a782-4407-bf11-896e5156f793,->,bcbf1d2f-ba94-4a53-9a39-09cb8d01bd80,java/lang/String.java,equals
bcbf1d2f-ba94-4a53-9a39-09cb8d01bd80,e41fe055-80e1-4b88-ade2-0eaf2ebea768,798b7a52-a782-4407-bf11-896e5156f793,->,bcbf1d2f-ba94-4a53-9a39-09cb8d01bd80,b60bc1cf-f0b0-41c9-8c75-667901eb1f35,9dbf7251-9adf-4162-8a81-30c8d34ad529
bcbf1d2f-ba94-4a53-9a39-09cb8d01bd80,e41fe055-80e1-4b88-ade2-0eaf2ebea768,b0bea297-7ded-476e-ace7-20f1050b815c,->,bcbf1d2f-ba94-4a53-9a39-09cb8d01bd80,a8fc100f-9f94-45d2-892c-4a4bd97a3ac4,7827091c-9cd1-4661-9fb0-7042f8c388c5
bcbf1d2f-ba94-4a53-9a39-09cb8d01bd80,e41fe055-80e1-4b88-ade2-0eaf2ebea768,b0bea297-7ded-476e-ace7-20f1050b815c,->,bcbf1d2f-ba94-4a53-9a39-09cb8d01bd80,8ad8d32c-554b-4ca5-9121-a6d42d158e99,07c38171-29a1-4dad-ac27-bed81d61afcc
bcbf1d2f-ba94-4a53-9a39-09cb8d01bd80,e41fe055-80e1-4b88-ade2-0eaf2ebea768,b0bea297-7ded-476e-ace7-20f1050b815c,->,bcbf1d2f-ba94-4a53-9a39-09cb8d01bd80,65d1c167-e8ee-4e14-a8d4-73e325ff74ec,6893e0e5-7458-4ba6-bec8-5a349c447dfc
bcbf1d2f-ba94-4a53-9a39-09cb8d01bd80,e41fe055-80e1-4b88-ade2-0eaf2ebea768,b0bea297-7ded-476e-ace7-20f1050b815c,->,bcbf1d2f-ba94-4a53-9a39-09cb8d01bd80,java/util/ListIterator.java,hasNext
bcbf1d2f-ba94-4a53-9a39-09cb8d01bd80,e41fe055-80e1-4b88-ade2-0eaf2ebea768,b0bea297-7ded-476e-ace7-20f1050b815c,->,bcbf1d2f-ba94-4a53-9a39-09cb8d01bd80,java/util/ListIterator.java,next
bcbf1d2f-ba94-4a53-9a39-09cb8d01bd80,e41fe055-80e1-4b88-ade2-0eaf2ebea768,b0bea297-7ded-476e-ace7-20f1050b815c,->,bcbf1d2f-ba94-4a53-9a39-09cb8d01bd80,b60bc1cf-f0b0-41c9-8c75-667901eb1f35,f2ea25b0-5801-43e4-aba0-9d0f5fdebbae
bcbf1d2f-ba94-4a53-9a39-09cb8d01bd80,e41fe055-80e1-4b88-ade2-0eaf2ebea768,b0bea297-7ded-476e-ace7-20f1050b815c,->,bcbf1d2f-ba94-4a53-9a39-09cb8d01bd80,java/lang/String.java,equals
bcbf1d2f-ba94-4a53-9a39-09cb8d01bd80,e41fe055-80e1-4b88-ade2-0eaf2ebea768,b0bea297-7ded-476e-ace7-20f1050b815c,->,bcbf1d2f-ba94-4a53-9a39-09cb8d01bd80,b60bc1cf-f0b0-41c9-8c75-667901eb1f35,9dbf7251-9adf-4162-8a81-30c8d34ad529
bcbf1d2f-ba94-4a53-9a39-09cb8d01bd80,e41fe055-80e1-4b88-ade2-0eaf2ebea768,b0bea297-7ded-476e-ace7-20f1050b815c,->,bcbf1d2f-ba94-4a53-9a39-09cb8d01bd80,a8fc100f-9f94-45d2-892c-4a4bd97a3ac4,7827091c-9cd1-4661-9fb0-7042f8c388c5
bcbf1d2f-ba94-4a53-9a39-09cb8d01bd80,e41fe055-80e1-4b88-ade2-0eaf2ebea768,b0bea297-7ded-476e-ace7-20f1050b815c,->,bcbf1d2f-ba94-4a53-9a39-09cb8d01bd80,8ad8d32c-554b-4ca5-9121-a6d42d158e99,07c38171-29a1-4dad-ac27-bed81d61afcc
bcbf1d2f-ba94-4a53-9a39-09cb8d01bd80,e41fe055-80e1-4b88-ade2-0eaf2ebea768,b0bea297-7ded-476e-ace7-20f1050b815c,->,bcbf1d2f-ba94-4a53-9a39-09cb8d01bd80,65d1c167-e8ee-4e14-a8d4-73e325ff74ec,6893e0e5-7458-4ba6-bec8-5a349c447dfc
bcbf1d2f-ba94-4a53-9a39-09cb8d01bd80,e41fe055-80e1-4b88-ade2-0eaf2ebea768,b0bea297-7ded-476e-ace7-20f1050b815c,->,bcbf1d2f-ba94-4a53-9a39-09cb8d01bd80,java/util/ListIterator.java,hasNext
bcbf1d2f-ba94-4a53-9a39-09cb8d01bd80,e41fe055-80e1-4b88-ade2-0eaf2ebea768,b0bea297-7ded-476e-ace7-20f1050b815c,->,bcbf1d2f-ba94-4a53-9a39-09cb8d01bd80,java/util/ListIterator.java,next
bcbf1d2f-ba94-4a53-9a39-09cb8d01bd80,e41fe055-80e1-4b88-ade2-0eaf2ebea768,b0bea297-7ded-476e-ace7-20f1050b815c,->,bcbf1d2f-ba94-4a53-9a39-09cb8d01bd80,b60bc1cf-f0b0-41c9-8c75-667901eb1f35,f2ea25b0-5801-43e4-aba0-9d0f5fdebbae
bcbf1d2f-ba94-4a53-9a39-09cb8d01bd80,e41fe055-80e1-4b88-ade2-0eaf2ebea768,b0bea297-7ded-476e-ace7-20f1050b815c,->,bcbf1d2f-ba94-4a53-9a39-09cb8d01bd80,java/lang/String.java,equals
bcbf1d2f-ba94-4a53-9a39-09cb8d01bd80,e41fe055-80e1-4b88-ade2-0eaf2ebea768,b0bea297-7ded-476e-ace7-20f1050b815c,->,bcbf1d2f-ba94-4a53-9a39-09cb8d01bd80,b60bc1cf-f0b0-41c9-8c75-667901eb1f35,9dbf7251-9adf-4162-8a81-30c8d34ad529
bcbf1d2f-ba94-4a53-9a39-09cb8d01bd80,e41fe055-80e1-4b88-ade2-0eaf2ebea768,90fbad77-561f-40a8-adf7-dcf32b14a62f,->,bcbf1d2f-ba94-4a53-9a39-09cb8d01bd80,a8fc100f-9f94-45d2-892c-4a4bd97a3ac4,7827091c-9cd1-4661-9fb0-7042f8c388c5
bcbf1d2f-ba94-4a53-9a39-09cb8d01bd80,e41fe055-80e1-4b88-ade2-0eaf2ebea768,90fbad77-561f-40a8-adf7-dcf32b14a62f,->,bcbf1d2f-ba94-4a53-9a39-09cb8d01bd80,8ad8d32c-554b-4ca5-9121-a6d42d158e99,07c38171-29a1-4dad-ac27-bed81d61afcc
bcbf1d2f-ba94-4a53-9a39-09cb8d01bd80,e41fe055-80e1-4b88-ade2-0eaf2ebea768,90fbad77-561f-40a8-adf7-dcf32b14a62f,->,bcbf1d2f-ba94-4a53-9a39-09cb8d01bd80,65d1c167-e8ee-4e14-a8d4-73e325ff74ec,6893e0e5-7458-4ba6-bec8-5a349c447dfc
bcbf1d2f-ba94-4a53-9a39-09cb8d01bd80,e41fe055-80e1-4b88-ade2-0eaf2ebea768,90fbad77-561f-40a8-adf7-dcf32b14a62f,->,bcbf1d2f-ba94-4a53-9a39-09cb8d01bd80,java/util/ListIterator.java,hasNext
bcbf1d2f-ba94-4a53-9a39-09cb8d01bd80,e41fe055-80e1-4b88-ade2-0eaf2ebea768,90fbad77-561f-40a8-adf7-dcf32b14a62f,->,bcbf1d2f-ba94-4a53-9a39-09cb8d01bd80,java/util/ListIterator.java,next
bcbf1d2f-ba94-4a53-9a39-09cb8d01bd80,e41fe055-80e1-4b88-ade2-0eaf2ebea768,90fbad77-561f-40a8-adf7-dcf32b14a62f,->,bcbf1d2f-ba94-4a53-9a39-09cb8d01bd80,b60bc1cf-f0b0-41c9-8c75-667901eb1f35,f2ea25b0-5801-43e4-aba0-9d0f5fdebbae
bcbf1d2f-ba94-4a53-9a39-09cb8d01bd80,e41fe055-80e1-4b88-ade2-0eaf2ebea768,90fbad77-561f-40a8-adf7-dcf32b14a62f,->,bcbf1d2f-ba94-4a53-9a39-09cb8d01bd80,java/lang/String.java,equals
bcbf1d2f-ba94-4a53-9a39-09cb8d01bd80,e41fe055-80e1-4b88-ade2-0eaf2ebea768,90fbad77-561f-40a8-adf7-dcf32b14a62f,->,bcbf1d2f-ba94-4a53-9a39-09cb8d01bd80,b60bc1cf-f0b0-41c9-8c75-667901eb1f35,9dbf7251-9adf-4162-8a81-30c8d34ad529
bcbf1d2f-ba94-4a53-9a39-09cb8d01bd80,e41fe055-80e1-4b88-ade2-0eaf2ebea768,90fbad77-561f-40a8-adf7-dcf32b14a62f,->,bcbf1d2f-ba94-4a53-9a39-09cb8d01bd80,a8fc100f-9f94-45d2-892c-4a4bd97a3ac4,7827091c-9cd1-4661-9fb0-7042f8c388c5
bcbf1d2f-ba94-4a53-9a39-09cb8d01bd80,e41fe055-80e1-4b88-ade2-0eaf2ebea768,90fbad77-561f-40a8-adf7-dcf32b14a62f,->,bcbf1d2f-ba94-4a53-9a39-09cb8d01bd80,8ad8d32c-554b-4ca5-9121-a6d42d158e99,07c38171-29a1-4dad-ac27-bed81d61afcc
bcbf1d2f-ba94-4a53-9a39-09cb8d01bd80,e41fe055-80e1-4b88-ade2-0eaf2ebea768,90fbad77-561f-40a8-adf7-dcf32b14a62f,->,bcbf1d2f-ba94-4a53-9a39-09cb8d01bd80,65d1c167-e8ee-4e14-a8d4-73e325ff74ec,6893e0e5-7458-4ba6-bec8-5a349c447dfc
bcbf1d2f-ba94-4a53-9a39-09cb8d01bd80,e41fe055-80e1-4b88-ade2-0eaf2ebea768,90fbad77-561f-40a8-adf7-dcf32b14a62f,->,bcbf1d2f-ba94-4a53-9a39-09cb8d01bd80,java/util/ListIterator.java,hasNext
bcbf1d2f-ba94-4a53-9a39-09cb8d01bd80,e41fe055-80e1-4b88-ade2-0eaf2ebea768,90fbad77-561f-40a8-adf7-dcf32b14a62f,->,bcbf1d2f-ba94-4a53-9a39-09cb8d01bd80,java/util/ListIterator.java,next
bcbf1d2f-ba94-4a53-9a39-09cb8d01bd80,e41fe055-80e1-4b88-ade2-0eaf2ebea768,90fbad77-561f-40a8-adf7-dcf32b14a62f,->,bcbf1d2f-ba94-4a53-9a39-09cb8d01bd80,b60bc1cf-f0b0-41c9-8c75-667901eb1f35,f2ea25b0-5801-43e4-aba0-9d0f5fdebbae
bcbf1d2f-ba94-4a53-9a39-09cb8d01bd80,e41fe055-80e1-4b88-ade2-0eaf2ebea768,90fbad77-561f-40a8-adf7-dcf32b14a62f,->,bcbf1d2f-ba94-4a53-9a39-09cb8d01bd80,java/lang/String.java,equals
bcbf1d2f-ba94-4a53-9a39-09cb8d01bd80,e41fe055-80e1-4b88-ade2-0eaf2ebea768,90fbad77-561f-40a8-adf7-dcf32b14a62f,->,bcbf1d2f-ba94-4a53-9a39-09cb8d01bd80,b60bc1cf-f0b0-41c9-8c75-667901eb1f35,9dbf7251-9adf-4162-8a81-30c8d34ad529
bcbf1d2f-ba94-4a53-9a39-09cb8d01bd80,e41fe055-80e1-4b88-ade2-0eaf2ebea768,dd25a362-f4e1-4239-a088-3c7f58a1f194,->,bcbf1d2f-ba94-4a53-9a39-09cb8d01bd80,a8fc100f-9f94-45d2-892c-4a4bd97a3ac4,7827091c-9cd1-4661-9fb0-7042f8c388c5
bcbf1d2f-ba94-4a53-9a39-09cb8d01bd80,e41fe055-80e1-4b88-ade2-0eaf2ebea768,dd25a362-f4e1-4239-a088-3c7f58a1f194,->,bcbf1d2f-ba94-4a53-9a39-09cb8d01bd80,8ad8d32c-554b-4ca5-9121-a6d42d158e99,07c38171-29a1-4dad-ac27-bed81d61afcc
bcbf1d2f-ba94-4a53-9a39-09cb8d01bd80,e41fe055-80e1-4b88-ade2-0eaf2ebea768,dd25a362-f4e1-4239-a088-3c7f58a1f194,->,bcbf1d2f-ba94-4a53-9a39-09cb8d01bd80,65d1c167-e8ee-4e14-a8d4-73e325ff74ec,6893e0e5-7458-4ba6-bec8-5a349c447dfc
bcbf1d2f-ba94-4a53-9a39-09cb8d01bd80,e41fe055-80e1-4b88-ade2-0eaf2ebea768,dd25a362-f4e1-4239-a088-3c7f58a1f194,->,bcbf1d2f-ba94-4a53-9a39-09cb8d01bd80,java/util/ListIterator.java,hasNext
bcbf1d2f-ba94-4a53-9a39-09cb8d01bd80,e41fe055-80e1-4b88-ade2-0eaf2ebea768,dd25a362-f4e1-4239-a088-3c7f58a1f194,->,bcbf1d2f-ba94-4a53-9a39-09cb8d01bd80,java/util/ListIterator.java,next
bcbf1d2f-ba94-4a53-9a39-09cb8d01bd80,e41fe055-80e1-4b88-ade2-0eaf2ebea768,dd25a362-f4e1-4239-a088-3c7f58a1f194,->,bcbf1d2f-ba94-4a53-9a39-09cb8d01bd80,b60bc1cf-f0b0-41c9-8c75-667901eb1f35,f2ea25b0-5801-43e4-aba0-9d0f5fdebbae
bcbf1d2f-ba94-4a53-9a39-09cb8d01bd80,e41fe055-80e1-4b88-ade2-0eaf2ebea768,dd25a362-f4e1-4239-a088-3c7f58a1f194,->,bcbf1d2f-ba94-4a53-9a39-09cb8d01bd80,java/lang/String.java,equals
bcbf1d2f-ba94-4a53-9a39-09cb8d01bd80,e41fe055-80e1-4b88-ade2-0eaf2ebea768,dd25a362-f4e1-4239-a088-3c7f58a1f194,->,bcbf1d2f-ba94-4a53-9a39-09cb8d01bd80,b60bc1cf-f0b0-41c9-8c75-667901eb1f35,9dbf7251-9adf-4162-8a81-30c8d34ad529
bcbf1d2f-ba94-4a53-9a39-09cb8d01bd80,e41fe055-80e1-4b88-ade2-0eaf2ebea768,dd25a362-f4e1-4239-a088-3c7f58a1f194,->,bcbf1d2f-ba94-4a53-9a39-09cb8d01bd80,a8fc100f-9f94-45d2-892c-4a4bd97a3ac4,7827091c-9cd1-4661-9fb0-7042f8c388c5
bcbf1d2f-ba94-4a53-9a39-09cb8d01bd80,e41fe055-80e1-4b88-ade2-0eaf2ebea768,dd25a362-f4e1-4239-a088-3c7f58a1f194,->,bcbf1d2f-ba94-4a53-9a39-09cb8d01bd80,8ad8d32c-554b-4ca5-9121-a6d42d158e99,07c38171-29a1-4dad-ac27-bed81d61afcc
bcbf1d2f-ba94-4a53-9a39-09cb8d01bd80,e41fe055-80e1-4b88-ade2-0eaf2ebea768,dd25a362-f4e1-4239-a088-3c7f58a1f194,->,bcbf1d2f-ba94-4a53-9a39-09cb8d01bd80,65d1c167-e8ee-4e14-a8d4-73e325ff74ec,6893e0e5-7458-4ba6-bec8-5a349c447dfc
bcbf1d2f-ba94-4a53-9a39-09cb8d01bd80,e41fe055-80e1-4b88-ade2-0eaf2ebea768,dd25a362-f4e1-4239-a088-3c7f58a1f194,->,bcbf1d2f-ba94-4a53-9a39-09cb8d01bd80,java/util/ListIterator.java,hasNext
bcbf1d2f-ba94-4a53-9a39-09cb8d01bd80,e41fe055-80e1-4b88-ade2-0eaf2ebea768,dd25a362-f4e1-4239-a088-3c7f58a1f194,->,bcbf1d2f-ba94-4a53-9a39-09cb8d01bd80,java/util/ListIterator.java,next
bcbf1d2f-ba94-4a53-9a39-09cb8d01bd80,e41fe055-80e1-4b88-ade2-0eaf2ebea768,dd25a362-f4e1-4239-a088-3c7f58a1f194,->,bcbf1d2f-ba94-4a53-9a39-09cb8d01bd80,b60bc1cf-f0b0-41c9-8c75-667901eb1f35,f2ea25b0-5801-43e4-aba0-9d0f5fdebbae
bcbf1d2f-ba94-4a53-9a39-09cb8d01bd80,e41fe055-80e1-4b88-ade2-0eaf2ebea768,dd25a362-f4e1-4239-a088-3c7f58a1f194,->,bcbf1d2f-ba94-4a53-9a39-09cb8d01bd80,java/lang/String.java,equals
bcbf1d2f-ba94-4a53-9a39-09cb8d01bd80,e41fe055-80e1-4b88-ade2-0eaf2ebea768,dd25a362-f4e1-4239-a088-3c7f58a1f194,->,bcbf1d2f-ba94-4a53-9a39-09cb8d01bd80,b60bc1cf-f0b0-41c9-8c75-667901eb1f35,9dbf7251-9adf-4162-8a81-30c8d34ad529
bcbf1d2f-ba94-4a53-9a39-09cb8d01bd80,e41fe055-80e1-4b88-ade2-0eaf2ebea768,9e076c59-aad5-410e-a49d-72a4eb7acdb8,->,bcbf1d2f-ba94-4a53-9a39-09cb8d01bd80,a8fc100f-9f94-45d2-892c-4a4bd97a3ac4,7827091c-9cd1-4661-9fb0-7042f8c388c5
bcbf1d2f-ba94-4a53-9a39-09cb8d01bd80,e41fe055-80e1-4b88-ade2-0eaf2ebea768,9e076c59-aad5-410e-a49d-72a4eb7acdb8,->,bcbf1d2f-ba94-4a53-9a39-09cb8d01bd80,8ad8d32c-554b-4ca5-9121-a6d42d158e99,07c38171-29a1-4dad-ac27-bed81d61afcc
bcbf1d2f-ba94-4a53-9a39-09cb8d01bd80,e41fe055-80e1-4b88-ade2-0eaf2ebea768,9e076c59-aad5-410e-a49d-72a4eb7acdb8,->,bcbf1d2f-ba94-4a53-9a39-09cb8d01bd80,65d1c167-e8ee-4e14-a8d4-73e325ff74ec,6893e0e5-7458-4ba6-bec8-5a349c447dfc
bcbf1d2f-ba94-4a53-9a39-09cb8d01bd80,e41fe055-80e1-4b88-ade2-0eaf2ebea768,9e076c59-aad5-410e-a49d-72a4eb7acdb8,->,bcbf1d2f-ba94-4a53-9a39-09cb8d01bd80,java/util/ListIterator.java,hasNext
bcbf1d2f-ba94-4a53-9a39-09cb8d01bd80,e41fe055-80e1-4b88-ade2-0eaf2ebea768,9e076c59-aad5-410e-a49d-72a4eb7acdb8,->,bcbf1d2f-ba94-4a53-9a39-09cb8d01bd80,java/util/ListIterator.java,next
bcbf1d2f-ba94-4a53-9a39-09cb8d01bd80,e41fe055-80e1-4b88-ade2-0eaf2ebea768,9e076c59-aad5-410e-a49d-72a4eb7acdb8,->,bcbf1d2f-ba94-4a53-9a39-09cb8d01bd80,b60bc1cf-f0b0-41c9-8c75-667901eb1f35,f2ea25b0-5801-43e4-aba0-9d0f5fdebbae
bcbf1d2f-ba94-4a53-9a39-09cb8d01bd80,e41fe055-80e1-4b88-ade2-0eaf2ebea768,9e076c59-aad5-410e-a49d-72a4eb7acdb8,->,bcbf1d2f-ba94-4a53-9a39-09cb8d01bd80,java/lang/String.java,equals
bcbf1d2f-ba94-4a53-9a39-09cb8d01bd80,e41fe055-80e1-4b88-ade2-0eaf2ebea768,9e076c59-aad5-410e-a49d-72a4eb7acdb8,->,bcbf1d2f-ba94-4a53-9a39-09cb8d01bd80,b60bc1cf-f0b0-41c9-8c75-667901eb1f35,9dbf7251-9adf-4162-8a81-30c8d34ad529
bcbf1d2f-ba94-4a53-9a39-09cb8d01bd80,e41fe055-80e1-4b88-ade2-0eaf2ebea768,9e076c59-aad5-410e-a49d-72a4eb7acdb8,->,bcbf1d2f-ba94-4a53-9a39-09cb8d01bd80,a8fc100f-9f94-45d2-892c-4a4bd97a3ac4,7827091c-9cd1-4661-9fb0-7042f8c388c5
bcbf1d2f-ba94-4a53-9a39-09cb8d01bd80,e41fe055-80e1-4b88-ade2-0eaf2ebea768,9e076c59-aad5-410e-a49d-72a4eb7acdb8,->,bcbf1d2f-ba94-4a53-9a39-09cb8d01bd80,8ad8d32c-554b-4ca5-9121-a6d42d158e99,07c38171-29a1-4dad-ac27-bed81d61afcc
bcbf1d2f-ba94-4a53-9a39-09cb8d01bd80,e41fe055-80e1-4b88-ade2-0eaf2ebea768,9e076c59-aad5-410e-a49d-72a4eb7acdb8,->,bcbf1d2f-ba94-4a53-9a39-09cb8d01bd80,65d1c167-e8ee-4e14-a8d4-73e325ff74ec,6893e0e5-7458-4ba6-bec8-5a349c447dfc
bcbf1d2f-ba94-4a53-9a39-09cb8d01bd80,e41fe055-80e1-4b88-ade2-0eaf2ebea768,9e076c59-aad5-410e-a49d-72a4eb7acdb8,->,bcbf1d2f-ba94-4a53-9a39-09cb8d01bd80,java/util/ListIterator.java,hasNext
bcbf1d2f-ba94-4a53-9a39-09cb8d01bd80,e41fe055-80e1-4b88-ade2-0eaf2ebea768,9e076c59-aad5-410e-a49d-72a4eb7acdb8,->,bcbf1d2f-ba94-4a53-9a39-09cb8d01bd80,java/util/ListIterator.java,next
bcbf1d2f-ba94-4a53-9a39-09cb8d01bd80,e41fe055-80e1-4b88-ade2-0eaf2ebea768,9e076c59-aad5-410e-a49d-72a4eb7acdb8,->,bcbf1d2f-ba94-4a53-9a39-09cb8d01bd80,b60bc1cf-f0b0-41c9-8c75-667901eb1f35,f2ea25b0-5801-43e4-aba0-9d0f5fdebbae
bcbf1d2f-ba94-4a53-9a39-09cb8d01bd80,e41fe055-80e1-4b88-ade2-0eaf2ebea768,9e076c59-aad5-410e-a49d-72a4eb7acdb8,->,bcbf1d2f-ba94-4a53-9a39-09cb8d01bd80,java/lang/String.java,equals
bcbf1d2f-ba94-4a53-9a39-09cb8d01bd80,e41fe055-80e1-4b88-ade2-0eaf2ebea768,9e076c59-aad5-410e-a49d-72a4eb7acdb8,->,bcbf1d2f-ba94-4a53-9a39-09cb8d01bd80,b60bc1cf-f0b0-41c9-8c75-667901eb1f35,9dbf7251-9adf-4162-8a81-30c8d34ad529
bcbf1d2f-ba94-4a53-9a39-09cb8d01bd80,e41fe055-80e1-4b88-ade2-0eaf2ebea768,26251aa0-a43b-43e1-910f-255066fe3669,->,bcbf1d2f-ba94-4a53-9a39-09cb8d01bd80,a8fc100f-9f94-45d2-892c-4a4bd97a3ac4,7827091c-9cd1-4661-9fb0-7042f8c388c5
bcbf1d2f-ba94-4a53-9a39-09cb8d01bd80,e41fe055-80e1-4b88-ade2-0eaf2ebea768,26251aa0-a43b-43e1-910f-255066fe3669,->,bcbf1d2f-ba94-4a53-9a39-09cb8d01bd80,8ad8d32c-554b-4ca5-9121-a6d42d158e99,07c38171-29a1-4dad-ac27-bed81d61afcc
bcbf1d2f-ba94-4a53-9a39-09cb8d01bd80,e41fe055-80e1-4b88-ade2-0eaf2ebea768,26251aa0-a43b-43e1-910f-255066fe3669,->,bcbf1d2f-ba94-4a53-9a39-09cb8d01bd80,65d1c167-e8ee-4e14-a8d4-73e325ff74ec,6893e0e5-7458-4ba6-bec8-5a349c447dfc
bcbf1d2f-ba94-4a53-9a39-09cb8d01bd80,e41fe055-80e1-4b88-ade2-0eaf2ebea768,26251aa0-a43b-43e1-910f-255066fe3669,->,bcbf1d2f-ba94-4a53-9a39-09cb8d01bd80,java/lang/Float.java,valueOf
bcbf1d2f-ba94-4a53-9a39-09cb8d01bd80,e41fe055-80e1-4b88-ade2-0eaf2ebea768,26251aa0-a43b-43e1-910f-255066fe3669,->,bcbf1d2f-ba94-4a53-9a39-09cb8d01bd80,java/util/ListIterator.java,hasNext
bcbf1d2f-ba94-4a53-9a39-09cb8d01bd80,e41fe055-80e1-4b88-ade2-0eaf2ebea768,26251aa0-a43b-43e1-910f-255066fe3669,->,bcbf1d2f-ba94-4a53-9a39-09cb8d01bd80,java/util/ListIterator.java,next
bcbf1d2f-ba94-4a53-9a39-09cb8d01bd80,e41fe055-80e1-4b88-ade2-0eaf2ebea768,26251aa0-a43b-43e1-910f-255066fe3669,->,bcbf1d2f-ba94-4a53-9a39-09cb8d01bd80,b60bc1cf-f0b0-41c9-8c75-667901eb1f35,f2ea25b0-5801-43e4-aba0-9d0f5fdebbae
bcbf1d2f-ba94-4a53-9a39-09cb8d01bd80,e41fe055-80e1-4b88-ade2-0eaf2ebea768,26251aa0-a43b-43e1-910f-255066fe3669,->,bcbf1d2f-ba94-4a53-9a39-09cb8d01bd80,java/lang/String.java,equals
bcbf1d2f-ba94-4a53-9a39-09cb8d01bd80,e41fe055-80e1-4b88-ade2-0eaf2ebea768,26251aa0-a43b-43e1-910f-255066fe3669,->,bcbf1d2f-ba94-4a53-9a39-09cb8d01bd80,b60bc1cf-f0b0-41c9-8c75-667901eb1f35,5e9e2fde-8830-4dc0-a821-b7f9e81f8727
bcbf1d2f-ba94-4a53-9a39-09cb8d01bd80,e41fe055-80e1-4b88-ade2-0eaf2ebea768,26251aa0-a43b-43e1-910f-255066fe3669,->,bcbf1d2f-ba94-4a53-9a39-09cb8d01bd80,java/lang/Float.java,valueOf
bcbf1d2f-ba94-4a53-9a39-09cb8d01bd80,e41fe055-80e1-4b88-ade2-0eaf2ebea768,26251aa0-a43b-43e1-910f-255066fe3669,->,bcbf1d2f-ba94-4a53-9a39-09cb8d01bd80,java/lang/Float.java,floatValue
bcbf1d2f-ba94-4a53-9a39-09cb8d01bd80,e41fe055-80e1-4b88-ade2-0eaf2ebea768,d4d8ad7b-836f-41c1-ae4f-6585d9134b62,->,bcbf1d2f-ba94-4a53-9a39-09cb8d01bd80,a8fc100f-9f94-45d2-892c-4a4bd97a3ac4,7827091c-9cd1-4661-9fb0-7042f8c388c5
bcbf1d2f-ba94-4a53-9a39-09cb8d01bd80,e41fe055-80e1-4b88-ade2-0eaf2ebea768,d4d8ad7b-836f-41c1-ae4f-6585d9134b62,->,bcbf1d2f-ba94-4a53-9a39-09cb8d01bd80,8ad8d32c-554b-4ca5-9121-a6d42d158e99,07c38171-29a1-4dad-ac27-bed81d61afcc
bcbf1d2f-ba94-4a53-9a39-09cb8d01bd80,e41fe055-80e1-4b88-ade2-0eaf2ebea768,d4d8ad7b-836f-41c1-ae4f-6585d9134b62,->,bcbf1d2f-ba94-4a53-9a39-09cb8d01bd80,65d1c167-e8ee-4e14-a8d4-73e325ff74ec,6893e0e5-7458-4ba6-bec8-5a349c447dfc
bcbf1d2f-ba94-4a53-9a39-09cb8d01bd80,e41fe055-80e1-4b88-ade2-0eaf2ebea768,d4d8ad7b-836f-41c1-ae4f-6585d9134b62,->,bcbf1d2f-ba94-4a53-9a39-09cb8d01bd80,java/lang/Float.java,valueOf
bcbf1d2f-ba94-4a53-9a39-09cb8d01bd80,e41fe055-80e1-4b88-ade2-0eaf2ebea768,d4d8ad7b-836f-41c1-ae4f-6585d9134b62,->,bcbf1d2f-ba94-4a53-9a39-09cb8d01bd80,java/util/ListIterator.java,hasNext
bcbf1d2f-ba94-4a53-9a39-09cb8d01bd80,e41fe055-80e1-4b88-ade2-0eaf2ebea768,d4d8ad7b-836f-41c1-ae4f-6585d9134b62,->,bcbf1d2f-ba94-4a53-9a39-09cb8d01bd80,java/util/ListIterator.java,next
bcbf1d2f-ba94-4a53-9a39-09cb8d01bd80,e41fe055-80e1-4b88-ade2-0eaf2ebea768,d4d8ad7b-836f-41c1-ae4f-6585d9134b62,->,bcbf1d2f-ba94-4a53-9a39-09cb8d01bd80,b60bc1cf-f0b0-41c9-8c75-667901eb1f35,f2ea25b0-5801-43e4-aba0-9d0f5fdebbae
bcbf1d2f-ba94-4a53-9a39-09cb8d01bd80,e41fe055-80e1-4b88-ade2-0eaf2ebea768,d4d8ad7b-836f-41c1-ae4f-6585d9134b62,->,bcbf1d2f-ba94-4a53-9a39-09cb8d01bd80,java/lang/String.java,equals
bcbf1d2f-ba94-4a53-9a39-09cb8d01bd80,e41fe055-80e1-4b88-ade2-0eaf2ebea768,d4d8ad7b-836f-41c1-ae4f-6585d9134b62,->,bcbf1d2f-ba94-4a53-9a39-09cb8d01bd80,b60bc1cf-f0b0-41c9-8c75-667901eb1f35,5e9e2fde-8830-4dc0-a821-b7f9e81f8727
bcbf1d2f-ba94-4a53-9a39-09cb8d01bd80,e41fe055-80e1-4b88-ade2-0eaf2ebea768,d4d8ad7b-836f-41c1-ae4f-6585d9134b62,->,bcbf1d2f-ba94-4a53-9a39-09cb8d01bd80,java/lang/Float.java,valueOf
bcbf1d2f-ba94-4a53-9a39-09cb8d01bd80,e41fe055-80e1-4b88-ade2-0eaf2ebea768,d4d8ad7b-836f-41c1-ae4f-6585d9134b62,->,bcbf1d2f-ba94-4a53-9a39-09cb8d01bd80,java/lang/Float.java,floatValue
bcbf1d2f-ba94-4a53-9a39-09cb8d01bd80,27d5816e-a114-414d-923b-685d546139ad,e2db2561-3a2c-4bb8-a78b-e453742ebafd,->,bcbf1d2f-ba94-4a53-9a39-09cb8d01bd80,27d5816e-a114-414d-923b-685d546139ad,e6c5749f-dae5-405a-b6a1-133b75d931a1
bcbf1d2f-ba94-4a53-9a39-09cb8d01bd80,27d5816e-a114-414d-923b-685d546139ad,e2db2561-3a2c-4bb8-a78b-e453742ebafd,->,bcbf1d2f-ba94-4a53-9a39-09cb8d01bd80,java/io/DataInputStream.java,readShort
bcbf1d2f-ba94-4a53-9a39-09cb8d01bd80,27d5816e-a114-414d-923b-685d546139ad,e2db2561-3a2c-4bb8-a78b-e453742ebafd,->,bcbf1d2f-ba94-4a53-9a39-09cb8d01bd80,java/io/DataInputStream.java,readInt
bcbf1d2f-ba94-4a53-9a39-09cb8d01bd80,27d5816e-a114-414d-923b-685d546139ad,e2db2561-3a2c-4bb8-a78b-e453742ebafd,->,bcbf1d2f-ba94-4a53-9a39-09cb8d01bd80,java/lang/String.java,startsWith
bcbf1d2f-ba94-4a53-9a39-09cb8d01bd80,27d5816e-a114-414d-923b-685d546139ad,e2db2561-3a2c-4bb8-a78b-e453742ebafd,->,bcbf1d2f-ba94-4a53-9a39-09cb8d01bd80,java/lang/Integer.java,valueOf
bcbf1d2f-ba94-4a53-9a39-09cb8d01bd80,27d5816e-a114-414d-923b-685d546139ad,e2db2561-3a2c-4bb8-a78b-e453742ebafd,->,bcbf1d2f-ba94-4a53-9a39-09cb8d01bd80,java/lang/Integer.java,intValue
bcbf1d2f-ba94-4a53-9a39-09cb8d01bd80,27d5816e-a114-414d-923b-685d546139ad,0a180a0e-dc07-4d6b-a456-8c5a9bf1501e,->,bcbf1d2f-ba94-4a53-9a39-09cb8d01bd80,27d5816e-a114-414d-923b-685d546139ad,e6c5749f-dae5-405a-b6a1-133b75d931a1
bcbf1d2f-ba94-4a53-9a39-09cb8d01bd80,27d5816e-a114-414d-923b-685d546139ad,0a180a0e-dc07-4d6b-a456-8c5a9bf1501e,->,bcbf1d2f-ba94-4a53-9a39-09cb8d01bd80,java/io/DataInputStream.java,readShort
bcbf1d2f-ba94-4a53-9a39-09cb8d01bd80,27d5816e-a114-414d-923b-685d546139ad,0a180a0e-dc07-4d6b-a456-8c5a9bf1501e,->,bcbf1d2f-ba94-4a53-9a39-09cb8d01bd80,java/io/DataInputStream.java,readInt
bcbf1d2f-ba94-4a53-9a39-09cb8d01bd80,27d5816e-a114-414d-923b-685d546139ad,0a180a0e-dc07-4d6b-a456-8c5a9bf1501e,->,bcbf1d2f-ba94-4a53-9a39-09cb8d01bd80,java/lang/String.java,startsWith
bcbf1d2f-ba94-4a53-9a39-09cb8d01bd80,27d5816e-a114-414d-923b-685d546139ad,0a180a0e-dc07-4d6b-a456-8c5a9bf1501e,->,bcbf1d2f-ba94-4a53-9a39-09cb8d01bd80,java/lang/Integer.java,valueOf
bcbf1d2f-ba94-4a53-9a39-09cb8d01bd80,27d5816e-a114-414d-923b-685d546139ad,0a180a0e-dc07-4d6b-a456-8c5a9bf1501e,->,bcbf1d2f-ba94-4a53-9a39-09cb8d01bd80,java/lang/Integer.java,intValue
bcbf1d2f-ba94-4a53-9a39-09cb8d01bd80,27d5816e-a114-414d-923b-685d546139ad,842d1830-d950-4451-b1ed-8dfbe881164b,->,bcbf1d2f-ba94-4a53-9a39-09cb8d01bd80,27d5816e-a114-414d-923b-685d546139ad,e6c5749f-dae5-405a-b6a1-133b75d931a1
bcbf1d2f-ba94-4a53-9a39-09cb8d01bd80,27d5816e-a114-414d-923b-685d546139ad,842d1830-d950-4451-b1ed-8dfbe881164b,->,bcbf1d2f-ba94-4a53-9a39-09cb8d01bd80,java/io/DataInputStream.java,readShort
bcbf1d2f-ba94-4a53-9a39-09cb8d01bd80,27d5816e-a114-414d-923b-685d546139ad,842d1830-d950-4451-b1ed-8dfbe881164b,->,bcbf1d2f-ba94-4a53-9a39-09cb8d01bd80,java/io/DataInputStream.java,readInt
bcbf1d2f-ba94-4a53-9a39-09cb8d01bd80,27d5816e-a114-414d-923b-685d546139ad,842d1830-d950-4451-b1ed-8dfbe881164b,->,bcbf1d2f-ba94-4a53-9a39-09cb8d01bd80,java/io/DataInputStream.java,readFloat
bcbf1d2f-ba94-4a53-9a39-09cb8d01bd80,27d5816e-a114-414d-923b-685d546139ad,842d1830-d950-4451-b1ed-8dfbe881164b,->,bcbf1d2f-ba94-4a53-9a39-09cb8d01bd80,java/io/DataInputStream.java,readDouble
bcbf1d2f-ba94-4a53-9a39-09cb8d01bd80,27d5816e-a114-414d-923b-685d546139ad,842d1830-d950-4451-b1ed-8dfbe881164b,->,bcbf1d2f-ba94-4a53-9a39-09cb8d01bd80,java/lang/String.java,startsWith
bcbf1d2f-ba94-4a53-9a39-09cb8d01bd80,27d5816e-a114-414d-923b-685d546139ad,842d1830-d950-4451-b1ed-8dfbe881164b,->,bcbf1d2f-ba94-4a53-9a39-09cb8d01bd80,java/lang/Double.java,valueOf
bcbf1d2f-ba94-4a53-9a39-09cb8d01bd80,27d5816e-a114-414d-923b-685d546139ad,842d1830-d950-4451-b1ed-8dfbe881164b,->,bcbf1d2f-ba94-4a53-9a39-09cb8d01bd80,java/lang/Double.java,doubleValue
bcbf1d2f-ba94-4a53-9a39-09cb8d01bd80,27d5816e-a114-414d-923b-685d546139ad,6fdb12b8-f74b-4b89-b221-1eb1b050f90f,->,bcbf1d2f-ba94-4a53-9a39-09cb8d01bd80,27d5816e-a114-414d-923b-685d546139ad,e6c5749f-dae5-405a-b6a1-133b75d931a1
bcbf1d2f-ba94-4a53-9a39-09cb8d01bd80,27d5816e-a114-414d-923b-685d546139ad,6fdb12b8-f74b-4b89-b221-1eb1b050f90f,->,bcbf1d2f-ba94-4a53-9a39-09cb8d01bd80,java/io/DataInputStream.java,readShort
bcbf1d2f-ba94-4a53-9a39-09cb8d01bd80,27d5816e-a114-414d-923b-685d546139ad,6fdb12b8-f74b-4b89-b221-1eb1b050f90f,->,bcbf1d2f-ba94-4a53-9a39-09cb8d01bd80,java/io/DataInputStream.java,readInt
bcbf1d2f-ba94-4a53-9a39-09cb8d01bd80,27d5816e-a114-414d-923b-685d546139ad,6fdb12b8-f74b-4b89-b221-1eb1b050f90f,->,bcbf1d2f-ba94-4a53-9a39-09cb8d01bd80,java/io/DataInputStream.java,readFloat
bcbf1d2f-ba94-4a53-9a39-09cb8d01bd80,27d5816e-a114-414d-923b-685d546139ad,6fdb12b8-f74b-4b89-b221-1eb1b050f90f,->,bcbf1d2f-ba94-4a53-9a39-09cb8d01bd80,java/io/DataInputStream.java,readDouble
bcbf1d2f-ba94-4a53-9a39-09cb8d01bd80,27d5816e-a114-414d-923b-685d546139ad,6fdb12b8-f74b-4b89-b221-1eb1b050f90f,->,bcbf1d2f-ba94-4a53-9a39-09cb8d01bd80,java/lang/String.java,startsWith
bcbf1d2f-ba94-4a53-9a39-09cb8d01bd80,27d5816e-a114-414d-923b-685d546139ad,6fdb12b8-f74b-4b89-b221-1eb1b050f90f,->,bcbf1d2f-ba94-4a53-9a39-09cb8d01bd80,java/lang/Double.java,valueOf
bcbf1d2f-ba94-4a53-9a39-09cb8d01bd80,27d5816e-a114-414d-923b-685d546139ad,6fdb12b8-f74b-4b89-b221-1eb1b050f90f,->,bcbf1d2f-ba94-4a53-9a39-09cb8d01bd80,java/lang/Double.java,doubleValue
bcbf1d2f-ba94-4a53-9a39-09cb8d01bd80,27d5816e-a114-414d-923b-685d546139ad,e084efe5-5f7c-47ff-af3f-1901333e52c0,->,bcbf1d2f-ba94-4a53-9a39-09cb8d01bd80,27d5816e-a114-414d-923b-685d546139ad,e6c5749f-dae5-405a-b6a1-133b75d931a1
bcbf1d2f-ba94-4a53-9a39-09cb8d01bd80,27d5816e-a114-414d-923b-685d546139ad,e084efe5-5f7c-47ff-af3f-1901333e52c0,->,bcbf1d2f-ba94-4a53-9a39-09cb8d01bd80,java/lang/String.java,startsWith
bcbf1d2f-ba94-4a53-9a39-09cb8d01bd80,27d5816e-a114-414d-923b-685d546139ad,e6c5749f-dae5-405a-b6a1-133b75d931a1,->,bcbf1d2f-ba94-4a53-9a39-09cb8d01bd80,27d5816e-a114-414d-923b-685d546139ad,bfefe285-d844-450c-83c2-438252a271af
bcbf1d2f-ba94-4a53-9a39-09cb8d01bd80,27d5816e-a114-414d-923b-685d546139ad,e6c5749f-dae5-405a-b6a1-133b75d931a1,->,bcbf1d2f-ba94-4a53-9a39-09cb8d01bd80,java/io/RandomAccessFile.java,seek
bcbf1d2f-ba94-4a53-9a39-09cb8d01bd80,27d5816e-a114-414d-923b-685d546139ad,e6c5749f-dae5-405a-b6a1-133b75d931a1,->,bcbf1d2f-ba94-4a53-9a39-09cb8d01bd80,java/io/RandomAccessFile.java,read
bcbf1d2f-ba94-4a53-9a39-09cb8d01bd80,27d5816e-a114-414d-923b-685d546139ad,e6c5749f-dae5-405a-b6a1-133b75d931a1,->,bcbf1d2f-ba94-4a53-9a39-09cb8d01bd80,27d5816e-a114-414d-923b-685d546139ad,bfefe285-d844-450c-83c2-438252a271af
bcbf1d2f-ba94-4a53-9a39-09cb8d01bd80,cb5778f5-ef4d-4a24-9428-97f14b837b07,25bf875e-e50a-4076-9217-b2fef1b59d0b,->,bcbf1d2f-ba94-4a53-9a39-09cb8d01bd80,65d1c167-e8ee-4e14-a8d4-73e325ff74ec,"af539323-bbcf-4ba5-bc19-efd11c7bbe08,84785d82-c03e-4e17-abb6-2d21835b09fc"
bcbf1d2f-ba94-4a53-9a39-09cb8d01bd80,cb5778f5-ef4d-4a24-9428-97f14b837b07,25bf875e-e50a-4076-9217-b2fef1b59d0b,->,bcbf1d2f-ba94-4a53-9a39-09cb8d01bd80,b60bc1cf-f0b0-41c9-8c75-667901eb1f35,61f6ed64-ed33-4a20-84b6-2807e2b758f4
bcbf1d2f-ba94-4a53-9a39-09cb8d01bd80,cb5778f5-ef4d-4a24-9428-97f14b837b07,25bf875e-e50a-4076-9217-b2fef1b59d0b,->,bcbf1d2f-ba94-4a53-9a39-09cb8d01bd80,65d1c167-e8ee-4e14-a8d4-73e325ff74ec,"af539323-bbcf-4ba5-bc19-efd11c7bbe08,84785d82-c03e-4e17-abb6-2d21835b09fc"
bcbf1d2f-ba94-4a53-9a39-09cb8d01bd80,cb5778f5-ef4d-4a24-9428-97f14b837b07,25bf875e-e50a-4076-9217-b2fef1b59d0b,->,bcbf1d2f-ba94-4a53-9a39-09cb8d01bd80,b60bc1cf-f0b0-41c9-8c75-667901eb1f35,61f6ed64-ed33-4a20-84b6-2807e2b758f4
bcbf1d2f-ba94-4a53-9a39-09cb8d01bd80,cb5778f5-ef4d-4a24-9428-97f14b837b07,25bf875e-e50a-4076-9217-b2fef1b59d0b,->,bcbf1d2f-ba94-4a53-9a39-09cb8d01bd80,java/lang/StringBuilder.java,append
bcbf1d2f-ba94-4a53-9a39-09cb8d01bd80,cb5778f5-ef4d-4a24-9428-97f14b837b07,25bf875e-e50a-4076-9217-b2fef1b59d0b,->,bcbf1d2f-ba94-4a53-9a39-09cb8d01bd80,java/lang/StringBuilder.java,append
bcbf1d2f-ba94-4a53-9a39-09cb8d01bd80,cb5778f5-ef4d-4a24-9428-97f14b837b07,25bf875e-e50a-4076-9217-b2fef1b59d0b,->,bcbf1d2f-ba94-4a53-9a39-09cb8d01bd80,java/lang/StringBuilder.java,toString
bcbf1d2f-ba94-4a53-9a39-09cb8d01bd80,cb5778f5-ef4d-4a24-9428-97f14b837b07,25bf875e-e50a-4076-9217-b2fef1b59d0b,->,bcbf1d2f-ba94-4a53-9a39-09cb8d01bd80,65d1c167-e8ee-4e14-a8d4-73e325ff74ec,"af539323-bbcf-4ba5-bc19-efd11c7bbe08,84785d82-c03e-4e17-abb6-2d21835b09fc"
bcbf1d2f-ba94-4a53-9a39-09cb8d01bd80,cb5778f5-ef4d-4a24-9428-97f14b837b07,25bf875e-e50a-4076-9217-b2fef1b59d0b,->,bcbf1d2f-ba94-4a53-9a39-09cb8d01bd80,b60bc1cf-f0b0-41c9-8c75-667901eb1f35,61f6ed64-ed33-4a20-84b6-2807e2b758f4
bcbf1d2f-ba94-4a53-9a39-09cb8d01bd80,cb5778f5-ef4d-4a24-9428-97f14b837b07,25bf875e-e50a-4076-9217-b2fef1b59d0b,->,bcbf1d2f-ba94-4a53-9a39-09cb8d01bd80,65d1c167-e8ee-4e14-a8d4-73e325ff74ec,"af539323-bbcf-4ba5-bc19-efd11c7bbe08,84785d82-c03e-4e17-abb6-2d21835b09fc"
bcbf1d2f-ba94-4a53-9a39-09cb8d01bd80,cb5778f5-ef4d-4a24-9428-97f14b837b07,25bf875e-e50a-4076-9217-b2fef1b59d0b,->,bcbf1d2f-ba94-4a53-9a39-09cb8d01bd80,b60bc1cf-f0b0-41c9-8c75-667901eb1f35,61f6ed64-ed33-4a20-84b6-2807e2b758f4
bcbf1d2f-ba94-4a53-9a39-09cb8d01bd80,cb5778f5-ef4d-4a24-9428-97f14b837b07,25bf875e-e50a-4076-9217-b2fef1b59d0b,->,bcbf1d2f-ba94-4a53-9a39-09cb8d01bd80,65d1c167-e8ee-4e14-a8d4-73e325ff74ec,"af539323-bbcf-4ba5-bc19-efd11c7bbe08,84785d82-c03e-4e17-abb6-2d21835b09fc"
bcbf1d2f-ba94-4a53-9a39-09cb8d01bd80,cb5778f5-ef4d-4a24-9428-97f14b837b07,25bf875e-e50a-4076-9217-b2fef1b59d0b,->,bcbf1d2f-ba94-4a53-9a39-09cb8d01bd80,b60bc1cf-f0b0-41c9-8c75-667901eb1f35,61f6ed64-ed33-4a20-84b6-2807e2b758f4
bcbf1d2f-ba94-4a53-9a39-09cb8d01bd80,cb5778f5-ef4d-4a24-9428-97f14b837b07,b9621f0d-ce53-4b1e-8638-904d681235ba,->,bcbf1d2f-ba94-4a53-9a39-09cb8d01bd80,65d1c167-e8ee-4e14-a8d4-73e325ff74ec,69682865-3411-4948-91ae-13ea5fe85c43
bcbf1d2f-ba94-4a53-9a39-09cb8d01bd80,cb5778f5-ef4d-4a24-9428-97f14b837b07,b9621f0d-ce53-4b1e-8638-904d681235ba,->,bcbf1d2f-ba94-4a53-9a39-09cb8d01bd80,65d1c167-e8ee-4e14-a8d4-73e325ff74ec,69682865-3411-4948-91ae-13ea5fe85c43
bcbf1d2f-ba94-4a53-9a39-09cb8d01bd80,cb5778f5-ef4d-4a24-9428-97f14b837b07,b9621f0d-ce53-4b1e-8638-904d681235ba,->,bcbf1d2f-ba94-4a53-9a39-09cb8d01bd80,65d1c167-e8ee-4e14-a8d4-73e325ff74ec,69682865-3411-4948-91ae-13ea5fe85c43
bcbf1d2f-ba94-4a53-9a39-09cb8d01bd80,cb5778f5-ef4d-4a24-9428-97f14b837b07,b9621f0d-ce53-4b1e-8638-904d681235ba,->,bcbf1d2f-ba94-4a53-9a39-09cb8d01bd80,java/lang/StringBuilder.java,append
bcbf1d2f-ba94-4a53-9a39-09cb8d01bd80,cb5778f5-ef4d-4a24-9428-97f14b837b07,b9621f0d-ce53-4b1e-8638-904d681235ba,->,bcbf1d2f-ba94-4a53-9a39-09cb8d01bd80,java/lang/StringBuilder.java,append
bcbf1d2f-ba94-4a53-9a39-09cb8d01bd80,cb5778f5-ef4d-4a24-9428-97f14b837b07,b9621f0d-ce53-4b1e-8638-904d681235ba,->,bcbf1d2f-ba94-4a53-9a39-09cb8d01bd80,java/lang/StringBuilder.java,toString
bcbf1d2f-ba94-4a53-9a39-09cb8d01bd80,cb5778f5-ef4d-4a24-9428-97f14b837b07,b9621f0d-ce53-4b1e-8638-904d681235ba,->,bcbf1d2f-ba94-4a53-9a39-09cb8d01bd80,65d1c167-e8ee-4e14-a8d4-73e325ff74ec,69682865-3411-4948-91ae-13ea5fe85c43
bcbf1d2f-ba94-4a53-9a39-09cb8d01bd80,cb5778f5-ef4d-4a24-9428-97f14b837b07,b9621f0d-ce53-4b1e-8638-904d681235ba,->,bcbf1d2f-ba94-4a53-9a39-09cb8d01bd80,65d1c167-e8ee-4e14-a8d4-73e325ff74ec,69682865-3411-4948-91ae-13ea5fe85c43
bcbf1d2f-ba94-4a53-9a39-09cb8d01bd80,cb5778f5-ef4d-4a24-9428-97f14b837b07,b9621f0d-ce53-4b1e-8638-904d681235ba,->,bcbf1d2f-ba94-4a53-9a39-09cb8d01bd80,65d1c167-e8ee-4e14-a8d4-73e325ff74ec,69682865-3411-4948-91ae-13ea5fe85c43
bcbf1d2f-ba94-4a53-9a39-09cb8d01bd80,cb5778f5-ef4d-4a24-9428-97f14b837b07,df0c9abc-1335-48f4-a29c-5f1abfcfb30e,->,bcbf1d2f-ba94-4a53-9a39-09cb8d01bd80,java/io/RandomAccessFile.java,seek
bcbf1d2f-ba94-4a53-9a39-09cb8d01bd80,cb5778f5-ef4d-4a24-9428-97f14b837b07,df0c9abc-1335-48f4-a29c-5f1abfcfb30e,->,bcbf1d2f-ba94-4a53-9a39-09cb8d01bd80,java/io/RandomAccessFile.java,read
bcbf1d2f-ba94-4a53-9a39-09cb8d01bd80,cb5778f5-ef4d-4a24-9428-97f14b837b07,df0c9abc-1335-48f4-a29c-5f1abfcfb30e,->,bcbf1d2f-ba94-4a53-9a39-09cb8d01bd80,java/io/DataOutput.java,write
bcbf1d2f-ba94-4a53-9a39-09cb8d01bd80,cb5778f5-ef4d-4a24-9428-97f14b837b07,df0c9abc-1335-48f4-a29c-5f1abfcfb30e,->,bcbf1d2f-ba94-4a53-9a39-09cb8d01bd80,java/io/RandomAccessFile.java,read
bcbf1d2f-ba94-4a53-9a39-09cb8d01bd80,cb5778f5-ef4d-4a24-9428-97f14b837b07,df0c9abc-1335-48f4-a29c-5f1abfcfb30e,->,bcbf1d2f-ba94-4a53-9a39-09cb8d01bd80,java/io/DataOutput.java,write
bcbf1d2f-ba94-4a53-9a39-09cb8d01bd80,cb5778f5-ef4d-4a24-9428-97f14b837b07,df0c9abc-1335-48f4-a29c-5f1abfcfb30e,->,bcbf1d2f-ba94-4a53-9a39-09cb8d01bd80,java/io/DataOutput.java,write
bcbf1d2f-ba94-4a53-9a39-09cb8d01bd80,cb5778f5-ef4d-4a24-9428-97f14b837b07,df0c9abc-1335-48f4-a29c-5f1abfcfb30e,->,bcbf1d2f-ba94-4a53-9a39-09cb8d01bd80,java/io/DataOutput.java,write
bcbf1d2f-ba94-4a53-9a39-09cb8d01bd80,bcee6d0b-c471-4f50-9296-2ecafd2c5269,070987c1-6d95-4442-800e-a7276fbd9826,->,bcbf1d2f-ba94-4a53-9a39-09cb8d01bd80,65d1c167-e8ee-4e14-a8d4-73e325ff74ec,69682865-3411-4948-91ae-13ea5fe85c43
bcbf1d2f-ba94-4a53-9a39-09cb8d01bd80,bcee6d0b-c471-4f50-9296-2ecafd2c5269,070987c1-6d95-4442-800e-a7276fbd9826,->,bcbf1d2f-ba94-4a53-9a39-09cb8d01bd80,65d1c167-e8ee-4e14-a8d4-73e325ff74ec,69682865-3411-4948-91ae-13ea5fe85c43
bcbf1d2f-ba94-4a53-9a39-09cb8d01bd80,bcee6d0b-c471-4f50-9296-2ecafd2c5269,070987c1-6d95-4442-800e-a7276fbd9826,->,bcbf1d2f-ba94-4a53-9a39-09cb8d01bd80,65d1c167-e8ee-4e14-a8d4-73e325ff74ec,69682865-3411-4948-91ae-13ea5fe85c43
bcbf1d2f-ba94-4a53-9a39-09cb8d01bd80,bcee6d0b-c471-4f50-9296-2ecafd2c5269,070987c1-6d95-4442-800e-a7276fbd9826,->,bcbf1d2f-ba94-4a53-9a39-09cb8d01bd80,65d1c167-e8ee-4e14-a8d4-73e325ff74ec,69682865-3411-4948-91ae-13ea5fe85c43
bcbf1d2f-ba94-4a53-9a39-09cb8d01bd80,bcee6d0b-c471-4f50-9296-2ecafd2c5269,070987c1-6d95-4442-800e-a7276fbd9826,->,bcbf1d2f-ba94-4a53-9a39-09cb8d01bd80,java/lang/StringBuilder.java,append
bcbf1d2f-ba94-4a53-9a39-09cb8d01bd80,bcee6d0b-c471-4f50-9296-2ecafd2c5269,070987c1-6d95-4442-800e-a7276fbd9826,->,bcbf1d2f-ba94-4a53-9a39-09cb8d01bd80,java/lang/StringBuilder.java,append
bcbf1d2f-ba94-4a53-9a39-09cb8d01bd80,bcee6d0b-c471-4f50-9296-2ecafd2c5269,070987c1-6d95-4442-800e-a7276fbd9826,->,bcbf1d2f-ba94-4a53-9a39-09cb8d01bd80,java/lang/StringBuilder.java,toString
bcbf1d2f-ba94-4a53-9a39-09cb8d01bd80,bcee6d0b-c471-4f50-9296-2ecafd2c5269,070987c1-6d95-4442-800e-a7276fbd9826,->,bcbf1d2f-ba94-4a53-9a39-09cb8d01bd80,65d1c167-e8ee-4e14-a8d4-73e325ff74ec,69682865-3411-4948-91ae-13ea5fe85c43
bcbf1d2f-ba94-4a53-9a39-09cb8d01bd80,bcee6d0b-c471-4f50-9296-2ecafd2c5269,070987c1-6d95-4442-800e-a7276fbd9826,->,bcbf1d2f-ba94-4a53-9a39-09cb8d01bd80,65d1c167-e8ee-4e14-a8d4-73e325ff74ec,69682865-3411-4948-91ae-13ea5fe85c43
bcbf1d2f-ba94-4a53-9a39-09cb8d01bd80,bcee6d0b-c471-4f50-9296-2ecafd2c5269,070987c1-6d95-4442-800e-a7276fbd9826,->,bcbf1d2f-ba94-4a53-9a39-09cb8d01bd80,65d1c167-e8ee-4e14-a8d4-73e325ff74ec,69682865-3411-4948-91ae-13ea5fe85c43
bcbf1d2f-ba94-4a53-9a39-09cb8d01bd80,bcee6d0b-c471-4f50-9296-2ecafd2c5269,070987c1-6d95-4442-800e-a7276fbd9826,->,bcbf1d2f-ba94-4a53-9a39-09cb8d01bd80,65d1c167-e8ee-4e14-a8d4-73e325ff74ec,69682865-3411-4948-91ae-13ea5fe85c43
bcbf1d2f-ba94-4a53-9a39-09cb8d01bd80,bcee6d0b-c471-4f50-9296-2ecafd2c5269,78f0128a-68e0-4288-bb5e-21d471173c7c,->,bcbf1d2f-ba94-4a53-9a39-09cb8d01bd80,bcee6d0b-c471-4f50-9296-2ecafd2c5269,74b97b28-313e-41f2-8340-e7cf9852f8c2
bcbf1d2f-ba94-4a53-9a39-09cb8d01bd80,bcee6d0b-c471-4f50-9296-2ecafd2c5269,78f0128a-68e0-4288-bb5e-21d471173c7c,->,bcbf1d2f-ba94-4a53-9a39-09cb8d01bd80,java/io/DataInputStream.java,readUnsignedByte
bcbf1d2f-ba94-4a53-9a39-09cb8d01bd80,bcee6d0b-c471-4f50-9296-2ecafd2c5269,78f0128a-68e0-4288-bb5e-21d471173c7c,->,bcbf1d2f-ba94-4a53-9a39-09cb8d01bd80,java/io/DataInputStream.java,readShort
bcbf1d2f-ba94-4a53-9a39-09cb8d01bd80,bcee6d0b-c471-4f50-9296-2ecafd2c5269,78f0128a-68e0-4288-bb5e-21d471173c7c,->,bcbf1d2f-ba94-4a53-9a39-09cb8d01bd80,java/io/DataInputStream.java,readInt
bcbf1d2f-ba94-4a53-9a39-09cb8d01bd80,bcee6d0b-c471-4f50-9296-2ecafd2c5269,"c9d6260d-c397-4499-9d79-1e3862783e68,9109378e-733c-4376-b1a1-5b8d10262b60",->,bcbf1d2f-ba94-4a53-9a39-09cb8d01bd80,bcee6d0b-c471-4f50-9296-2ecafd2c5269,74b97b28-313e-41f2-8340-e7cf9852f8c2
bcbf1d2f-ba94-4a53-9a39-09cb8d01bd80,bcee6d0b-c471-4f50-9296-2ecafd2c5269,"c9d6260d-c397-4499-9d79-1e3862783e68,9109378e-733c-4376-b1a1-5b8d10262b60",->,bcbf1d2f-ba94-4a53-9a39-09cb8d01bd80,java/io/DataInputStream.java,readUnsignedByte
bcbf1d2f-ba94-4a53-9a39-09cb8d01bd80,bcee6d0b-c471-4f50-9296-2ecafd2c5269,"c9d6260d-c397-4499-9d79-1e3862783e68,9109378e-733c-4376-b1a1-5b8d10262b60",->,bcbf1d2f-ba94-4a53-9a39-09cb8d01bd80,java/io/DataInputStream.java,readShort
bcbf1d2f-ba94-4a53-9a39-09cb8d01bd80,bcee6d0b-c471-4f50-9296-2ecafd2c5269,"c9d6260d-c397-4499-9d79-1e3862783e68,9109378e-733c-4376-b1a1-5b8d10262b60",->,bcbf1d2f-ba94-4a53-9a39-09cb8d01bd80,java/io/DataInputStream.java,readInt
bcbf1d2f-ba94-4a53-9a39-09cb8d01bd80,bcee6d0b-c471-4f50-9296-2ecafd2c5269,"c9d6260d-c397-4499-9d79-1e3862783e68,9109378e-733c-4376-b1a1-5b8d10262b60",->,bcbf1d2f-ba94-4a53-9a39-09cb8d01bd80,bcee6d0b-c471-4f50-9296-2ecafd2c5269,74b97b28-313e-41f2-8340-e7cf9852f8c2
bcbf1d2f-ba94-4a53-9a39-09cb8d01bd80,bcee6d0b-c471-4f50-9296-2ecafd2c5269,"c9d6260d-c397-4499-9d79-1e3862783e68,9109378e-733c-4376-b1a1-5b8d10262b60",->,bcbf1d2f-ba94-4a53-9a39-09cb8d01bd80,java/io/DataInputStream.java,readUnsignedByte
bcbf1d2f-ba94-4a53-9a39-09cb8d01bd80,bcee6d0b-c471-4f50-9296-2ecafd2c5269,"c9d6260d-c397-4499-9d79-1e3862783e68,9109378e-733c-4376-b1a1-5b8d10262b60",->,bcbf1d2f-ba94-4a53-9a39-09cb8d01bd80,java/io/DataInputStream.java,readShort
bcbf1d2f-ba94-4a53-9a39-09cb8d01bd80,bcee6d0b-c471-4f50-9296-2ecafd2c5269,"c9d6260d-c397-4499-9d79-1e3862783e68,9109378e-733c-4376-b1a1-5b8d10262b60",->,bcbf1d2f-ba94-4a53-9a39-09cb8d01bd80,java/io/DataInputStream.java,readInt
bcbf1d2f-ba94-4a53-9a39-09cb8d01bd80,bcee6d0b-c471-4f50-9296-2ecafd2c5269,"c9d6260d-c397-4499-9d79-1e3862783e68,9109378e-733c-4376-b1a1-5b8d10262b60",->,bcbf1d2f-ba94-4a53-9a39-09cb8d01bd80,java/io/DataInputStream.java,readFloat
bcbf1d2f-ba94-4a53-9a39-09cb8d01bd80,bcee6d0b-c471-4f50-9296-2ecafd2c5269,"c9d6260d-c397-4499-9d79-1e3862783e68,9109378e-733c-4376-b1a1-5b8d10262b60",->,bcbf1d2f-ba94-4a53-9a39-09cb8d01bd80,java/io/DataInputStream.java,readDouble
bcbf1d2f-ba94-4a53-9a39-09cb8d01bd80,bcee6d0b-c471-4f50-9296-2ecafd2c5269,74b97b28-313e-41f2-8340-e7cf9852f8c2,->,bcbf1d2f-ba94-4a53-9a39-09cb8d01bd80,java/io/RandomAccessFile.java,seek
bcbf1d2f-ba94-4a53-9a39-09cb8d01bd80,bcee6d0b-c471-4f50-9296-2ecafd2c5269,74b97b28-313e-41f2-8340-e7cf9852f8c2,->,bcbf1d2f-ba94-4a53-9a39-09cb8d01bd80,java/io/RandomAccessFile.java,read
bcbf1d2f-ba94-4a53-9a39-09cb8d01bd80,bcee6d0b-c471-4f50-9296-2ecafd2c5269,720acf32-8c07-4c78-a50c-628febe02a63,->,bcbf1d2f-ba94-4a53-9a39-09cb8d01bd80,e1b0804b-0d5e-4ee0-8ef5-b150c8446841,728d9062-d23f-4524-b1e0-94425f86c4c4
bcbf1d2f-ba94-4a53-9a39-09cb8d01bd80,bcee6d0b-c471-4f50-9296-2ecafd2c5269,2d78af53-10b5-4e81-a06a-9fcf34796745,->,bcbf1d2f-ba94-4a53-9a39-09cb8d01bd80,e1b0804b-0d5e-4ee0-8ef5-b150c8446841,a57c74cf-8bc2-4bf5-b1f1-dbeaa503a073
bcbf1d2f-ba94-4a53-9a39-09cb8d01bd80,a8fc100f-9f94-45d2-892c-4a4bd97a3ac4,a75bd581-4772-44b1-b800-7d63824575ca,->,bcbf1d2f-ba94-4a53-9a39-09cb8d01bd80,java/util/ArrayList.java,add
bcbf1d2f-ba94-4a53-9a39-09cb8d01bd80,a8fc100f-9f94-45d2-892c-4a4bd97a3ac4,a75bd581-4772-44b1-b800-7d63824575ca,->,bcbf1d2f-ba94-4a53-9a39-09cb8d01bd80,java/util/ArrayList.java,trimToSize
bcbf1d2f-ba94-4a53-9a39-09cb8d01bd80,a8fc100f-9f94-45d2-892c-4a4bd97a3ac4,078d6ae6-43e7-4937-850a-2793dd4a1064,->,bcbf1d2f-ba94-4a53-9a39-09cb8d01bd80,java/io/RandomAccessFile.java,close
bcbf1d2f-ba94-4a53-9a39-09cb8d01bd80,a8fc100f-9f94-45d2-892c-4a4bd97a3ac4,"0c70c622-06cb-4e6f-999d-b4933dec63ab,36de9c44-13ba-40ac-9424-b2bcfe6da9a9",->,bcbf1d2f-ba94-4a53-9a39-09cb8d01bd80,java/io/RandomAccessFile.java,read
bcbf1d2f-ba94-4a53-9a39-09cb8d01bd80,a8fc100f-9f94-45d2-892c-4a4bd97a3ac4,"0c70c622-06cb-4e6f-999d-b4933dec63ab,36de9c44-13ba-40ac-9424-b2bcfe6da9a9",->,bcbf1d2f-ba94-4a53-9a39-09cb8d01bd80,java/io/RandomAccessFile.java,close
bcbf1d2f-ba94-4a53-9a39-09cb8d01bd80,a8fc100f-9f94-45d2-892c-4a4bd97a3ac4,"0c70c622-06cb-4e6f-999d-b4933dec63ab,36de9c44-13ba-40ac-9424-b2bcfe6da9a9",->,bcbf1d2f-ba94-4a53-9a39-09cb8d01bd80,java/lang/String.java,startsWith
bcbf1d2f-ba94-4a53-9a39-09cb8d01bd80,a8fc100f-9f94-45d2-892c-4a4bd97a3ac4,"0c70c622-06cb-4e6f-999d-b4933dec63ab,36de9c44-13ba-40ac-9424-b2bcfe6da9a9",->,bcbf1d2f-ba94-4a53-9a39-09cb8d01bd80,a8fc100f-9f94-45d2-892c-4a4bd97a3ac4,"0c70c622-06cb-4e6f-999d-b4933dec63ab,36de9c44-13ba-40ac-9424-b2bcfe6da9a9"
bcbf1d2f-ba94-4a53-9a39-09cb8d01bd80,a8fc100f-9f94-45d2-892c-4a4bd97a3ac4,7790fa08-1fc0-49fb-a6ef-1b187b73991b,->,bcbf1d2f-ba94-4a53-9a39-09cb8d01bd80,java/util/ArrayList.java,add
bcbf1d2f-ba94-4a53-9a39-09cb8d01bd80,a8fc100f-9f94-45d2-892c-4a4bd97a3ac4,c6586f0e-4ccb-4d9c-abf1-089907b59df2,->,bcbf1d2f-ba94-4a53-9a39-09cb8d01bd80,java/util/ArrayList.java,add
bcbf1d2f-ba94-4a53-9a39-09cb8d01bd80,a8fc100f-9f94-45d2-892c-4a4bd97a3ac4,c0548817-5575-4a90-8443-5072c3a846bd,->,bcbf1d2f-ba94-4a53-9a39-09cb8d01bd80,java/util/ArrayList.java,remove
bcbf1d2f-ba94-4a53-9a39-09cb8d01bd80,a8fc100f-9f94-45d2-892c-4a4bd97a3ac4,7827091c-9cd1-4661-9fb0-7042f8c388c5,->,bcbf1d2f-ba94-4a53-9a39-09cb8d01bd80,java/util/ArrayList.java,isEmpty
bcbf1d2f-ba94-4a53-9a39-09cb8d01bd80,a8fc100f-9f94-45d2-892c-4a4bd97a3ac4,7827091c-9cd1-4661-9fb0-7042f8c388c5,->,bcbf1d2f-ba94-4a53-9a39-09cb8d01bd80,java/util/ArrayList.java,get
bcbf1d2f-ba94-4a53-9a39-09cb8d01bd80,a8fc100f-9f94-45d2-892c-4a4bd97a3ac4,7827091c-9cd1-4661-9fb0-7042f8c388c5,->,bcbf1d2f-ba94-4a53-9a39-09cb8d01bd80,java/util/ArrayList.java,size
bcbf1d2f-ba94-4a53-9a39-09cb8d01bd80,a8fc100f-9f94-45d2-892c-4a4bd97a3ac4,7827091c-9cd1-4661-9fb0-7042f8c388c5,->,bcbf1d2f-ba94-4a53-9a39-09cb8d01bd80,java/util/ArrayList.java,size
bcbf1d2f-ba94-4a53-9a39-09cb8d01bd80,a8fc100f-9f94-45d2-892c-4a4bd97a3ac4,7827091c-9cd1-4661-9fb0-7042f8c388c5,->,bcbf1d2f-ba94-4a53-9a39-09cb8d01bd80,java/util/ArrayList.java,get
bcbf1d2f-ba94-4a53-9a39-09cb8d01bd80,a8fc100f-9f94-45d2-892c-4a4bd97a3ac4,7827091c-9cd1-4661-9fb0-7042f8c388c5,->,bcbf1d2f-ba94-4a53-9a39-09cb8d01bd80,java/util/ArrayList.java,get
bcbf1d2f-ba94-4a53-9a39-09cb8d01bd80,a8fc100f-9f94-45d2-892c-4a4bd97a3ac4,5a18750e-f490-4c77-9c8d-e3fa1bb0ecb9,->,bcbf1d2f-ba94-4a53-9a39-09cb8d01bd80,java/util/ArrayList.java,iterator
bcbf1d2f-ba94-4a53-9a39-09cb8d01bd80,a8fc100f-9f94-45d2-892c-4a4bd97a3ac4,5a18750e-f490-4c77-9c8d-e3fa1bb0ecb9,->,bcbf1d2f-ba94-4a53-9a39-09cb8d01bd80,java/util/Iterator.java,hasNext
bcbf1d2f-ba94-4a53-9a39-09cb8d01bd80,a8fc100f-9f94-45d2-892c-4a4bd97a3ac4,5a18750e-f490-4c77-9c8d-e3fa1bb0ecb9,->,bcbf1d2f-ba94-4a53-9a39-09cb8d01bd80,java/util/Iterator.java,next
bcbf1d2f-ba94-4a53-9a39-09cb8d01bd80,a8fc100f-9f94-45d2-892c-4a4bd97a3ac4,5a18750e-f490-4c77-9c8d-e3fa1bb0ecb9,->,bcbf1d2f-ba94-4a53-9a39-09cb8d01bd80,8ad8d32c-554b-4ca5-9121-a6d42d158e99,c6e398b5-6790-4604-bf3e-42c6c9d2270d
bcbf1d2f-ba94-4a53-9a39-09cb8d01bd80,a8fc100f-9f94-45d2-892c-4a4bd97a3ac4,5a18750e-f490-4c77-9c8d-e3fa1bb0ecb9,->,bcbf1d2f-ba94-4a53-9a39-09cb8d01bd80,java/util/ArrayList.java,iterator
bcbf1d2f-ba94-4a53-9a39-09cb8d01bd80,a8fc100f-9f94-45d2-892c-4a4bd97a3ac4,5a18750e-f490-4c77-9c8d-e3fa1bb0ecb9,->,bcbf1d2f-ba94-4a53-9a39-09cb8d01bd80,java/util/Iterator.java,hasNext
bcbf1d2f-ba94-4a53-9a39-09cb8d01bd80,a8fc100f-9f94-45d2-892c-4a4bd97a3ac4,5a18750e-f490-4c77-9c8d-e3fa1bb0ecb9,->,bcbf1d2f-ba94-4a53-9a39-09cb8d01bd80,java/util/Iterator.java,next
bcbf1d2f-ba94-4a53-9a39-09cb8d01bd80,a8fc100f-9f94-45d2-892c-4a4bd97a3ac4,5a18750e-f490-4c77-9c8d-e3fa1bb0ecb9,->,bcbf1d2f-ba94-4a53-9a39-09cb8d01bd80,8ad8d32c-554b-4ca5-9121-a6d42d158e99,66bad0f6-67ca-4082-916c-a96a8c04d28a
bcbf1d2f-ba94-4a53-9a39-09cb8d01bd80,a8fc100f-9f94-45d2-892c-4a4bd97a3ac4,5a18750e-f490-4c77-9c8d-e3fa1bb0ecb9,->,bcbf1d2f-ba94-4a53-9a39-09cb8d01bd80,java/io/RandomAccessFile.java,close
bcbf1d2f-ba94-4a53-9a39-09cb8d01bd80,a8fc100f-9f94-45d2-892c-4a4bd97a3ac4,"4f283a91-16e6-4154-be81-0f68bf2c38d9,ac89502f-47a4-4670-8a83-9b2ae4fe5f85,c3a23589-5433-4145-8a83-d19860e003dc",->,bcbf1d2f-ba94-4a53-9a39-09cb8d01bd80,java/util/ArrayList.java,iterator
bcbf1d2f-ba94-4a53-9a39-09cb8d01bd80,a8fc100f-9f94-45d2-892c-4a4bd97a3ac4,"4f283a91-16e6-4154-be81-0f68bf2c38d9,ac89502f-47a4-4670-8a83-9b2ae4fe5f85,c3a23589-5433-4145-8a83-d19860e003dc",->,bcbf1d2f-ba94-4a53-9a39-09cb8d01bd80,java/util/Iterator.java,hasNext
bcbf1d2f-ba94-4a53-9a39-09cb8d01bd80,a8fc100f-9f94-45d2-892c-4a4bd97a3ac4,"4f283a91-16e6-4154-be81-0f68bf2c38d9,ac89502f-47a4-4670-8a83-9b2ae4fe5f85,c3a23589-5433-4145-8a83-d19860e003dc",->,bcbf1d2f-ba94-4a53-9a39-09cb8d01bd80,java/util/Iterator.java,next
bcbf1d2f-ba94-4a53-9a39-09cb8d01bd80,a8fc100f-9f94-45d2-892c-4a4bd97a3ac4,"4f283a91-16e6-4154-be81-0f68bf2c38d9,ac89502f-47a4-4670-8a83-9b2ae4fe5f85,c3a23589-5433-4145-8a83-d19860e003dc",->,bcbf1d2f-ba94-4a53-9a39-09cb8d01bd80,8ad8d32c-554b-4ca5-9121-a6d42d158e99,caef80bf-cf94-4e51-9b2b-263677b85765
bcbf1d2f-ba94-4a53-9a39-09cb8d01bd80,a8fc100f-9f94-45d2-892c-4a4bd97a3ac4,"4f283a91-16e6-4154-be81-0f68bf2c38d9,ac89502f-47a4-4670-8a83-9b2ae4fe5f85,c3a23589-5433-4145-8a83-d19860e003dc",->,bcbf1d2f-ba94-4a53-9a39-09cb8d01bd80,java/io/File.java,exists
bcbf1d2f-ba94-4a53-9a39-09cb8d01bd80,a8fc100f-9f94-45d2-892c-4a4bd97a3ac4,"4f283a91-16e6-4154-be81-0f68bf2c38d9,ac89502f-47a4-4670-8a83-9b2ae4fe5f85,c3a23589-5433-4145-8a83-d19860e003dc",->,bcbf1d2f-ba94-4a53-9a39-09cb8d01bd80,java/io/File.java,isFile
bcbf1d2f-ba94-4a53-9a39-09cb8d01bd80,a8fc100f-9f94-45d2-892c-4a4bd97a3ac4,"4f283a91-16e6-4154-be81-0f68bf2c38d9,ac89502f-47a4-4670-8a83-9b2ae4fe5f85,c3a23589-5433-4145-8a83-d19860e003dc",->,bcbf1d2f-ba94-4a53-9a39-09cb8d01bd80,java/io/File.java,getCanonicalPath
bcbf1d2f-ba94-4a53-9a39-09cb8d01bd80,a8fc100f-9f94-45d2-892c-4a4bd97a3ac4,"4f283a91-16e6-4154-be81-0f68bf2c38d9,ac89502f-47a4-4670-8a83-9b2ae4fe5f85,c3a23589-5433-4145-8a83-d19860e003dc",->,bcbf1d2f-ba94-4a53-9a39-09cb8d01bd80,java/io/File.java,getCanonicalPath
bcbf1d2f-ba94-4a53-9a39-09cb8d01bd80,a8fc100f-9f94-45d2-892c-4a4bd97a3ac4,"4f283a91-16e6-4154-be81-0f68bf2c38d9,ac89502f-47a4-4670-8a83-9b2ae4fe5f85,c3a23589-5433-4145-8a83-d19860e003dc",->,bcbf1d2f-ba94-4a53-9a39-09cb8d01bd80,java/lang/String.java,equals
bcbf1d2f-ba94-4a53-9a39-09cb8d01bd80,a8fc100f-9f94-45d2-892c-4a4bd97a3ac4,"4f283a91-16e6-4154-be81-0f68bf2c38d9,ac89502f-47a4-4670-8a83-9b2ae4fe5f85,c3a23589-5433-4145-8a83-d19860e003dc",->,bcbf1d2f-ba94-4a53-9a39-09cb8d01bd80,a8fc100f-9f94-45d2-892c-4a4bd97a3ac4,"4f283a91-16e6-4154-be81-0f68bf2c38d9,ac89502f-47a4-4670-8a83-9b2ae4fe5f85,c3a23589-5433-4145-8a83-d19860e003dc"
bcbf1d2f-ba94-4a53-9a39-09cb8d01bd80,a8fc100f-9f94-45d2-892c-4a4bd97a3ac4,"4f283a91-16e6-4154-be81-0f68bf2c38d9,ac89502f-47a4-4670-8a83-9b2ae4fe5f85,c3a23589-5433-4145-8a83-d19860e003dc",->,bcbf1d2f-ba94-4a53-9a39-09cb8d01bd80,java/io/RandomAccessFile.java,close
bcbf1d2f-ba94-4a53-9a39-09cb8d01bd80,a8fc100f-9f94-45d2-892c-4a4bd97a3ac4,"4f283a91-16e6-4154-be81-0f68bf2c38d9,ac89502f-47a4-4670-8a83-9b2ae4fe5f85,c3a23589-5433-4145-8a83-d19860e003dc",->,bcbf1d2f-ba94-4a53-9a39-09cb8d01bd80,a8fc100f-9f94-45d2-892c-4a4bd97a3ac4,"4f283a91-16e6-4154-be81-0f68bf2c38d9,ac89502f-47a4-4670-8a83-9b2ae4fe5f85,c3a23589-5433-4145-8a83-d19860e003dc"
bcbf1d2f-ba94-4a53-9a39-09cb8d01bd80,a8fc100f-9f94-45d2-892c-4a4bd97a3ac4,6d97a150-5917-4a04-87b6-b4e6a5787598,->,bcbf1d2f-ba94-4a53-9a39-09cb8d01bd80,java/util/ArrayList.java,iterator
bcbf1d2f-ba94-4a53-9a39-09cb8d01bd80,a8fc100f-9f94-45d2-892c-4a4bd97a3ac4,6d97a150-5917-4a04-87b6-b4e6a5787598,->,bcbf1d2f-ba94-4a53-9a39-09cb8d01bd80,java/util/Iterator.java,hasNext
bcbf1d2f-ba94-4a53-9a39-09cb8d01bd80,a8fc100f-9f94-45d2-892c-4a4bd97a3ac4,6d97a150-5917-4a04-87b6-b4e6a5787598,->,bcbf1d2f-ba94-4a53-9a39-09cb8d01bd80,java/util/Iterator.java,next
bcbf1d2f-ba94-4a53-9a39-09cb8d01bd80,a8fc100f-9f94-45d2-892c-4a4bd97a3ac4,6d97a150-5917-4a04-87b6-b4e6a5787598,->,bcbf1d2f-ba94-4a53-9a39-09cb8d01bd80,8ad8d32c-554b-4ca5-9121-a6d42d158e99,320fd645-83ad-45bc-85d2-37f0b2349ab8
bcbf1d2f-ba94-4a53-9a39-09cb8d01bd80,a8fc100f-9f94-45d2-892c-4a4bd97a3ac4,6d97a150-5917-4a04-87b6-b4e6a5787598,->,bcbf1d2f-ba94-4a53-9a39-09cb8d01bd80,java/io/RandomAccessFile.java,close
bcbf1d2f-ba94-4a53-9a39-09cb8d01bd80,a8fc100f-9f94-45d2-892c-4a4bd97a3ac4,7e3c87e6-5d20-4a84-9324-f54959b32c3f,->,bcbf1d2f-ba94-4a53-9a39-09cb8d01bd80,java/util/ArrayList.java,size
bcbf1d2f-ba94-4a53-9a39-09cb8d01bd80,a8fc100f-9f94-45d2-892c-4a4bd97a3ac4,f03af41a-d5c1-4ea4-8b52-7609b79b974b,->,bcbf1d2f-ba94-4a53-9a39-09cb8d01bd80,java/io/File.java,getCanonicalPath
bcbf1d2f-ba94-4a53-9a39-09cb8d01bd80,a8fc100f-9f94-45d2-892c-4a4bd97a3ac4,f03af41a-d5c1-4ea4-8b52-7609b79b974b,->,bcbf1d2f-ba94-4a53-9a39-09cb8d01bd80,java/io/File.java,getAbsolutePath
bcbf1d2f-ba94-4a53-9a39-09cb8d01bd80,a8fc100f-9f94-45d2-892c-4a4bd97a3ac4,6a7f9878-a9bb-4ab2-bbfd-480f441c6dbd,->,bcbf1d2f-ba94-4a53-9a39-09cb8d01bd80,java/io/File.java,length
