caller_project_id,caller_class_id,caller_method_id,CALL_DIRECTION,callee_project_id,callee_class_id,callee_method_id
cbb2eb5b-1962-48ac-9823-8e425d916d3c,c6daa512-8880-4e28-b381-d962ebd7bb15,acb2a4b0-3c0d-4425-a3fe-ed1995cb489c,->,cbb2eb5b-1962-48ac-9823-8e425d916d3c,c6daa512-8880-4e28-b381-d962ebd7bb15,6eecaabc-8c49-423a-b404-40b3db17572d
cbb2eb5b-1962-48ac-9823-8e425d916d3c,c6daa512-8880-4e28-b381-d962ebd7bb15,acb2a4b0-3c0d-4425-a3fe-ed1995cb489c,->,cbb2eb5b-1962-48ac-9823-8e425d916d3c,java/lang/Object.java,getClass
cbb2eb5b-1962-48ac-9823-8e425d916d3c,c6daa512-8880-4e28-b381-d962ebd7bb15,acb2a4b0-3c0d-4425-a3fe-ed1995cb489c,->,cbb2eb5b-1962-48ac-9823-8e425d916d3c,66819a52-6cde-4a4b-bc25-7d1969d8712a,f13ea468-5fa4-4b8e-8155-42ba29efd5aa
cbb2eb5b-1962-48ac-9823-8e425d916d3c,c6daa512-8880-4e28-b381-d962ebd7bb15,acb2a4b0-3c0d-4425-a3fe-ed1995cb489c,->,cbb2eb5b-1962-48ac-9823-8e425d916d3c,66819a52-6cde-4a4b-bc25-7d1969d8712a,9be332b4-af0d-4f95-86d0-395930ef00fd
cbb2eb5b-1962-48ac-9823-8e425d916d3c,c6daa512-8880-4e28-b381-d962ebd7bb15,acb2a4b0-3c0d-4425-a3fe-ed1995cb489c,->,cbb2eb5b-1962-48ac-9823-8e425d916d3c,org/lwjgl/input/Keyboard.java,isKeyDown
cbb2eb5b-1962-48ac-9823-8e425d916d3c,c6daa512-8880-4e28-b381-d962ebd7bb15,acb2a4b0-3c0d-4425-a3fe-ed1995cb489c,->,cbb2eb5b-1962-48ac-9823-8e425d916d3c,org/lwjgl/input/Keyboard.java,next
cbb2eb5b-1962-48ac-9823-8e425d916d3c,c6daa512-8880-4e28-b381-d962ebd7bb15,acb2a4b0-3c0d-4425-a3fe-ed1995cb489c,->,cbb2eb5b-1962-48ac-9823-8e425d916d3c,c6daa512-8880-4e28-b381-d962ebd7bb15,3cc06233-3885-428d-9c92-12d2b4a3d925
cbb2eb5b-1962-48ac-9823-8e425d916d3c,c6daa512-8880-4e28-b381-d962ebd7bb15,6eecaabc-8c49-423a-b404-40b3db17572d,->,cbb2eb5b-1962-48ac-9823-8e425d916d3c,org/lwjgl/input/Keyboard.java,isKeyDown
cbb2eb5b-1962-48ac-9823-8e425d916d3c,c6daa512-8880-4e28-b381-d962ebd7bb15,6eecaabc-8c49-423a-b404-40b3db17572d,->,cbb2eb5b-1962-48ac-9823-8e425d916d3c,org/lwjgl/input/Keyboard.java,isKeyDown
cbb2eb5b-1962-48ac-9823-8e425d916d3c,c6daa512-8880-4e28-b381-d962ebd7bb15,6eecaabc-8c49-423a-b404-40b3db17572d,->,cbb2eb5b-1962-48ac-9823-8e425d916d3c,c6daa512-8880-4e28-b381-d962ebd7bb15,2c90e288-7fc0-46ea-aee1-b1509a7b427f
cbb2eb5b-1962-48ac-9823-8e425d916d3c,c6daa512-8880-4e28-b381-d962ebd7bb15,6eecaabc-8c49-423a-b404-40b3db17572d,->,cbb2eb5b-1962-48ac-9823-8e425d916d3c,org/lwjgl/input/Keyboard.java,isKeyDown
cbb2eb5b-1962-48ac-9823-8e425d916d3c,c6daa512-8880-4e28-b381-d962ebd7bb15,6eecaabc-8c49-423a-b404-40b3db17572d,->,cbb2eb5b-1962-48ac-9823-8e425d916d3c,org/lwjgl/input/Keyboard.java,isKeyDown
cbb2eb5b-1962-48ac-9823-8e425d916d3c,c6daa512-8880-4e28-b381-d962ebd7bb15,6eecaabc-8c49-423a-b404-40b3db17572d,->,cbb2eb5b-1962-48ac-9823-8e425d916d3c,c6daa512-8880-4e28-b381-d962ebd7bb15,2c90e288-7fc0-46ea-aee1-b1509a7b427f
cbb2eb5b-1962-48ac-9823-8e425d916d3c,c6daa512-8880-4e28-b381-d962ebd7bb15,6eecaabc-8c49-423a-b404-40b3db17572d,->,cbb2eb5b-1962-48ac-9823-8e425d916d3c,org/lwjgl/input/Keyboard.java,isKeyDown
cbb2eb5b-1962-48ac-9823-8e425d916d3c,c6daa512-8880-4e28-b381-d962ebd7bb15,6eecaabc-8c49-423a-b404-40b3db17572d,->,cbb2eb5b-1962-48ac-9823-8e425d916d3c,org/lwjgl/input/Keyboard.java,isKeyDown
cbb2eb5b-1962-48ac-9823-8e425d916d3c,c6daa512-8880-4e28-b381-d962ebd7bb15,6eecaabc-8c49-423a-b404-40b3db17572d,->,cbb2eb5b-1962-48ac-9823-8e425d916d3c,c6daa512-8880-4e28-b381-d962ebd7bb15,2c90e288-7fc0-46ea-aee1-b1509a7b427f
cbb2eb5b-1962-48ac-9823-8e425d916d3c,c6daa512-8880-4e28-b381-d962ebd7bb15,6eecaabc-8c49-423a-b404-40b3db17572d,->,cbb2eb5b-1962-48ac-9823-8e425d916d3c,org/lwjgl/input/Keyboard.java,isKeyDown
cbb2eb5b-1962-48ac-9823-8e425d916d3c,c6daa512-8880-4e28-b381-d962ebd7bb15,6eecaabc-8c49-423a-b404-40b3db17572d,->,cbb2eb5b-1962-48ac-9823-8e425d916d3c,org/lwjgl/input/Keyboard.java,isKeyDown
cbb2eb5b-1962-48ac-9823-8e425d916d3c,c6daa512-8880-4e28-b381-d962ebd7bb15,6eecaabc-8c49-423a-b404-40b3db17572d,->,cbb2eb5b-1962-48ac-9823-8e425d916d3c,c6daa512-8880-4e28-b381-d962ebd7bb15,2c90e288-7fc0-46ea-aee1-b1509a7b427f
cbb2eb5b-1962-48ac-9823-8e425d916d3c,c6daa512-8880-4e28-b381-d962ebd7bb15,6eecaabc-8c49-423a-b404-40b3db17572d,->,cbb2eb5b-1962-48ac-9823-8e425d916d3c,org/lwjgl/opengl/GL11.java,glMatrixMode
cbb2eb5b-1962-48ac-9823-8e425d916d3c,c6daa512-8880-4e28-b381-d962ebd7bb15,6eecaabc-8c49-423a-b404-40b3db17572d,->,cbb2eb5b-1962-48ac-9823-8e425d916d3c,org/lwjgl/opengl/GL11.java,glLoadIdentity
cbb2eb5b-1962-48ac-9823-8e425d916d3c,c6daa512-8880-4e28-b381-d962ebd7bb15,6eecaabc-8c49-423a-b404-40b3db17572d,->,cbb2eb5b-1962-48ac-9823-8e425d916d3c,org/lwjgl/opengl/GL11.java,glOrtho
cbb2eb5b-1962-48ac-9823-8e425d916d3c,c6daa512-8880-4e28-b381-d962ebd7bb15,3cc06233-3885-428d-9c92-12d2b4a3d925,->,cbb2eb5b-1962-48ac-9823-8e425d916d3c,java/util/ArrayList.java,iterator
cbb2eb5b-1962-48ac-9823-8e425d916d3c,c6daa512-8880-4e28-b381-d962ebd7bb15,3cc06233-3885-428d-9c92-12d2b4a3d925,->,cbb2eb5b-1962-48ac-9823-8e425d916d3c,java/util/Iterator.java,hasNext
cbb2eb5b-1962-48ac-9823-8e425d916d3c,c6daa512-8880-4e28-b381-d962ebd7bb15,3cc06233-3885-428d-9c92-12d2b4a3d925,->,cbb2eb5b-1962-48ac-9823-8e425d916d3c,java/util/Iterator.java,next
cbb2eb5b-1962-48ac-9823-8e425d916d3c,c6daa512-8880-4e28-b381-d962ebd7bb15,3cc06233-3885-428d-9c92-12d2b4a3d925,->,cbb2eb5b-1962-48ac-9823-8e425d916d3c,java/lang/Object.java,getClass
cbb2eb5b-1962-48ac-9823-8e425d916d3c,c6daa512-8880-4e28-b381-d962ebd7bb15,3cc06233-3885-428d-9c92-12d2b4a3d925,->,cbb2eb5b-1962-48ac-9823-8e425d916d3c,64c81bfb-93f6-44ae-92ba-06922c2f6485,5643c2dc-a35e-4b26-a005-5603834908aa
cbb2eb5b-1962-48ac-9823-8e425d916d3c,c6daa512-8880-4e28-b381-d962ebd7bb15,3cc06233-3885-428d-9c92-12d2b4a3d925,->,cbb2eb5b-1962-48ac-9823-8e425d916d3c,64c81bfb-93f6-44ae-92ba-06922c2f6485,5643c2dc-a35e-4b26-a005-5603834908aa
cbb2eb5b-1962-48ac-9823-8e425d916d3c,c6daa512-8880-4e28-b381-d962ebd7bb15,3cc06233-3885-428d-9c92-12d2b4a3d925,->,cbb2eb5b-1962-48ac-9823-8e425d916d3c,64c81bfb-93f6-44ae-92ba-06922c2f6485,9aa295d5-f585-4677-aa18-72a7f67fbd29
cbb2eb5b-1962-48ac-9823-8e425d916d3c,c6daa512-8880-4e28-b381-d962ebd7bb15,3cc06233-3885-428d-9c92-12d2b4a3d925,->,cbb2eb5b-1962-48ac-9823-8e425d916d3c,64c81bfb-93f6-44ae-92ba-06922c2f6485,1123f2cd-562f-43c9-a56c-2c44a7dd25f9
cbb2eb5b-1962-48ac-9823-8e425d916d3c,c6daa512-8880-4e28-b381-d962ebd7bb15,3cc06233-3885-428d-9c92-12d2b4a3d925,->,cbb2eb5b-1962-48ac-9823-8e425d916d3c,64c81bfb-93f6-44ae-92ba-06922c2f6485,1123f2cd-562f-43c9-a56c-2c44a7dd25f9
cbb2eb5b-1962-48ac-9823-8e425d916d3c,c6daa512-8880-4e28-b381-d962ebd7bb15,3cc06233-3885-428d-9c92-12d2b4a3d925,->,cbb2eb5b-1962-48ac-9823-8e425d916d3c,64c81bfb-93f6-44ae-92ba-06922c2f6485,4105e665-d635-46b3-9b18-5c1288906edf
cbb2eb5b-1962-48ac-9823-8e425d916d3c,c6daa512-8880-4e28-b381-d962ebd7bb15,3cc06233-3885-428d-9c92-12d2b4a3d925,->,cbb2eb5b-1962-48ac-9823-8e425d916d3c,fe297c3e-1f36-4dee-8b6c-f89f82e07645,b80d2a7f-8f33-49d7-9534-b9b64896290d
cbb2eb5b-1962-48ac-9823-8e425d916d3c,c6daa512-8880-4e28-b381-d962ebd7bb15,3cc06233-3885-428d-9c92-12d2b4a3d925,->,cbb2eb5b-1962-48ac-9823-8e425d916d3c,java/util/ArrayList.java,iterator
cbb2eb5b-1962-48ac-9823-8e425d916d3c,c6daa512-8880-4e28-b381-d962ebd7bb15,3cc06233-3885-428d-9c92-12d2b4a3d925,->,cbb2eb5b-1962-48ac-9823-8e425d916d3c,java/util/Iterator.java,hasNext
cbb2eb5b-1962-48ac-9823-8e425d916d3c,c6daa512-8880-4e28-b381-d962ebd7bb15,3cc06233-3885-428d-9c92-12d2b4a3d925,->,cbb2eb5b-1962-48ac-9823-8e425d916d3c,java/util/Iterator.java,next
cbb2eb5b-1962-48ac-9823-8e425d916d3c,c6daa512-8880-4e28-b381-d962ebd7bb15,3cc06233-3885-428d-9c92-12d2b4a3d925,->,cbb2eb5b-1962-48ac-9823-8e425d916d3c,java/lang/Object.java,getClass
cbb2eb5b-1962-48ac-9823-8e425d916d3c,c6daa512-8880-4e28-b381-d962ebd7bb15,3cc06233-3885-428d-9c92-12d2b4a3d925,->,cbb2eb5b-1962-48ac-9823-8e425d916d3c,c6daa512-8880-4e28-b381-d962ebd7bb15,47325d06-551c-4a3b-a038-0cf59523ad95
cbb2eb5b-1962-48ac-9823-8e425d916d3c,c6daa512-8880-4e28-b381-d962ebd7bb15,3cc06233-3885-428d-9c92-12d2b4a3d925,->,cbb2eb5b-1962-48ac-9823-8e425d916d3c,64c81bfb-93f6-44ae-92ba-06922c2f6485,3da7cab3-5f6a-4c95-884f-6f9c85b40dbb
cbb2eb5b-1962-48ac-9823-8e425d916d3c,c6daa512-8880-4e28-b381-d962ebd7bb15,3cc06233-3885-428d-9c92-12d2b4a3d925,->,cbb2eb5b-1962-48ac-9823-8e425d916d3c,java/util/ArrayList.java,iterator
cbb2eb5b-1962-48ac-9823-8e425d916d3c,c6daa512-8880-4e28-b381-d962ebd7bb15,3cc06233-3885-428d-9c92-12d2b4a3d925,->,cbb2eb5b-1962-48ac-9823-8e425d916d3c,java/util/Iterator.java,hasNext
cbb2eb5b-1962-48ac-9823-8e425d916d3c,c6daa512-8880-4e28-b381-d962ebd7bb15,3cc06233-3885-428d-9c92-12d2b4a3d925,->,cbb2eb5b-1962-48ac-9823-8e425d916d3c,java/util/Iterator.java,next
cbb2eb5b-1962-48ac-9823-8e425d916d3c,c6daa512-8880-4e28-b381-d962ebd7bb15,3cc06233-3885-428d-9c92-12d2b4a3d925,->,cbb2eb5b-1962-48ac-9823-8e425d916d3c,845d8316-2c19-4e9a-82ae-1043b7dc327d,ba6a5b44-34d2-49f7-bf45-44979f8e0314
cbb2eb5b-1962-48ac-9823-8e425d916d3c,c6daa512-8880-4e28-b381-d962ebd7bb15,3cc06233-3885-428d-9c92-12d2b4a3d925,->,cbb2eb5b-1962-48ac-9823-8e425d916d3c,c6daa512-8880-4e28-b381-d962ebd7bb15,47325d06-551c-4a3b-a038-0cf59523ad95
cbb2eb5b-1962-48ac-9823-8e425d916d3c,c6daa512-8880-4e28-b381-d962ebd7bb15,3cc06233-3885-428d-9c92-12d2b4a3d925,->,cbb2eb5b-1962-48ac-9823-8e425d916d3c,845d8316-2c19-4e9a-82ae-1043b7dc327d,d5254429-5ffc-4fe5-97ee-5e9b9ccfd142
cbb2eb5b-1962-48ac-9823-8e425d916d3c,c6daa512-8880-4e28-b381-d962ebd7bb15,3cc06233-3885-428d-9c92-12d2b4a3d925,->,cbb2eb5b-1962-48ac-9823-8e425d916d3c,java/util/ArrayList.java,size
cbb2eb5b-1962-48ac-9823-8e425d916d3c,c6daa512-8880-4e28-b381-d962ebd7bb15,3cc06233-3885-428d-9c92-12d2b4a3d925,->,cbb2eb5b-1962-48ac-9823-8e425d916d3c,845d8316-2c19-4e9a-82ae-1043b7dc327d,d5254429-5ffc-4fe5-97ee-5e9b9ccfd142
cbb2eb5b-1962-48ac-9823-8e425d916d3c,c6daa512-8880-4e28-b381-d962ebd7bb15,3cc06233-3885-428d-9c92-12d2b4a3d925,->,cbb2eb5b-1962-48ac-9823-8e425d916d3c,2a73a00e-fea6-42f9-a76a-1761e9b302d6,c262c805-70df-411e-b71d-9e40f7bda51c
cbb2eb5b-1962-48ac-9823-8e425d916d3c,c6daa512-8880-4e28-b381-d962ebd7bb15,0049bd03-80c6-4ef0-b440-f043b4a11d21,->,cbb2eb5b-1962-48ac-9823-8e425d916d3c,org/lwjgl/opengl/GL11.java,glBindTexture
cbb2eb5b-1962-48ac-9823-8e425d916d3c,c6daa512-8880-4e28-b381-d962ebd7bb15,0049bd03-80c6-4ef0-b440-f043b4a11d21,->,cbb2eb5b-1962-48ac-9823-8e425d916d3c,org/newdawn/slick/opengl/Texture.java,bind
cbb2eb5b-1962-48ac-9823-8e425d916d3c,c6daa512-8880-4e28-b381-d962ebd7bb15,0049bd03-80c6-4ef0-b440-f043b4a11d21,->,cbb2eb5b-1962-48ac-9823-8e425d916d3c,org/lwjgl/opengl/GL11.java,glBegin
cbb2eb5b-1962-48ac-9823-8e425d916d3c,c6daa512-8880-4e28-b381-d962ebd7bb15,0049bd03-80c6-4ef0-b440-f043b4a11d21,->,cbb2eb5b-1962-48ac-9823-8e425d916d3c,org/lwjgl/opengl/GL11.java,glTexCoord2f
cbb2eb5b-1962-48ac-9823-8e425d916d3c,c6daa512-8880-4e28-b381-d962ebd7bb15,0049bd03-80c6-4ef0-b440-f043b4a11d21,->,cbb2eb5b-1962-48ac-9823-8e425d916d3c,org/lwjgl/opengl/GL11.java,glVertex2f
cbb2eb5b-1962-48ac-9823-8e425d916d3c,c6daa512-8880-4e28-b381-d962ebd7bb15,0049bd03-80c6-4ef0-b440-f043b4a11d21,->,cbb2eb5b-1962-48ac-9823-8e425d916d3c,org/lwjgl/opengl/GL11.java,glTexCoord2f
cbb2eb5b-1962-48ac-9823-8e425d916d3c,c6daa512-8880-4e28-b381-d962ebd7bb15,0049bd03-80c6-4ef0-b440-f043b4a11d21,->,cbb2eb5b-1962-48ac-9823-8e425d916d3c,org/lwjgl/opengl/GL11.java,glVertex2f
cbb2eb5b-1962-48ac-9823-8e425d916d3c,c6daa512-8880-4e28-b381-d962ebd7bb15,0049bd03-80c6-4ef0-b440-f043b4a11d21,->,cbb2eb5b-1962-48ac-9823-8e425d916d3c,org/lwjgl/opengl/GL11.java,glTexCoord2f
cbb2eb5b-1962-48ac-9823-8e425d916d3c,c6daa512-8880-4e28-b381-d962ebd7bb15,0049bd03-80c6-4ef0-b440-f043b4a11d21,->,cbb2eb5b-1962-48ac-9823-8e425d916d3c,org/lwjgl/opengl/GL11.java,glVertex2f
cbb2eb5b-1962-48ac-9823-8e425d916d3c,c6daa512-8880-4e28-b381-d962ebd7bb15,0049bd03-80c6-4ef0-b440-f043b4a11d21,->,cbb2eb5b-1962-48ac-9823-8e425d916d3c,org/lwjgl/opengl/GL11.java,glTexCoord2f
cbb2eb5b-1962-48ac-9823-8e425d916d3c,c6daa512-8880-4e28-b381-d962ebd7bb15,0049bd03-80c6-4ef0-b440-f043b4a11d21,->,cbb2eb5b-1962-48ac-9823-8e425d916d3c,org/lwjgl/opengl/GL11.java,glVertex2f
cbb2eb5b-1962-48ac-9823-8e425d916d3c,c6daa512-8880-4e28-b381-d962ebd7bb15,0049bd03-80c6-4ef0-b440-f043b4a11d21,->,cbb2eb5b-1962-48ac-9823-8e425d916d3c,org/lwjgl/opengl/GL11.java,glEnd
cbb2eb5b-1962-48ac-9823-8e425d916d3c,c6daa512-8880-4e28-b381-d962ebd7bb15,8143d8dd-1ef3-472f-a983-087878f5e5cd,->,cbb2eb5b-1962-48ac-9823-8e425d916d3c,org/lwjgl/opengl/GL11.java,glBindTexture
cbb2eb5b-1962-48ac-9823-8e425d916d3c,c6daa512-8880-4e28-b381-d962ebd7bb15,8143d8dd-1ef3-472f-a983-087878f5e5cd,->,cbb2eb5b-1962-48ac-9823-8e425d916d3c,org/newdawn/slick/opengl/Texture.java,bind
cbb2eb5b-1962-48ac-9823-8e425d916d3c,c6daa512-8880-4e28-b381-d962ebd7bb15,8143d8dd-1ef3-472f-a983-087878f5e5cd,->,cbb2eb5b-1962-48ac-9823-8e425d916d3c,org/lwjgl/opengl/GL11.java,glBegin
cbb2eb5b-1962-48ac-9823-8e425d916d3c,c6daa512-8880-4e28-b381-d962ebd7bb15,8143d8dd-1ef3-472f-a983-087878f5e5cd,->,cbb2eb5b-1962-48ac-9823-8e425d916d3c,org/lwjgl/opengl/GL11.java,glTexCoord2f
cbb2eb5b-1962-48ac-9823-8e425d916d3c,c6daa512-8880-4e28-b381-d962ebd7bb15,8143d8dd-1ef3-472f-a983-087878f5e5cd,->,cbb2eb5b-1962-48ac-9823-8e425d916d3c,org/lwjgl/opengl/GL11.java,glVertex2f
cbb2eb5b-1962-48ac-9823-8e425d916d3c,c6daa512-8880-4e28-b381-d962ebd7bb15,8143d8dd-1ef3-472f-a983-087878f5e5cd,->,cbb2eb5b-1962-48ac-9823-8e425d916d3c,org/lwjgl/opengl/GL11.java,glTexCoord2f
cbb2eb5b-1962-48ac-9823-8e425d916d3c,c6daa512-8880-4e28-b381-d962ebd7bb15,8143d8dd-1ef3-472f-a983-087878f5e5cd,->,cbb2eb5b-1962-48ac-9823-8e425d916d3c,org/lwjgl/opengl/GL11.java,glVertex2f
cbb2eb5b-1962-48ac-9823-8e425d916d3c,c6daa512-8880-4e28-b381-d962ebd7bb15,8143d8dd-1ef3-472f-a983-087878f5e5cd,->,cbb2eb5b-1962-48ac-9823-8e425d916d3c,org/lwjgl/opengl/GL11.java,glTexCoord2f
cbb2eb5b-1962-48ac-9823-8e425d916d3c,c6daa512-8880-4e28-b381-d962ebd7bb15,8143d8dd-1ef3-472f-a983-087878f5e5cd,->,cbb2eb5b-1962-48ac-9823-8e425d916d3c,org/lwjgl/opengl/GL11.java,glVertex2f
cbb2eb5b-1962-48ac-9823-8e425d916d3c,c6daa512-8880-4e28-b381-d962ebd7bb15,8143d8dd-1ef3-472f-a983-087878f5e5cd,->,cbb2eb5b-1962-48ac-9823-8e425d916d3c,org/lwjgl/opengl/GL11.java,glTexCoord2f
cbb2eb5b-1962-48ac-9823-8e425d916d3c,c6daa512-8880-4e28-b381-d962ebd7bb15,8143d8dd-1ef3-472f-a983-087878f5e5cd,->,cbb2eb5b-1962-48ac-9823-8e425d916d3c,org/lwjgl/opengl/GL11.java,glVertex2f
cbb2eb5b-1962-48ac-9823-8e425d916d3c,c6daa512-8880-4e28-b381-d962ebd7bb15,8143d8dd-1ef3-472f-a983-087878f5e5cd,->,cbb2eb5b-1962-48ac-9823-8e425d916d3c,org/lwjgl/opengl/GL11.java,glEnd
cbb2eb5b-1962-48ac-9823-8e425d916d3c,c6daa512-8880-4e28-b381-d962ebd7bb15,832e3bb1-167f-49b4-a8d7-2d508d1b1e8d,->,cbb2eb5b-1962-48ac-9823-8e425d916d3c,java/lang/Math.java,pow
cbb2eb5b-1962-48ac-9823-8e425d916d3c,c6daa512-8880-4e28-b381-d962ebd7bb15,832e3bb1-167f-49b4-a8d7-2d508d1b1e8d,->,cbb2eb5b-1962-48ac-9823-8e425d916d3c,org/newdawn/slick/openal/Audio.java,playAsSoundEffect
cbb2eb5b-1962-48ac-9823-8e425d916d3c,c6daa512-8880-4e28-b381-d962ebd7bb15,2c90e288-7fc0-46ea-aee1-b1509a7b427f,->,cbb2eb5b-1962-48ac-9823-8e425d916d3c,java/util/ArrayList.java,iterator
cbb2eb5b-1962-48ac-9823-8e425d916d3c,c6daa512-8880-4e28-b381-d962ebd7bb15,2c90e288-7fc0-46ea-aee1-b1509a7b427f,->,cbb2eb5b-1962-48ac-9823-8e425d916d3c,java/util/Iterator.java,hasNext
cbb2eb5b-1962-48ac-9823-8e425d916d3c,c6daa512-8880-4e28-b381-d962ebd7bb15,2c90e288-7fc0-46ea-aee1-b1509a7b427f,->,cbb2eb5b-1962-48ac-9823-8e425d916d3c,java/util/Iterator.java,next
cbb2eb5b-1962-48ac-9823-8e425d916d3c,c6daa512-8880-4e28-b381-d962ebd7bb15,2c90e288-7fc0-46ea-aee1-b1509a7b427f,->,cbb2eb5b-1962-48ac-9823-8e425d916d3c,64c81bfb-93f6-44ae-92ba-06922c2f6485,bbb1586c-5d94-4326-992b-00ede6fc8e8b
cbb2eb5b-1962-48ac-9823-8e425d916d3c,c6daa512-8880-4e28-b381-d962ebd7bb15,2c90e288-7fc0-46ea-aee1-b1509a7b427f,->,cbb2eb5b-1962-48ac-9823-8e425d916d3c,64c81bfb-93f6-44ae-92ba-06922c2f6485,5643c2dc-a35e-4b26-a005-5603834908aa
cbb2eb5b-1962-48ac-9823-8e425d916d3c,c6daa512-8880-4e28-b381-d962ebd7bb15,2c90e288-7fc0-46ea-aee1-b1509a7b427f,->,cbb2eb5b-1962-48ac-9823-8e425d916d3c,64c81bfb-93f6-44ae-92ba-06922c2f6485,74e67e87-b23d-4869-8080-3265bfe1123a
cbb2eb5b-1962-48ac-9823-8e425d916d3c,c6daa512-8880-4e28-b381-d962ebd7bb15,2c90e288-7fc0-46ea-aee1-b1509a7b427f,->,cbb2eb5b-1962-48ac-9823-8e425d916d3c,64c81bfb-93f6-44ae-92ba-06922c2f6485,5643c2dc-a35e-4b26-a005-5603834908aa
cbb2eb5b-1962-48ac-9823-8e425d916d3c,c6daa512-8880-4e28-b381-d962ebd7bb15,2c90e288-7fc0-46ea-aee1-b1509a7b427f,->,cbb2eb5b-1962-48ac-9823-8e425d916d3c,64c81bfb-93f6-44ae-92ba-06922c2f6485,74e67e87-b23d-4869-8080-3265bfe1123a
cbb2eb5b-1962-48ac-9823-8e425d916d3c,c6daa512-8880-4e28-b381-d962ebd7bb15,2c90e288-7fc0-46ea-aee1-b1509a7b427f,->,cbb2eb5b-1962-48ac-9823-8e425d916d3c,64c81bfb-93f6-44ae-92ba-06922c2f6485,9aa295d5-f585-4677-aa18-72a7f67fbd29
cbb2eb5b-1962-48ac-9823-8e425d916d3c,c6daa512-8880-4e28-b381-d962ebd7bb15,2c90e288-7fc0-46ea-aee1-b1509a7b427f,->,cbb2eb5b-1962-48ac-9823-8e425d916d3c,64c81bfb-93f6-44ae-92ba-06922c2f6485,1123f2cd-562f-43c9-a56c-2c44a7dd25f9
cbb2eb5b-1962-48ac-9823-8e425d916d3c,c6daa512-8880-4e28-b381-d962ebd7bb15,2c90e288-7fc0-46ea-aee1-b1509a7b427f,->,cbb2eb5b-1962-48ac-9823-8e425d916d3c,64c81bfb-93f6-44ae-92ba-06922c2f6485,06083809-9a0e-4b3e-860c-6b59399ebef8
cbb2eb5b-1962-48ac-9823-8e425d916d3c,c6daa512-8880-4e28-b381-d962ebd7bb15,2c90e288-7fc0-46ea-aee1-b1509a7b427f,->,cbb2eb5b-1962-48ac-9823-8e425d916d3c,64c81bfb-93f6-44ae-92ba-06922c2f6485,1123f2cd-562f-43c9-a56c-2c44a7dd25f9
cbb2eb5b-1962-48ac-9823-8e425d916d3c,c6daa512-8880-4e28-b381-d962ebd7bb15,2c90e288-7fc0-46ea-aee1-b1509a7b427f,->,cbb2eb5b-1962-48ac-9823-8e425d916d3c,64c81bfb-93f6-44ae-92ba-06922c2f6485,06083809-9a0e-4b3e-860c-6b59399ebef8
cbb2eb5b-1962-48ac-9823-8e425d916d3c,c6daa512-8880-4e28-b381-d962ebd7bb15,2c90e288-7fc0-46ea-aee1-b1509a7b427f,->,cbb2eb5b-1962-48ac-9823-8e425d916d3c,64c81bfb-93f6-44ae-92ba-06922c2f6485,4105e665-d635-46b3-9b18-5c1288906edf
cbb2eb5b-1962-48ac-9823-8e425d916d3c,c6daa512-8880-4e28-b381-d962ebd7bb15,2c90e288-7fc0-46ea-aee1-b1509a7b427f,->,cbb2eb5b-1962-48ac-9823-8e425d916d3c,java/util/ArrayList.java,iterator
cbb2eb5b-1962-48ac-9823-8e425d916d3c,c6daa512-8880-4e28-b381-d962ebd7bb15,2c90e288-7fc0-46ea-aee1-b1509a7b427f,->,cbb2eb5b-1962-48ac-9823-8e425d916d3c,java/util/Iterator.java,hasNext
cbb2eb5b-1962-48ac-9823-8e425d916d3c,c6daa512-8880-4e28-b381-d962ebd7bb15,2c90e288-7fc0-46ea-aee1-b1509a7b427f,->,cbb2eb5b-1962-48ac-9823-8e425d916d3c,java/util/Iterator.java,next
cbb2eb5b-1962-48ac-9823-8e425d916d3c,c6daa512-8880-4e28-b381-d962ebd7bb15,2c90e288-7fc0-46ea-aee1-b1509a7b427f,->,cbb2eb5b-1962-48ac-9823-8e425d916d3c,64c81bfb-93f6-44ae-92ba-06922c2f6485,bbb1586c-5d94-4326-992b-00ede6fc8e8b
cbb2eb5b-1962-48ac-9823-8e425d916d3c,c6daa512-8880-4e28-b381-d962ebd7bb15,2c90e288-7fc0-46ea-aee1-b1509a7b427f,->,cbb2eb5b-1962-48ac-9823-8e425d916d3c,64c81bfb-93f6-44ae-92ba-06922c2f6485,5643c2dc-a35e-4b26-a005-5603834908aa
cbb2eb5b-1962-48ac-9823-8e425d916d3c,c6daa512-8880-4e28-b381-d962ebd7bb15,2c90e288-7fc0-46ea-aee1-b1509a7b427f,->,cbb2eb5b-1962-48ac-9823-8e425d916d3c,64c81bfb-93f6-44ae-92ba-06922c2f6485,74e67e87-b23d-4869-8080-3265bfe1123a
cbb2eb5b-1962-48ac-9823-8e425d916d3c,c6daa512-8880-4e28-b381-d962ebd7bb15,2c90e288-7fc0-46ea-aee1-b1509a7b427f,->,cbb2eb5b-1962-48ac-9823-8e425d916d3c,64c81bfb-93f6-44ae-92ba-06922c2f6485,5643c2dc-a35e-4b26-a005-5603834908aa
cbb2eb5b-1962-48ac-9823-8e425d916d3c,c6daa512-8880-4e28-b381-d962ebd7bb15,2c90e288-7fc0-46ea-aee1-b1509a7b427f,->,cbb2eb5b-1962-48ac-9823-8e425d916d3c,64c81bfb-93f6-44ae-92ba-06922c2f6485,74e67e87-b23d-4869-8080-3265bfe1123a
cbb2eb5b-1962-48ac-9823-8e425d916d3c,c6daa512-8880-4e28-b381-d962ebd7bb15,2c90e288-7fc0-46ea-aee1-b1509a7b427f,->,cbb2eb5b-1962-48ac-9823-8e425d916d3c,64c81bfb-93f6-44ae-92ba-06922c2f6485,9aa295d5-f585-4677-aa18-72a7f67fbd29
cbb2eb5b-1962-48ac-9823-8e425d916d3c,c6daa512-8880-4e28-b381-d962ebd7bb15,2c90e288-7fc0-46ea-aee1-b1509a7b427f,->,cbb2eb5b-1962-48ac-9823-8e425d916d3c,64c81bfb-93f6-44ae-92ba-06922c2f6485,1123f2cd-562f-43c9-a56c-2c44a7dd25f9
cbb2eb5b-1962-48ac-9823-8e425d916d3c,c6daa512-8880-4e28-b381-d962ebd7bb15,2c90e288-7fc0-46ea-aee1-b1509a7b427f,->,cbb2eb5b-1962-48ac-9823-8e425d916d3c,64c81bfb-93f6-44ae-92ba-06922c2f6485,06083809-9a0e-4b3e-860c-6b59399ebef8
cbb2eb5b-1962-48ac-9823-8e425d916d3c,c6daa512-8880-4e28-b381-d962ebd7bb15,2c90e288-7fc0-46ea-aee1-b1509a7b427f,->,cbb2eb5b-1962-48ac-9823-8e425d916d3c,64c81bfb-93f6-44ae-92ba-06922c2f6485,1123f2cd-562f-43c9-a56c-2c44a7dd25f9
cbb2eb5b-1962-48ac-9823-8e425d916d3c,c6daa512-8880-4e28-b381-d962ebd7bb15,2c90e288-7fc0-46ea-aee1-b1509a7b427f,->,cbb2eb5b-1962-48ac-9823-8e425d916d3c,64c81bfb-93f6-44ae-92ba-06922c2f6485,06083809-9a0e-4b3e-860c-6b59399ebef8
cbb2eb5b-1962-48ac-9823-8e425d916d3c,c6daa512-8880-4e28-b381-d962ebd7bb15,2c90e288-7fc0-46ea-aee1-b1509a7b427f,->,cbb2eb5b-1962-48ac-9823-8e425d916d3c,64c81bfb-93f6-44ae-92ba-06922c2f6485,4105e665-d635-46b3-9b18-5c1288906edf
cbb2eb5b-1962-48ac-9823-8e425d916d3c,c6daa512-8880-4e28-b381-d962ebd7bb15,30cb7765-2f9a-415d-a4ac-8f718630c1c0,->,cbb2eb5b-1962-48ac-9823-8e425d916d3c,c6daa512-8880-4e28-b381-d962ebd7bb15,98a2873d-d572-4405-8758-7aacd06b5dc8
cbb2eb5b-1962-48ac-9823-8e425d916d3c,c6daa512-8880-4e28-b381-d962ebd7bb15,47325d06-551c-4a3b-a038-0cf59523ad95,->,cbb2eb5b-1962-48ac-9823-8e425d916d3c,64c81bfb-93f6-44ae-92ba-06922c2f6485,06083809-9a0e-4b3e-860c-6b59399ebef8
cbb2eb5b-1962-48ac-9823-8e425d916d3c,c6daa512-8880-4e28-b381-d962ebd7bb15,47325d06-551c-4a3b-a038-0cf59523ad95,->,cbb2eb5b-1962-48ac-9823-8e425d916d3c,64c81bfb-93f6-44ae-92ba-06922c2f6485,1123f2cd-562f-43c9-a56c-2c44a7dd25f9
cbb2eb5b-1962-48ac-9823-8e425d916d3c,c6daa512-8880-4e28-b381-d962ebd7bb15,47325d06-551c-4a3b-a038-0cf59523ad95,->,cbb2eb5b-1962-48ac-9823-8e425d916d3c,64c81bfb-93f6-44ae-92ba-06922c2f6485,06083809-9a0e-4b3e-860c-6b59399ebef8
cbb2eb5b-1962-48ac-9823-8e425d916d3c,c6daa512-8880-4e28-b381-d962ebd7bb15,47325d06-551c-4a3b-a038-0cf59523ad95,->,cbb2eb5b-1962-48ac-9823-8e425d916d3c,64c81bfb-93f6-44ae-92ba-06922c2f6485,1123f2cd-562f-43c9-a56c-2c44a7dd25f9
cbb2eb5b-1962-48ac-9823-8e425d916d3c,c6daa512-8880-4e28-b381-d962ebd7bb15,47325d06-551c-4a3b-a038-0cf59523ad95,->,cbb2eb5b-1962-48ac-9823-8e425d916d3c,64c81bfb-93f6-44ae-92ba-06922c2f6485,4105e665-d635-46b3-9b18-5c1288906edf
cbb2eb5b-1962-48ac-9823-8e425d916d3c,c6daa512-8880-4e28-b381-d962ebd7bb15,47325d06-551c-4a3b-a038-0cf59523ad95,->,cbb2eb5b-1962-48ac-9823-8e425d916d3c,64c81bfb-93f6-44ae-92ba-06922c2f6485,74e67e87-b23d-4869-8080-3265bfe1123a
cbb2eb5b-1962-48ac-9823-8e425d916d3c,c6daa512-8880-4e28-b381-d962ebd7bb15,47325d06-551c-4a3b-a038-0cf59523ad95,->,cbb2eb5b-1962-48ac-9823-8e425d916d3c,64c81bfb-93f6-44ae-92ba-06922c2f6485,5643c2dc-a35e-4b26-a005-5603834908aa
cbb2eb5b-1962-48ac-9823-8e425d916d3c,c6daa512-8880-4e28-b381-d962ebd7bb15,47325d06-551c-4a3b-a038-0cf59523ad95,->,cbb2eb5b-1962-48ac-9823-8e425d916d3c,64c81bfb-93f6-44ae-92ba-06922c2f6485,74e67e87-b23d-4869-8080-3265bfe1123a
cbb2eb5b-1962-48ac-9823-8e425d916d3c,c6daa512-8880-4e28-b381-d962ebd7bb15,47325d06-551c-4a3b-a038-0cf59523ad95,->,cbb2eb5b-1962-48ac-9823-8e425d916d3c,64c81bfb-93f6-44ae-92ba-06922c2f6485,5643c2dc-a35e-4b26-a005-5603834908aa
cbb2eb5b-1962-48ac-9823-8e425d916d3c,c6daa512-8880-4e28-b381-d962ebd7bb15,47325d06-551c-4a3b-a038-0cf59523ad95,->,cbb2eb5b-1962-48ac-9823-8e425d916d3c,64c81bfb-93f6-44ae-92ba-06922c2f6485,9aa295d5-f585-4677-aa18-72a7f67fbd29
cbb2eb5b-1962-48ac-9823-8e425d916d3c,c6daa512-8880-4e28-b381-d962ebd7bb15,47325d06-551c-4a3b-a038-0cf59523ad95,->,cbb2eb5b-1962-48ac-9823-8e425d916d3c,64c81bfb-93f6-44ae-92ba-06922c2f6485,74e67e87-b23d-4869-8080-3265bfe1123a
cbb2eb5b-1962-48ac-9823-8e425d916d3c,c6daa512-8880-4e28-b381-d962ebd7bb15,47325d06-551c-4a3b-a038-0cf59523ad95,->,cbb2eb5b-1962-48ac-9823-8e425d916d3c,64c81bfb-93f6-44ae-92ba-06922c2f6485,5643c2dc-a35e-4b26-a005-5603834908aa
cbb2eb5b-1962-48ac-9823-8e425d916d3c,c6daa512-8880-4e28-b381-d962ebd7bb15,47325d06-551c-4a3b-a038-0cf59523ad95,->,cbb2eb5b-1962-48ac-9823-8e425d916d3c,64c81bfb-93f6-44ae-92ba-06922c2f6485,74e67e87-b23d-4869-8080-3265bfe1123a
cbb2eb5b-1962-48ac-9823-8e425d916d3c,c6daa512-8880-4e28-b381-d962ebd7bb15,47325d06-551c-4a3b-a038-0cf59523ad95,->,cbb2eb5b-1962-48ac-9823-8e425d916d3c,64c81bfb-93f6-44ae-92ba-06922c2f6485,5643c2dc-a35e-4b26-a005-5603834908aa
cbb2eb5b-1962-48ac-9823-8e425d916d3c,c6daa512-8880-4e28-b381-d962ebd7bb15,47325d06-551c-4a3b-a038-0cf59523ad95,->,cbb2eb5b-1962-48ac-9823-8e425d916d3c,64c81bfb-93f6-44ae-92ba-06922c2f6485,9aa295d5-f585-4677-aa18-72a7f67fbd29
cbb2eb5b-1962-48ac-9823-8e425d916d3c,c6daa512-8880-4e28-b381-d962ebd7bb15,47325d06-551c-4a3b-a038-0cf59523ad95,->,cbb2eb5b-1962-48ac-9823-8e425d916d3c,64c81bfb-93f6-44ae-92ba-06922c2f6485,06083809-9a0e-4b3e-860c-6b59399ebef8
cbb2eb5b-1962-48ac-9823-8e425d916d3c,c6daa512-8880-4e28-b381-d962ebd7bb15,47325d06-551c-4a3b-a038-0cf59523ad95,->,cbb2eb5b-1962-48ac-9823-8e425d916d3c,64c81bfb-93f6-44ae-92ba-06922c2f6485,1123f2cd-562f-43c9-a56c-2c44a7dd25f9
cbb2eb5b-1962-48ac-9823-8e425d916d3c,c6daa512-8880-4e28-b381-d962ebd7bb15,47325d06-551c-4a3b-a038-0cf59523ad95,->,cbb2eb5b-1962-48ac-9823-8e425d916d3c,64c81bfb-93f6-44ae-92ba-06922c2f6485,06083809-9a0e-4b3e-860c-6b59399ebef8
cbb2eb5b-1962-48ac-9823-8e425d916d3c,c6daa512-8880-4e28-b381-d962ebd7bb15,47325d06-551c-4a3b-a038-0cf59523ad95,->,cbb2eb5b-1962-48ac-9823-8e425d916d3c,64c81bfb-93f6-44ae-92ba-06922c2f6485,1123f2cd-562f-43c9-a56c-2c44a7dd25f9
cbb2eb5b-1962-48ac-9823-8e425d916d3c,c6daa512-8880-4e28-b381-d962ebd7bb15,47325d06-551c-4a3b-a038-0cf59523ad95,->,cbb2eb5b-1962-48ac-9823-8e425d916d3c,64c81bfb-93f6-44ae-92ba-06922c2f6485,4105e665-d635-46b3-9b18-5c1288906edf
cbb2eb5b-1962-48ac-9823-8e425d916d3c,c6daa512-8880-4e28-b381-d962ebd7bb15,47325d06-551c-4a3b-a038-0cf59523ad95,->,cbb2eb5b-1962-48ac-9823-8e425d916d3c,64c81bfb-93f6-44ae-92ba-06922c2f6485,74e67e87-b23d-4869-8080-3265bfe1123a
cbb2eb5b-1962-48ac-9823-8e425d916d3c,c6daa512-8880-4e28-b381-d962ebd7bb15,47325d06-551c-4a3b-a038-0cf59523ad95,->,cbb2eb5b-1962-48ac-9823-8e425d916d3c,64c81bfb-93f6-44ae-92ba-06922c2f6485,5643c2dc-a35e-4b26-a005-5603834908aa
cbb2eb5b-1962-48ac-9823-8e425d916d3c,c6daa512-8880-4e28-b381-d962ebd7bb15,47325d06-551c-4a3b-a038-0cf59523ad95,->,cbb2eb5b-1962-48ac-9823-8e425d916d3c,64c81bfb-93f6-44ae-92ba-06922c2f6485,9aa295d5-f585-4677-aa18-72a7f67fbd29
cbb2eb5b-1962-48ac-9823-8e425d916d3c,c6daa512-8880-4e28-b381-d962ebd7bb15,47325d06-551c-4a3b-a038-0cf59523ad95,->,cbb2eb5b-1962-48ac-9823-8e425d916d3c,64c81bfb-93f6-44ae-92ba-06922c2f6485,74e67e87-b23d-4869-8080-3265bfe1123a
cbb2eb5b-1962-48ac-9823-8e425d916d3c,c6daa512-8880-4e28-b381-d962ebd7bb15,47325d06-551c-4a3b-a038-0cf59523ad95,->,cbb2eb5b-1962-48ac-9823-8e425d916d3c,64c81bfb-93f6-44ae-92ba-06922c2f6485,5643c2dc-a35e-4b26-a005-5603834908aa
cbb2eb5b-1962-48ac-9823-8e425d916d3c,c6daa512-8880-4e28-b381-d962ebd7bb15,47325d06-551c-4a3b-a038-0cf59523ad95,->,cbb2eb5b-1962-48ac-9823-8e425d916d3c,64c81bfb-93f6-44ae-92ba-06922c2f6485,06083809-9a0e-4b3e-860c-6b59399ebef8
cbb2eb5b-1962-48ac-9823-8e425d916d3c,c6daa512-8880-4e28-b381-d962ebd7bb15,47325d06-551c-4a3b-a038-0cf59523ad95,->,cbb2eb5b-1962-48ac-9823-8e425d916d3c,64c81bfb-93f6-44ae-92ba-06922c2f6485,1123f2cd-562f-43c9-a56c-2c44a7dd25f9
cbb2eb5b-1962-48ac-9823-8e425d916d3c,c6daa512-8880-4e28-b381-d962ebd7bb15,47325d06-551c-4a3b-a038-0cf59523ad95,->,cbb2eb5b-1962-48ac-9823-8e425d916d3c,64c81bfb-93f6-44ae-92ba-06922c2f6485,06083809-9a0e-4b3e-860c-6b59399ebef8
cbb2eb5b-1962-48ac-9823-8e425d916d3c,c6daa512-8880-4e28-b381-d962ebd7bb15,47325d06-551c-4a3b-a038-0cf59523ad95,->,cbb2eb5b-1962-48ac-9823-8e425d916d3c,64c81bfb-93f6-44ae-92ba-06922c2f6485,1123f2cd-562f-43c9-a56c-2c44a7dd25f9
cbb2eb5b-1962-48ac-9823-8e425d916d3c,c6daa512-8880-4e28-b381-d962ebd7bb15,47325d06-551c-4a3b-a038-0cf59523ad95,->,cbb2eb5b-1962-48ac-9823-8e425d916d3c,64c81bfb-93f6-44ae-92ba-06922c2f6485,4105e665-d635-46b3-9b18-5c1288906edf
cbb2eb5b-1962-48ac-9823-8e425d916d3c,c6daa512-8880-4e28-b381-d962ebd7bb15,47325d06-551c-4a3b-a038-0cf59523ad95,->,cbb2eb5b-1962-48ac-9823-8e425d916d3c,64c81bfb-93f6-44ae-92ba-06922c2f6485,06083809-9a0e-4b3e-860c-6b59399ebef8
cbb2eb5b-1962-48ac-9823-8e425d916d3c,c6daa512-8880-4e28-b381-d962ebd7bb15,47325d06-551c-4a3b-a038-0cf59523ad95,->,cbb2eb5b-1962-48ac-9823-8e425d916d3c,64c81bfb-93f6-44ae-92ba-06922c2f6485,1123f2cd-562f-43c9-a56c-2c44a7dd25f9
cbb2eb5b-1962-48ac-9823-8e425d916d3c,c6daa512-8880-4e28-b381-d962ebd7bb15,47325d06-551c-4a3b-a038-0cf59523ad95,->,cbb2eb5b-1962-48ac-9823-8e425d916d3c,64c81bfb-93f6-44ae-92ba-06922c2f6485,06083809-9a0e-4b3e-860c-6b59399ebef8
cbb2eb5b-1962-48ac-9823-8e425d916d3c,c6daa512-8880-4e28-b381-d962ebd7bb15,47325d06-551c-4a3b-a038-0cf59523ad95,->,cbb2eb5b-1962-48ac-9823-8e425d916d3c,64c81bfb-93f6-44ae-92ba-06922c2f6485,1123f2cd-562f-43c9-a56c-2c44a7dd25f9
cbb2eb5b-1962-48ac-9823-8e425d916d3c,c6daa512-8880-4e28-b381-d962ebd7bb15,47325d06-551c-4a3b-a038-0cf59523ad95,->,cbb2eb5b-1962-48ac-9823-8e425d916d3c,64c81bfb-93f6-44ae-92ba-06922c2f6485,4105e665-d635-46b3-9b18-5c1288906edf
cbb2eb5b-1962-48ac-9823-8e425d916d3c,c6daa512-8880-4e28-b381-d962ebd7bb15,47325d06-551c-4a3b-a038-0cf59523ad95,->,cbb2eb5b-1962-48ac-9823-8e425d916d3c,64c81bfb-93f6-44ae-92ba-06922c2f6485,74e67e87-b23d-4869-8080-3265bfe1123a
cbb2eb5b-1962-48ac-9823-8e425d916d3c,c6daa512-8880-4e28-b381-d962ebd7bb15,47325d06-551c-4a3b-a038-0cf59523ad95,->,cbb2eb5b-1962-48ac-9823-8e425d916d3c,64c81bfb-93f6-44ae-92ba-06922c2f6485,5643c2dc-a35e-4b26-a005-5603834908aa
cbb2eb5b-1962-48ac-9823-8e425d916d3c,c6daa512-8880-4e28-b381-d962ebd7bb15,47325d06-551c-4a3b-a038-0cf59523ad95,->,cbb2eb5b-1962-48ac-9823-8e425d916d3c,64c81bfb-93f6-44ae-92ba-06922c2f6485,74e67e87-b23d-4869-8080-3265bfe1123a
cbb2eb5b-1962-48ac-9823-8e425d916d3c,c6daa512-8880-4e28-b381-d962ebd7bb15,47325d06-551c-4a3b-a038-0cf59523ad95,->,cbb2eb5b-1962-48ac-9823-8e425d916d3c,64c81bfb-93f6-44ae-92ba-06922c2f6485,5643c2dc-a35e-4b26-a005-5603834908aa
cbb2eb5b-1962-48ac-9823-8e425d916d3c,c6daa512-8880-4e28-b381-d962ebd7bb15,47325d06-551c-4a3b-a038-0cf59523ad95,->,cbb2eb5b-1962-48ac-9823-8e425d916d3c,64c81bfb-93f6-44ae-92ba-06922c2f6485,9aa295d5-f585-4677-aa18-72a7f67fbd29
cbb2eb5b-1962-48ac-9823-8e425d916d3c,c6daa512-8880-4e28-b381-d962ebd7bb15,d599c56c-140a-417e-ab57-7005ccd66eb7,->,cbb2eb5b-1962-48ac-9823-8e425d916d3c,c6daa512-8880-4e28-b381-d962ebd7bb15,832e3bb1-167f-49b4-a8d7-2d508d1b1e8d
cbb2eb5b-1962-48ac-9823-8e425d916d3c,c6daa512-8880-4e28-b381-d962ebd7bb15,c27176ba-5662-4f97-8986-05b90063759e,->,cbb2eb5b-1962-48ac-9823-8e425d916d3c,46879f7e-c569-4a06-9722-b02b4f74f7ad,33ae8702-bec7-4419-ba6c-86f800469be0
cbb2eb5b-1962-48ac-9823-8e425d916d3c,c6daa512-8880-4e28-b381-d962ebd7bb15,c27176ba-5662-4f97-8986-05b90063759e,->,cbb2eb5b-1962-48ac-9823-8e425d916d3c,b672419d-292f-4e59-a970-67249dfdf58b,1dccbdaa-3a79-49cb-8805-66d186197255
cbb2eb5b-1962-48ac-9823-8e425d916d3c,c6daa512-8880-4e28-b381-d962ebd7bb15,c27176ba-5662-4f97-8986-05b90063759e,->,cbb2eb5b-1962-48ac-9823-8e425d916d3c,46879f7e-c569-4a06-9722-b02b4f74f7ad,66267f75-3267-40b2-b80a-d9cf1886f635
cbb2eb5b-1962-48ac-9823-8e425d916d3c,c6daa512-8880-4e28-b381-d962ebd7bb15,c27176ba-5662-4f97-8986-05b90063759e,->,cbb2eb5b-1962-48ac-9823-8e425d916d3c,46879f7e-c569-4a06-9722-b02b4f74f7ad,34d3a801-e49c-41e2-916d-fa4ce7ed2b34
cbb2eb5b-1962-48ac-9823-8e425d916d3c,c6daa512-8880-4e28-b381-d962ebd7bb15,c27176ba-5662-4f97-8986-05b90063759e,->,cbb2eb5b-1962-48ac-9823-8e425d916d3c,b672419d-292f-4e59-a970-67249dfdf58b,3d4ccf83-751c-49d5-b1f8-f543c314e9eb
cbb2eb5b-1962-48ac-9823-8e425d916d3c,c6daa512-8880-4e28-b381-d962ebd7bb15,c27176ba-5662-4f97-8986-05b90063759e,->,cbb2eb5b-1962-48ac-9823-8e425d916d3c,46879f7e-c569-4a06-9722-b02b4f74f7ad,4ad34b3e-69fb-4d1c-8349-6e7cd7475efb
cbb2eb5b-1962-48ac-9823-8e425d916d3c,c6daa512-8880-4e28-b381-d962ebd7bb15,c27176ba-5662-4f97-8986-05b90063759e,->,cbb2eb5b-1962-48ac-9823-8e425d916d3c,46879f7e-c569-4a06-9722-b02b4f74f7ad,36695615-3805-4b0b-9e22-5d37a55c36e3
cbb2eb5b-1962-48ac-9823-8e425d916d3c,c6daa512-8880-4e28-b381-d962ebd7bb15,c27176ba-5662-4f97-8986-05b90063759e,->,cbb2eb5b-1962-48ac-9823-8e425d916d3c,b672419d-292f-4e59-a970-67249dfdf58b,3f813538-fdef-46a5-8651-602ceb6f02f3
cbb2eb5b-1962-48ac-9823-8e425d916d3c,c6daa512-8880-4e28-b381-d962ebd7bb15,c27176ba-5662-4f97-8986-05b90063759e,->,cbb2eb5b-1962-48ac-9823-8e425d916d3c,46879f7e-c569-4a06-9722-b02b4f74f7ad,df3c478d-5703-4fa4-a3d4-63331932bbee
cbb2eb5b-1962-48ac-9823-8e425d916d3c,c6daa512-8880-4e28-b381-d962ebd7bb15,c27176ba-5662-4f97-8986-05b90063759e,->,cbb2eb5b-1962-48ac-9823-8e425d916d3c,46879f7e-c569-4a06-9722-b02b4f74f7ad,9d4bd32d-2e46-4c1e-95ae-9395af14fcb0
cbb2eb5b-1962-48ac-9823-8e425d916d3c,c6daa512-8880-4e28-b381-d962ebd7bb15,c27176ba-5662-4f97-8986-05b90063759e,->,cbb2eb5b-1962-48ac-9823-8e425d916d3c,b672419d-292f-4e59-a970-67249dfdf58b,671d9541-87f3-4e1b-b7f9-8d1d46dfd4d2
cbb2eb5b-1962-48ac-9823-8e425d916d3c,c6daa512-8880-4e28-b381-d962ebd7bb15,c27176ba-5662-4f97-8986-05b90063759e,->,cbb2eb5b-1962-48ac-9823-8e425d916d3c,46879f7e-c569-4a06-9722-b02b4f74f7ad,fa3cbafd-1972-40f2-95e1-5e1e37c67583
cbb2eb5b-1962-48ac-9823-8e425d916d3c,c6daa512-8880-4e28-b381-d962ebd7bb15,c27176ba-5662-4f97-8986-05b90063759e,->,cbb2eb5b-1962-48ac-9823-8e425d916d3c,46879f7e-c569-4a06-9722-b02b4f74f7ad,9ca3f650-1c87-4106-9d21-91cfc26fdd5f
cbb2eb5b-1962-48ac-9823-8e425d916d3c,c6daa512-8880-4e28-b381-d962ebd7bb15,c27176ba-5662-4f97-8986-05b90063759e,->,cbb2eb5b-1962-48ac-9823-8e425d916d3c,b672419d-292f-4e59-a970-67249dfdf58b,301d4deb-e707-4f3a-955e-f21438dad52f
cbb2eb5b-1962-48ac-9823-8e425d916d3c,c6daa512-8880-4e28-b381-d962ebd7bb15,c27176ba-5662-4f97-8986-05b90063759e,->,cbb2eb5b-1962-48ac-9823-8e425d916d3c,46879f7e-c569-4a06-9722-b02b4f74f7ad,1c65dd62-aeef-45d8-895e-e7c1eb313eea
cbb2eb5b-1962-48ac-9823-8e425d916d3c,c6daa512-8880-4e28-b381-d962ebd7bb15,c27176ba-5662-4f97-8986-05b90063759e,->,cbb2eb5b-1962-48ac-9823-8e425d916d3c,46879f7e-c569-4a06-9722-b02b4f74f7ad,3633836d-81bc-4190-97a9-916d84c88feb
cbb2eb5b-1962-48ac-9823-8e425d916d3c,c6daa512-8880-4e28-b381-d962ebd7bb15,c27176ba-5662-4f97-8986-05b90063759e,->,cbb2eb5b-1962-48ac-9823-8e425d916d3c,b672419d-292f-4e59-a970-67249dfdf58b,ff87bd40-3ca7-4277-b79b-951cc6e43959
cbb2eb5b-1962-48ac-9823-8e425d916d3c,c6daa512-8880-4e28-b381-d962ebd7bb15,c27176ba-5662-4f97-8986-05b90063759e,->,cbb2eb5b-1962-48ac-9823-8e425d916d3c,46879f7e-c569-4a06-9722-b02b4f74f7ad,b3c0ecf9-e115-4637-83a3-382b745db5c8
cbb2eb5b-1962-48ac-9823-8e425d916d3c,c6daa512-8880-4e28-b381-d962ebd7bb15,c27176ba-5662-4f97-8986-05b90063759e,->,cbb2eb5b-1962-48ac-9823-8e425d916d3c,46879f7e-c569-4a06-9722-b02b4f74f7ad,3c3458b3-3188-4d2d-8bb9-69c4cdd1e14c
cbb2eb5b-1962-48ac-9823-8e425d916d3c,c6daa512-8880-4e28-b381-d962ebd7bb15,c27176ba-5662-4f97-8986-05b90063759e,->,cbb2eb5b-1962-48ac-9823-8e425d916d3c,b672419d-292f-4e59-a970-67249dfdf58b,8741815e-316f-4e7b-a2d3-d308de7ddfca
cbb2eb5b-1962-48ac-9823-8e425d916d3c,c6daa512-8880-4e28-b381-d962ebd7bb15,c27176ba-5662-4f97-8986-05b90063759e,->,cbb2eb5b-1962-48ac-9823-8e425d916d3c,46879f7e-c569-4a06-9722-b02b4f74f7ad,89d1b9b2-409a-4eb9-a4ac-bf33128a0c4d
cbb2eb5b-1962-48ac-9823-8e425d916d3c,c6daa512-8880-4e28-b381-d962ebd7bb15,c27176ba-5662-4f97-8986-05b90063759e,->,cbb2eb5b-1962-48ac-9823-8e425d916d3c,46879f7e-c569-4a06-9722-b02b4f74f7ad,84e87acd-ad8b-460a-9eb9-1ae7367e7a12
cbb2eb5b-1962-48ac-9823-8e425d916d3c,c6daa512-8880-4e28-b381-d962ebd7bb15,c27176ba-5662-4f97-8986-05b90063759e,->,cbb2eb5b-1962-48ac-9823-8e425d916d3c,b672419d-292f-4e59-a970-67249dfdf58b,aaa9df92-782a-4c91-9ecf-961f47c4f4d3
cbb2eb5b-1962-48ac-9823-8e425d916d3c,c6daa512-8880-4e28-b381-d962ebd7bb15,c27176ba-5662-4f97-8986-05b90063759e,->,cbb2eb5b-1962-48ac-9823-8e425d916d3c,46879f7e-c569-4a06-9722-b02b4f74f7ad,6187ef54-de19-48bf-8e9c-8a7182335aeb
cbb2eb5b-1962-48ac-9823-8e425d916d3c,c6daa512-8880-4e28-b381-d962ebd7bb15,c27176ba-5662-4f97-8986-05b90063759e,->,cbb2eb5b-1962-48ac-9823-8e425d916d3c,46879f7e-c569-4a06-9722-b02b4f74f7ad,832de29e-a5d1-4c85-b631-d22eda4e35fe
cbb2eb5b-1962-48ac-9823-8e425d916d3c,c6daa512-8880-4e28-b381-d962ebd7bb15,c27176ba-5662-4f97-8986-05b90063759e,->,cbb2eb5b-1962-48ac-9823-8e425d916d3c,b672419d-292f-4e59-a970-67249dfdf58b,fce5f09e-b82f-4eef-a191-863e94297629
cbb2eb5b-1962-48ac-9823-8e425d916d3c,c6daa512-8880-4e28-b381-d962ebd7bb15,c27176ba-5662-4f97-8986-05b90063759e,->,cbb2eb5b-1962-48ac-9823-8e425d916d3c,46879f7e-c569-4a06-9722-b02b4f74f7ad,cfb4b47b-aeeb-4bcb-82a4-ca380a56f372
cbb2eb5b-1962-48ac-9823-8e425d916d3c,rpg/game/player/Equip$1.java,<clinit>,->,cbb2eb5b-1962-48ac-9823-8e425d916d3c,rpg/game/armor/Armor$Type.java,values
cbb2eb5b-1962-48ac-9823-8e425d916d3c,rpg/game/player/Equip$1.java,<clinit>,->,cbb2eb5b-1962-48ac-9823-8e425d916d3c,rpg/game/armor/Armor$Type.java,ordinal
cbb2eb5b-1962-48ac-9823-8e425d916d3c,rpg/game/player/Equip$1.java,<clinit>,->,cbb2eb5b-1962-48ac-9823-8e425d916d3c,rpg/game/armor/Armor$Type.java,ordinal
cbb2eb5b-1962-48ac-9823-8e425d916d3c,rpg/game/player/Equip$1.java,<clinit>,->,cbb2eb5b-1962-48ac-9823-8e425d916d3c,rpg/game/armor/Armor$Type.java,ordinal
cbb2eb5b-1962-48ac-9823-8e425d916d3c,rpg/game/player/Equip$1.java,<clinit>,->,cbb2eb5b-1962-48ac-9823-8e425d916d3c,rpg/game/armor/Armor$Type.java,ordinal
cbb2eb5b-1962-48ac-9823-8e425d916d3c,rpg/game/player/Equip$1.java,<clinit>,->,cbb2eb5b-1962-48ac-9823-8e425d916d3c,rpg/game/armor/Armor$Type.java,ordinal
cbb2eb5b-1962-48ac-9823-8e425d916d3c,rpg/game/player/Equip$1.java,<clinit>,->,cbb2eb5b-1962-48ac-9823-8e425d916d3c,rpg/game/armor/Armor$Type.java,ordinal
cbb2eb5b-1962-48ac-9823-8e425d916d3c,rpg/game/player/Equip$1.java,<clinit>,->,cbb2eb5b-1962-48ac-9823-8e425d916d3c,rpg/game/armor/Armor$Type.java,ordinal
cbb2eb5b-1962-48ac-9823-8e425d916d3c,3b79f692-309a-4965-8e8b-48440ac3289a,4d138f36-a702-4d82-9816-3a2d0c6c84bc,->,cbb2eb5b-1962-48ac-9823-8e425d916d3c,77c0f95d-a4ee-4892-9b9f-3920e28b6b18,8c31ecd4-dd7a-46cc-9e73-5ea4fa8fb64e
cbb2eb5b-1962-48ac-9823-8e425d916d3c,3b79f692-309a-4965-8e8b-48440ac3289a,4d138f36-a702-4d82-9816-3a2d0c6c84bc,->,cbb2eb5b-1962-48ac-9823-8e425d916d3c,java/lang/Object.java,getClass
cbb2eb5b-1962-48ac-9823-8e425d916d3c,3b79f692-309a-4965-8e8b-48440ac3289a,4d138f36-a702-4d82-9816-3a2d0c6c84bc,->,cbb2eb5b-1962-48ac-9823-8e425d916d3c,java/lang/Object.java,getClass
cbb2eb5b-1962-48ac-9823-8e425d916d3c,3b79f692-309a-4965-8e8b-48440ac3289a,4d138f36-a702-4d82-9816-3a2d0c6c84bc,->,cbb2eb5b-1962-48ac-9823-8e425d916d3c,77c0f95d-a4ee-4892-9b9f-3920e28b6b18,b7b611cc-6b8f-4bee-a899-1a05b352ed51
cbb2eb5b-1962-48ac-9823-8e425d916d3c,3b79f692-309a-4965-8e8b-48440ac3289a,4d138f36-a702-4d82-9816-3a2d0c6c84bc,->,cbb2eb5b-1962-48ac-9823-8e425d916d3c,77c0f95d-a4ee-4892-9b9f-3920e28b6b18,1d791535-7ad9-4e89-8071-1c83a156d6ea
cbb2eb5b-1962-48ac-9823-8e425d916d3c,3b79f692-309a-4965-8e8b-48440ac3289a,4d138f36-a702-4d82-9816-3a2d0c6c84bc,->,cbb2eb5b-1962-48ac-9823-8e425d916d3c,java/io/PrintStream.java,println
cbb2eb5b-1962-48ac-9823-8e425d916d3c,3b79f692-309a-4965-8e8b-48440ac3289a,5ce9cddc-a782-45d3-a70e-044c2f241f51,->,cbb2eb5b-1962-48ac-9823-8e425d916d3c,java/util/ArrayList.java,iterator
cbb2eb5b-1962-48ac-9823-8e425d916d3c,3b79f692-309a-4965-8e8b-48440ac3289a,5ce9cddc-a782-45d3-a70e-044c2f241f51,->,cbb2eb5b-1962-48ac-9823-8e425d916d3c,java/util/Iterator.java,hasNext
cbb2eb5b-1962-48ac-9823-8e425d916d3c,3b79f692-309a-4965-8e8b-48440ac3289a,5ce9cddc-a782-45d3-a70e-044c2f241f51,->,cbb2eb5b-1962-48ac-9823-8e425d916d3c,java/util/Iterator.java,next
cbb2eb5b-1962-48ac-9823-8e425d916d3c,3b79f692-309a-4965-8e8b-48440ac3289a,5ce9cddc-a782-45d3-a70e-044c2f241f51,->,cbb2eb5b-1962-48ac-9823-8e425d916d3c,77c0f95d-a4ee-4892-9b9f-3920e28b6b18,8c31ecd4-dd7a-46cc-9e73-5ea4fa8fb64e
cbb2eb5b-1962-48ac-9823-8e425d916d3c,3b79f692-309a-4965-8e8b-48440ac3289a,5ce9cddc-a782-45d3-a70e-044c2f241f51,->,cbb2eb5b-1962-48ac-9823-8e425d916d3c,java/lang/Object.java,getClass
cbb2eb5b-1962-48ac-9823-8e425d916d3c,3b79f692-309a-4965-8e8b-48440ac3289a,5ce9cddc-a782-45d3-a70e-044c2f241f51,->,cbb2eb5b-1962-48ac-9823-8e425d916d3c,java/lang/Object.java,getClass
cbb2eb5b-1962-48ac-9823-8e425d916d3c,3b79f692-309a-4965-8e8b-48440ac3289a,5ce9cddc-a782-45d3-a70e-044c2f241f51,->,cbb2eb5b-1962-48ac-9823-8e425d916d3c,77c0f95d-a4ee-4892-9b9f-3920e28b6b18,b7b611cc-6b8f-4bee-a899-1a05b352ed51
cbb2eb5b-1962-48ac-9823-8e425d916d3c,3b79f692-309a-4965-8e8b-48440ac3289a,5ce9cddc-a782-45d3-a70e-044c2f241f51,->,cbb2eb5b-1962-48ac-9823-8e425d916d3c,77c0f95d-a4ee-4892-9b9f-3920e28b6b18,1d791535-7ad9-4e89-8071-1c83a156d6ea
cbb2eb5b-1962-48ac-9823-8e425d916d3c,3b79f692-309a-4965-8e8b-48440ac3289a,5ce9cddc-a782-45d3-a70e-044c2f241f51,->,cbb2eb5b-1962-48ac-9823-8e425d916d3c,java/util/ArrayList.java,size
cbb2eb5b-1962-48ac-9823-8e425d916d3c,3b79f692-309a-4965-8e8b-48440ac3289a,5ce9cddc-a782-45d3-a70e-044c2f241f51,->,cbb2eb5b-1962-48ac-9823-8e425d916d3c,java/util/ArrayList.java,add
cbb2eb5b-1962-48ac-9823-8e425d916d3c,3b79f692-309a-4965-8e8b-48440ac3289a,5ce9cddc-a782-45d3-a70e-044c2f241f51,->,cbb2eb5b-1962-48ac-9823-8e425d916d3c,java/io/PrintStream.java,println
cbb2eb5b-1962-48ac-9823-8e425d916d3c,3b79f692-309a-4965-8e8b-48440ac3289a,"a2ce3f46-bb48-4abf-8cf9-1550458903f2,fd38a742-fc69-493a-a95f-2527b82248a6",->,cbb2eb5b-1962-48ac-9823-8e425d916d3c,java/lang/Object.java,getClass
cbb2eb5b-1962-48ac-9823-8e425d916d3c,3b79f692-309a-4965-8e8b-48440ac3289a,"a2ce3f46-bb48-4abf-8cf9-1550458903f2,fd38a742-fc69-493a-a95f-2527b82248a6",->,cbb2eb5b-1962-48ac-9823-8e425d916d3c,java/lang/Object.java,getClass
cbb2eb5b-1962-48ac-9823-8e425d916d3c,3b79f692-309a-4965-8e8b-48440ac3289a,"a2ce3f46-bb48-4abf-8cf9-1550458903f2,fd38a742-fc69-493a-a95f-2527b82248a6",->,cbb2eb5b-1962-48ac-9823-8e425d916d3c,77c0f95d-a4ee-4892-9b9f-3920e28b6b18,2f82c74c-f9e4-4dcd-9f07-d3ef5aaec665
cbb2eb5b-1962-48ac-9823-8e425d916d3c,3b79f692-309a-4965-8e8b-48440ac3289a,"a2ce3f46-bb48-4abf-8cf9-1550458903f2,fd38a742-fc69-493a-a95f-2527b82248a6",->,cbb2eb5b-1962-48ac-9823-8e425d916d3c,77c0f95d-a4ee-4892-9b9f-3920e28b6b18,2f82c74c-f9e4-4dcd-9f07-d3ef5aaec665
cbb2eb5b-1962-48ac-9823-8e425d916d3c,3b79f692-309a-4965-8e8b-48440ac3289a,"a2ce3f46-bb48-4abf-8cf9-1550458903f2,fd38a742-fc69-493a-a95f-2527b82248a6",->,cbb2eb5b-1962-48ac-9823-8e425d916d3c,77c0f95d-a4ee-4892-9b9f-3920e28b6b18,2f82c74c-f9e4-4dcd-9f07-d3ef5aaec665
cbb2eb5b-1962-48ac-9823-8e425d916d3c,3b79f692-309a-4965-8e8b-48440ac3289a,"a2ce3f46-bb48-4abf-8cf9-1550458903f2,fd38a742-fc69-493a-a95f-2527b82248a6",->,cbb2eb5b-1962-48ac-9823-8e425d916d3c,77c0f95d-a4ee-4892-9b9f-3920e28b6b18,7f4451ab-5ab3-45f4-bcea-b75d65615b9e
cbb2eb5b-1962-48ac-9823-8e425d916d3c,3b79f692-309a-4965-8e8b-48440ac3289a,"a2ce3f46-bb48-4abf-8cf9-1550458903f2,fd38a742-fc69-493a-a95f-2527b82248a6",->,cbb2eb5b-1962-48ac-9823-8e425d916d3c,77c0f95d-a4ee-4892-9b9f-3920e28b6b18,2f82c74c-f9e4-4dcd-9f07-d3ef5aaec665
cbb2eb5b-1962-48ac-9823-8e425d916d3c,3b79f692-309a-4965-8e8b-48440ac3289a,1b53f71c-c098-4b8d-ace5-1318130a81e0,->,cbb2eb5b-1962-48ac-9823-8e425d916d3c,org/lwjgl/opengl/GL11.java,glDisable
cbb2eb5b-1962-48ac-9823-8e425d916d3c,3b79f692-309a-4965-8e8b-48440ac3289a,1b53f71c-c098-4b8d-ace5-1318130a81e0,->,cbb2eb5b-1962-48ac-9823-8e425d916d3c,org/lwjgl/opengl/GL11.java,glColor3f
cbb2eb5b-1962-48ac-9823-8e425d916d3c,3b79f692-309a-4965-8e8b-48440ac3289a,1b53f71c-c098-4b8d-ace5-1318130a81e0,->,cbb2eb5b-1962-48ac-9823-8e425d916d3c,org/lwjgl/opengl/GL11.java,glBegin
cbb2eb5b-1962-48ac-9823-8e425d916d3c,3b79f692-309a-4965-8e8b-48440ac3289a,1b53f71c-c098-4b8d-ace5-1318130a81e0,->,cbb2eb5b-1962-48ac-9823-8e425d916d3c,org/lwjgl/opengl/GL11.java,glVertex2f
cbb2eb5b-1962-48ac-9823-8e425d916d3c,3b79f692-309a-4965-8e8b-48440ac3289a,1b53f71c-c098-4b8d-ace5-1318130a81e0,->,cbb2eb5b-1962-48ac-9823-8e425d916d3c,org/lwjgl/opengl/GL11.java,glVertex2f
cbb2eb5b-1962-48ac-9823-8e425d916d3c,3b79f692-309a-4965-8e8b-48440ac3289a,1b53f71c-c098-4b8d-ace5-1318130a81e0,->,cbb2eb5b-1962-48ac-9823-8e425d916d3c,org/lwjgl/opengl/GL11.java,glVertex2f
cbb2eb5b-1962-48ac-9823-8e425d916d3c,3b79f692-309a-4965-8e8b-48440ac3289a,1b53f71c-c098-4b8d-ace5-1318130a81e0,->,cbb2eb5b-1962-48ac-9823-8e425d916d3c,org/lwjgl/opengl/GL11.java,glVertex2f
cbb2eb5b-1962-48ac-9823-8e425d916d3c,3b79f692-309a-4965-8e8b-48440ac3289a,1b53f71c-c098-4b8d-ace5-1318130a81e0,->,cbb2eb5b-1962-48ac-9823-8e425d916d3c,org/lwjgl/opengl/GL11.java,glEnd
cbb2eb5b-1962-48ac-9823-8e425d916d3c,3b79f692-309a-4965-8e8b-48440ac3289a,1b53f71c-c098-4b8d-ace5-1318130a81e0,->,cbb2eb5b-1962-48ac-9823-8e425d916d3c,org/lwjgl/opengl/GL11.java,glColor3f
cbb2eb5b-1962-48ac-9823-8e425d916d3c,3b79f692-309a-4965-8e8b-48440ac3289a,1b53f71c-c098-4b8d-ace5-1318130a81e0,->,cbb2eb5b-1962-48ac-9823-8e425d916d3c,org/lwjgl/opengl/GL11.java,glBegin
cbb2eb5b-1962-48ac-9823-8e425d916d3c,3b79f692-309a-4965-8e8b-48440ac3289a,1b53f71c-c098-4b8d-ace5-1318130a81e0,->,cbb2eb5b-1962-48ac-9823-8e425d916d3c,org/lwjgl/opengl/GL11.java,glVertex2f
cbb2eb5b-1962-48ac-9823-8e425d916d3c,3b79f692-309a-4965-8e8b-48440ac3289a,1b53f71c-c098-4b8d-ace5-1318130a81e0,->,cbb2eb5b-1962-48ac-9823-8e425d916d3c,org/lwjgl/opengl/GL11.java,glVertex2f
cbb2eb5b-1962-48ac-9823-8e425d916d3c,3b79f692-309a-4965-8e8b-48440ac3289a,1b53f71c-c098-4b8d-ace5-1318130a81e0,->,cbb2eb5b-1962-48ac-9823-8e425d916d3c,org/lwjgl/opengl/GL11.java,glVertex2f
cbb2eb5b-1962-48ac-9823-8e425d916d3c,3b79f692-309a-4965-8e8b-48440ac3289a,1b53f71c-c098-4b8d-ace5-1318130a81e0,->,cbb2eb5b-1962-48ac-9823-8e425d916d3c,org/lwjgl/opengl/GL11.java,glVertex2f
cbb2eb5b-1962-48ac-9823-8e425d916d3c,3b79f692-309a-4965-8e8b-48440ac3289a,1b53f71c-c098-4b8d-ace5-1318130a81e0,->,cbb2eb5b-1962-48ac-9823-8e425d916d3c,org/lwjgl/opengl/GL11.java,glEnd
cbb2eb5b-1962-48ac-9823-8e425d916d3c,3b79f692-309a-4965-8e8b-48440ac3289a,1b53f71c-c098-4b8d-ace5-1318130a81e0,->,cbb2eb5b-1962-48ac-9823-8e425d916d3c,org/lwjgl/opengl/GL11.java,glColor3f
cbb2eb5b-1962-48ac-9823-8e425d916d3c,3b79f692-309a-4965-8e8b-48440ac3289a,1b53f71c-c098-4b8d-ace5-1318130a81e0,->,cbb2eb5b-1962-48ac-9823-8e425d916d3c,org/lwjgl/opengl/GL11.java,glBegin
cbb2eb5b-1962-48ac-9823-8e425d916d3c,3b79f692-309a-4965-8e8b-48440ac3289a,1b53f71c-c098-4b8d-ace5-1318130a81e0,->,cbb2eb5b-1962-48ac-9823-8e425d916d3c,org/lwjgl/opengl/GL11.java,glVertex2f
cbb2eb5b-1962-48ac-9823-8e425d916d3c,3b79f692-309a-4965-8e8b-48440ac3289a,1b53f71c-c098-4b8d-ace5-1318130a81e0,->,cbb2eb5b-1962-48ac-9823-8e425d916d3c,org/lwjgl/opengl/GL11.java,glVertex2f
cbb2eb5b-1962-48ac-9823-8e425d916d3c,3b79f692-309a-4965-8e8b-48440ac3289a,1b53f71c-c098-4b8d-ace5-1318130a81e0,->,cbb2eb5b-1962-48ac-9823-8e425d916d3c,org/lwjgl/opengl/GL11.java,glVertex2f
cbb2eb5b-1962-48ac-9823-8e425d916d3c,3b79f692-309a-4965-8e8b-48440ac3289a,1b53f71c-c098-4b8d-ace5-1318130a81e0,->,cbb2eb5b-1962-48ac-9823-8e425d916d3c,org/lwjgl/opengl/GL11.java,glVertex2f
cbb2eb5b-1962-48ac-9823-8e425d916d3c,3b79f692-309a-4965-8e8b-48440ac3289a,1b53f71c-c098-4b8d-ace5-1318130a81e0,->,cbb2eb5b-1962-48ac-9823-8e425d916d3c,org/lwjgl/opengl/GL11.java,glEnd
cbb2eb5b-1962-48ac-9823-8e425d916d3c,3b79f692-309a-4965-8e8b-48440ac3289a,1b53f71c-c098-4b8d-ace5-1318130a81e0,->,cbb2eb5b-1962-48ac-9823-8e425d916d3c,org/lwjgl/opengl/GL11.java,glEnable
cbb2eb5b-1962-48ac-9823-8e425d916d3c,3b79f692-309a-4965-8e8b-48440ac3289a,1b53f71c-c098-4b8d-ace5-1318130a81e0,->,cbb2eb5b-1962-48ac-9823-8e425d916d3c,org/lwjgl/opengl/GL11.java,glColor3f
cbb2eb5b-1962-48ac-9823-8e425d916d3c,3b79f692-309a-4965-8e8b-48440ac3289a,1b53f71c-c098-4b8d-ace5-1318130a81e0,->,cbb2eb5b-1962-48ac-9823-8e425d916d3c,77c0f95d-a4ee-4892-9b9f-3920e28b6b18,7faa9310-49a3-4f73-8c77-015c456bc8f7
cbb2eb5b-1962-48ac-9823-8e425d916d3c,3b79f692-309a-4965-8e8b-48440ac3289a,1b53f71c-c098-4b8d-ace5-1318130a81e0,->,cbb2eb5b-1962-48ac-9823-8e425d916d3c,77c0f95d-a4ee-4892-9b9f-3920e28b6b18,2f82c74c-f9e4-4dcd-9f07-d3ef5aaec665
cbb2eb5b-1962-48ac-9823-8e425d916d3c,3b79f692-309a-4965-8e8b-48440ac3289a,1b53f71c-c098-4b8d-ace5-1318130a81e0,->,cbb2eb5b-1962-48ac-9823-8e425d916d3c,java/lang/Integer.java,toString
cbb2eb5b-1962-48ac-9823-8e425d916d3c,3b79f692-309a-4965-8e8b-48440ac3289a,1b53f71c-c098-4b8d-ace5-1318130a81e0,->,cbb2eb5b-1962-48ac-9823-8e425d916d3c,77c0f95d-a4ee-4892-9b9f-3920e28b6b18,8c31ecd4-dd7a-46cc-9e73-5ea4fa8fb64e
cbb2eb5b-1962-48ac-9823-8e425d916d3c,3b79f692-309a-4965-8e8b-48440ac3289a,1b53f71c-c098-4b8d-ace5-1318130a81e0,->,cbb2eb5b-1962-48ac-9823-8e425d916d3c,java/lang/String.java,length
cbb2eb5b-1962-48ac-9823-8e425d916d3c,3b79f692-309a-4965-8e8b-48440ac3289a,1b53f71c-c098-4b8d-ace5-1318130a81e0,->,cbb2eb5b-1962-48ac-9823-8e425d916d3c,d177ce1a-e305-4bd8-af86-8e633ce71dad,eb4c2561-c087-4770-9c56-fa3a2871fc2d
cbb2eb5b-1962-48ac-9823-8e425d916d3c,3b79f692-309a-4965-8e8b-48440ac3289a,1b53f71c-c098-4b8d-ace5-1318130a81e0,->,cbb2eb5b-1962-48ac-9823-8e425d916d3c,org/lwjgl/opengl/GL11.java,glDisable
cbb2eb5b-1962-48ac-9823-8e425d916d3c,3b79f692-309a-4965-8e8b-48440ac3289a,1b53f71c-c098-4b8d-ace5-1318130a81e0,->,cbb2eb5b-1962-48ac-9823-8e425d916d3c,org/lwjgl/opengl/GL11.java,glEnable
cbb2eb5b-1962-48ac-9823-8e425d916d3c,3b79f692-309a-4965-8e8b-48440ac3289a,1b53f71c-c098-4b8d-ace5-1318130a81e0,->,cbb2eb5b-1962-48ac-9823-8e425d916d3c,778b8e83-f100-4f18-bc26-1055a60efbd6,68b3c81b-0a0d-4d7f-b5b7-91404379865c
cbb2eb5b-1962-48ac-9823-8e425d916d3c,3b79f692-309a-4965-8e8b-48440ac3289a,1b53f71c-c098-4b8d-ace5-1318130a81e0,->,cbb2eb5b-1962-48ac-9823-8e425d916d3c,8a0f5404-d388-47dd-a794-513c804a1ada,04aeec51-b90d-41cd-9362-d9c6a4bb40ae
cbb2eb5b-1962-48ac-9823-8e425d916d3c,3b79f692-309a-4965-8e8b-48440ac3289a,1b53f71c-c098-4b8d-ace5-1318130a81e0,->,cbb2eb5b-1962-48ac-9823-8e425d916d3c,java/lang/String.java,length
cbb2eb5b-1962-48ac-9823-8e425d916d3c,3b79f692-309a-4965-8e8b-48440ac3289a,1b53f71c-c098-4b8d-ace5-1318130a81e0,->,cbb2eb5b-1962-48ac-9823-8e425d916d3c,d177ce1a-e305-4bd8-af86-8e633ce71dad,eb4c2561-c087-4770-9c56-fa3a2871fc2d
cbb2eb5b-1962-48ac-9823-8e425d916d3c,3b79f692-309a-4965-8e8b-48440ac3289a,c39162fd-6de3-4e30-84ea-b216801b57b8,->,cbb2eb5b-1962-48ac-9823-8e425d916d3c,c6daa512-8880-4e28-b381-d962ebd7bb15,e24ae3e0-51d6-4a9e-9381-4237fba83b02
cbb2eb5b-1962-48ac-9823-8e425d916d3c,3b79f692-309a-4965-8e8b-48440ac3289a,c39162fd-6de3-4e30-84ea-b216801b57b8,->,cbb2eb5b-1962-48ac-9823-8e425d916d3c,c6daa512-8880-4e28-b381-d962ebd7bb15,f530208a-2844-482c-b146-d92fc14be719
cbb2eb5b-1962-48ac-9823-8e425d916d3c,3b79f692-309a-4965-8e8b-48440ac3289a,c39162fd-6de3-4e30-84ea-b216801b57b8,->,cbb2eb5b-1962-48ac-9823-8e425d916d3c,c6daa512-8880-4e28-b381-d962ebd7bb15,e24ae3e0-51d6-4a9e-9381-4237fba83b02
cbb2eb5b-1962-48ac-9823-8e425d916d3c,3b79f692-309a-4965-8e8b-48440ac3289a,c39162fd-6de3-4e30-84ea-b216801b57b8,->,cbb2eb5b-1962-48ac-9823-8e425d916d3c,c6daa512-8880-4e28-b381-d962ebd7bb15,e24ae3e0-51d6-4a9e-9381-4237fba83b02
cbb2eb5b-1962-48ac-9823-8e425d916d3c,3b79f692-309a-4965-8e8b-48440ac3289a,c39162fd-6de3-4e30-84ea-b216801b57b8,->,cbb2eb5b-1962-48ac-9823-8e425d916d3c,c6daa512-8880-4e28-b381-d962ebd7bb15,f530208a-2844-482c-b146-d92fc14be719
cbb2eb5b-1962-48ac-9823-8e425d916d3c,3b79f692-309a-4965-8e8b-48440ac3289a,c39162fd-6de3-4e30-84ea-b216801b57b8,->,cbb2eb5b-1962-48ac-9823-8e425d916d3c,c6daa512-8880-4e28-b381-d962ebd7bb15,f530208a-2844-482c-b146-d92fc14be719
cbb2eb5b-1962-48ac-9823-8e425d916d3c,3b79f692-309a-4965-8e8b-48440ac3289a,c39162fd-6de3-4e30-84ea-b216801b57b8,->,cbb2eb5b-1962-48ac-9823-8e425d916d3c,org/lwjgl/input/Keyboard.java,getEventKeyState
cbb2eb5b-1962-48ac-9823-8e425d916d3c,3b79f692-309a-4965-8e8b-48440ac3289a,c39162fd-6de3-4e30-84ea-b216801b57b8,->,cbb2eb5b-1962-48ac-9823-8e425d916d3c,org/lwjgl/input/Keyboard.java,getEventKey
cbb2eb5b-1962-48ac-9823-8e425d916d3c,3b79f692-309a-4965-8e8b-48440ac3289a,c39162fd-6de3-4e30-84ea-b216801b57b8,->,cbb2eb5b-1962-48ac-9823-8e425d916d3c,org/newdawn/slick/openal/Audio.java,playAsSoundEffect
cbb2eb5b-1962-48ac-9823-8e425d916d3c,3b79f692-309a-4965-8e8b-48440ac3289a,c39162fd-6de3-4e30-84ea-b216801b57b8,->,cbb2eb5b-1962-48ac-9823-8e425d916d3c,2a73a00e-fea6-42f9-a76a-1761e9b302d6,8c11f2ba-6b29-4ec0-ae70-b3431aa0c07f
cbb2eb5b-1962-48ac-9823-8e425d916d3c,3b79f692-309a-4965-8e8b-48440ac3289a,c39162fd-6de3-4e30-84ea-b216801b57b8,->,cbb2eb5b-1962-48ac-9823-8e425d916d3c,org/newdawn/slick/openal/Audio.java,playAsSoundEffect
cbb2eb5b-1962-48ac-9823-8e425d916d3c,3b79f692-309a-4965-8e8b-48440ac3289a,c39162fd-6de3-4e30-84ea-b216801b57b8,->,cbb2eb5b-1962-48ac-9823-8e425d916d3c,2a73a00e-fea6-42f9-a76a-1761e9b302d6,62d4b390-79bb-4ec2-bf43-69d03dddfc75
cbb2eb5b-1962-48ac-9823-8e425d916d3c,3b79f692-309a-4965-8e8b-48440ac3289a,c39162fd-6de3-4e30-84ea-b216801b57b8,->,cbb2eb5b-1962-48ac-9823-8e425d916d3c,2a73a00e-fea6-42f9-a76a-1761e9b302d6,8c11f2ba-6b29-4ec0-ae70-b3431aa0c07f
cbb2eb5b-1962-48ac-9823-8e425d916d3c,3b79f692-309a-4965-8e8b-48440ac3289a,c39162fd-6de3-4e30-84ea-b216801b57b8,->,cbb2eb5b-1962-48ac-9823-8e425d916d3c,77c0f95d-a4ee-4892-9b9f-3920e28b6b18,ea0ada97-5400-4a7f-984c-230f51d2e268
cbb2eb5b-1962-48ac-9823-8e425d916d3c,3b79f692-309a-4965-8e8b-48440ac3289a,c39162fd-6de3-4e30-84ea-b216801b57b8,->,cbb2eb5b-1962-48ac-9823-8e425d916d3c,c6daa512-8880-4e28-b381-d962ebd7bb15,42f393ed-f0da-4c18-997b-ae3d89e2d756
cbb2eb5b-1962-48ac-9823-8e425d916d3c,3b79f692-309a-4965-8e8b-48440ac3289a,c39162fd-6de3-4e30-84ea-b216801b57b8,->,cbb2eb5b-1962-48ac-9823-8e425d916d3c,77c0f95d-a4ee-4892-9b9f-3920e28b6b18,07890a3e-4875-495a-8d6a-a07ae554c863
cbb2eb5b-1962-48ac-9823-8e425d916d3c,3b79f692-309a-4965-8e8b-48440ac3289a,c39162fd-6de3-4e30-84ea-b216801b57b8,->,cbb2eb5b-1962-48ac-9823-8e425d916d3c,829bf402-59e9-4067-865b-bf0bfe3b96a5,b165c79f-2965-4aec-8478-f100018adb10
cbb2eb5b-1962-48ac-9823-8e425d916d3c,3b79f692-309a-4965-8e8b-48440ac3289a,c39162fd-6de3-4e30-84ea-b216801b57b8,->,cbb2eb5b-1962-48ac-9823-8e425d916d3c,77c0f95d-a4ee-4892-9b9f-3920e28b6b18,ea0ada97-5400-4a7f-984c-230f51d2e268
cbb2eb5b-1962-48ac-9823-8e425d916d3c,3b79f692-309a-4965-8e8b-48440ac3289a,c39162fd-6de3-4e30-84ea-b216801b57b8,->,cbb2eb5b-1962-48ac-9823-8e425d916d3c,org/newdawn/slick/openal/Audio.java,playAsSoundEffect
cbb2eb5b-1962-48ac-9823-8e425d916d3c,3b79f692-309a-4965-8e8b-48440ac3289a,c39162fd-6de3-4e30-84ea-b216801b57b8,->,cbb2eb5b-1962-48ac-9823-8e425d916d3c,2a73a00e-fea6-42f9-a76a-1761e9b302d6,62d4b390-79bb-4ec2-bf43-69d03dddfc75
cbb2eb5b-1962-48ac-9823-8e425d916d3c,3b79f692-309a-4965-8e8b-48440ac3289a,c39162fd-6de3-4e30-84ea-b216801b57b8,->,cbb2eb5b-1962-48ac-9823-8e425d916d3c,2a73a00e-fea6-42f9-a76a-1761e9b302d6,8c11f2ba-6b29-4ec0-ae70-b3431aa0c07f
cbb2eb5b-1962-48ac-9823-8e425d916d3c,b672419d-292f-4e59-a970-67249dfdf58b,1dccbdaa-3a79-49cb-8805-66d186197255,->,cbb2eb5b-1962-48ac-9823-8e425d916d3c,829bf402-59e9-4067-865b-bf0bfe3b96a5,584f9bfa-dbdd-4e6e-af75-7c0fc7ecb046
cbb2eb5b-1962-48ac-9823-8e425d916d3c,b672419d-292f-4e59-a970-67249dfdf58b,1dccbdaa-3a79-49cb-8805-66d186197255,->,cbb2eb5b-1962-48ac-9823-8e425d916d3c,46879f7e-c569-4a06-9722-b02b4f74f7ad,33ae8702-bec7-4419-ba6c-86f800469be0
cbb2eb5b-1962-48ac-9823-8e425d916d3c,b672419d-292f-4e59-a970-67249dfdf58b,3d4ccf83-751c-49d5-b1f8-f543c314e9eb,->,cbb2eb5b-1962-48ac-9823-8e425d916d3c,829bf402-59e9-4067-865b-bf0bfe3b96a5,584f9bfa-dbdd-4e6e-af75-7c0fc7ecb046
cbb2eb5b-1962-48ac-9823-8e425d916d3c,b672419d-292f-4e59-a970-67249dfdf58b,3d4ccf83-751c-49d5-b1f8-f543c314e9eb,->,cbb2eb5b-1962-48ac-9823-8e425d916d3c,46879f7e-c569-4a06-9722-b02b4f74f7ad,34d3a801-e49c-41e2-916d-fa4ce7ed2b34
cbb2eb5b-1962-48ac-9823-8e425d916d3c,b672419d-292f-4e59-a970-67249dfdf58b,3f813538-fdef-46a5-8651-602ceb6f02f3,->,cbb2eb5b-1962-48ac-9823-8e425d916d3c,829bf402-59e9-4067-865b-bf0bfe3b96a5,584f9bfa-dbdd-4e6e-af75-7c0fc7ecb046
cbb2eb5b-1962-48ac-9823-8e425d916d3c,b672419d-292f-4e59-a970-67249dfdf58b,3f813538-fdef-46a5-8651-602ceb6f02f3,->,cbb2eb5b-1962-48ac-9823-8e425d916d3c,46879f7e-c569-4a06-9722-b02b4f74f7ad,36695615-3805-4b0b-9e22-5d37a55c36e3
cbb2eb5b-1962-48ac-9823-8e425d916d3c,b672419d-292f-4e59-a970-67249dfdf58b,671d9541-87f3-4e1b-b7f9-8d1d46dfd4d2,->,cbb2eb5b-1962-48ac-9823-8e425d916d3c,829bf402-59e9-4067-865b-bf0bfe3b96a5,584f9bfa-dbdd-4e6e-af75-7c0fc7ecb046
cbb2eb5b-1962-48ac-9823-8e425d916d3c,b672419d-292f-4e59-a970-67249dfdf58b,671d9541-87f3-4e1b-b7f9-8d1d46dfd4d2,->,cbb2eb5b-1962-48ac-9823-8e425d916d3c,46879f7e-c569-4a06-9722-b02b4f74f7ad,9d4bd32d-2e46-4c1e-95ae-9395af14fcb0
cbb2eb5b-1962-48ac-9823-8e425d916d3c,b672419d-292f-4e59-a970-67249dfdf58b,301d4deb-e707-4f3a-955e-f21438dad52f,->,cbb2eb5b-1962-48ac-9823-8e425d916d3c,829bf402-59e9-4067-865b-bf0bfe3b96a5,584f9bfa-dbdd-4e6e-af75-7c0fc7ecb046
cbb2eb5b-1962-48ac-9823-8e425d916d3c,b672419d-292f-4e59-a970-67249dfdf58b,301d4deb-e707-4f3a-955e-f21438dad52f,->,cbb2eb5b-1962-48ac-9823-8e425d916d3c,46879f7e-c569-4a06-9722-b02b4f74f7ad,9ca3f650-1c87-4106-9d21-91cfc26fdd5f
cbb2eb5b-1962-48ac-9823-8e425d916d3c,b672419d-292f-4e59-a970-67249dfdf58b,ff87bd40-3ca7-4277-b79b-951cc6e43959,->,cbb2eb5b-1962-48ac-9823-8e425d916d3c,829bf402-59e9-4067-865b-bf0bfe3b96a5,584f9bfa-dbdd-4e6e-af75-7c0fc7ecb046
cbb2eb5b-1962-48ac-9823-8e425d916d3c,b672419d-292f-4e59-a970-67249dfdf58b,ff87bd40-3ca7-4277-b79b-951cc6e43959,->,cbb2eb5b-1962-48ac-9823-8e425d916d3c,46879f7e-c569-4a06-9722-b02b4f74f7ad,3633836d-81bc-4190-97a9-916d84c88feb
cbb2eb5b-1962-48ac-9823-8e425d916d3c,b672419d-292f-4e59-a970-67249dfdf58b,8741815e-316f-4e7b-a2d3-d308de7ddfca,->,cbb2eb5b-1962-48ac-9823-8e425d916d3c,829bf402-59e9-4067-865b-bf0bfe3b96a5,584f9bfa-dbdd-4e6e-af75-7c0fc7ecb046
cbb2eb5b-1962-48ac-9823-8e425d916d3c,b672419d-292f-4e59-a970-67249dfdf58b,8741815e-316f-4e7b-a2d3-d308de7ddfca,->,cbb2eb5b-1962-48ac-9823-8e425d916d3c,46879f7e-c569-4a06-9722-b02b4f74f7ad,3c3458b3-3188-4d2d-8bb9-69c4cdd1e14c
cbb2eb5b-1962-48ac-9823-8e425d916d3c,b672419d-292f-4e59-a970-67249dfdf58b,aaa9df92-782a-4c91-9ecf-961f47c4f4d3,->,cbb2eb5b-1962-48ac-9823-8e425d916d3c,829bf402-59e9-4067-865b-bf0bfe3b96a5,584f9bfa-dbdd-4e6e-af75-7c0fc7ecb046
cbb2eb5b-1962-48ac-9823-8e425d916d3c,b672419d-292f-4e59-a970-67249dfdf58b,aaa9df92-782a-4c91-9ecf-961f47c4f4d3,->,cbb2eb5b-1962-48ac-9823-8e425d916d3c,46879f7e-c569-4a06-9722-b02b4f74f7ad,84e87acd-ad8b-460a-9eb9-1ae7367e7a12
cbb2eb5b-1962-48ac-9823-8e425d916d3c,b672419d-292f-4e59-a970-67249dfdf58b,fce5f09e-b82f-4eef-a191-863e94297629,->,cbb2eb5b-1962-48ac-9823-8e425d916d3c,829bf402-59e9-4067-865b-bf0bfe3b96a5,584f9bfa-dbdd-4e6e-af75-7c0fc7ecb046
cbb2eb5b-1962-48ac-9823-8e425d916d3c,b672419d-292f-4e59-a970-67249dfdf58b,fce5f09e-b82f-4eef-a191-863e94297629,->,cbb2eb5b-1962-48ac-9823-8e425d916d3c,46879f7e-c569-4a06-9722-b02b4f74f7ad,832de29e-a5d1-4c85-b631-d22eda4e35fe
cbb2eb5b-1962-48ac-9823-8e425d916d3c,b672419d-292f-4e59-a970-67249dfdf58b,587bbf4d-e82b-4675-b351-c855101da671,->,cbb2eb5b-1962-48ac-9823-8e425d916d3c,829bf402-59e9-4067-865b-bf0bfe3b96a5,3ede2dbd-6f41-40f1-93ca-8c9f32e58113
cbb2eb5b-1962-48ac-9823-8e425d916d3c,b672419d-292f-4e59-a970-67249dfdf58b,587bbf4d-e82b-4675-b351-c855101da671,->,cbb2eb5b-1962-48ac-9823-8e425d916d3c,rpg/game/armor/Armor$Type.java,ordinal
cbb2eb5b-1962-48ac-9823-8e425d916d3c,b672419d-292f-4e59-a970-67249dfdf58b,587bbf4d-e82b-4675-b351-c855101da671,->,cbb2eb5b-1962-48ac-9823-8e425d916d3c,c6daa512-8880-4e28-b381-d962ebd7bb15,c27176ba-5662-4f97-8986-05b90063759e
cbb2eb5b-1962-48ac-9823-8e425d916d3c,21d87c94-c398-435d-adaa-70fe75b4aa7e,fd13cf24-0fc4-4074-a682-6960c14ae90d,->,cbb2eb5b-1962-48ac-9823-8e425d916d3c,org/lwjgl/opengl/GL11.java,glDisable
cbb2eb5b-1962-48ac-9823-8e425d916d3c,21d87c94-c398-435d-adaa-70fe75b4aa7e,fd13cf24-0fc4-4074-a682-6960c14ae90d,->,cbb2eb5b-1962-48ac-9823-8e425d916d3c,org/lwjgl/opengl/GL11.java,glColor3f
cbb2eb5b-1962-48ac-9823-8e425d916d3c,21d87c94-c398-435d-adaa-70fe75b4aa7e,fd13cf24-0fc4-4074-a682-6960c14ae90d,->,cbb2eb5b-1962-48ac-9823-8e425d916d3c,org/lwjgl/opengl/GL11.java,glBegin
cbb2eb5b-1962-48ac-9823-8e425d916d3c,21d87c94-c398-435d-adaa-70fe75b4aa7e,fd13cf24-0fc4-4074-a682-6960c14ae90d,->,cbb2eb5b-1962-48ac-9823-8e425d916d3c,c6daa512-8880-4e28-b381-d962ebd7bb15,e24ae3e0-51d6-4a9e-9381-4237fba83b02
cbb2eb5b-1962-48ac-9823-8e425d916d3c,21d87c94-c398-435d-adaa-70fe75b4aa7e,fd13cf24-0fc4-4074-a682-6960c14ae90d,->,cbb2eb5b-1962-48ac-9823-8e425d916d3c,c6daa512-8880-4e28-b381-d962ebd7bb15,f530208a-2844-482c-b146-d92fc14be719
cbb2eb5b-1962-48ac-9823-8e425d916d3c,21d87c94-c398-435d-adaa-70fe75b4aa7e,fd13cf24-0fc4-4074-a682-6960c14ae90d,->,cbb2eb5b-1962-48ac-9823-8e425d916d3c,org/lwjgl/opengl/GL11.java,glVertex2f
cbb2eb5b-1962-48ac-9823-8e425d916d3c,21d87c94-c398-435d-adaa-70fe75b4aa7e,fd13cf24-0fc4-4074-a682-6960c14ae90d,->,cbb2eb5b-1962-48ac-9823-8e425d916d3c,c6daa512-8880-4e28-b381-d962ebd7bb15,e24ae3e0-51d6-4a9e-9381-4237fba83b02
cbb2eb5b-1962-48ac-9823-8e425d916d3c,21d87c94-c398-435d-adaa-70fe75b4aa7e,fd13cf24-0fc4-4074-a682-6960c14ae90d,->,cbb2eb5b-1962-48ac-9823-8e425d916d3c,c6daa512-8880-4e28-b381-d962ebd7bb15,f530208a-2844-482c-b146-d92fc14be719
cbb2eb5b-1962-48ac-9823-8e425d916d3c,21d87c94-c398-435d-adaa-70fe75b4aa7e,fd13cf24-0fc4-4074-a682-6960c14ae90d,->,cbb2eb5b-1962-48ac-9823-8e425d916d3c,org/lwjgl/opengl/GL11.java,glVertex2f
cbb2eb5b-1962-48ac-9823-8e425d916d3c,21d87c94-c398-435d-adaa-70fe75b4aa7e,fd13cf24-0fc4-4074-a682-6960c14ae90d,->,cbb2eb5b-1962-48ac-9823-8e425d916d3c,c6daa512-8880-4e28-b381-d962ebd7bb15,e24ae3e0-51d6-4a9e-9381-4237fba83b02
cbb2eb5b-1962-48ac-9823-8e425d916d3c,21d87c94-c398-435d-adaa-70fe75b4aa7e,fd13cf24-0fc4-4074-a682-6960c14ae90d,->,cbb2eb5b-1962-48ac-9823-8e425d916d3c,c6daa512-8880-4e28-b381-d962ebd7bb15,f530208a-2844-482c-b146-d92fc14be719
cbb2eb5b-1962-48ac-9823-8e425d916d3c,21d87c94-c398-435d-adaa-70fe75b4aa7e,fd13cf24-0fc4-4074-a682-6960c14ae90d,->,cbb2eb5b-1962-48ac-9823-8e425d916d3c,org/lwjgl/opengl/GL11.java,glVertex2f
cbb2eb5b-1962-48ac-9823-8e425d916d3c,21d87c94-c398-435d-adaa-70fe75b4aa7e,fd13cf24-0fc4-4074-a682-6960c14ae90d,->,cbb2eb5b-1962-48ac-9823-8e425d916d3c,c6daa512-8880-4e28-b381-d962ebd7bb15,e24ae3e0-51d6-4a9e-9381-4237fba83b02
cbb2eb5b-1962-48ac-9823-8e425d916d3c,21d87c94-c398-435d-adaa-70fe75b4aa7e,fd13cf24-0fc4-4074-a682-6960c14ae90d,->,cbb2eb5b-1962-48ac-9823-8e425d916d3c,c6daa512-8880-4e28-b381-d962ebd7bb15,f530208a-2844-482c-b146-d92fc14be719
cbb2eb5b-1962-48ac-9823-8e425d916d3c,21d87c94-c398-435d-adaa-70fe75b4aa7e,fd13cf24-0fc4-4074-a682-6960c14ae90d,->,cbb2eb5b-1962-48ac-9823-8e425d916d3c,org/lwjgl/opengl/GL11.java,glVertex2f
cbb2eb5b-1962-48ac-9823-8e425d916d3c,21d87c94-c398-435d-adaa-70fe75b4aa7e,fd13cf24-0fc4-4074-a682-6960c14ae90d,->,cbb2eb5b-1962-48ac-9823-8e425d916d3c,org/lwjgl/opengl/GL11.java,glEnd
cbb2eb5b-1962-48ac-9823-8e425d916d3c,21d87c94-c398-435d-adaa-70fe75b4aa7e,fd13cf24-0fc4-4074-a682-6960c14ae90d,->,cbb2eb5b-1962-48ac-9823-8e425d916d3c,org/lwjgl/opengl/GL11.java,glColor3f
cbb2eb5b-1962-48ac-9823-8e425d916d3c,21d87c94-c398-435d-adaa-70fe75b4aa7e,fd13cf24-0fc4-4074-a682-6960c14ae90d,->,cbb2eb5b-1962-48ac-9823-8e425d916d3c,org/lwjgl/opengl/GL11.java,glBegin
cbb2eb5b-1962-48ac-9823-8e425d916d3c,21d87c94-c398-435d-adaa-70fe75b4aa7e,fd13cf24-0fc4-4074-a682-6960c14ae90d,->,cbb2eb5b-1962-48ac-9823-8e425d916d3c,c6daa512-8880-4e28-b381-d962ebd7bb15,e24ae3e0-51d6-4a9e-9381-4237fba83b02
cbb2eb5b-1962-48ac-9823-8e425d916d3c,21d87c94-c398-435d-adaa-70fe75b4aa7e,fd13cf24-0fc4-4074-a682-6960c14ae90d,->,cbb2eb5b-1962-48ac-9823-8e425d916d3c,c6daa512-8880-4e28-b381-d962ebd7bb15,f530208a-2844-482c-b146-d92fc14be719
cbb2eb5b-1962-48ac-9823-8e425d916d3c,21d87c94-c398-435d-adaa-70fe75b4aa7e,fd13cf24-0fc4-4074-a682-6960c14ae90d,->,cbb2eb5b-1962-48ac-9823-8e425d916d3c,org/lwjgl/opengl/GL11.java,glVertex2f
cbb2eb5b-1962-48ac-9823-8e425d916d3c,21d87c94-c398-435d-adaa-70fe75b4aa7e,fd13cf24-0fc4-4074-a682-6960c14ae90d,->,cbb2eb5b-1962-48ac-9823-8e425d916d3c,c6daa512-8880-4e28-b381-d962ebd7bb15,e24ae3e0-51d6-4a9e-9381-4237fba83b02
cbb2eb5b-1962-48ac-9823-8e425d916d3c,21d87c94-c398-435d-adaa-70fe75b4aa7e,fd13cf24-0fc4-4074-a682-6960c14ae90d,->,cbb2eb5b-1962-48ac-9823-8e425d916d3c,c6daa512-8880-4e28-b381-d962ebd7bb15,f530208a-2844-482c-b146-d92fc14be719
cbb2eb5b-1962-48ac-9823-8e425d916d3c,21d87c94-c398-435d-adaa-70fe75b4aa7e,fd13cf24-0fc4-4074-a682-6960c14ae90d,->,cbb2eb5b-1962-48ac-9823-8e425d916d3c,org/lwjgl/opengl/GL11.java,glVertex2f
cbb2eb5b-1962-48ac-9823-8e425d916d3c,21d87c94-c398-435d-adaa-70fe75b4aa7e,fd13cf24-0fc4-4074-a682-6960c14ae90d,->,cbb2eb5b-1962-48ac-9823-8e425d916d3c,c6daa512-8880-4e28-b381-d962ebd7bb15,e24ae3e0-51d6-4a9e-9381-4237fba83b02
cbb2eb5b-1962-48ac-9823-8e425d916d3c,21d87c94-c398-435d-adaa-70fe75b4aa7e,fd13cf24-0fc4-4074-a682-6960c14ae90d,->,cbb2eb5b-1962-48ac-9823-8e425d916d3c,c6daa512-8880-4e28-b381-d962ebd7bb15,f530208a-2844-482c-b146-d92fc14be719
cbb2eb5b-1962-48ac-9823-8e425d916d3c,21d87c94-c398-435d-adaa-70fe75b4aa7e,fd13cf24-0fc4-4074-a682-6960c14ae90d,->,cbb2eb5b-1962-48ac-9823-8e425d916d3c,org/lwjgl/opengl/GL11.java,glVertex2f
cbb2eb5b-1962-48ac-9823-8e425d916d3c,21d87c94-c398-435d-adaa-70fe75b4aa7e,fd13cf24-0fc4-4074-a682-6960c14ae90d,->,cbb2eb5b-1962-48ac-9823-8e425d916d3c,c6daa512-8880-4e28-b381-d962ebd7bb15,e24ae3e0-51d6-4a9e-9381-4237fba83b02
cbb2eb5b-1962-48ac-9823-8e425d916d3c,21d87c94-c398-435d-adaa-70fe75b4aa7e,fd13cf24-0fc4-4074-a682-6960c14ae90d,->,cbb2eb5b-1962-48ac-9823-8e425d916d3c,c6daa512-8880-4e28-b381-d962ebd7bb15,f530208a-2844-482c-b146-d92fc14be719
cbb2eb5b-1962-48ac-9823-8e425d916d3c,21d87c94-c398-435d-adaa-70fe75b4aa7e,fd13cf24-0fc4-4074-a682-6960c14ae90d,->,cbb2eb5b-1962-48ac-9823-8e425d916d3c,org/lwjgl/opengl/GL11.java,glVertex2f
cbb2eb5b-1962-48ac-9823-8e425d916d3c,21d87c94-c398-435d-adaa-70fe75b4aa7e,fd13cf24-0fc4-4074-a682-6960c14ae90d,->,cbb2eb5b-1962-48ac-9823-8e425d916d3c,org/lwjgl/opengl/GL11.java,glEnd
cbb2eb5b-1962-48ac-9823-8e425d916d3c,21d87c94-c398-435d-adaa-70fe75b4aa7e,fd13cf24-0fc4-4074-a682-6960c14ae90d,->,cbb2eb5b-1962-48ac-9823-8e425d916d3c,org/lwjgl/opengl/GL11.java,glColor3f
cbb2eb5b-1962-48ac-9823-8e425d916d3c,21d87c94-c398-435d-adaa-70fe75b4aa7e,fd13cf24-0fc4-4074-a682-6960c14ae90d,->,cbb2eb5b-1962-48ac-9823-8e425d916d3c,org/lwjgl/opengl/GL11.java,glBegin
cbb2eb5b-1962-48ac-9823-8e425d916d3c,21d87c94-c398-435d-adaa-70fe75b4aa7e,fd13cf24-0fc4-4074-a682-6960c14ae90d,->,cbb2eb5b-1962-48ac-9823-8e425d916d3c,c6daa512-8880-4e28-b381-d962ebd7bb15,e24ae3e0-51d6-4a9e-9381-4237fba83b02
cbb2eb5b-1962-48ac-9823-8e425d916d3c,21d87c94-c398-435d-adaa-70fe75b4aa7e,fd13cf24-0fc4-4074-a682-6960c14ae90d,->,cbb2eb5b-1962-48ac-9823-8e425d916d3c,c6daa512-8880-4e28-b381-d962ebd7bb15,f530208a-2844-482c-b146-d92fc14be719
cbb2eb5b-1962-48ac-9823-8e425d916d3c,21d87c94-c398-435d-adaa-70fe75b4aa7e,fd13cf24-0fc4-4074-a682-6960c14ae90d,->,cbb2eb5b-1962-48ac-9823-8e425d916d3c,org/lwjgl/opengl/GL11.java,glVertex2f
cbb2eb5b-1962-48ac-9823-8e425d916d3c,21d87c94-c398-435d-adaa-70fe75b4aa7e,fd13cf24-0fc4-4074-a682-6960c14ae90d,->,cbb2eb5b-1962-48ac-9823-8e425d916d3c,c6daa512-8880-4e28-b381-d962ebd7bb15,e24ae3e0-51d6-4a9e-9381-4237fba83b02
cbb2eb5b-1962-48ac-9823-8e425d916d3c,21d87c94-c398-435d-adaa-70fe75b4aa7e,fd13cf24-0fc4-4074-a682-6960c14ae90d,->,cbb2eb5b-1962-48ac-9823-8e425d916d3c,c6daa512-8880-4e28-b381-d962ebd7bb15,f530208a-2844-482c-b146-d92fc14be719
cbb2eb5b-1962-48ac-9823-8e425d916d3c,21d87c94-c398-435d-adaa-70fe75b4aa7e,fd13cf24-0fc4-4074-a682-6960c14ae90d,->,cbb2eb5b-1962-48ac-9823-8e425d916d3c,org/lwjgl/opengl/GL11.java,glVertex2f
cbb2eb5b-1962-48ac-9823-8e425d916d3c,21d87c94-c398-435d-adaa-70fe75b4aa7e,fd13cf24-0fc4-4074-a682-6960c14ae90d,->,cbb2eb5b-1962-48ac-9823-8e425d916d3c,c6daa512-8880-4e28-b381-d962ebd7bb15,e24ae3e0-51d6-4a9e-9381-4237fba83b02
cbb2eb5b-1962-48ac-9823-8e425d916d3c,21d87c94-c398-435d-adaa-70fe75b4aa7e,fd13cf24-0fc4-4074-a682-6960c14ae90d,->,cbb2eb5b-1962-48ac-9823-8e425d916d3c,c6daa512-8880-4e28-b381-d962ebd7bb15,f530208a-2844-482c-b146-d92fc14be719
cbb2eb5b-1962-48ac-9823-8e425d916d3c,21d87c94-c398-435d-adaa-70fe75b4aa7e,fd13cf24-0fc4-4074-a682-6960c14ae90d,->,cbb2eb5b-1962-48ac-9823-8e425d916d3c,org/lwjgl/opengl/GL11.java,glVertex2f
cbb2eb5b-1962-48ac-9823-8e425d916d3c,21d87c94-c398-435d-adaa-70fe75b4aa7e,fd13cf24-0fc4-4074-a682-6960c14ae90d,->,cbb2eb5b-1962-48ac-9823-8e425d916d3c,c6daa512-8880-4e28-b381-d962ebd7bb15,e24ae3e0-51d6-4a9e-9381-4237fba83b02
cbb2eb5b-1962-48ac-9823-8e425d916d3c,21d87c94-c398-435d-adaa-70fe75b4aa7e,fd13cf24-0fc4-4074-a682-6960c14ae90d,->,cbb2eb5b-1962-48ac-9823-8e425d916d3c,c6daa512-8880-4e28-b381-d962ebd7bb15,f530208a-2844-482c-b146-d92fc14be719
cbb2eb5b-1962-48ac-9823-8e425d916d3c,21d87c94-c398-435d-adaa-70fe75b4aa7e,fd13cf24-0fc4-4074-a682-6960c14ae90d,->,cbb2eb5b-1962-48ac-9823-8e425d916d3c,org/lwjgl/opengl/GL11.java,glVertex2f
cbb2eb5b-1962-48ac-9823-8e425d916d3c,21d87c94-c398-435d-adaa-70fe75b4aa7e,fd13cf24-0fc4-4074-a682-6960c14ae90d,->,cbb2eb5b-1962-48ac-9823-8e425d916d3c,org/lwjgl/opengl/GL11.java,glEnd
cbb2eb5b-1962-48ac-9823-8e425d916d3c,21d87c94-c398-435d-adaa-70fe75b4aa7e,fd13cf24-0fc4-4074-a682-6960c14ae90d,->,cbb2eb5b-1962-48ac-9823-8e425d916d3c,org/lwjgl/opengl/GL11.java,glEnable
cbb2eb5b-1962-48ac-9823-8e425d916d3c,21d87c94-c398-435d-adaa-70fe75b4aa7e,fd13cf24-0fc4-4074-a682-6960c14ae90d,->,cbb2eb5b-1962-48ac-9823-8e425d916d3c,org/lwjgl/opengl/GL11.java,glColor3f
cbb2eb5b-1962-48ac-9823-8e425d916d3c,21d87c94-c398-435d-adaa-70fe75b4aa7e,fd13cf24-0fc4-4074-a682-6960c14ae90d,->,cbb2eb5b-1962-48ac-9823-8e425d916d3c,c6daa512-8880-4e28-b381-d962ebd7bb15,e24ae3e0-51d6-4a9e-9381-4237fba83b02
cbb2eb5b-1962-48ac-9823-8e425d916d3c,21d87c94-c398-435d-adaa-70fe75b4aa7e,fd13cf24-0fc4-4074-a682-6960c14ae90d,->,cbb2eb5b-1962-48ac-9823-8e425d916d3c,c6daa512-8880-4e28-b381-d962ebd7bb15,f530208a-2844-482c-b146-d92fc14be719
cbb2eb5b-1962-48ac-9823-8e425d916d3c,21d87c94-c398-435d-adaa-70fe75b4aa7e,fd13cf24-0fc4-4074-a682-6960c14ae90d,->,cbb2eb5b-1962-48ac-9823-8e425d916d3c,77c0f95d-a4ee-4892-9b9f-3920e28b6b18,7faa9310-49a3-4f73-8c77-015c456bc8f7
cbb2eb5b-1962-48ac-9823-8e425d916d3c,21d87c94-c398-435d-adaa-70fe75b4aa7e,fd13cf24-0fc4-4074-a682-6960c14ae90d,->,cbb2eb5b-1962-48ac-9823-8e425d916d3c,3b79f692-309a-4965-8e8b-48440ac3289a,ec152c94-61e2-4d68-9045-03b9eee98be7
cbb2eb5b-1962-48ac-9823-8e425d916d3c,21d87c94-c398-435d-adaa-70fe75b4aa7e,fd13cf24-0fc4-4074-a682-6960c14ae90d,->,cbb2eb5b-1962-48ac-9823-8e425d916d3c,java/lang/Object.java,getClass
cbb2eb5b-1962-48ac-9823-8e425d916d3c,21d87c94-c398-435d-adaa-70fe75b4aa7e,fd13cf24-0fc4-4074-a682-6960c14ae90d,->,cbb2eb5b-1962-48ac-9823-8e425d916d3c,java/lang/Object.java,getClass
cbb2eb5b-1962-48ac-9823-8e425d916d3c,21d87c94-c398-435d-adaa-70fe75b4aa7e,fd13cf24-0fc4-4074-a682-6960c14ae90d,->,cbb2eb5b-1962-48ac-9823-8e425d916d3c,77c0f95d-a4ee-4892-9b9f-3920e28b6b18,2f82c74c-f9e4-4dcd-9f07-d3ef5aaec665
cbb2eb5b-1962-48ac-9823-8e425d916d3c,21d87c94-c398-435d-adaa-70fe75b4aa7e,fd13cf24-0fc4-4074-a682-6960c14ae90d,->,cbb2eb5b-1962-48ac-9823-8e425d916d3c,77c0f95d-a4ee-4892-9b9f-3920e28b6b18,8c31ecd4-dd7a-46cc-9e73-5ea4fa8fb64e
cbb2eb5b-1962-48ac-9823-8e425d916d3c,21d87c94-c398-435d-adaa-70fe75b4aa7e,fd13cf24-0fc4-4074-a682-6960c14ae90d,->,cbb2eb5b-1962-48ac-9823-8e425d916d3c,java/lang/Integer.java,toString
cbb2eb5b-1962-48ac-9823-8e425d916d3c,21d87c94-c398-435d-adaa-70fe75b4aa7e,fd13cf24-0fc4-4074-a682-6960c14ae90d,->,cbb2eb5b-1962-48ac-9823-8e425d916d3c,c6daa512-8880-4e28-b381-d962ebd7bb15,e24ae3e0-51d6-4a9e-9381-4237fba83b02
cbb2eb5b-1962-48ac-9823-8e425d916d3c,21d87c94-c398-435d-adaa-70fe75b4aa7e,fd13cf24-0fc4-4074-a682-6960c14ae90d,->,cbb2eb5b-1962-48ac-9823-8e425d916d3c,java/lang/String.java,length
cbb2eb5b-1962-48ac-9823-8e425d916d3c,21d87c94-c398-435d-adaa-70fe75b4aa7e,fd13cf24-0fc4-4074-a682-6960c14ae90d,->,cbb2eb5b-1962-48ac-9823-8e425d916d3c,c6daa512-8880-4e28-b381-d962ebd7bb15,f530208a-2844-482c-b146-d92fc14be719
cbb2eb5b-1962-48ac-9823-8e425d916d3c,21d87c94-c398-435d-adaa-70fe75b4aa7e,fd13cf24-0fc4-4074-a682-6960c14ae90d,->,cbb2eb5b-1962-48ac-9823-8e425d916d3c,d177ce1a-e305-4bd8-af86-8e633ce71dad,eb4c2561-c087-4770-9c56-fa3a2871fc2d
cbb2eb5b-1962-48ac-9823-8e425d916d3c,21d87c94-c398-435d-adaa-70fe75b4aa7e,fd13cf24-0fc4-4074-a682-6960c14ae90d,->,cbb2eb5b-1962-48ac-9823-8e425d916d3c,77c0f95d-a4ee-4892-9b9f-3920e28b6b18,33cd4490-ddb7-4e0e-bb9a-e77d41499917
cbb2eb5b-1962-48ac-9823-8e425d916d3c,21d87c94-c398-435d-adaa-70fe75b4aa7e,fd13cf24-0fc4-4074-a682-6960c14ae90d,->,cbb2eb5b-1962-48ac-9823-8e425d916d3c,org/lwjgl/input/Mouse.java,getX
cbb2eb5b-1962-48ac-9823-8e425d916d3c,21d87c94-c398-435d-adaa-70fe75b4aa7e,fd13cf24-0fc4-4074-a682-6960c14ae90d,->,cbb2eb5b-1962-48ac-9823-8e425d916d3c,c6daa512-8880-4e28-b381-d962ebd7bb15,e24ae3e0-51d6-4a9e-9381-4237fba83b02
cbb2eb5b-1962-48ac-9823-8e425d916d3c,21d87c94-c398-435d-adaa-70fe75b4aa7e,fd13cf24-0fc4-4074-a682-6960c14ae90d,->,cbb2eb5b-1962-48ac-9823-8e425d916d3c,org/lwjgl/input/Mouse.java,getY
cbb2eb5b-1962-48ac-9823-8e425d916d3c,21d87c94-c398-435d-adaa-70fe75b4aa7e,fd13cf24-0fc4-4074-a682-6960c14ae90d,->,cbb2eb5b-1962-48ac-9823-8e425d916d3c,c6daa512-8880-4e28-b381-d962ebd7bb15,f530208a-2844-482c-b146-d92fc14be719
cbb2eb5b-1962-48ac-9823-8e425d916d3c,21d87c94-c398-435d-adaa-70fe75b4aa7e,fd13cf24-0fc4-4074-a682-6960c14ae90d,->,cbb2eb5b-1962-48ac-9823-8e425d916d3c,d177ce1a-e305-4bd8-af86-8e633ce71dad,eb4c2561-c087-4770-9c56-fa3a2871fc2d
cbb2eb5b-1962-48ac-9823-8e425d916d3c,21d87c94-c398-435d-adaa-70fe75b4aa7e,7ef2e01f-a2a9-475b-a275-88fc1e78d673,->,cbb2eb5b-1962-48ac-9823-8e425d916d3c,c6daa512-8880-4e28-b381-d962ebd7bb15,e24ae3e0-51d6-4a9e-9381-4237fba83b02
cbb2eb5b-1962-48ac-9823-8e425d916d3c,21d87c94-c398-435d-adaa-70fe75b4aa7e,7ef2e01f-a2a9-475b-a275-88fc1e78d673,->,cbb2eb5b-1962-48ac-9823-8e425d916d3c,c6daa512-8880-4e28-b381-d962ebd7bb15,f530208a-2844-482c-b146-d92fc14be719
cbb2eb5b-1962-48ac-9823-8e425d916d3c,21d87c94-c398-435d-adaa-70fe75b4aa7e,7ef2e01f-a2a9-475b-a275-88fc1e78d673,->,cbb2eb5b-1962-48ac-9823-8e425d916d3c,c6daa512-8880-4e28-b381-d962ebd7bb15,e24ae3e0-51d6-4a9e-9381-4237fba83b02
cbb2eb5b-1962-48ac-9823-8e425d916d3c,21d87c94-c398-435d-adaa-70fe75b4aa7e,7ef2e01f-a2a9-475b-a275-88fc1e78d673,->,cbb2eb5b-1962-48ac-9823-8e425d916d3c,c6daa512-8880-4e28-b381-d962ebd7bb15,e24ae3e0-51d6-4a9e-9381-4237fba83b02
cbb2eb5b-1962-48ac-9823-8e425d916d3c,21d87c94-c398-435d-adaa-70fe75b4aa7e,7ef2e01f-a2a9-475b-a275-88fc1e78d673,->,cbb2eb5b-1962-48ac-9823-8e425d916d3c,c6daa512-8880-4e28-b381-d962ebd7bb15,f530208a-2844-482c-b146-d92fc14be719
cbb2eb5b-1962-48ac-9823-8e425d916d3c,21d87c94-c398-435d-adaa-70fe75b4aa7e,7ef2e01f-a2a9-475b-a275-88fc1e78d673,->,cbb2eb5b-1962-48ac-9823-8e425d916d3c,c6daa512-8880-4e28-b381-d962ebd7bb15,f530208a-2844-482c-b146-d92fc14be719
cbb2eb5b-1962-48ac-9823-8e425d916d3c,21d87c94-c398-435d-adaa-70fe75b4aa7e,7ef2e01f-a2a9-475b-a275-88fc1e78d673,->,cbb2eb5b-1962-48ac-9823-8e425d916d3c,org/lwjgl/input/Keyboard.java,getEventKeyState
cbb2eb5b-1962-48ac-9823-8e425d916d3c,21d87c94-c398-435d-adaa-70fe75b4aa7e,7ef2e01f-a2a9-475b-a275-88fc1e78d673,->,cbb2eb5b-1962-48ac-9823-8e425d916d3c,org/lwjgl/input/Keyboard.java,getEventKey
cbb2eb5b-1962-48ac-9823-8e425d916d3c,21d87c94-c398-435d-adaa-70fe75b4aa7e,7ef2e01f-a2a9-475b-a275-88fc1e78d673,->,cbb2eb5b-1962-48ac-9823-8e425d916d3c,org/newdawn/slick/openal/Audio.java,playAsSoundEffect
cbb2eb5b-1962-48ac-9823-8e425d916d3c,21d87c94-c398-435d-adaa-70fe75b4aa7e,7ef2e01f-a2a9-475b-a275-88fc1e78d673,->,cbb2eb5b-1962-48ac-9823-8e425d916d3c,2a73a00e-fea6-42f9-a76a-1761e9b302d6,8c11f2ba-6b29-4ec0-ae70-b3431aa0c07f
cbb2eb5b-1962-48ac-9823-8e425d916d3c,21d87c94-c398-435d-adaa-70fe75b4aa7e,7ef2e01f-a2a9-475b-a275-88fc1e78d673,->,cbb2eb5b-1962-48ac-9823-8e425d916d3c,org/newdawn/slick/openal/Audio.java,playAsSoundEffect
cbb2eb5b-1962-48ac-9823-8e425d916d3c,21d87c94-c398-435d-adaa-70fe75b4aa7e,7ef2e01f-a2a9-475b-a275-88fc1e78d673,->,cbb2eb5b-1962-48ac-9823-8e425d916d3c,2a73a00e-fea6-42f9-a76a-1761e9b302d6,62d4b390-79bb-4ec2-bf43-69d03dddfc75
cbb2eb5b-1962-48ac-9823-8e425d916d3c,21d87c94-c398-435d-adaa-70fe75b4aa7e,7ef2e01f-a2a9-475b-a275-88fc1e78d673,->,cbb2eb5b-1962-48ac-9823-8e425d916d3c,2a73a00e-fea6-42f9-a76a-1761e9b302d6,8c11f2ba-6b29-4ec0-ae70-b3431aa0c07f
cbb2eb5b-1962-48ac-9823-8e425d916d3c,21d87c94-c398-435d-adaa-70fe75b4aa7e,7ef2e01f-a2a9-475b-a275-88fc1e78d673,->,cbb2eb5b-1962-48ac-9823-8e425d916d3c,77c0f95d-a4ee-4892-9b9f-3920e28b6b18,ea0ada97-5400-4a7f-984c-230f51d2e268
cbb2eb5b-1962-48ac-9823-8e425d916d3c,21d87c94-c398-435d-adaa-70fe75b4aa7e,7ef2e01f-a2a9-475b-a275-88fc1e78d673,->,cbb2eb5b-1962-48ac-9823-8e425d916d3c,c6daa512-8880-4e28-b381-d962ebd7bb15,42f393ed-f0da-4c18-997b-ae3d89e2d756
cbb2eb5b-1962-48ac-9823-8e425d916d3c,21d87c94-c398-435d-adaa-70fe75b4aa7e,7ef2e01f-a2a9-475b-a275-88fc1e78d673,->,cbb2eb5b-1962-48ac-9823-8e425d916d3c,77c0f95d-a4ee-4892-9b9f-3920e28b6b18,07890a3e-4875-495a-8d6a-a07ae554c863
cbb2eb5b-1962-48ac-9823-8e425d916d3c,21d87c94-c398-435d-adaa-70fe75b4aa7e,7ef2e01f-a2a9-475b-a275-88fc1e78d673,->,cbb2eb5b-1962-48ac-9823-8e425d916d3c,829bf402-59e9-4067-865b-bf0bfe3b96a5,b165c79f-2965-4aec-8478-f100018adb10
cbb2eb5b-1962-48ac-9823-8e425d916d3c,21d87c94-c398-435d-adaa-70fe75b4aa7e,7ef2e01f-a2a9-475b-a275-88fc1e78d673,->,cbb2eb5b-1962-48ac-9823-8e425d916d3c,77c0f95d-a4ee-4892-9b9f-3920e28b6b18,ea0ada97-5400-4a7f-984c-230f51d2e268
cbb2eb5b-1962-48ac-9823-8e425d916d3c,21d87c94-c398-435d-adaa-70fe75b4aa7e,7ef2e01f-a2a9-475b-a275-88fc1e78d673,->,cbb2eb5b-1962-48ac-9823-8e425d916d3c,org/newdawn/slick/openal/Audio.java,playAsSoundEffect
cbb2eb5b-1962-48ac-9823-8e425d916d3c,21d87c94-c398-435d-adaa-70fe75b4aa7e,7ef2e01f-a2a9-475b-a275-88fc1e78d673,->,cbb2eb5b-1962-48ac-9823-8e425d916d3c,2a73a00e-fea6-42f9-a76a-1761e9b302d6,62d4b390-79bb-4ec2-bf43-69d03dddfc75
cbb2eb5b-1962-48ac-9823-8e425d916d3c,21d87c94-c398-435d-adaa-70fe75b4aa7e,7ef2e01f-a2a9-475b-a275-88fc1e78d673,->,cbb2eb5b-1962-48ac-9823-8e425d916d3c,2a73a00e-fea6-42f9-a76a-1761e9b302d6,8c11f2ba-6b29-4ec0-ae70-b3431aa0c07f
cbb2eb5b-1962-48ac-9823-8e425d916d3c,21d87c94-c398-435d-adaa-70fe75b4aa7e,7ef2e01f-a2a9-475b-a275-88fc1e78d673,->,cbb2eb5b-1962-48ac-9823-8e425d916d3c,2a73a00e-fea6-42f9-a76a-1761e9b302d6,62d4b390-79bb-4ec2-bf43-69d03dddfc75
cbb2eb5b-1962-48ac-9823-8e425d916d3c,21d87c94-c398-435d-adaa-70fe75b4aa7e,7ef2e01f-a2a9-475b-a275-88fc1e78d673,->,cbb2eb5b-1962-48ac-9823-8e425d916d3c,2a73a00e-fea6-42f9-a76a-1761e9b302d6,8c11f2ba-6b29-4ec0-ae70-b3431aa0c07f
cbb2eb5b-1962-48ac-9823-8e425d916d3c,21d87c94-c398-435d-adaa-70fe75b4aa7e,f2a6a6e5-9136-4764-9707-d5d32591704b,->,cbb2eb5b-1962-48ac-9823-8e425d916d3c,org/lwjgl/input/Keyboard.java,isKeyDown
cbb2eb5b-1962-48ac-9823-8e425d916d3c,21d87c94-c398-435d-adaa-70fe75b4aa7e,4f5d2df4-6f01-4e05-9eae-d9f1f52d15f4,->,cbb2eb5b-1962-48ac-9823-8e425d916d3c,org/lwjgl/input/Keyboard.java,getEventKey
cbb2eb5b-1962-48ac-9823-8e425d916d3c,21d87c94-c398-435d-adaa-70fe75b4aa7e,4f5d2df4-6f01-4e05-9eae-d9f1f52d15f4,->,cbb2eb5b-1962-48ac-9823-8e425d916d3c,77c0f95d-a4ee-4892-9b9f-3920e28b6b18,51af7b49-df79-4030-805b-74142da1e6c9
cbb2eb5b-1962-48ac-9823-8e425d916d3c,21d87c94-c398-435d-adaa-70fe75b4aa7e,4f5d2df4-6f01-4e05-9eae-d9f1f52d15f4,->,cbb2eb5b-1962-48ac-9823-8e425d916d3c,java/lang/Object.java,getClass
cbb2eb5b-1962-48ac-9823-8e425d916d3c,21d87c94-c398-435d-adaa-70fe75b4aa7e,4f5d2df4-6f01-4e05-9eae-d9f1f52d15f4,->,cbb2eb5b-1962-48ac-9823-8e425d916d3c,21d87c94-c398-435d-adaa-70fe75b4aa7e,86ae425b-21ad-4799-b93e-caade82f7f53
cbb2eb5b-1962-48ac-9823-8e425d916d3c,21d87c94-c398-435d-adaa-70fe75b4aa7e,4f5d2df4-6f01-4e05-9eae-d9f1f52d15f4,->,cbb2eb5b-1962-48ac-9823-8e425d916d3c,org/lwjgl/input/Keyboard.java,getEventKey
cbb2eb5b-1962-48ac-9823-8e425d916d3c,21d87c94-c398-435d-adaa-70fe75b4aa7e,4f5d2df4-6f01-4e05-9eae-d9f1f52d15f4,->,cbb2eb5b-1962-48ac-9823-8e425d916d3c,77c0f95d-a4ee-4892-9b9f-3920e28b6b18,51af7b49-df79-4030-805b-74142da1e6c9
cbb2eb5b-1962-48ac-9823-8e425d916d3c,21d87c94-c398-435d-adaa-70fe75b4aa7e,4f5d2df4-6f01-4e05-9eae-d9f1f52d15f4,->,cbb2eb5b-1962-48ac-9823-8e425d916d3c,java/lang/Object.java,getClass
cbb2eb5b-1962-48ac-9823-8e425d916d3c,21d87c94-c398-435d-adaa-70fe75b4aa7e,4f5d2df4-6f01-4e05-9eae-d9f1f52d15f4,->,cbb2eb5b-1962-48ac-9823-8e425d916d3c,21d87c94-c398-435d-adaa-70fe75b4aa7e,86ae425b-21ad-4799-b93e-caade82f7f53
cbb2eb5b-1962-48ac-9823-8e425d916d3c,21d87c94-c398-435d-adaa-70fe75b4aa7e,4f5d2df4-6f01-4e05-9eae-d9f1f52d15f4,->,cbb2eb5b-1962-48ac-9823-8e425d916d3c,org/lwjgl/input/Keyboard.java,getEventKey
cbb2eb5b-1962-48ac-9823-8e425d916d3c,21d87c94-c398-435d-adaa-70fe75b4aa7e,4f5d2df4-6f01-4e05-9eae-d9f1f52d15f4,->,cbb2eb5b-1962-48ac-9823-8e425d916d3c,77c0f95d-a4ee-4892-9b9f-3920e28b6b18,51af7b49-df79-4030-805b-74142da1e6c9
cbb2eb5b-1962-48ac-9823-8e425d916d3c,21d87c94-c398-435d-adaa-70fe75b4aa7e,4f5d2df4-6f01-4e05-9eae-d9f1f52d15f4,->,cbb2eb5b-1962-48ac-9823-8e425d916d3c,java/lang/Object.java,getClass
cbb2eb5b-1962-48ac-9823-8e425d916d3c,21d87c94-c398-435d-adaa-70fe75b4aa7e,4f5d2df4-6f01-4e05-9eae-d9f1f52d15f4,->,cbb2eb5b-1962-48ac-9823-8e425d916d3c,21d87c94-c398-435d-adaa-70fe75b4aa7e,86ae425b-21ad-4799-b93e-caade82f7f53
cbb2eb5b-1962-48ac-9823-8e425d916d3c,21d87c94-c398-435d-adaa-70fe75b4aa7e,4f5d2df4-6f01-4e05-9eae-d9f1f52d15f4,->,cbb2eb5b-1962-48ac-9823-8e425d916d3c,org/lwjgl/input/Keyboard.java,getEventKey
cbb2eb5b-1962-48ac-9823-8e425d916d3c,21d87c94-c398-435d-adaa-70fe75b4aa7e,4f5d2df4-6f01-4e05-9eae-d9f1f52d15f4,->,cbb2eb5b-1962-48ac-9823-8e425d916d3c,77c0f95d-a4ee-4892-9b9f-3920e28b6b18,51af7b49-df79-4030-805b-74142da1e6c9
cbb2eb5b-1962-48ac-9823-8e425d916d3c,21d87c94-c398-435d-adaa-70fe75b4aa7e,4f5d2df4-6f01-4e05-9eae-d9f1f52d15f4,->,cbb2eb5b-1962-48ac-9823-8e425d916d3c,java/lang/Object.java,getClass
cbb2eb5b-1962-48ac-9823-8e425d916d3c,21d87c94-c398-435d-adaa-70fe75b4aa7e,4f5d2df4-6f01-4e05-9eae-d9f1f52d15f4,->,cbb2eb5b-1962-48ac-9823-8e425d916d3c,21d87c94-c398-435d-adaa-70fe75b4aa7e,86ae425b-21ad-4799-b93e-caade82f7f53
cbb2eb5b-1962-48ac-9823-8e425d916d3c,21d87c94-c398-435d-adaa-70fe75b4aa7e,4f5d2df4-6f01-4e05-9eae-d9f1f52d15f4,->,cbb2eb5b-1962-48ac-9823-8e425d916d3c,org/lwjgl/input/Keyboard.java,getEventKey
cbb2eb5b-1962-48ac-9823-8e425d916d3c,21d87c94-c398-435d-adaa-70fe75b4aa7e,4f5d2df4-6f01-4e05-9eae-d9f1f52d15f4,->,cbb2eb5b-1962-48ac-9823-8e425d916d3c,77c0f95d-a4ee-4892-9b9f-3920e28b6b18,51af7b49-df79-4030-805b-74142da1e6c9
cbb2eb5b-1962-48ac-9823-8e425d916d3c,21d87c94-c398-435d-adaa-70fe75b4aa7e,4f5d2df4-6f01-4e05-9eae-d9f1f52d15f4,->,cbb2eb5b-1962-48ac-9823-8e425d916d3c,java/lang/Object.java,getClass
cbb2eb5b-1962-48ac-9823-8e425d916d3c,21d87c94-c398-435d-adaa-70fe75b4aa7e,4f5d2df4-6f01-4e05-9eae-d9f1f52d15f4,->,cbb2eb5b-1962-48ac-9823-8e425d916d3c,21d87c94-c398-435d-adaa-70fe75b4aa7e,86ae425b-21ad-4799-b93e-caade82f7f53
cbb2eb5b-1962-48ac-9823-8e425d916d3c,21d87c94-c398-435d-adaa-70fe75b4aa7e,4f5d2df4-6f01-4e05-9eae-d9f1f52d15f4,->,cbb2eb5b-1962-48ac-9823-8e425d916d3c,org/lwjgl/input/Keyboard.java,getEventKey
cbb2eb5b-1962-48ac-9823-8e425d916d3c,21d87c94-c398-435d-adaa-70fe75b4aa7e,4f5d2df4-6f01-4e05-9eae-d9f1f52d15f4,->,cbb2eb5b-1962-48ac-9823-8e425d916d3c,77c0f95d-a4ee-4892-9b9f-3920e28b6b18,51af7b49-df79-4030-805b-74142da1e6c9
cbb2eb5b-1962-48ac-9823-8e425d916d3c,21d87c94-c398-435d-adaa-70fe75b4aa7e,4f5d2df4-6f01-4e05-9eae-d9f1f52d15f4,->,cbb2eb5b-1962-48ac-9823-8e425d916d3c,java/lang/Object.java,getClass
cbb2eb5b-1962-48ac-9823-8e425d916d3c,21d87c94-c398-435d-adaa-70fe75b4aa7e,4f5d2df4-6f01-4e05-9eae-d9f1f52d15f4,->,cbb2eb5b-1962-48ac-9823-8e425d916d3c,21d87c94-c398-435d-adaa-70fe75b4aa7e,86ae425b-21ad-4799-b93e-caade82f7f53
cbb2eb5b-1962-48ac-9823-8e425d916d3c,21d87c94-c398-435d-adaa-70fe75b4aa7e,4f5d2df4-6f01-4e05-9eae-d9f1f52d15f4,->,cbb2eb5b-1962-48ac-9823-8e425d916d3c,org/lwjgl/input/Keyboard.java,getEventKey
cbb2eb5b-1962-48ac-9823-8e425d916d3c,21d87c94-c398-435d-adaa-70fe75b4aa7e,4f5d2df4-6f01-4e05-9eae-d9f1f52d15f4,->,cbb2eb5b-1962-48ac-9823-8e425d916d3c,77c0f95d-a4ee-4892-9b9f-3920e28b6b18,51af7b49-df79-4030-805b-74142da1e6c9
cbb2eb5b-1962-48ac-9823-8e425d916d3c,21d87c94-c398-435d-adaa-70fe75b4aa7e,4f5d2df4-6f01-4e05-9eae-d9f1f52d15f4,->,cbb2eb5b-1962-48ac-9823-8e425d916d3c,java/lang/Object.java,getClass
cbb2eb5b-1962-48ac-9823-8e425d916d3c,21d87c94-c398-435d-adaa-70fe75b4aa7e,4f5d2df4-6f01-4e05-9eae-d9f1f52d15f4,->,cbb2eb5b-1962-48ac-9823-8e425d916d3c,21d87c94-c398-435d-adaa-70fe75b4aa7e,86ae425b-21ad-4799-b93e-caade82f7f53
cbb2eb5b-1962-48ac-9823-8e425d916d3c,21d87c94-c398-435d-adaa-70fe75b4aa7e,4f5d2df4-6f01-4e05-9eae-d9f1f52d15f4,->,cbb2eb5b-1962-48ac-9823-8e425d916d3c,org/lwjgl/input/Keyboard.java,getEventKey
cbb2eb5b-1962-48ac-9823-8e425d916d3c,21d87c94-c398-435d-adaa-70fe75b4aa7e,4f5d2df4-6f01-4e05-9eae-d9f1f52d15f4,->,cbb2eb5b-1962-48ac-9823-8e425d916d3c,77c0f95d-a4ee-4892-9b9f-3920e28b6b18,51af7b49-df79-4030-805b-74142da1e6c9
cbb2eb5b-1962-48ac-9823-8e425d916d3c,21d87c94-c398-435d-adaa-70fe75b4aa7e,4f5d2df4-6f01-4e05-9eae-d9f1f52d15f4,->,cbb2eb5b-1962-48ac-9823-8e425d916d3c,java/lang/Object.java,getClass
cbb2eb5b-1962-48ac-9823-8e425d916d3c,21d87c94-c398-435d-adaa-70fe75b4aa7e,4f5d2df4-6f01-4e05-9eae-d9f1f52d15f4,->,cbb2eb5b-1962-48ac-9823-8e425d916d3c,21d87c94-c398-435d-adaa-70fe75b4aa7e,86ae425b-21ad-4799-b93e-caade82f7f53
cbb2eb5b-1962-48ac-9823-8e425d916d3c,21d87c94-c398-435d-adaa-70fe75b4aa7e,4f5d2df4-6f01-4e05-9eae-d9f1f52d15f4,->,cbb2eb5b-1962-48ac-9823-8e425d916d3c,org/lwjgl/input/Keyboard.java,getEventKey
cbb2eb5b-1962-48ac-9823-8e425d916d3c,21d87c94-c398-435d-adaa-70fe75b4aa7e,4f5d2df4-6f01-4e05-9eae-d9f1f52d15f4,->,cbb2eb5b-1962-48ac-9823-8e425d916d3c,77c0f95d-a4ee-4892-9b9f-3920e28b6b18,51af7b49-df79-4030-805b-74142da1e6c9
cbb2eb5b-1962-48ac-9823-8e425d916d3c,21d87c94-c398-435d-adaa-70fe75b4aa7e,4f5d2df4-6f01-4e05-9eae-d9f1f52d15f4,->,cbb2eb5b-1962-48ac-9823-8e425d916d3c,java/lang/Object.java,getClass
cbb2eb5b-1962-48ac-9823-8e425d916d3c,21d87c94-c398-435d-adaa-70fe75b4aa7e,4f5d2df4-6f01-4e05-9eae-d9f1f52d15f4,->,cbb2eb5b-1962-48ac-9823-8e425d916d3c,21d87c94-c398-435d-adaa-70fe75b4aa7e,86ae425b-21ad-4799-b93e-caade82f7f53
cbb2eb5b-1962-48ac-9823-8e425d916d3c,21d87c94-c398-435d-adaa-70fe75b4aa7e,86ae425b-21ad-4799-b93e-caade82f7f53,->,cbb2eb5b-1962-48ac-9823-8e425d916d3c,66819a52-6cde-4a4b-bc25-7d1969d8712a,f13ea468-5fa4-4b8e-8155-42ba29efd5aa
cbb2eb5b-1962-48ac-9823-8e425d916d3c,21d87c94-c398-435d-adaa-70fe75b4aa7e,86ae425b-21ad-4799-b93e-caade82f7f53,->,cbb2eb5b-1962-48ac-9823-8e425d916d3c,66819a52-6cde-4a4b-bc25-7d1969d8712a,f993f475-c1cc-4b28-ae95-83fb66bde8f7
cbb2eb5b-1962-48ac-9823-8e425d916d3c,202e019d-a4a4-4970-b5a6-9634cdcc3d7e,896392c5-893b-48ce-b178-876816592eca,->,cbb2eb5b-1962-48ac-9823-8e425d916d3c,rpg/game/entities/Bear.java,regenerate
cbb2eb5b-1962-48ac-9823-8e425d916d3c,202e019d-a4a4-4970-b5a6-9634cdcc3d7e,896392c5-893b-48ce-b178-876816592eca,->,cbb2eb5b-1962-48ac-9823-8e425d916d3c,java/lang/Math.java,random
cbb2eb5b-1962-48ac-9823-8e425d916d3c,202e019d-a4a4-4970-b5a6-9634cdcc3d7e,896392c5-893b-48ce-b178-876816592eca,->,cbb2eb5b-1962-48ac-9823-8e425d916d3c,rpg/game/entities/Bear.java,move
cbb2eb5b-1962-48ac-9823-8e425d916d3c,202e019d-a4a4-4970-b5a6-9634cdcc3d7e,896392c5-893b-48ce-b178-876816592eca,->,cbb2eb5b-1962-48ac-9823-8e425d916d3c,rpg/game/entities/Bear.java,move
cbb2eb5b-1962-48ac-9823-8e425d916d3c,202e019d-a4a4-4970-b5a6-9634cdcc3d7e,896392c5-893b-48ce-b178-876816592eca,->,cbb2eb5b-1962-48ac-9823-8e425d916d3c,rpg/game/entities/Bear.java,move
cbb2eb5b-1962-48ac-9823-8e425d916d3c,202e019d-a4a4-4970-b5a6-9634cdcc3d7e,896392c5-893b-48ce-b178-876816592eca,->,cbb2eb5b-1962-48ac-9823-8e425d916d3c,rpg/game/entities/Bear.java,move
cbb2eb5b-1962-48ac-9823-8e425d916d3c,202e019d-a4a4-4970-b5a6-9634cdcc3d7e,896392c5-893b-48ce-b178-876816592eca,->,cbb2eb5b-1962-48ac-9823-8e425d916d3c,rpg/game/entities/Bear.java,move
cbb2eb5b-1962-48ac-9823-8e425d916d3c,202e019d-a4a4-4970-b5a6-9634cdcc3d7e,896392c5-893b-48ce-b178-876816592eca,->,cbb2eb5b-1962-48ac-9823-8e425d916d3c,rpg/game/entities/Bear.java,move
cbb2eb5b-1962-48ac-9823-8e425d916d3c,202e019d-a4a4-4970-b5a6-9634cdcc3d7e,896392c5-893b-48ce-b178-876816592eca,->,cbb2eb5b-1962-48ac-9823-8e425d916d3c,rpg/game/entities/Bear.java,move
cbb2eb5b-1962-48ac-9823-8e425d916d3c,202e019d-a4a4-4970-b5a6-9634cdcc3d7e,896392c5-893b-48ce-b178-876816592eca,->,cbb2eb5b-1962-48ac-9823-8e425d916d3c,rpg/game/entities/Bear.java,move
cbb2eb5b-1962-48ac-9823-8e425d916d3c,202e019d-a4a4-4970-b5a6-9634cdcc3d7e,896392c5-893b-48ce-b178-876816592eca,->,cbb2eb5b-1962-48ac-9823-8e425d916d3c,rpg/game/entities/Bear.java,hasCollisionAt
cbb2eb5b-1962-48ac-9823-8e425d916d3c,202e019d-a4a4-4970-b5a6-9634cdcc3d7e,896392c5-893b-48ce-b178-876816592eca,->,cbb2eb5b-1962-48ac-9823-8e425d916d3c,rpg/game/entities/Bear.java,hasCollisionAt
cbb2eb5b-1962-48ac-9823-8e425d916d3c,202e019d-a4a4-4970-b5a6-9634cdcc3d7e,896392c5-893b-48ce-b178-876816592eca,->,cbb2eb5b-1962-48ac-9823-8e425d916d3c,rpg/game/entities/Bear.java,hasCollisionAt
cbb2eb5b-1962-48ac-9823-8e425d916d3c,202e019d-a4a4-4970-b5a6-9634cdcc3d7e,896392c5-893b-48ce-b178-876816592eca,->,cbb2eb5b-1962-48ac-9823-8e425d916d3c,rpg/game/entities/Bear.java,hasCollisionAt
cbb2eb5b-1962-48ac-9823-8e425d916d3c,202e019d-a4a4-4970-b5a6-9634cdcc3d7e,896392c5-893b-48ce-b178-876816592eca,->,cbb2eb5b-1962-48ac-9823-8e425d916d3c,rpg/game/entities/Bear.java,setImageBounds
cbb2eb5b-1962-48ac-9823-8e425d916d3c,202e019d-a4a4-4970-b5a6-9634cdcc3d7e,896392c5-893b-48ce-b178-876816592eca,->,cbb2eb5b-1962-48ac-9823-8e425d916d3c,rpg/game/entities/Bear.java,hasCollisionAt
cbb2eb5b-1962-48ac-9823-8e425d916d3c,202e019d-a4a4-4970-b5a6-9634cdcc3d7e,896392c5-893b-48ce-b178-876816592eca,->,cbb2eb5b-1962-48ac-9823-8e425d916d3c,rpg/game/entities/Bear.java,hasCollisionAt
cbb2eb5b-1962-48ac-9823-8e425d916d3c,202e019d-a4a4-4970-b5a6-9634cdcc3d7e,896392c5-893b-48ce-b178-876816592eca,->,cbb2eb5b-1962-48ac-9823-8e425d916d3c,rpg/game/entities/Bear.java,hasCollisionAt
cbb2eb5b-1962-48ac-9823-8e425d916d3c,202e019d-a4a4-4970-b5a6-9634cdcc3d7e,896392c5-893b-48ce-b178-876816592eca,->,cbb2eb5b-1962-48ac-9823-8e425d916d3c,rpg/game/entities/Bear.java,hasCollisionAt
cbb2eb5b-1962-48ac-9823-8e425d916d3c,202e019d-a4a4-4970-b5a6-9634cdcc3d7e,896392c5-893b-48ce-b178-876816592eca,->,cbb2eb5b-1962-48ac-9823-8e425d916d3c,rpg/game/entities/Bear.java,setImageBounds
cbb2eb5b-1962-48ac-9823-8e425d916d3c,202e019d-a4a4-4970-b5a6-9634cdcc3d7e,d3a3a333-0f1c-4159-ba3f-aa17ab773fa8,->,cbb2eb5b-1962-48ac-9823-8e425d916d3c,org/newdawn/slick/opengl/Texture.java,bind
cbb2eb5b-1962-48ac-9823-8e425d916d3c,202e019d-a4a4-4970-b5a6-9634cdcc3d7e,d3a3a333-0f1c-4159-ba3f-aa17ab773fa8,->,cbb2eb5b-1962-48ac-9823-8e425d916d3c,org/lwjgl/opengl/GL11.java,glBegin
cbb2eb5b-1962-48ac-9823-8e425d916d3c,202e019d-a4a4-4970-b5a6-9634cdcc3d7e,d3a3a333-0f1c-4159-ba3f-aa17ab773fa8,->,cbb2eb5b-1962-48ac-9823-8e425d916d3c,org/lwjgl/opengl/GL11.java,glTexCoord2f
cbb2eb5b-1962-48ac-9823-8e425d916d3c,202e019d-a4a4-4970-b5a6-9634cdcc3d7e,d3a3a333-0f1c-4159-ba3f-aa17ab773fa8,->,cbb2eb5b-1962-48ac-9823-8e425d916d3c,org/lwjgl/opengl/GL11.java,glVertex2f
cbb2eb5b-1962-48ac-9823-8e425d916d3c,202e019d-a4a4-4970-b5a6-9634cdcc3d7e,d3a3a333-0f1c-4159-ba3f-aa17ab773fa8,->,cbb2eb5b-1962-48ac-9823-8e425d916d3c,org/lwjgl/opengl/GL11.java,glTexCoord2f
cbb2eb5b-1962-48ac-9823-8e425d916d3c,202e019d-a4a4-4970-b5a6-9634cdcc3d7e,d3a3a333-0f1c-4159-ba3f-aa17ab773fa8,->,cbb2eb5b-1962-48ac-9823-8e425d916d3c,org/lwjgl/opengl/GL11.java,glVertex2f
cbb2eb5b-1962-48ac-9823-8e425d916d3c,202e019d-a4a4-4970-b5a6-9634cdcc3d7e,d3a3a333-0f1c-4159-ba3f-aa17ab773fa8,->,cbb2eb5b-1962-48ac-9823-8e425d916d3c,org/lwjgl/opengl/GL11.java,glTexCoord2f
cbb2eb5b-1962-48ac-9823-8e425d916d3c,202e019d-a4a4-4970-b5a6-9634cdcc3d7e,d3a3a333-0f1c-4159-ba3f-aa17ab773fa8,->,cbb2eb5b-1962-48ac-9823-8e425d916d3c,org/lwjgl/opengl/GL11.java,glVertex2f
cbb2eb5b-1962-48ac-9823-8e425d916d3c,202e019d-a4a4-4970-b5a6-9634cdcc3d7e,d3a3a333-0f1c-4159-ba3f-aa17ab773fa8,->,cbb2eb5b-1962-48ac-9823-8e425d916d3c,org/lwjgl/opengl/GL11.java,glTexCoord2f
cbb2eb5b-1962-48ac-9823-8e425d916d3c,202e019d-a4a4-4970-b5a6-9634cdcc3d7e,d3a3a333-0f1c-4159-ba3f-aa17ab773fa8,->,cbb2eb5b-1962-48ac-9823-8e425d916d3c,org/lwjgl/opengl/GL11.java,glVertex2f
cbb2eb5b-1962-48ac-9823-8e425d916d3c,202e019d-a4a4-4970-b5a6-9634cdcc3d7e,d3a3a333-0f1c-4159-ba3f-aa17ab773fa8,->,cbb2eb5b-1962-48ac-9823-8e425d916d3c,org/lwjgl/opengl/GL11.java,glEnd
cbb2eb5b-1962-48ac-9823-8e425d916d3c,09c51cea-c405-4969-83d9-f6c3cabe8f42,cc48e710-f084-4f53-8913-9185b68274ed,->,cbb2eb5b-1962-48ac-9823-8e425d916d3c,845d8316-2c19-4e9a-82ae-1043b7dc327d,7474bd0e-76b2-440f-be3f-33b0d47405bd
cbb2eb5b-1962-48ac-9823-8e425d916d3c,09c51cea-c405-4969-83d9-f6c3cabe8f42,cc48e710-f084-4f53-8913-9185b68274ed,->,cbb2eb5b-1962-48ac-9823-8e425d916d3c,rpg/game/entities/AnimatedEntity.java,isDead
cbb2eb5b-1962-48ac-9823-8e425d916d3c,09c51cea-c405-4969-83d9-f6c3cabe8f42,cc48e710-f084-4f53-8913-9185b68274ed,->,cbb2eb5b-1962-48ac-9823-8e425d916d3c,09c51cea-c405-4969-83d9-f6c3cabe8f42,8bad651d-e533-411a-ac9c-74516d02ff20
cbb2eb5b-1962-48ac-9823-8e425d916d3c,09c51cea-c405-4969-83d9-f6c3cabe8f42,8bad651d-e533-411a-ac9c-74516d02ff20,->,cbb2eb5b-1962-48ac-9823-8e425d916d3c,rpg/game/entities/AnimatedEntity.java,regenerate
cbb2eb5b-1962-48ac-9823-8e425d916d3c,09c51cea-c405-4969-83d9-f6c3cabe8f42,8bad651d-e533-411a-ac9c-74516d02ff20,->,cbb2eb5b-1962-48ac-9823-8e425d916d3c,java/lang/Math.java,random
cbb2eb5b-1962-48ac-9823-8e425d916d3c,09c51cea-c405-4969-83d9-f6c3cabe8f42,8bad651d-e533-411a-ac9c-74516d02ff20,->,cbb2eb5b-1962-48ac-9823-8e425d916d3c,09c51cea-c405-4969-83d9-f6c3cabe8f42,8bad651d-e533-411a-ac9c-74516d02ff20
cbb2eb5b-1962-48ac-9823-8e425d916d3c,09c51cea-c405-4969-83d9-f6c3cabe8f42,8bad651d-e533-411a-ac9c-74516d02ff20,->,cbb2eb5b-1962-48ac-9823-8e425d916d3c,09c51cea-c405-4969-83d9-f6c3cabe8f42,8bad651d-e533-411a-ac9c-74516d02ff20
cbb2eb5b-1962-48ac-9823-8e425d916d3c,09c51cea-c405-4969-83d9-f6c3cabe8f42,8bad651d-e533-411a-ac9c-74516d02ff20,->,cbb2eb5b-1962-48ac-9823-8e425d916d3c,09c51cea-c405-4969-83d9-f6c3cabe8f42,8bad651d-e533-411a-ac9c-74516d02ff20
cbb2eb5b-1962-48ac-9823-8e425d916d3c,09c51cea-c405-4969-83d9-f6c3cabe8f42,8bad651d-e533-411a-ac9c-74516d02ff20,->,cbb2eb5b-1962-48ac-9823-8e425d916d3c,09c51cea-c405-4969-83d9-f6c3cabe8f42,8bad651d-e533-411a-ac9c-74516d02ff20
cbb2eb5b-1962-48ac-9823-8e425d916d3c,09c51cea-c405-4969-83d9-f6c3cabe8f42,8bad651d-e533-411a-ac9c-74516d02ff20,->,cbb2eb5b-1962-48ac-9823-8e425d916d3c,09c51cea-c405-4969-83d9-f6c3cabe8f42,8bad651d-e533-411a-ac9c-74516d02ff20
cbb2eb5b-1962-48ac-9823-8e425d916d3c,09c51cea-c405-4969-83d9-f6c3cabe8f42,8bad651d-e533-411a-ac9c-74516d02ff20,->,cbb2eb5b-1962-48ac-9823-8e425d916d3c,09c51cea-c405-4969-83d9-f6c3cabe8f42,8bad651d-e533-411a-ac9c-74516d02ff20
cbb2eb5b-1962-48ac-9823-8e425d916d3c,09c51cea-c405-4969-83d9-f6c3cabe8f42,8bad651d-e533-411a-ac9c-74516d02ff20,->,cbb2eb5b-1962-48ac-9823-8e425d916d3c,09c51cea-c405-4969-83d9-f6c3cabe8f42,8bad651d-e533-411a-ac9c-74516d02ff20
cbb2eb5b-1962-48ac-9823-8e425d916d3c,09c51cea-c405-4969-83d9-f6c3cabe8f42,8bad651d-e533-411a-ac9c-74516d02ff20,->,cbb2eb5b-1962-48ac-9823-8e425d916d3c,09c51cea-c405-4969-83d9-f6c3cabe8f42,8bad651d-e533-411a-ac9c-74516d02ff20
cbb2eb5b-1962-48ac-9823-8e425d916d3c,09c51cea-c405-4969-83d9-f6c3cabe8f42,8bad651d-e533-411a-ac9c-74516d02ff20,->,cbb2eb5b-1962-48ac-9823-8e425d916d3c,rpg/game/entities/AnimatedEntity.java,hasCollisionAt
cbb2eb5b-1962-48ac-9823-8e425d916d3c,09c51cea-c405-4969-83d9-f6c3cabe8f42,8bad651d-e533-411a-ac9c-74516d02ff20,->,cbb2eb5b-1962-48ac-9823-8e425d916d3c,rpg/game/entities/AnimatedEntity.java,hasCollisionAt
cbb2eb5b-1962-48ac-9823-8e425d916d3c,09c51cea-c405-4969-83d9-f6c3cabe8f42,8bad651d-e533-411a-ac9c-74516d02ff20,->,cbb2eb5b-1962-48ac-9823-8e425d916d3c,rpg/game/entities/AnimatedEntity.java,hasCollisionAt
cbb2eb5b-1962-48ac-9823-8e425d916d3c,09c51cea-c405-4969-83d9-f6c3cabe8f42,8bad651d-e533-411a-ac9c-74516d02ff20,->,cbb2eb5b-1962-48ac-9823-8e425d916d3c,rpg/game/entities/AnimatedEntity.java,hasCollisionAt
cbb2eb5b-1962-48ac-9823-8e425d916d3c,09c51cea-c405-4969-83d9-f6c3cabe8f42,8bad651d-e533-411a-ac9c-74516d02ff20,->,cbb2eb5b-1962-48ac-9823-8e425d916d3c,rpg/game/entities/AnimatedEntity.java,setImageBounds
cbb2eb5b-1962-48ac-9823-8e425d916d3c,09c51cea-c405-4969-83d9-f6c3cabe8f42,8bad651d-e533-411a-ac9c-74516d02ff20,->,cbb2eb5b-1962-48ac-9823-8e425d916d3c,rpg/game/entities/AnimatedEntity.java,hasCollisionAt
cbb2eb5b-1962-48ac-9823-8e425d916d3c,09c51cea-c405-4969-83d9-f6c3cabe8f42,8bad651d-e533-411a-ac9c-74516d02ff20,->,cbb2eb5b-1962-48ac-9823-8e425d916d3c,rpg/game/entities/AnimatedEntity.java,hasCollisionAt
cbb2eb5b-1962-48ac-9823-8e425d916d3c,09c51cea-c405-4969-83d9-f6c3cabe8f42,8bad651d-e533-411a-ac9c-74516d02ff20,->,cbb2eb5b-1962-48ac-9823-8e425d916d3c,rpg/game/entities/AnimatedEntity.java,hasCollisionAt
cbb2eb5b-1962-48ac-9823-8e425d916d3c,09c51cea-c405-4969-83d9-f6c3cabe8f42,8bad651d-e533-411a-ac9c-74516d02ff20,->,cbb2eb5b-1962-48ac-9823-8e425d916d3c,rpg/game/entities/AnimatedEntity.java,hasCollisionAt
cbb2eb5b-1962-48ac-9823-8e425d916d3c,09c51cea-c405-4969-83d9-f6c3cabe8f42,8bad651d-e533-411a-ac9c-74516d02ff20,->,cbb2eb5b-1962-48ac-9823-8e425d916d3c,rpg/game/entities/AnimatedEntity.java,setImageBounds
cbb2eb5b-1962-48ac-9823-8e425d916d3c,09c51cea-c405-4969-83d9-f6c3cabe8f42,04c7bec8-a5eb-4a7e-8af6-3c452fbe4b51,->,cbb2eb5b-1962-48ac-9823-8e425d916d3c,org/newdawn/slick/opengl/Texture.java,bind
cbb2eb5b-1962-48ac-9823-8e425d916d3c,09c51cea-c405-4969-83d9-f6c3cabe8f42,04c7bec8-a5eb-4a7e-8af6-3c452fbe4b51,->,cbb2eb5b-1962-48ac-9823-8e425d916d3c,rpg/game/entities/AnimatedEntity.java,isDead
cbb2eb5b-1962-48ac-9823-8e425d916d3c,09c51cea-c405-4969-83d9-f6c3cabe8f42,04c7bec8-a5eb-4a7e-8af6-3c452fbe4b51,->,cbb2eb5b-1962-48ac-9823-8e425d916d3c,845d8316-2c19-4e9a-82ae-1043b7dc327d,6a644959-33f1-4a84-8316-6a38024f8674
cbb2eb5b-1962-48ac-9823-8e425d916d3c,09c51cea-c405-4969-83d9-f6c3cabe8f42,04c7bec8-a5eb-4a7e-8af6-3c452fbe4b51,->,cbb2eb5b-1962-48ac-9823-8e425d916d3c,org/lwjgl/opengl/GL11.java,glBegin
cbb2eb5b-1962-48ac-9823-8e425d916d3c,09c51cea-c405-4969-83d9-f6c3cabe8f42,04c7bec8-a5eb-4a7e-8af6-3c452fbe4b51,->,cbb2eb5b-1962-48ac-9823-8e425d916d3c,org/lwjgl/opengl/GL11.java,glTexCoord2f
cbb2eb5b-1962-48ac-9823-8e425d916d3c,09c51cea-c405-4969-83d9-f6c3cabe8f42,04c7bec8-a5eb-4a7e-8af6-3c452fbe4b51,->,cbb2eb5b-1962-48ac-9823-8e425d916d3c,org/lwjgl/opengl/GL11.java,glVertex2f
cbb2eb5b-1962-48ac-9823-8e425d916d3c,09c51cea-c405-4969-83d9-f6c3cabe8f42,04c7bec8-a5eb-4a7e-8af6-3c452fbe4b51,->,cbb2eb5b-1962-48ac-9823-8e425d916d3c,org/lwjgl/opengl/GL11.java,glTexCoord2f
cbb2eb5b-1962-48ac-9823-8e425d916d3c,09c51cea-c405-4969-83d9-f6c3cabe8f42,04c7bec8-a5eb-4a7e-8af6-3c452fbe4b51,->,cbb2eb5b-1962-48ac-9823-8e425d916d3c,org/lwjgl/opengl/GL11.java,glVertex2f
cbb2eb5b-1962-48ac-9823-8e425d916d3c,09c51cea-c405-4969-83d9-f6c3cabe8f42,04c7bec8-a5eb-4a7e-8af6-3c452fbe4b51,->,cbb2eb5b-1962-48ac-9823-8e425d916d3c,org/lwjgl/opengl/GL11.java,glTexCoord2f
cbb2eb5b-1962-48ac-9823-8e425d916d3c,09c51cea-c405-4969-83d9-f6c3cabe8f42,04c7bec8-a5eb-4a7e-8af6-3c452fbe4b51,->,cbb2eb5b-1962-48ac-9823-8e425d916d3c,org/lwjgl/opengl/GL11.java,glVertex2f
cbb2eb5b-1962-48ac-9823-8e425d916d3c,09c51cea-c405-4969-83d9-f6c3cabe8f42,04c7bec8-a5eb-4a7e-8af6-3c452fbe4b51,->,cbb2eb5b-1962-48ac-9823-8e425d916d3c,org/lwjgl/opengl/GL11.java,glTexCoord2f
cbb2eb5b-1962-48ac-9823-8e425d916d3c,09c51cea-c405-4969-83d9-f6c3cabe8f42,04c7bec8-a5eb-4a7e-8af6-3c452fbe4b51,->,cbb2eb5b-1962-48ac-9823-8e425d916d3c,org/lwjgl/opengl/GL11.java,glVertex2f
cbb2eb5b-1962-48ac-9823-8e425d916d3c,09c51cea-c405-4969-83d9-f6c3cabe8f42,04c7bec8-a5eb-4a7e-8af6-3c452fbe4b51,->,cbb2eb5b-1962-48ac-9823-8e425d916d3c,org/lwjgl/opengl/GL11.java,glEnd
cbb2eb5b-1962-48ac-9823-8e425d916d3c,09c51cea-c405-4969-83d9-f6c3cabe8f42,04c7bec8-a5eb-4a7e-8af6-3c452fbe4b51,->,cbb2eb5b-1962-48ac-9823-8e425d916d3c,rpg/game/entities/AnimatedEntity.java,renderItemBag
cbb2eb5b-1962-48ac-9823-8e425d916d3c,620c6d12-9181-4002-b568-fb0798b4c6e8,35e33097-6d01-4294-b22f-8760a8d9b5d8,->,cbb2eb5b-1962-48ac-9823-8e425d916d3c,java/lang/Math.java,random
cbb2eb5b-1962-48ac-9823-8e425d916d3c,620c6d12-9181-4002-b568-fb0798b4c6e8,35e33097-6d01-4294-b22f-8760a8d9b5d8,->,cbb2eb5b-1962-48ac-9823-8e425d916d3c,77c0f95d-a4ee-4892-9b9f-3920e28b6b18,e0925361-7543-4b5b-9761-372212b4fb12
cbb2eb5b-1962-48ac-9823-8e425d916d3c,620c6d12-9181-4002-b568-fb0798b4c6e8,35e33097-6d01-4294-b22f-8760a8d9b5d8,->,cbb2eb5b-1962-48ac-9823-8e425d916d3c,3b79f692-309a-4965-8e8b-48440ac3289a,5ce9cddc-a782-45d3-a70e-044c2f241f51
cbb2eb5b-1962-48ac-9823-8e425d916d3c,620c6d12-9181-4002-b568-fb0798b4c6e8,35e33097-6d01-4294-b22f-8760a8d9b5d8,->,cbb2eb5b-1962-48ac-9823-8e425d916d3c,java/lang/Math.java,random
cbb2eb5b-1962-48ac-9823-8e425d916d3c,620c6d12-9181-4002-b568-fb0798b4c6e8,35e33097-6d01-4294-b22f-8760a8d9b5d8,->,cbb2eb5b-1962-48ac-9823-8e425d916d3c,77c0f95d-a4ee-4892-9b9f-3920e28b6b18,e0925361-7543-4b5b-9761-372212b4fb12
cbb2eb5b-1962-48ac-9823-8e425d916d3c,620c6d12-9181-4002-b568-fb0798b4c6e8,35e33097-6d01-4294-b22f-8760a8d9b5d8,->,cbb2eb5b-1962-48ac-9823-8e425d916d3c,3b79f692-309a-4965-8e8b-48440ac3289a,5ce9cddc-a782-45d3-a70e-044c2f241f51
cbb2eb5b-1962-48ac-9823-8e425d916d3c,620c6d12-9181-4002-b568-fb0798b4c6e8,35e33097-6d01-4294-b22f-8760a8d9b5d8,->,cbb2eb5b-1962-48ac-9823-8e425d916d3c,3b79f692-309a-4965-8e8b-48440ac3289a,5ce9cddc-a782-45d3-a70e-044c2f241f51
cbb2eb5b-1962-48ac-9823-8e425d916d3c,b383cb01-5a90-4361-ad4b-b0e5bb25c6e9,f9267364-fb19-4fda-aa6f-e5ed3f9f1c44,->,cbb2eb5b-1962-48ac-9823-8e425d916d3c,845d8316-2c19-4e9a-82ae-1043b7dc327d,7474bd0e-76b2-440f-be3f-33b0d47405bd
cbb2eb5b-1962-48ac-9823-8e425d916d3c,b383cb01-5a90-4361-ad4b-b0e5bb25c6e9,f9267364-fb19-4fda-aa6f-e5ed3f9f1c44,->,cbb2eb5b-1962-48ac-9823-8e425d916d3c,rpg/game/entities/Slime.java,isDead
cbb2eb5b-1962-48ac-9823-8e425d916d3c,b383cb01-5a90-4361-ad4b-b0e5bb25c6e9,f9267364-fb19-4fda-aa6f-e5ed3f9f1c44,->,cbb2eb5b-1962-48ac-9823-8e425d916d3c,b383cb01-5a90-4361-ad4b-b0e5bb25c6e9,fabb0cf9-681b-4490-8b74-440413280222
cbb2eb5b-1962-48ac-9823-8e425d916d3c,b383cb01-5a90-4361-ad4b-b0e5bb25c6e9,fabb0cf9-681b-4490-8b74-440413280222,->,cbb2eb5b-1962-48ac-9823-8e425d916d3c,java/lang/Math.java,random
cbb2eb5b-1962-48ac-9823-8e425d916d3c,b383cb01-5a90-4361-ad4b-b0e5bb25c6e9,fabb0cf9-681b-4490-8b74-440413280222,->,cbb2eb5b-1962-48ac-9823-8e425d916d3c,b383cb01-5a90-4361-ad4b-b0e5bb25c6e9,fabb0cf9-681b-4490-8b74-440413280222
cbb2eb5b-1962-48ac-9823-8e425d916d3c,b383cb01-5a90-4361-ad4b-b0e5bb25c6e9,fabb0cf9-681b-4490-8b74-440413280222,->,cbb2eb5b-1962-48ac-9823-8e425d916d3c,b383cb01-5a90-4361-ad4b-b0e5bb25c6e9,fabb0cf9-681b-4490-8b74-440413280222
cbb2eb5b-1962-48ac-9823-8e425d916d3c,b383cb01-5a90-4361-ad4b-b0e5bb25c6e9,fabb0cf9-681b-4490-8b74-440413280222,->,cbb2eb5b-1962-48ac-9823-8e425d916d3c,b383cb01-5a90-4361-ad4b-b0e5bb25c6e9,fabb0cf9-681b-4490-8b74-440413280222
cbb2eb5b-1962-48ac-9823-8e425d916d3c,b383cb01-5a90-4361-ad4b-b0e5bb25c6e9,fabb0cf9-681b-4490-8b74-440413280222,->,cbb2eb5b-1962-48ac-9823-8e425d916d3c,b383cb01-5a90-4361-ad4b-b0e5bb25c6e9,fabb0cf9-681b-4490-8b74-440413280222
cbb2eb5b-1962-48ac-9823-8e425d916d3c,b383cb01-5a90-4361-ad4b-b0e5bb25c6e9,fabb0cf9-681b-4490-8b74-440413280222,->,cbb2eb5b-1962-48ac-9823-8e425d916d3c,b383cb01-5a90-4361-ad4b-b0e5bb25c6e9,fabb0cf9-681b-4490-8b74-440413280222
cbb2eb5b-1962-48ac-9823-8e425d916d3c,b383cb01-5a90-4361-ad4b-b0e5bb25c6e9,fabb0cf9-681b-4490-8b74-440413280222,->,cbb2eb5b-1962-48ac-9823-8e425d916d3c,b383cb01-5a90-4361-ad4b-b0e5bb25c6e9,fabb0cf9-681b-4490-8b74-440413280222
cbb2eb5b-1962-48ac-9823-8e425d916d3c,b383cb01-5a90-4361-ad4b-b0e5bb25c6e9,fabb0cf9-681b-4490-8b74-440413280222,->,cbb2eb5b-1962-48ac-9823-8e425d916d3c,b383cb01-5a90-4361-ad4b-b0e5bb25c6e9,fabb0cf9-681b-4490-8b74-440413280222
cbb2eb5b-1962-48ac-9823-8e425d916d3c,b383cb01-5a90-4361-ad4b-b0e5bb25c6e9,fabb0cf9-681b-4490-8b74-440413280222,->,cbb2eb5b-1962-48ac-9823-8e425d916d3c,b383cb01-5a90-4361-ad4b-b0e5bb25c6e9,fabb0cf9-681b-4490-8b74-440413280222
cbb2eb5b-1962-48ac-9823-8e425d916d3c,b383cb01-5a90-4361-ad4b-b0e5bb25c6e9,e27d6d5b-1b87-479d-8d26-a2676976f8de,->,cbb2eb5b-1962-48ac-9823-8e425d916d3c,org/newdawn/slick/opengl/Texture.java,bind
cbb2eb5b-1962-48ac-9823-8e425d916d3c,b383cb01-5a90-4361-ad4b-b0e5bb25c6e9,e27d6d5b-1b87-479d-8d26-a2676976f8de,->,cbb2eb5b-1962-48ac-9823-8e425d916d3c,rpg/game/entities/Slime.java,isDead
cbb2eb5b-1962-48ac-9823-8e425d916d3c,b383cb01-5a90-4361-ad4b-b0e5bb25c6e9,e27d6d5b-1b87-479d-8d26-a2676976f8de,->,cbb2eb5b-1962-48ac-9823-8e425d916d3c,org/lwjgl/opengl/GL11.java,glBegin
cbb2eb5b-1962-48ac-9823-8e425d916d3c,b383cb01-5a90-4361-ad4b-b0e5bb25c6e9,e27d6d5b-1b87-479d-8d26-a2676976f8de,->,cbb2eb5b-1962-48ac-9823-8e425d916d3c,org/lwjgl/opengl/GL11.java,glTexCoord2f
cbb2eb5b-1962-48ac-9823-8e425d916d3c,b383cb01-5a90-4361-ad4b-b0e5bb25c6e9,e27d6d5b-1b87-479d-8d26-a2676976f8de,->,cbb2eb5b-1962-48ac-9823-8e425d916d3c,org/lwjgl/opengl/GL11.java,glVertex2f
cbb2eb5b-1962-48ac-9823-8e425d916d3c,b383cb01-5a90-4361-ad4b-b0e5bb25c6e9,e27d6d5b-1b87-479d-8d26-a2676976f8de,->,cbb2eb5b-1962-48ac-9823-8e425d916d3c,org/lwjgl/opengl/GL11.java,glTexCoord2f
cbb2eb5b-1962-48ac-9823-8e425d916d3c,b383cb01-5a90-4361-ad4b-b0e5bb25c6e9,e27d6d5b-1b87-479d-8d26-a2676976f8de,->,cbb2eb5b-1962-48ac-9823-8e425d916d3c,org/lwjgl/opengl/GL11.java,glVertex2f
cbb2eb5b-1962-48ac-9823-8e425d916d3c,b383cb01-5a90-4361-ad4b-b0e5bb25c6e9,e27d6d5b-1b87-479d-8d26-a2676976f8de,->,cbb2eb5b-1962-48ac-9823-8e425d916d3c,org/lwjgl/opengl/GL11.java,glTexCoord2f
cbb2eb5b-1962-48ac-9823-8e425d916d3c,b383cb01-5a90-4361-ad4b-b0e5bb25c6e9,e27d6d5b-1b87-479d-8d26-a2676976f8de,->,cbb2eb5b-1962-48ac-9823-8e425d916d3c,org/lwjgl/opengl/GL11.java,glVertex2f
cbb2eb5b-1962-48ac-9823-8e425d916d3c,b383cb01-5a90-4361-ad4b-b0e5bb25c6e9,e27d6d5b-1b87-479d-8d26-a2676976f8de,->,cbb2eb5b-1962-48ac-9823-8e425d916d3c,org/lwjgl/opengl/GL11.java,glTexCoord2f
cbb2eb5b-1962-48ac-9823-8e425d916d3c,b383cb01-5a90-4361-ad4b-b0e5bb25c6e9,e27d6d5b-1b87-479d-8d26-a2676976f8de,->,cbb2eb5b-1962-48ac-9823-8e425d916d3c,org/lwjgl/opengl/GL11.java,glVertex2f
cbb2eb5b-1962-48ac-9823-8e425d916d3c,b383cb01-5a90-4361-ad4b-b0e5bb25c6e9,e27d6d5b-1b87-479d-8d26-a2676976f8de,->,cbb2eb5b-1962-48ac-9823-8e425d916d3c,org/lwjgl/opengl/GL11.java,glEnd
cbb2eb5b-1962-48ac-9823-8e425d916d3c,b383cb01-5a90-4361-ad4b-b0e5bb25c6e9,e27d6d5b-1b87-479d-8d26-a2676976f8de,->,cbb2eb5b-1962-48ac-9823-8e425d916d3c,rpg/game/entities/Slime.java,renderItemBag
cbb2eb5b-1962-48ac-9823-8e425d916d3c,845d8316-2c19-4e9a-82ae-1043b7dc327d,7474bd0e-76b2-440f-be3f-33b0d47405bd,->,cbb2eb5b-1962-48ac-9823-8e425d916d3c,845d8316-2c19-4e9a-82ae-1043b7dc327d,ba6a5b44-34d2-49f7-bf45-44979f8e0314
cbb2eb5b-1962-48ac-9823-8e425d916d3c,845d8316-2c19-4e9a-82ae-1043b7dc327d,7474bd0e-76b2-440f-be3f-33b0d47405bd,->,cbb2eb5b-1962-48ac-9823-8e425d916d3c,845d8316-2c19-4e9a-82ae-1043b7dc327d,ca973758-4d95-4370-8b8e-511e21865130
cbb2eb5b-1962-48ac-9823-8e425d916d3c,845d8316-2c19-4e9a-82ae-1043b7dc327d,7474bd0e-76b2-440f-be3f-33b0d47405bd,->,cbb2eb5b-1962-48ac-9823-8e425d916d3c,845d8316-2c19-4e9a-82ae-1043b7dc327d,82efb0e5-c989-4cd2-8fc7-c689610fd385
cbb2eb5b-1962-48ac-9823-8e425d916d3c,845d8316-2c19-4e9a-82ae-1043b7dc327d,7474bd0e-76b2-440f-be3f-33b0d47405bd,->,cbb2eb5b-1962-48ac-9823-8e425d916d3c,845d8316-2c19-4e9a-82ae-1043b7dc327d,ba6a5b44-34d2-49f7-bf45-44979f8e0314
cbb2eb5b-1962-48ac-9823-8e425d916d3c,845d8316-2c19-4e9a-82ae-1043b7dc327d,7474bd0e-76b2-440f-be3f-33b0d47405bd,->,cbb2eb5b-1962-48ac-9823-8e425d916d3c,java/util/ArrayList.java,size
cbb2eb5b-1962-48ac-9823-8e425d916d3c,845d8316-2c19-4e9a-82ae-1043b7dc327d,6a644959-33f1-4a84-8316-6a38024f8674,->,cbb2eb5b-1962-48ac-9823-8e425d916d3c,2a73a00e-fea6-42f9-a76a-1761e9b302d6,f07b65d5-3e00-433b-8469-5c084734f67b
cbb2eb5b-1962-48ac-9823-8e425d916d3c,845d8316-2c19-4e9a-82ae-1043b7dc327d,6a644959-33f1-4a84-8316-6a38024f8674,->,cbb2eb5b-1962-48ac-9823-8e425d916d3c,2a73a00e-fea6-42f9-a76a-1761e9b302d6,f07b65d5-3e00-433b-8469-5c084734f67b
cbb2eb5b-1962-48ac-9823-8e425d916d3c,845d8316-2c19-4e9a-82ae-1043b7dc327d,6a644959-33f1-4a84-8316-6a38024f8674,->,cbb2eb5b-1962-48ac-9823-8e425d916d3c,org/lwjgl/opengl/GL11.java,glColor3d
cbb2eb5b-1962-48ac-9823-8e425d916d3c,845d8316-2c19-4e9a-82ae-1043b7dc327d,6a644959-33f1-4a84-8316-6a38024f8674,->,cbb2eb5b-1962-48ac-9823-8e425d916d3c,org/lwjgl/opengl/GL11.java,glColor3d
cbb2eb5b-1962-48ac-9823-8e425d916d3c,845d8316-2c19-4e9a-82ae-1043b7dc327d,64e7f6c3-d03d-4bd2-926f-450d96f3f5a7,->,cbb2eb5b-1962-48ac-9823-8e425d916d3c,c6daa512-8880-4e28-b381-d962ebd7bb15,10f8c789-c4a0-495c-b60f-f5a0a95f1d8a
cbb2eb5b-1962-48ac-9823-8e425d916d3c,845d8316-2c19-4e9a-82ae-1043b7dc327d,64e7f6c3-d03d-4bd2-926f-450d96f3f5a7,->,cbb2eb5b-1962-48ac-9823-8e425d916d3c,c6daa512-8880-4e28-b381-d962ebd7bb15,10f8c789-c4a0-495c-b60f-f5a0a95f1d8a
cbb2eb5b-1962-48ac-9823-8e425d916d3c,845d8316-2c19-4e9a-82ae-1043b7dc327d,64e7f6c3-d03d-4bd2-926f-450d96f3f5a7,->,cbb2eb5b-1962-48ac-9823-8e425d916d3c,c6daa512-8880-4e28-b381-d962ebd7bb15,b1192bda-7692-45bf-b632-40ab5e6b2852
cbb2eb5b-1962-48ac-9823-8e425d916d3c,845d8316-2c19-4e9a-82ae-1043b7dc327d,64e7f6c3-d03d-4bd2-926f-450d96f3f5a7,->,cbb2eb5b-1962-48ac-9823-8e425d916d3c,c6daa512-8880-4e28-b381-d962ebd7bb15,dc2cd17f-331b-42ea-95ed-33752067a553
cbb2eb5b-1962-48ac-9823-8e425d916d3c,845d8316-2c19-4e9a-82ae-1043b7dc327d,64e7f6c3-d03d-4bd2-926f-450d96f3f5a7,->,cbb2eb5b-1962-48ac-9823-8e425d916d3c,c6daa512-8880-4e28-b381-d962ebd7bb15,dc2cd17f-331b-42ea-95ed-33752067a553
cbb2eb5b-1962-48ac-9823-8e425d916d3c,845d8316-2c19-4e9a-82ae-1043b7dc327d,64e7f6c3-d03d-4bd2-926f-450d96f3f5a7,->,cbb2eb5b-1962-48ac-9823-8e425d916d3c,c6daa512-8880-4e28-b381-d962ebd7bb15,23ad381e-499e-4840-89fc-b556a62e8cb3
cbb2eb5b-1962-48ac-9823-8e425d916d3c,845d8316-2c19-4e9a-82ae-1043b7dc327d,64e7f6c3-d03d-4bd2-926f-450d96f3f5a7,->,cbb2eb5b-1962-48ac-9823-8e425d916d3c,java/util/ArrayList.java,iterator
cbb2eb5b-1962-48ac-9823-8e425d916d3c,845d8316-2c19-4e9a-82ae-1043b7dc327d,64e7f6c3-d03d-4bd2-926f-450d96f3f5a7,->,cbb2eb5b-1962-48ac-9823-8e425d916d3c,java/util/Iterator.java,hasNext
cbb2eb5b-1962-48ac-9823-8e425d916d3c,845d8316-2c19-4e9a-82ae-1043b7dc327d,64e7f6c3-d03d-4bd2-926f-450d96f3f5a7,->,cbb2eb5b-1962-48ac-9823-8e425d916d3c,java/util/Iterator.java,next
cbb2eb5b-1962-48ac-9823-8e425d916d3c,845d8316-2c19-4e9a-82ae-1043b7dc327d,64e7f6c3-d03d-4bd2-926f-450d96f3f5a7,->,cbb2eb5b-1962-48ac-9823-8e425d916d3c,64c81bfb-93f6-44ae-92ba-06922c2f6485,bbb1586c-5d94-4326-992b-00ede6fc8e8b
cbb2eb5b-1962-48ac-9823-8e425d916d3c,845d8316-2c19-4e9a-82ae-1043b7dc327d,64e7f6c3-d03d-4bd2-926f-450d96f3f5a7,->,cbb2eb5b-1962-48ac-9823-8e425d916d3c,java/lang/Object.java,equals
cbb2eb5b-1962-48ac-9823-8e425d916d3c,845d8316-2c19-4e9a-82ae-1043b7dc327d,64e7f6c3-d03d-4bd2-926f-450d96f3f5a7,->,cbb2eb5b-1962-48ac-9823-8e425d916d3c,64c81bfb-93f6-44ae-92ba-06922c2f6485,5643c2dc-a35e-4b26-a005-5603834908aa
cbb2eb5b-1962-48ac-9823-8e425d916d3c,845d8316-2c19-4e9a-82ae-1043b7dc327d,64e7f6c3-d03d-4bd2-926f-450d96f3f5a7,->,cbb2eb5b-1962-48ac-9823-8e425d916d3c,64c81bfb-93f6-44ae-92ba-06922c2f6485,74e67e87-b23d-4869-8080-3265bfe1123a
cbb2eb5b-1962-48ac-9823-8e425d916d3c,845d8316-2c19-4e9a-82ae-1043b7dc327d,64e7f6c3-d03d-4bd2-926f-450d96f3f5a7,->,cbb2eb5b-1962-48ac-9823-8e425d916d3c,64c81bfb-93f6-44ae-92ba-06922c2f6485,5643c2dc-a35e-4b26-a005-5603834908aa
cbb2eb5b-1962-48ac-9823-8e425d916d3c,845d8316-2c19-4e9a-82ae-1043b7dc327d,64e7f6c3-d03d-4bd2-926f-450d96f3f5a7,->,cbb2eb5b-1962-48ac-9823-8e425d916d3c,64c81bfb-93f6-44ae-92ba-06922c2f6485,74e67e87-b23d-4869-8080-3265bfe1123a
cbb2eb5b-1962-48ac-9823-8e425d916d3c,845d8316-2c19-4e9a-82ae-1043b7dc327d,64e7f6c3-d03d-4bd2-926f-450d96f3f5a7,->,cbb2eb5b-1962-48ac-9823-8e425d916d3c,64c81bfb-93f6-44ae-92ba-06922c2f6485,9aa295d5-f585-4677-aa18-72a7f67fbd29
cbb2eb5b-1962-48ac-9823-8e425d916d3c,845d8316-2c19-4e9a-82ae-1043b7dc327d,64e7f6c3-d03d-4bd2-926f-450d96f3f5a7,->,cbb2eb5b-1962-48ac-9823-8e425d916d3c,64c81bfb-93f6-44ae-92ba-06922c2f6485,1123f2cd-562f-43c9-a56c-2c44a7dd25f9
cbb2eb5b-1962-48ac-9823-8e425d916d3c,845d8316-2c19-4e9a-82ae-1043b7dc327d,64e7f6c3-d03d-4bd2-926f-450d96f3f5a7,->,cbb2eb5b-1962-48ac-9823-8e425d916d3c,64c81bfb-93f6-44ae-92ba-06922c2f6485,06083809-9a0e-4b3e-860c-6b59399ebef8
cbb2eb5b-1962-48ac-9823-8e425d916d3c,845d8316-2c19-4e9a-82ae-1043b7dc327d,64e7f6c3-d03d-4bd2-926f-450d96f3f5a7,->,cbb2eb5b-1962-48ac-9823-8e425d916d3c,64c81bfb-93f6-44ae-92ba-06922c2f6485,1123f2cd-562f-43c9-a56c-2c44a7dd25f9
cbb2eb5b-1962-48ac-9823-8e425d916d3c,845d8316-2c19-4e9a-82ae-1043b7dc327d,64e7f6c3-d03d-4bd2-926f-450d96f3f5a7,->,cbb2eb5b-1962-48ac-9823-8e425d916d3c,64c81bfb-93f6-44ae-92ba-06922c2f6485,06083809-9a0e-4b3e-860c-6b59399ebef8
cbb2eb5b-1962-48ac-9823-8e425d916d3c,845d8316-2c19-4e9a-82ae-1043b7dc327d,64e7f6c3-d03d-4bd2-926f-450d96f3f5a7,->,cbb2eb5b-1962-48ac-9823-8e425d916d3c,64c81bfb-93f6-44ae-92ba-06922c2f6485,4105e665-d635-46b3-9b18-5c1288906edf
cbb2eb5b-1962-48ac-9823-8e425d916d3c,845d8316-2c19-4e9a-82ae-1043b7dc327d,64e7f6c3-d03d-4bd2-926f-450d96f3f5a7,->,cbb2eb5b-1962-48ac-9823-8e425d916d3c,java/util/ArrayList.java,iterator
cbb2eb5b-1962-48ac-9823-8e425d916d3c,845d8316-2c19-4e9a-82ae-1043b7dc327d,64e7f6c3-d03d-4bd2-926f-450d96f3f5a7,->,cbb2eb5b-1962-48ac-9823-8e425d916d3c,java/util/Iterator.java,hasNext
cbb2eb5b-1962-48ac-9823-8e425d916d3c,845d8316-2c19-4e9a-82ae-1043b7dc327d,64e7f6c3-d03d-4bd2-926f-450d96f3f5a7,->,cbb2eb5b-1962-48ac-9823-8e425d916d3c,java/util/Iterator.java,next
cbb2eb5b-1962-48ac-9823-8e425d916d3c,845d8316-2c19-4e9a-82ae-1043b7dc327d,64e7f6c3-d03d-4bd2-926f-450d96f3f5a7,->,cbb2eb5b-1962-48ac-9823-8e425d916d3c,64c81bfb-93f6-44ae-92ba-06922c2f6485,bbb1586c-5d94-4326-992b-00ede6fc8e8b
cbb2eb5b-1962-48ac-9823-8e425d916d3c,845d8316-2c19-4e9a-82ae-1043b7dc327d,64e7f6c3-d03d-4bd2-926f-450d96f3f5a7,->,cbb2eb5b-1962-48ac-9823-8e425d916d3c,java/lang/Object.java,equals
cbb2eb5b-1962-48ac-9823-8e425d916d3c,845d8316-2c19-4e9a-82ae-1043b7dc327d,64e7f6c3-d03d-4bd2-926f-450d96f3f5a7,->,cbb2eb5b-1962-48ac-9823-8e425d916d3c,64c81bfb-93f6-44ae-92ba-06922c2f6485,5643c2dc-a35e-4b26-a005-5603834908aa
cbb2eb5b-1962-48ac-9823-8e425d916d3c,845d8316-2c19-4e9a-82ae-1043b7dc327d,64e7f6c3-d03d-4bd2-926f-450d96f3f5a7,->,cbb2eb5b-1962-48ac-9823-8e425d916d3c,64c81bfb-93f6-44ae-92ba-06922c2f6485,74e67e87-b23d-4869-8080-3265bfe1123a
cbb2eb5b-1962-48ac-9823-8e425d916d3c,845d8316-2c19-4e9a-82ae-1043b7dc327d,64e7f6c3-d03d-4bd2-926f-450d96f3f5a7,->,cbb2eb5b-1962-48ac-9823-8e425d916d3c,64c81bfb-93f6-44ae-92ba-06922c2f6485,5643c2dc-a35e-4b26-a005-5603834908aa
cbb2eb5b-1962-48ac-9823-8e425d916d3c,845d8316-2c19-4e9a-82ae-1043b7dc327d,64e7f6c3-d03d-4bd2-926f-450d96f3f5a7,->,cbb2eb5b-1962-48ac-9823-8e425d916d3c,64c81bfb-93f6-44ae-92ba-06922c2f6485,74e67e87-b23d-4869-8080-3265bfe1123a
cbb2eb5b-1962-48ac-9823-8e425d916d3c,845d8316-2c19-4e9a-82ae-1043b7dc327d,64e7f6c3-d03d-4bd2-926f-450d96f3f5a7,->,cbb2eb5b-1962-48ac-9823-8e425d916d3c,64c81bfb-93f6-44ae-92ba-06922c2f6485,9aa295d5-f585-4677-aa18-72a7f67fbd29
cbb2eb5b-1962-48ac-9823-8e425d916d3c,845d8316-2c19-4e9a-82ae-1043b7dc327d,64e7f6c3-d03d-4bd2-926f-450d96f3f5a7,->,cbb2eb5b-1962-48ac-9823-8e425d916d3c,64c81bfb-93f6-44ae-92ba-06922c2f6485,1123f2cd-562f-43c9-a56c-2c44a7dd25f9
cbb2eb5b-1962-48ac-9823-8e425d916d3c,845d8316-2c19-4e9a-82ae-1043b7dc327d,64e7f6c3-d03d-4bd2-926f-450d96f3f5a7,->,cbb2eb5b-1962-48ac-9823-8e425d916d3c,64c81bfb-93f6-44ae-92ba-06922c2f6485,06083809-9a0e-4b3e-860c-6b59399ebef8
cbb2eb5b-1962-48ac-9823-8e425d916d3c,845d8316-2c19-4e9a-82ae-1043b7dc327d,64e7f6c3-d03d-4bd2-926f-450d96f3f5a7,->,cbb2eb5b-1962-48ac-9823-8e425d916d3c,64c81bfb-93f6-44ae-92ba-06922c2f6485,1123f2cd-562f-43c9-a56c-2c44a7dd25f9
cbb2eb5b-1962-48ac-9823-8e425d916d3c,845d8316-2c19-4e9a-82ae-1043b7dc327d,64e7f6c3-d03d-4bd2-926f-450d96f3f5a7,->,cbb2eb5b-1962-48ac-9823-8e425d916d3c,64c81bfb-93f6-44ae-92ba-06922c2f6485,06083809-9a0e-4b3e-860c-6b59399ebef8
cbb2eb5b-1962-48ac-9823-8e425d916d3c,845d8316-2c19-4e9a-82ae-1043b7dc327d,64e7f6c3-d03d-4bd2-926f-450d96f3f5a7,->,cbb2eb5b-1962-48ac-9823-8e425d916d3c,64c81bfb-93f6-44ae-92ba-06922c2f6485,4105e665-d635-46b3-9b18-5c1288906edf
cbb2eb5b-1962-48ac-9823-8e425d916d3c,845d8316-2c19-4e9a-82ae-1043b7dc327d,e94dd839-733d-42e5-b3ed-f9ba2153c294,->,cbb2eb5b-1962-48ac-9823-8e425d916d3c,org/lwjgl/opengl/GL11.java,glBegin
cbb2eb5b-1962-48ac-9823-8e425d916d3c,845d8316-2c19-4e9a-82ae-1043b7dc327d,e94dd839-733d-42e5-b3ed-f9ba2153c294,->,cbb2eb5b-1962-48ac-9823-8e425d916d3c,org/lwjgl/opengl/GL11.java,glTexCoord2f
cbb2eb5b-1962-48ac-9823-8e425d916d3c,845d8316-2c19-4e9a-82ae-1043b7dc327d,e94dd839-733d-42e5-b3ed-f9ba2153c294,->,cbb2eb5b-1962-48ac-9823-8e425d916d3c,org/lwjgl/opengl/GL11.java,glVertex2f
cbb2eb5b-1962-48ac-9823-8e425d916d3c,845d8316-2c19-4e9a-82ae-1043b7dc327d,e94dd839-733d-42e5-b3ed-f9ba2153c294,->,cbb2eb5b-1962-48ac-9823-8e425d916d3c,org/lwjgl/opengl/GL11.java,glTexCoord2f
cbb2eb5b-1962-48ac-9823-8e425d916d3c,845d8316-2c19-4e9a-82ae-1043b7dc327d,e94dd839-733d-42e5-b3ed-f9ba2153c294,->,cbb2eb5b-1962-48ac-9823-8e425d916d3c,org/newdawn/slick/opengl/Texture.java,getImageWidth
cbb2eb5b-1962-48ac-9823-8e425d916d3c,845d8316-2c19-4e9a-82ae-1043b7dc327d,e94dd839-733d-42e5-b3ed-f9ba2153c294,->,cbb2eb5b-1962-48ac-9823-8e425d916d3c,org/lwjgl/opengl/GL11.java,glVertex2f
cbb2eb5b-1962-48ac-9823-8e425d916d3c,845d8316-2c19-4e9a-82ae-1043b7dc327d,e94dd839-733d-42e5-b3ed-f9ba2153c294,->,cbb2eb5b-1962-48ac-9823-8e425d916d3c,org/lwjgl/opengl/GL11.java,glTexCoord2f
cbb2eb5b-1962-48ac-9823-8e425d916d3c,845d8316-2c19-4e9a-82ae-1043b7dc327d,e94dd839-733d-42e5-b3ed-f9ba2153c294,->,cbb2eb5b-1962-48ac-9823-8e425d916d3c,org/newdawn/slick/opengl/Texture.java,getImageWidth
cbb2eb5b-1962-48ac-9823-8e425d916d3c,845d8316-2c19-4e9a-82ae-1043b7dc327d,e94dd839-733d-42e5-b3ed-f9ba2153c294,->,cbb2eb5b-1962-48ac-9823-8e425d916d3c,org/newdawn/slick/opengl/Texture.java,getImageHeight
cbb2eb5b-1962-48ac-9823-8e425d916d3c,845d8316-2c19-4e9a-82ae-1043b7dc327d,e94dd839-733d-42e5-b3ed-f9ba2153c294,->,cbb2eb5b-1962-48ac-9823-8e425d916d3c,org/lwjgl/opengl/GL11.java,glVertex2f
cbb2eb5b-1962-48ac-9823-8e425d916d3c,845d8316-2c19-4e9a-82ae-1043b7dc327d,e94dd839-733d-42e5-b3ed-f9ba2153c294,->,cbb2eb5b-1962-48ac-9823-8e425d916d3c,org/lwjgl/opengl/GL11.java,glTexCoord2f
cbb2eb5b-1962-48ac-9823-8e425d916d3c,845d8316-2c19-4e9a-82ae-1043b7dc327d,e94dd839-733d-42e5-b3ed-f9ba2153c294,->,cbb2eb5b-1962-48ac-9823-8e425d916d3c,org/newdawn/slick/opengl/Texture.java,getImageHeight
cbb2eb5b-1962-48ac-9823-8e425d916d3c,845d8316-2c19-4e9a-82ae-1043b7dc327d,e94dd839-733d-42e5-b3ed-f9ba2153c294,->,cbb2eb5b-1962-48ac-9823-8e425d916d3c,org/lwjgl/opengl/GL11.java,glVertex2f
cbb2eb5b-1962-48ac-9823-8e425d916d3c,845d8316-2c19-4e9a-82ae-1043b7dc327d,e94dd839-733d-42e5-b3ed-f9ba2153c294,->,cbb2eb5b-1962-48ac-9823-8e425d916d3c,org/lwjgl/opengl/GL11.java,glEnd
cbb2eb5b-1962-48ac-9823-8e425d916d3c,845d8316-2c19-4e9a-82ae-1043b7dc327d,d3875a82-926a-4550-a8fd-645d1f64e3a2,->,cbb2eb5b-1962-48ac-9823-8e425d916d3c,c6daa512-8880-4e28-b381-d962ebd7bb15,10f8c789-c4a0-495c-b60f-f5a0a95f1d8a
cbb2eb5b-1962-48ac-9823-8e425d916d3c,845d8316-2c19-4e9a-82ae-1043b7dc327d,d3875a82-926a-4550-a8fd-645d1f64e3a2,->,cbb2eb5b-1962-48ac-9823-8e425d916d3c,c6daa512-8880-4e28-b381-d962ebd7bb15,10f8c789-c4a0-495c-b60f-f5a0a95f1d8a
cbb2eb5b-1962-48ac-9823-8e425d916d3c,845d8316-2c19-4e9a-82ae-1043b7dc327d,d3875a82-926a-4550-a8fd-645d1f64e3a2,->,cbb2eb5b-1962-48ac-9823-8e425d916d3c,c6daa512-8880-4e28-b381-d962ebd7bb15,b1192bda-7692-45bf-b632-40ab5e6b2852
cbb2eb5b-1962-48ac-9823-8e425d916d3c,845d8316-2c19-4e9a-82ae-1043b7dc327d,d3875a82-926a-4550-a8fd-645d1f64e3a2,->,cbb2eb5b-1962-48ac-9823-8e425d916d3c,c6daa512-8880-4e28-b381-d962ebd7bb15,dc2cd17f-331b-42ea-95ed-33752067a553
cbb2eb5b-1962-48ac-9823-8e425d916d3c,845d8316-2c19-4e9a-82ae-1043b7dc327d,d3875a82-926a-4550-a8fd-645d1f64e3a2,->,cbb2eb5b-1962-48ac-9823-8e425d916d3c,c6daa512-8880-4e28-b381-d962ebd7bb15,dc2cd17f-331b-42ea-95ed-33752067a553
cbb2eb5b-1962-48ac-9823-8e425d916d3c,845d8316-2c19-4e9a-82ae-1043b7dc327d,d3875a82-926a-4550-a8fd-645d1f64e3a2,->,cbb2eb5b-1962-48ac-9823-8e425d916d3c,c6daa512-8880-4e28-b381-d962ebd7bb15,23ad381e-499e-4840-89fc-b556a62e8cb3
cbb2eb5b-1962-48ac-9823-8e425d916d3c,845d8316-2c19-4e9a-82ae-1043b7dc327d,d3875a82-926a-4550-a8fd-645d1f64e3a2,->,cbb2eb5b-1962-48ac-9823-8e425d916d3c,java/util/ArrayList.java,iterator
cbb2eb5b-1962-48ac-9823-8e425d916d3c,845d8316-2c19-4e9a-82ae-1043b7dc327d,d3875a82-926a-4550-a8fd-645d1f64e3a2,->,cbb2eb5b-1962-48ac-9823-8e425d916d3c,java/util/Iterator.java,hasNext
cbb2eb5b-1962-48ac-9823-8e425d916d3c,845d8316-2c19-4e9a-82ae-1043b7dc327d,d3875a82-926a-4550-a8fd-645d1f64e3a2,->,cbb2eb5b-1962-48ac-9823-8e425d916d3c,java/util/Iterator.java,next
cbb2eb5b-1962-48ac-9823-8e425d916d3c,845d8316-2c19-4e9a-82ae-1043b7dc327d,d3875a82-926a-4550-a8fd-645d1f64e3a2,->,cbb2eb5b-1962-48ac-9823-8e425d916d3c,64c81bfb-93f6-44ae-92ba-06922c2f6485,bbb1586c-5d94-4326-992b-00ede6fc8e8b
cbb2eb5b-1962-48ac-9823-8e425d916d3c,845d8316-2c19-4e9a-82ae-1043b7dc327d,d3875a82-926a-4550-a8fd-645d1f64e3a2,->,cbb2eb5b-1962-48ac-9823-8e425d916d3c,java/lang/Object.java,equals
cbb2eb5b-1962-48ac-9823-8e425d916d3c,845d8316-2c19-4e9a-82ae-1043b7dc327d,d3875a82-926a-4550-a8fd-645d1f64e3a2,->,cbb2eb5b-1962-48ac-9823-8e425d916d3c,64c81bfb-93f6-44ae-92ba-06922c2f6485,5643c2dc-a35e-4b26-a005-5603834908aa
cbb2eb5b-1962-48ac-9823-8e425d916d3c,845d8316-2c19-4e9a-82ae-1043b7dc327d,d3875a82-926a-4550-a8fd-645d1f64e3a2,->,cbb2eb5b-1962-48ac-9823-8e425d916d3c,64c81bfb-93f6-44ae-92ba-06922c2f6485,74e67e87-b23d-4869-8080-3265bfe1123a
cbb2eb5b-1962-48ac-9823-8e425d916d3c,845d8316-2c19-4e9a-82ae-1043b7dc327d,d3875a82-926a-4550-a8fd-645d1f64e3a2,->,cbb2eb5b-1962-48ac-9823-8e425d916d3c,64c81bfb-93f6-44ae-92ba-06922c2f6485,5643c2dc-a35e-4b26-a005-5603834908aa
cbb2eb5b-1962-48ac-9823-8e425d916d3c,845d8316-2c19-4e9a-82ae-1043b7dc327d,d3875a82-926a-4550-a8fd-645d1f64e3a2,->,cbb2eb5b-1962-48ac-9823-8e425d916d3c,64c81bfb-93f6-44ae-92ba-06922c2f6485,74e67e87-b23d-4869-8080-3265bfe1123a
cbb2eb5b-1962-48ac-9823-8e425d916d3c,845d8316-2c19-4e9a-82ae-1043b7dc327d,d3875a82-926a-4550-a8fd-645d1f64e3a2,->,cbb2eb5b-1962-48ac-9823-8e425d916d3c,64c81bfb-93f6-44ae-92ba-06922c2f6485,9aa295d5-f585-4677-aa18-72a7f67fbd29
cbb2eb5b-1962-48ac-9823-8e425d916d3c,845d8316-2c19-4e9a-82ae-1043b7dc327d,d3875a82-926a-4550-a8fd-645d1f64e3a2,->,cbb2eb5b-1962-48ac-9823-8e425d916d3c,64c81bfb-93f6-44ae-92ba-06922c2f6485,1123f2cd-562f-43c9-a56c-2c44a7dd25f9
cbb2eb5b-1962-48ac-9823-8e425d916d3c,845d8316-2c19-4e9a-82ae-1043b7dc327d,d3875a82-926a-4550-a8fd-645d1f64e3a2,->,cbb2eb5b-1962-48ac-9823-8e425d916d3c,64c81bfb-93f6-44ae-92ba-06922c2f6485,06083809-9a0e-4b3e-860c-6b59399ebef8
cbb2eb5b-1962-48ac-9823-8e425d916d3c,845d8316-2c19-4e9a-82ae-1043b7dc327d,d3875a82-926a-4550-a8fd-645d1f64e3a2,->,cbb2eb5b-1962-48ac-9823-8e425d916d3c,64c81bfb-93f6-44ae-92ba-06922c2f6485,1123f2cd-562f-43c9-a56c-2c44a7dd25f9
cbb2eb5b-1962-48ac-9823-8e425d916d3c,845d8316-2c19-4e9a-82ae-1043b7dc327d,d3875a82-926a-4550-a8fd-645d1f64e3a2,->,cbb2eb5b-1962-48ac-9823-8e425d916d3c,64c81bfb-93f6-44ae-92ba-06922c2f6485,06083809-9a0e-4b3e-860c-6b59399ebef8
cbb2eb5b-1962-48ac-9823-8e425d916d3c,845d8316-2c19-4e9a-82ae-1043b7dc327d,d3875a82-926a-4550-a8fd-645d1f64e3a2,->,cbb2eb5b-1962-48ac-9823-8e425d916d3c,64c81bfb-93f6-44ae-92ba-06922c2f6485,4105e665-d635-46b3-9b18-5c1288906edf
cbb2eb5b-1962-48ac-9823-8e425d916d3c,845d8316-2c19-4e9a-82ae-1043b7dc327d,d3875a82-926a-4550-a8fd-645d1f64e3a2,->,cbb2eb5b-1962-48ac-9823-8e425d916d3c,java/util/ArrayList.java,iterator
cbb2eb5b-1962-48ac-9823-8e425d916d3c,845d8316-2c19-4e9a-82ae-1043b7dc327d,d3875a82-926a-4550-a8fd-645d1f64e3a2,->,cbb2eb5b-1962-48ac-9823-8e425d916d3c,java/util/Iterator.java,hasNext
cbb2eb5b-1962-48ac-9823-8e425d916d3c,845d8316-2c19-4e9a-82ae-1043b7dc327d,d3875a82-926a-4550-a8fd-645d1f64e3a2,->,cbb2eb5b-1962-48ac-9823-8e425d916d3c,java/util/Iterator.java,next
cbb2eb5b-1962-48ac-9823-8e425d916d3c,845d8316-2c19-4e9a-82ae-1043b7dc327d,d3875a82-926a-4550-a8fd-645d1f64e3a2,->,cbb2eb5b-1962-48ac-9823-8e425d916d3c,64c81bfb-93f6-44ae-92ba-06922c2f6485,bbb1586c-5d94-4326-992b-00ede6fc8e8b
cbb2eb5b-1962-48ac-9823-8e425d916d3c,845d8316-2c19-4e9a-82ae-1043b7dc327d,d3875a82-926a-4550-a8fd-645d1f64e3a2,->,cbb2eb5b-1962-48ac-9823-8e425d916d3c,java/lang/Object.java,equals
cbb2eb5b-1962-48ac-9823-8e425d916d3c,845d8316-2c19-4e9a-82ae-1043b7dc327d,d3875a82-926a-4550-a8fd-645d1f64e3a2,->,cbb2eb5b-1962-48ac-9823-8e425d916d3c,64c81bfb-93f6-44ae-92ba-06922c2f6485,5643c2dc-a35e-4b26-a005-5603834908aa
cbb2eb5b-1962-48ac-9823-8e425d916d3c,845d8316-2c19-4e9a-82ae-1043b7dc327d,d3875a82-926a-4550-a8fd-645d1f64e3a2,->,cbb2eb5b-1962-48ac-9823-8e425d916d3c,64c81bfb-93f6-44ae-92ba-06922c2f6485,74e67e87-b23d-4869-8080-3265bfe1123a
cbb2eb5b-1962-48ac-9823-8e425d916d3c,845d8316-2c19-4e9a-82ae-1043b7dc327d,d3875a82-926a-4550-a8fd-645d1f64e3a2,->,cbb2eb5b-1962-48ac-9823-8e425d916d3c,64c81bfb-93f6-44ae-92ba-06922c2f6485,5643c2dc-a35e-4b26-a005-5603834908aa
cbb2eb5b-1962-48ac-9823-8e425d916d3c,845d8316-2c19-4e9a-82ae-1043b7dc327d,d3875a82-926a-4550-a8fd-645d1f64e3a2,->,cbb2eb5b-1962-48ac-9823-8e425d916d3c,64c81bfb-93f6-44ae-92ba-06922c2f6485,74e67e87-b23d-4869-8080-3265bfe1123a
cbb2eb5b-1962-48ac-9823-8e425d916d3c,845d8316-2c19-4e9a-82ae-1043b7dc327d,d3875a82-926a-4550-a8fd-645d1f64e3a2,->,cbb2eb5b-1962-48ac-9823-8e425d916d3c,64c81bfb-93f6-44ae-92ba-06922c2f6485,9aa295d5-f585-4677-aa18-72a7f67fbd29
cbb2eb5b-1962-48ac-9823-8e425d916d3c,845d8316-2c19-4e9a-82ae-1043b7dc327d,d3875a82-926a-4550-a8fd-645d1f64e3a2,->,cbb2eb5b-1962-48ac-9823-8e425d916d3c,64c81bfb-93f6-44ae-92ba-06922c2f6485,1123f2cd-562f-43c9-a56c-2c44a7dd25f9
cbb2eb5b-1962-48ac-9823-8e425d916d3c,845d8316-2c19-4e9a-82ae-1043b7dc327d,d3875a82-926a-4550-a8fd-645d1f64e3a2,->,cbb2eb5b-1962-48ac-9823-8e425d916d3c,64c81bfb-93f6-44ae-92ba-06922c2f6485,06083809-9a0e-4b3e-860c-6b59399ebef8
cbb2eb5b-1962-48ac-9823-8e425d916d3c,845d8316-2c19-4e9a-82ae-1043b7dc327d,d3875a82-926a-4550-a8fd-645d1f64e3a2,->,cbb2eb5b-1962-48ac-9823-8e425d916d3c,64c81bfb-93f6-44ae-92ba-06922c2f6485,1123f2cd-562f-43c9-a56c-2c44a7dd25f9
cbb2eb5b-1962-48ac-9823-8e425d916d3c,845d8316-2c19-4e9a-82ae-1043b7dc327d,d3875a82-926a-4550-a8fd-645d1f64e3a2,->,cbb2eb5b-1962-48ac-9823-8e425d916d3c,64c81bfb-93f6-44ae-92ba-06922c2f6485,06083809-9a0e-4b3e-860c-6b59399ebef8
cbb2eb5b-1962-48ac-9823-8e425d916d3c,845d8316-2c19-4e9a-82ae-1043b7dc327d,d3875a82-926a-4550-a8fd-645d1f64e3a2,->,cbb2eb5b-1962-48ac-9823-8e425d916d3c,64c81bfb-93f6-44ae-92ba-06922c2f6485,4105e665-d635-46b3-9b18-5c1288906edf
cbb2eb5b-1962-48ac-9823-8e425d916d3c,845d8316-2c19-4e9a-82ae-1043b7dc327d,ca973758-4d95-4370-8b8e-511e21865130,->,cbb2eb5b-1962-48ac-9823-8e425d916d3c,c6daa512-8880-4e28-b381-d962ebd7bb15,10f8c789-c4a0-495c-b60f-f5a0a95f1d8a
cbb2eb5b-1962-48ac-9823-8e425d916d3c,845d8316-2c19-4e9a-82ae-1043b7dc327d,ca973758-4d95-4370-8b8e-511e21865130,->,cbb2eb5b-1962-48ac-9823-8e425d916d3c,c6daa512-8880-4e28-b381-d962ebd7bb15,10f8c789-c4a0-495c-b60f-f5a0a95f1d8a
cbb2eb5b-1962-48ac-9823-8e425d916d3c,845d8316-2c19-4e9a-82ae-1043b7dc327d,ca973758-4d95-4370-8b8e-511e21865130,->,cbb2eb5b-1962-48ac-9823-8e425d916d3c,c6daa512-8880-4e28-b381-d962ebd7bb15,b1192bda-7692-45bf-b632-40ab5e6b2852
cbb2eb5b-1962-48ac-9823-8e425d916d3c,845d8316-2c19-4e9a-82ae-1043b7dc327d,ca973758-4d95-4370-8b8e-511e21865130,->,cbb2eb5b-1962-48ac-9823-8e425d916d3c,c6daa512-8880-4e28-b381-d962ebd7bb15,dc2cd17f-331b-42ea-95ed-33752067a553
cbb2eb5b-1962-48ac-9823-8e425d916d3c,845d8316-2c19-4e9a-82ae-1043b7dc327d,ca973758-4d95-4370-8b8e-511e21865130,->,cbb2eb5b-1962-48ac-9823-8e425d916d3c,c6daa512-8880-4e28-b381-d962ebd7bb15,dc2cd17f-331b-42ea-95ed-33752067a553
cbb2eb5b-1962-48ac-9823-8e425d916d3c,845d8316-2c19-4e9a-82ae-1043b7dc327d,ca973758-4d95-4370-8b8e-511e21865130,->,cbb2eb5b-1962-48ac-9823-8e425d916d3c,c6daa512-8880-4e28-b381-d962ebd7bb15,23ad381e-499e-4840-89fc-b556a62e8cb3
cbb2eb5b-1962-48ac-9823-8e425d916d3c,845d8316-2c19-4e9a-82ae-1043b7dc327d,ca973758-4d95-4370-8b8e-511e21865130,->,cbb2eb5b-1962-48ac-9823-8e425d916d3c,java/util/ArrayList.java,iterator
cbb2eb5b-1962-48ac-9823-8e425d916d3c,845d8316-2c19-4e9a-82ae-1043b7dc327d,ca973758-4d95-4370-8b8e-511e21865130,->,cbb2eb5b-1962-48ac-9823-8e425d916d3c,java/util/Iterator.java,hasNext
cbb2eb5b-1962-48ac-9823-8e425d916d3c,845d8316-2c19-4e9a-82ae-1043b7dc327d,ca973758-4d95-4370-8b8e-511e21865130,->,cbb2eb5b-1962-48ac-9823-8e425d916d3c,java/util/Iterator.java,next
cbb2eb5b-1962-48ac-9823-8e425d916d3c,845d8316-2c19-4e9a-82ae-1043b7dc327d,ca973758-4d95-4370-8b8e-511e21865130,->,cbb2eb5b-1962-48ac-9823-8e425d916d3c,64c81bfb-93f6-44ae-92ba-06922c2f6485,bbb1586c-5d94-4326-992b-00ede6fc8e8b
cbb2eb5b-1962-48ac-9823-8e425d916d3c,845d8316-2c19-4e9a-82ae-1043b7dc327d,ca973758-4d95-4370-8b8e-511e21865130,->,cbb2eb5b-1962-48ac-9823-8e425d916d3c,java/lang/Object.java,equals
cbb2eb5b-1962-48ac-9823-8e425d916d3c,845d8316-2c19-4e9a-82ae-1043b7dc327d,ca973758-4d95-4370-8b8e-511e21865130,->,cbb2eb5b-1962-48ac-9823-8e425d916d3c,64c81bfb-93f6-44ae-92ba-06922c2f6485,5643c2dc-a35e-4b26-a005-5603834908aa
cbb2eb5b-1962-48ac-9823-8e425d916d3c,845d8316-2c19-4e9a-82ae-1043b7dc327d,ca973758-4d95-4370-8b8e-511e21865130,->,cbb2eb5b-1962-48ac-9823-8e425d916d3c,64c81bfb-93f6-44ae-92ba-06922c2f6485,74e67e87-b23d-4869-8080-3265bfe1123a
cbb2eb5b-1962-48ac-9823-8e425d916d3c,845d8316-2c19-4e9a-82ae-1043b7dc327d,ca973758-4d95-4370-8b8e-511e21865130,->,cbb2eb5b-1962-48ac-9823-8e425d916d3c,64c81bfb-93f6-44ae-92ba-06922c2f6485,5643c2dc-a35e-4b26-a005-5603834908aa
cbb2eb5b-1962-48ac-9823-8e425d916d3c,845d8316-2c19-4e9a-82ae-1043b7dc327d,ca973758-4d95-4370-8b8e-511e21865130,->,cbb2eb5b-1962-48ac-9823-8e425d916d3c,64c81bfb-93f6-44ae-92ba-06922c2f6485,74e67e87-b23d-4869-8080-3265bfe1123a
cbb2eb5b-1962-48ac-9823-8e425d916d3c,845d8316-2c19-4e9a-82ae-1043b7dc327d,ca973758-4d95-4370-8b8e-511e21865130,->,cbb2eb5b-1962-48ac-9823-8e425d916d3c,64c81bfb-93f6-44ae-92ba-06922c2f6485,9aa295d5-f585-4677-aa18-72a7f67fbd29
cbb2eb5b-1962-48ac-9823-8e425d916d3c,845d8316-2c19-4e9a-82ae-1043b7dc327d,ca973758-4d95-4370-8b8e-511e21865130,->,cbb2eb5b-1962-48ac-9823-8e425d916d3c,64c81bfb-93f6-44ae-92ba-06922c2f6485,1123f2cd-562f-43c9-a56c-2c44a7dd25f9
cbb2eb5b-1962-48ac-9823-8e425d916d3c,845d8316-2c19-4e9a-82ae-1043b7dc327d,ca973758-4d95-4370-8b8e-511e21865130,->,cbb2eb5b-1962-48ac-9823-8e425d916d3c,64c81bfb-93f6-44ae-92ba-06922c2f6485,06083809-9a0e-4b3e-860c-6b59399ebef8
cbb2eb5b-1962-48ac-9823-8e425d916d3c,845d8316-2c19-4e9a-82ae-1043b7dc327d,ca973758-4d95-4370-8b8e-511e21865130,->,cbb2eb5b-1962-48ac-9823-8e425d916d3c,64c81bfb-93f6-44ae-92ba-06922c2f6485,1123f2cd-562f-43c9-a56c-2c44a7dd25f9
cbb2eb5b-1962-48ac-9823-8e425d916d3c,845d8316-2c19-4e9a-82ae-1043b7dc327d,ca973758-4d95-4370-8b8e-511e21865130,->,cbb2eb5b-1962-48ac-9823-8e425d916d3c,64c81bfb-93f6-44ae-92ba-06922c2f6485,06083809-9a0e-4b3e-860c-6b59399ebef8
cbb2eb5b-1962-48ac-9823-8e425d916d3c,845d8316-2c19-4e9a-82ae-1043b7dc327d,ca973758-4d95-4370-8b8e-511e21865130,->,cbb2eb5b-1962-48ac-9823-8e425d916d3c,64c81bfb-93f6-44ae-92ba-06922c2f6485,4105e665-d635-46b3-9b18-5c1288906edf
cbb2eb5b-1962-48ac-9823-8e425d916d3c,845d8316-2c19-4e9a-82ae-1043b7dc327d,ca973758-4d95-4370-8b8e-511e21865130,->,cbb2eb5b-1962-48ac-9823-8e425d916d3c,java/util/ArrayList.java,iterator
cbb2eb5b-1962-48ac-9823-8e425d916d3c,845d8316-2c19-4e9a-82ae-1043b7dc327d,ca973758-4d95-4370-8b8e-511e21865130,->,cbb2eb5b-1962-48ac-9823-8e425d916d3c,java/util/Iterator.java,hasNext
cbb2eb5b-1962-48ac-9823-8e425d916d3c,845d8316-2c19-4e9a-82ae-1043b7dc327d,ca973758-4d95-4370-8b8e-511e21865130,->,cbb2eb5b-1962-48ac-9823-8e425d916d3c,java/util/Iterator.java,next
cbb2eb5b-1962-48ac-9823-8e425d916d3c,845d8316-2c19-4e9a-82ae-1043b7dc327d,ca973758-4d95-4370-8b8e-511e21865130,->,cbb2eb5b-1962-48ac-9823-8e425d916d3c,64c81bfb-93f6-44ae-92ba-06922c2f6485,bbb1586c-5d94-4326-992b-00ede6fc8e8b
cbb2eb5b-1962-48ac-9823-8e425d916d3c,845d8316-2c19-4e9a-82ae-1043b7dc327d,ca973758-4d95-4370-8b8e-511e21865130,->,cbb2eb5b-1962-48ac-9823-8e425d916d3c,java/lang/Object.java,equals
cbb2eb5b-1962-48ac-9823-8e425d916d3c,845d8316-2c19-4e9a-82ae-1043b7dc327d,ca973758-4d95-4370-8b8e-511e21865130,->,cbb2eb5b-1962-48ac-9823-8e425d916d3c,64c81bfb-93f6-44ae-92ba-06922c2f6485,5643c2dc-a35e-4b26-a005-5603834908aa
cbb2eb5b-1962-48ac-9823-8e425d916d3c,845d8316-2c19-4e9a-82ae-1043b7dc327d,ca973758-4d95-4370-8b8e-511e21865130,->,cbb2eb5b-1962-48ac-9823-8e425d916d3c,64c81bfb-93f6-44ae-92ba-06922c2f6485,74e67e87-b23d-4869-8080-3265bfe1123a
cbb2eb5b-1962-48ac-9823-8e425d916d3c,845d8316-2c19-4e9a-82ae-1043b7dc327d,ca973758-4d95-4370-8b8e-511e21865130,->,cbb2eb5b-1962-48ac-9823-8e425d916d3c,64c81bfb-93f6-44ae-92ba-06922c2f6485,5643c2dc-a35e-4b26-a005-5603834908aa
cbb2eb5b-1962-48ac-9823-8e425d916d3c,845d8316-2c19-4e9a-82ae-1043b7dc327d,ca973758-4d95-4370-8b8e-511e21865130,->,cbb2eb5b-1962-48ac-9823-8e425d916d3c,64c81bfb-93f6-44ae-92ba-06922c2f6485,74e67e87-b23d-4869-8080-3265bfe1123a
cbb2eb5b-1962-48ac-9823-8e425d916d3c,845d8316-2c19-4e9a-82ae-1043b7dc327d,ca973758-4d95-4370-8b8e-511e21865130,->,cbb2eb5b-1962-48ac-9823-8e425d916d3c,64c81bfb-93f6-44ae-92ba-06922c2f6485,9aa295d5-f585-4677-aa18-72a7f67fbd29
cbb2eb5b-1962-48ac-9823-8e425d916d3c,845d8316-2c19-4e9a-82ae-1043b7dc327d,ca973758-4d95-4370-8b8e-511e21865130,->,cbb2eb5b-1962-48ac-9823-8e425d916d3c,64c81bfb-93f6-44ae-92ba-06922c2f6485,1123f2cd-562f-43c9-a56c-2c44a7dd25f9
cbb2eb5b-1962-48ac-9823-8e425d916d3c,845d8316-2c19-4e9a-82ae-1043b7dc327d,ca973758-4d95-4370-8b8e-511e21865130,->,cbb2eb5b-1962-48ac-9823-8e425d916d3c,64c81bfb-93f6-44ae-92ba-06922c2f6485,06083809-9a0e-4b3e-860c-6b59399ebef8
cbb2eb5b-1962-48ac-9823-8e425d916d3c,845d8316-2c19-4e9a-82ae-1043b7dc327d,ca973758-4d95-4370-8b8e-511e21865130,->,cbb2eb5b-1962-48ac-9823-8e425d916d3c,64c81bfb-93f6-44ae-92ba-06922c2f6485,1123f2cd-562f-43c9-a56c-2c44a7dd25f9
cbb2eb5b-1962-48ac-9823-8e425d916d3c,845d8316-2c19-4e9a-82ae-1043b7dc327d,ca973758-4d95-4370-8b8e-511e21865130,->,cbb2eb5b-1962-48ac-9823-8e425d916d3c,64c81bfb-93f6-44ae-92ba-06922c2f6485,06083809-9a0e-4b3e-860c-6b59399ebef8
cbb2eb5b-1962-48ac-9823-8e425d916d3c,845d8316-2c19-4e9a-82ae-1043b7dc327d,ca973758-4d95-4370-8b8e-511e21865130,->,cbb2eb5b-1962-48ac-9823-8e425d916d3c,64c81bfb-93f6-44ae-92ba-06922c2f6485,4105e665-d635-46b3-9b18-5c1288906edf
cbb2eb5b-1962-48ac-9823-8e425d916d3c,845d8316-2c19-4e9a-82ae-1043b7dc327d,582e2c76-132f-4cd2-8e2b-86b441fa9d7a,->,cbb2eb5b-1962-48ac-9823-8e425d916d3c,845d8316-2c19-4e9a-82ae-1043b7dc327d,64e7f6c3-d03d-4bd2-926f-450d96f3f5a7
cbb2eb5b-1962-48ac-9823-8e425d916d3c,845d8316-2c19-4e9a-82ae-1043b7dc327d,82efb0e5-c989-4cd2-8fc7-c689610fd385,->,cbb2eb5b-1962-48ac-9823-8e425d916d3c,rpg/game/entities/Entity.java,setBounds
cbb2eb5b-1962-48ac-9823-8e425d916d3c,845d8316-2c19-4e9a-82ae-1043b7dc327d,82efb0e5-c989-4cd2-8fc7-c689610fd385,->,cbb2eb5b-1962-48ac-9823-8e425d916d3c,845d8316-2c19-4e9a-82ae-1043b7dc327d,8b49d7b4-a864-4db0-9da9-520cef6dff41
cbb2eb5b-1962-48ac-9823-8e425d916d3c,845d8316-2c19-4e9a-82ae-1043b7dc327d,e6f52729-f06a-46e8-b1a2-1a8c13afabe8,->,cbb2eb5b-1962-48ac-9823-8e425d916d3c,java/util/ArrayList.java,add
cbb2eb5b-1962-48ac-9823-8e425d916d3c,845d8316-2c19-4e9a-82ae-1043b7dc327d,d9372be9-72a9-40c1-ac9d-c59aa747518f,->,cbb2eb5b-1962-48ac-9823-8e425d916d3c,845d8316-2c19-4e9a-82ae-1043b7dc327d,0591b57f-552f-43e2-9dfd-fb628794f634
cbb2eb5b-1962-48ac-9823-8e425d916d3c,845d8316-2c19-4e9a-82ae-1043b7dc327d,0591b57f-552f-43e2-9dfd-fb628794f634,->,cbb2eb5b-1962-48ac-9823-8e425d916d3c,java/util/ArrayList.java,size
cbb2eb5b-1962-48ac-9823-8e425d916d3c,845d8316-2c19-4e9a-82ae-1043b7dc327d,0591b57f-552f-43e2-9dfd-fb628794f634,->,cbb2eb5b-1962-48ac-9823-8e425d916d3c,rpg/game/entities/Entity.java,setBounds
cbb2eb5b-1962-48ac-9823-8e425d916d3c,845d8316-2c19-4e9a-82ae-1043b7dc327d,0591b57f-552f-43e2-9dfd-fb628794f634,->,cbb2eb5b-1962-48ac-9823-8e425d916d3c,rpg/game/entities/Entity.java,setCollisionBox
cbb2eb5b-1962-48ac-9823-8e425d916d3c,845d8316-2c19-4e9a-82ae-1043b7dc327d,0591b57f-552f-43e2-9dfd-fb628794f634,->,cbb2eb5b-1962-48ac-9823-8e425d916d3c,rpg/game/entities/Entity.java,setTexture
cbb2eb5b-1962-48ac-9823-8e425d916d3c,845d8316-2c19-4e9a-82ae-1043b7dc327d,0591b57f-552f-43e2-9dfd-fb628794f634,->,cbb2eb5b-1962-48ac-9823-8e425d916d3c,c6daa512-8880-4e28-b381-d962ebd7bb15,d599c56c-140a-417e-ab57-7005ccd66eb7
cbb2eb5b-1962-48ac-9823-8e425d916d3c,b8a381a8-5110-484f-903a-70b344972390,5959f533-77c9-4199-b655-355db5e6f4ce,->,cbb2eb5b-1962-48ac-9823-8e425d916d3c,org/lwjgl/opengl/GL11.java,glDisable
cbb2eb5b-1962-48ac-9823-8e425d916d3c,b8a381a8-5110-484f-903a-70b344972390,5959f533-77c9-4199-b655-355db5e6f4ce,->,cbb2eb5b-1962-48ac-9823-8e425d916d3c,org/lwjgl/opengl/GL11.java,glColor3f
cbb2eb5b-1962-48ac-9823-8e425d916d3c,b8a381a8-5110-484f-903a-70b344972390,5959f533-77c9-4199-b655-355db5e6f4ce,->,cbb2eb5b-1962-48ac-9823-8e425d916d3c,org/lwjgl/opengl/GL11.java,glBegin
cbb2eb5b-1962-48ac-9823-8e425d916d3c,b8a381a8-5110-484f-903a-70b344972390,5959f533-77c9-4199-b655-355db5e6f4ce,->,cbb2eb5b-1962-48ac-9823-8e425d916d3c,org/lwjgl/opengl/GL11.java,glVertex2d
cbb2eb5b-1962-48ac-9823-8e425d916d3c,b8a381a8-5110-484f-903a-70b344972390,5959f533-77c9-4199-b655-355db5e6f4ce,->,cbb2eb5b-1962-48ac-9823-8e425d916d3c,org/lwjgl/opengl/GL11.java,glVertex2d
cbb2eb5b-1962-48ac-9823-8e425d916d3c,b8a381a8-5110-484f-903a-70b344972390,5959f533-77c9-4199-b655-355db5e6f4ce,->,cbb2eb5b-1962-48ac-9823-8e425d916d3c,org/lwjgl/opengl/GL11.java,glVertex2d
cbb2eb5b-1962-48ac-9823-8e425d916d3c,b8a381a8-5110-484f-903a-70b344972390,5959f533-77c9-4199-b655-355db5e6f4ce,->,cbb2eb5b-1962-48ac-9823-8e425d916d3c,org/lwjgl/opengl/GL11.java,glVertex2d
cbb2eb5b-1962-48ac-9823-8e425d916d3c,b8a381a8-5110-484f-903a-70b344972390,5959f533-77c9-4199-b655-355db5e6f4ce,->,cbb2eb5b-1962-48ac-9823-8e425d916d3c,org/lwjgl/opengl/GL11.java,glEnd
cbb2eb5b-1962-48ac-9823-8e425d916d3c,b8a381a8-5110-484f-903a-70b344972390,5959f533-77c9-4199-b655-355db5e6f4ce,->,cbb2eb5b-1962-48ac-9823-8e425d916d3c,org/lwjgl/opengl/GL11.java,glEnable
cbb2eb5b-1962-48ac-9823-8e425d916d3c,b8a381a8-5110-484f-903a-70b344972390,5959f533-77c9-4199-b655-355db5e6f4ce,->,cbb2eb5b-1962-48ac-9823-8e425d916d3c,d177ce1a-e305-4bd8-af86-8e633ce71dad,0a053494-3012-40ae-b4d1-aa679050e567
cbb2eb5b-1962-48ac-9823-8e425d916d3c,b8a381a8-5110-484f-903a-70b344972390,5959f533-77c9-4199-b655-355db5e6f4ce,->,cbb2eb5b-1962-48ac-9823-8e425d916d3c,org/lwjgl/opengl/GL11.java,glDisable
cbb2eb5b-1962-48ac-9823-8e425d916d3c,b8a381a8-5110-484f-903a-70b344972390,5959f533-77c9-4199-b655-355db5e6f4ce,->,cbb2eb5b-1962-48ac-9823-8e425d916d3c,org/lwjgl/opengl/GL11.java,glColor3f
cbb2eb5b-1962-48ac-9823-8e425d916d3c,b8a381a8-5110-484f-903a-70b344972390,5959f533-77c9-4199-b655-355db5e6f4ce,->,cbb2eb5b-1962-48ac-9823-8e425d916d3c,org/lwjgl/opengl/GL11.java,glBegin
cbb2eb5b-1962-48ac-9823-8e425d916d3c,b8a381a8-5110-484f-903a-70b344972390,5959f533-77c9-4199-b655-355db5e6f4ce,->,cbb2eb5b-1962-48ac-9823-8e425d916d3c,org/lwjgl/opengl/GL11.java,glVertex2d
cbb2eb5b-1962-48ac-9823-8e425d916d3c,b8a381a8-5110-484f-903a-70b344972390,5959f533-77c9-4199-b655-355db5e6f4ce,->,cbb2eb5b-1962-48ac-9823-8e425d916d3c,org/lwjgl/opengl/GL11.java,glVertex2d
cbb2eb5b-1962-48ac-9823-8e425d916d3c,b8a381a8-5110-484f-903a-70b344972390,5959f533-77c9-4199-b655-355db5e6f4ce,->,cbb2eb5b-1962-48ac-9823-8e425d916d3c,org/lwjgl/opengl/GL11.java,glVertex2d
cbb2eb5b-1962-48ac-9823-8e425d916d3c,b8a381a8-5110-484f-903a-70b344972390,5959f533-77c9-4199-b655-355db5e6f4ce,->,cbb2eb5b-1962-48ac-9823-8e425d916d3c,org/lwjgl/opengl/GL11.java,glVertex2d
cbb2eb5b-1962-48ac-9823-8e425d916d3c,b8a381a8-5110-484f-903a-70b344972390,5959f533-77c9-4199-b655-355db5e6f4ce,->,cbb2eb5b-1962-48ac-9823-8e425d916d3c,org/lwjgl/opengl/GL11.java,glEnd
cbb2eb5b-1962-48ac-9823-8e425d916d3c,b8a381a8-5110-484f-903a-70b344972390,5959f533-77c9-4199-b655-355db5e6f4ce,->,cbb2eb5b-1962-48ac-9823-8e425d916d3c,org/lwjgl/opengl/GL11.java,glColor3f
cbb2eb5b-1962-48ac-9823-8e425d916d3c,b8a381a8-5110-484f-903a-70b344972390,5959f533-77c9-4199-b655-355db5e6f4ce,->,cbb2eb5b-1962-48ac-9823-8e425d916d3c,org/lwjgl/opengl/GL11.java,glBegin
cbb2eb5b-1962-48ac-9823-8e425d916d3c,b8a381a8-5110-484f-903a-70b344972390,5959f533-77c9-4199-b655-355db5e6f4ce,->,cbb2eb5b-1962-48ac-9823-8e425d916d3c,org/lwjgl/opengl/GL11.java,glVertex2d
cbb2eb5b-1962-48ac-9823-8e425d916d3c,b8a381a8-5110-484f-903a-70b344972390,5959f533-77c9-4199-b655-355db5e6f4ce,->,cbb2eb5b-1962-48ac-9823-8e425d916d3c,org/lwjgl/opengl/GL11.java,glVertex2d
cbb2eb5b-1962-48ac-9823-8e425d916d3c,b8a381a8-5110-484f-903a-70b344972390,5959f533-77c9-4199-b655-355db5e6f4ce,->,cbb2eb5b-1962-48ac-9823-8e425d916d3c,org/lwjgl/opengl/GL11.java,glVertex2d
cbb2eb5b-1962-48ac-9823-8e425d916d3c,b8a381a8-5110-484f-903a-70b344972390,5959f533-77c9-4199-b655-355db5e6f4ce,->,cbb2eb5b-1962-48ac-9823-8e425d916d3c,org/lwjgl/opengl/GL11.java,glVertex2d
cbb2eb5b-1962-48ac-9823-8e425d916d3c,b8a381a8-5110-484f-903a-70b344972390,5959f533-77c9-4199-b655-355db5e6f4ce,->,cbb2eb5b-1962-48ac-9823-8e425d916d3c,org/lwjgl/opengl/GL11.java,glEnd
cbb2eb5b-1962-48ac-9823-8e425d916d3c,b8a381a8-5110-484f-903a-70b344972390,5959f533-77c9-4199-b655-355db5e6f4ce,->,cbb2eb5b-1962-48ac-9823-8e425d916d3c,org/lwjgl/opengl/GL11.java,glEnable
cbb2eb5b-1962-48ac-9823-8e425d916d3c,b8a381a8-5110-484f-903a-70b344972390,5959f533-77c9-4199-b655-355db5e6f4ce,->,cbb2eb5b-1962-48ac-9823-8e425d916d3c,d177ce1a-e305-4bd8-af86-8e633ce71dad,0a053494-3012-40ae-b4d1-aa679050e567
cbb2eb5b-1962-48ac-9823-8e425d916d3c,b8a381a8-5110-484f-903a-70b344972390,5959f533-77c9-4199-b655-355db5e6f4ce,->,cbb2eb5b-1962-48ac-9823-8e425d916d3c,org/lwjgl/opengl/GL11.java,glDisable
cbb2eb5b-1962-48ac-9823-8e425d916d3c,b8a381a8-5110-484f-903a-70b344972390,5959f533-77c9-4199-b655-355db5e6f4ce,->,cbb2eb5b-1962-48ac-9823-8e425d916d3c,org/lwjgl/opengl/GL11.java,glColor3f
cbb2eb5b-1962-48ac-9823-8e425d916d3c,b8a381a8-5110-484f-903a-70b344972390,5959f533-77c9-4199-b655-355db5e6f4ce,->,cbb2eb5b-1962-48ac-9823-8e425d916d3c,org/lwjgl/opengl/GL11.java,glBegin
cbb2eb5b-1962-48ac-9823-8e425d916d3c,b8a381a8-5110-484f-903a-70b344972390,5959f533-77c9-4199-b655-355db5e6f4ce,->,cbb2eb5b-1962-48ac-9823-8e425d916d3c,org/lwjgl/opengl/GL11.java,glVertex2d
cbb2eb5b-1962-48ac-9823-8e425d916d3c,b8a381a8-5110-484f-903a-70b344972390,5959f533-77c9-4199-b655-355db5e6f4ce,->,cbb2eb5b-1962-48ac-9823-8e425d916d3c,org/lwjgl/opengl/GL11.java,glVertex2d
cbb2eb5b-1962-48ac-9823-8e425d916d3c,b8a381a8-5110-484f-903a-70b344972390,5959f533-77c9-4199-b655-355db5e6f4ce,->,cbb2eb5b-1962-48ac-9823-8e425d916d3c,org/lwjgl/opengl/GL11.java,glVertex2d
cbb2eb5b-1962-48ac-9823-8e425d916d3c,b8a381a8-5110-484f-903a-70b344972390,5959f533-77c9-4199-b655-355db5e6f4ce,->,cbb2eb5b-1962-48ac-9823-8e425d916d3c,org/lwjgl/opengl/GL11.java,glVertex2d
cbb2eb5b-1962-48ac-9823-8e425d916d3c,b8a381a8-5110-484f-903a-70b344972390,5959f533-77c9-4199-b655-355db5e6f4ce,->,cbb2eb5b-1962-48ac-9823-8e425d916d3c,org/lwjgl/opengl/GL11.java,glEnd
cbb2eb5b-1962-48ac-9823-8e425d916d3c,b8a381a8-5110-484f-903a-70b344972390,5959f533-77c9-4199-b655-355db5e6f4ce,->,cbb2eb5b-1962-48ac-9823-8e425d916d3c,org/lwjgl/opengl/GL11.java,glColor3f
cbb2eb5b-1962-48ac-9823-8e425d916d3c,b8a381a8-5110-484f-903a-70b344972390,5959f533-77c9-4199-b655-355db5e6f4ce,->,cbb2eb5b-1962-48ac-9823-8e425d916d3c,org/lwjgl/opengl/GL11.java,glBegin
cbb2eb5b-1962-48ac-9823-8e425d916d3c,b8a381a8-5110-484f-903a-70b344972390,5959f533-77c9-4199-b655-355db5e6f4ce,->,cbb2eb5b-1962-48ac-9823-8e425d916d3c,org/lwjgl/opengl/GL11.java,glVertex2d
cbb2eb5b-1962-48ac-9823-8e425d916d3c,b8a381a8-5110-484f-903a-70b344972390,5959f533-77c9-4199-b655-355db5e6f4ce,->,cbb2eb5b-1962-48ac-9823-8e425d916d3c,org/lwjgl/opengl/GL11.java,glVertex2d
cbb2eb5b-1962-48ac-9823-8e425d916d3c,b8a381a8-5110-484f-903a-70b344972390,5959f533-77c9-4199-b655-355db5e6f4ce,->,cbb2eb5b-1962-48ac-9823-8e425d916d3c,org/lwjgl/opengl/GL11.java,glVertex2d
cbb2eb5b-1962-48ac-9823-8e425d916d3c,b8a381a8-5110-484f-903a-70b344972390,5959f533-77c9-4199-b655-355db5e6f4ce,->,cbb2eb5b-1962-48ac-9823-8e425d916d3c,org/lwjgl/opengl/GL11.java,glVertex2d
cbb2eb5b-1962-48ac-9823-8e425d916d3c,b8a381a8-5110-484f-903a-70b344972390,5959f533-77c9-4199-b655-355db5e6f4ce,->,cbb2eb5b-1962-48ac-9823-8e425d916d3c,org/lwjgl/opengl/GL11.java,glEnd
cbb2eb5b-1962-48ac-9823-8e425d916d3c,b8a381a8-5110-484f-903a-70b344972390,5959f533-77c9-4199-b655-355db5e6f4ce,->,cbb2eb5b-1962-48ac-9823-8e425d916d3c,org/lwjgl/opengl/GL11.java,glEnable
cbb2eb5b-1962-48ac-9823-8e425d916d3c,b8a381a8-5110-484f-903a-70b344972390,c47b86cf-0482-4e1f-994d-9f0f0fe55351,->,cbb2eb5b-1962-48ac-9823-8e425d916d3c,org/lwjgl/input/Keyboard.java,next
cbb2eb5b-1962-48ac-9823-8e425d916d3c,b8a381a8-5110-484f-903a-70b344972390,c47b86cf-0482-4e1f-994d-9f0f0fe55351,->,cbb2eb5b-1962-48ac-9823-8e425d916d3c,b8a381a8-5110-484f-903a-70b344972390,c6d51faa-0095-4ecf-b2ea-1acb3bf0357e
cbb2eb5b-1962-48ac-9823-8e425d916d3c,b8a381a8-5110-484f-903a-70b344972390,c47b86cf-0482-4e1f-994d-9f0f0fe55351,->,cbb2eb5b-1962-48ac-9823-8e425d916d3c,org/lwjgl/input/Mouse.java,next
cbb2eb5b-1962-48ac-9823-8e425d916d3c,b8a381a8-5110-484f-903a-70b344972390,c47b86cf-0482-4e1f-994d-9f0f0fe55351,->,cbb2eb5b-1962-48ac-9823-8e425d916d3c,b8a381a8-5110-484f-903a-70b344972390,119b1bbe-0a46-4c00-9b8c-ed8417f59104
cbb2eb5b-1962-48ac-9823-8e425d916d3c,b8a381a8-5110-484f-903a-70b344972390,119b1bbe-0a46-4c00-9b8c-ed8417f59104,->,cbb2eb5b-1962-48ac-9823-8e425d916d3c,org/lwjgl/input/Mouse.java,isButtonDown
cbb2eb5b-1962-48ac-9823-8e425d916d3c,b8a381a8-5110-484f-903a-70b344972390,119b1bbe-0a46-4c00-9b8c-ed8417f59104,->,cbb2eb5b-1962-48ac-9823-8e425d916d3c,org/lwjgl/input/Mouse.java,getX
cbb2eb5b-1962-48ac-9823-8e425d916d3c,b8a381a8-5110-484f-903a-70b344972390,119b1bbe-0a46-4c00-9b8c-ed8417f59104,->,cbb2eb5b-1962-48ac-9823-8e425d916d3c,org/lwjgl/input/Mouse.java,getX
cbb2eb5b-1962-48ac-9823-8e425d916d3c,b8a381a8-5110-484f-903a-70b344972390,119b1bbe-0a46-4c00-9b8c-ed8417f59104,->,cbb2eb5b-1962-48ac-9823-8e425d916d3c,org/lwjgl/input/Mouse.java,getY
cbb2eb5b-1962-48ac-9823-8e425d916d3c,b8a381a8-5110-484f-903a-70b344972390,119b1bbe-0a46-4c00-9b8c-ed8417f59104,->,cbb2eb5b-1962-48ac-9823-8e425d916d3c,org/lwjgl/input/Mouse.java,getY
cbb2eb5b-1962-48ac-9823-8e425d916d3c,b8a381a8-5110-484f-903a-70b344972390,119b1bbe-0a46-4c00-9b8c-ed8417f59104,->,cbb2eb5b-1962-48ac-9823-8e425d916d3c,org/lwjgl/input/Mouse.java,getX
cbb2eb5b-1962-48ac-9823-8e425d916d3c,b8a381a8-5110-484f-903a-70b344972390,119b1bbe-0a46-4c00-9b8c-ed8417f59104,->,cbb2eb5b-1962-48ac-9823-8e425d916d3c,org/lwjgl/input/Mouse.java,getX
cbb2eb5b-1962-48ac-9823-8e425d916d3c,b8a381a8-5110-484f-903a-70b344972390,119b1bbe-0a46-4c00-9b8c-ed8417f59104,->,cbb2eb5b-1962-48ac-9823-8e425d916d3c,org/lwjgl/input/Mouse.java,getX
cbb2eb5b-1962-48ac-9823-8e425d916d3c,b8a381a8-5110-484f-903a-70b344972390,119b1bbe-0a46-4c00-9b8c-ed8417f59104,->,cbb2eb5b-1962-48ac-9823-8e425d916d3c,org/lwjgl/input/Mouse.java,getY
cbb2eb5b-1962-48ac-9823-8e425d916d3c,b8a381a8-5110-484f-903a-70b344972390,119b1bbe-0a46-4c00-9b8c-ed8417f59104,->,cbb2eb5b-1962-48ac-9823-8e425d916d3c,org/lwjgl/input/Mouse.java,getY
cbb2eb5b-1962-48ac-9823-8e425d916d3c,b8a381a8-5110-484f-903a-70b344972390,119b1bbe-0a46-4c00-9b8c-ed8417f59104,->,cbb2eb5b-1962-48ac-9823-8e425d916d3c,org/lwjgl/input/Mouse.java,getX
cbb2eb5b-1962-48ac-9823-8e425d916d3c,b8a381a8-5110-484f-903a-70b344972390,c6d51faa-0095-4ecf-b2ea-1acb3bf0357e,->,cbb2eb5b-1962-48ac-9823-8e425d916d3c,org/lwjgl/input/Keyboard.java,getEventKeyState
cbb2eb5b-1962-48ac-9823-8e425d916d3c,b8a381a8-5110-484f-903a-70b344972390,c6d51faa-0095-4ecf-b2ea-1acb3bf0357e,->,cbb2eb5b-1962-48ac-9823-8e425d916d3c,org/lwjgl/input/Keyboard.java,getEventKey
cbb2eb5b-1962-48ac-9823-8e425d916d3c,b8a381a8-5110-484f-903a-70b344972390,c6d51faa-0095-4ecf-b2ea-1acb3bf0357e,->,cbb2eb5b-1962-48ac-9823-8e425d916d3c,088a29ed-1680-4435-bbf3-ed1981434abe,2ad23eb5-4f8f-46c5-85ae-b5c8926ba48a
cbb2eb5b-1962-48ac-9823-8e425d916d3c,12b8de78-7940-47a7-b3c6-5defc77ab2e3,8e2dc2ef-85c6-4159-84d8-e839f2ce1632,->,cbb2eb5b-1962-48ac-9823-8e425d916d3c,64c81bfb-93f6-44ae-92ba-06922c2f6485,1123f2cd-562f-43c9-a56c-2c44a7dd25f9
cbb2eb5b-1962-48ac-9823-8e425d916d3c,12b8de78-7940-47a7-b3c6-5defc77ab2e3,8e2dc2ef-85c6-4159-84d8-e839f2ce1632,->,cbb2eb5b-1962-48ac-9823-8e425d916d3c,64c81bfb-93f6-44ae-92ba-06922c2f6485,5643c2dc-a35e-4b26-a005-5603834908aa
cbb2eb5b-1962-48ac-9823-8e425d916d3c,12b8de78-7940-47a7-b3c6-5defc77ab2e3,8e2dc2ef-85c6-4159-84d8-e839f2ce1632,->,cbb2eb5b-1962-48ac-9823-8e425d916d3c,64c81bfb-93f6-44ae-92ba-06922c2f6485,1123f2cd-562f-43c9-a56c-2c44a7dd25f9
cbb2eb5b-1962-48ac-9823-8e425d916d3c,12b8de78-7940-47a7-b3c6-5defc77ab2e3,8e2dc2ef-85c6-4159-84d8-e839f2ce1632,->,cbb2eb5b-1962-48ac-9823-8e425d916d3c,64c81bfb-93f6-44ae-92ba-06922c2f6485,dd0605ac-252f-4f49-b67a-42781c7344fa
cbb2eb5b-1962-48ac-9823-8e425d916d3c,12b8de78-7940-47a7-b3c6-5defc77ab2e3,8e2dc2ef-85c6-4159-84d8-e839f2ce1632,->,cbb2eb5b-1962-48ac-9823-8e425d916d3c,64c81bfb-93f6-44ae-92ba-06922c2f6485,1123f2cd-562f-43c9-a56c-2c44a7dd25f9
cbb2eb5b-1962-48ac-9823-8e425d916d3c,12b8de78-7940-47a7-b3c6-5defc77ab2e3,8e2dc2ef-85c6-4159-84d8-e839f2ce1632,->,cbb2eb5b-1962-48ac-9823-8e425d916d3c,088a29ed-1680-4435-bbf3-ed1981434abe,2ad23eb5-4f8f-46c5-85ae-b5c8926ba48a
cbb2eb5b-1962-48ac-9823-8e425d916d3c,12b8de78-7940-47a7-b3c6-5defc77ab2e3,81d935da-7450-4dae-be56-7bf37c669d5f,->,cbb2eb5b-1962-48ac-9823-8e425d916d3c,org/lwjgl/opengl/GL11.java,glDisable
cbb2eb5b-1962-48ac-9823-8e425d916d3c,12b8de78-7940-47a7-b3c6-5defc77ab2e3,81d935da-7450-4dae-be56-7bf37c669d5f,->,cbb2eb5b-1962-48ac-9823-8e425d916d3c,12b8de78-7940-47a7-b3c6-5defc77ab2e3,999f9d61-b8e5-4d73-9797-19c2bd2bc669
cbb2eb5b-1962-48ac-9823-8e425d916d3c,12b8de78-7940-47a7-b3c6-5defc77ab2e3,81d935da-7450-4dae-be56-7bf37c669d5f,->,cbb2eb5b-1962-48ac-9823-8e425d916d3c,org/lwjgl/opengl/GL11.java,glEnable
cbb2eb5b-1962-48ac-9823-8e425d916d3c,12b8de78-7940-47a7-b3c6-5defc77ab2e3,81d935da-7450-4dae-be56-7bf37c669d5f,->,cbb2eb5b-1962-48ac-9823-8e425d916d3c,64c81bfb-93f6-44ae-92ba-06922c2f6485,8c82b8e2-df6a-43f9-ad39-8ea856efcff5
cbb2eb5b-1962-48ac-9823-8e425d916d3c,12b8de78-7940-47a7-b3c6-5defc77ab2e3,999f9d61-b8e5-4d73-9797-19c2bd2bc669,->,cbb2eb5b-1962-48ac-9823-8e425d916d3c,org/lwjgl/opengl/GL11.java,glColor3f
cbb2eb5b-1962-48ac-9823-8e425d916d3c,12b8de78-7940-47a7-b3c6-5defc77ab2e3,999f9d61-b8e5-4d73-9797-19c2bd2bc669,->,cbb2eb5b-1962-48ac-9823-8e425d916d3c,org/lwjgl/opengl/GL11.java,glBegin
cbb2eb5b-1962-48ac-9823-8e425d916d3c,12b8de78-7940-47a7-b3c6-5defc77ab2e3,999f9d61-b8e5-4d73-9797-19c2bd2bc669,->,cbb2eb5b-1962-48ac-9823-8e425d916d3c,org/lwjgl/opengl/GL11.java,glVertex2d
cbb2eb5b-1962-48ac-9823-8e425d916d3c,12b8de78-7940-47a7-b3c6-5defc77ab2e3,999f9d61-b8e5-4d73-9797-19c2bd2bc669,->,cbb2eb5b-1962-48ac-9823-8e425d916d3c,java/lang/Math.java,sin
cbb2eb5b-1962-48ac-9823-8e425d916d3c,12b8de78-7940-47a7-b3c6-5defc77ab2e3,999f9d61-b8e5-4d73-9797-19c2bd2bc669,->,cbb2eb5b-1962-48ac-9823-8e425d916d3c,java/lang/Math.java,cos
cbb2eb5b-1962-48ac-9823-8e425d916d3c,12b8de78-7940-47a7-b3c6-5defc77ab2e3,999f9d61-b8e5-4d73-9797-19c2bd2bc669,->,cbb2eb5b-1962-48ac-9823-8e425d916d3c,org/lwjgl/opengl/GL11.java,glVertex2d
cbb2eb5b-1962-48ac-9823-8e425d916d3c,12b8de78-7940-47a7-b3c6-5defc77ab2e3,999f9d61-b8e5-4d73-9797-19c2bd2bc669,->,cbb2eb5b-1962-48ac-9823-8e425d916d3c,org/lwjgl/opengl/GL11.java,glEnd
cbb2eb5b-1962-48ac-9823-8e425d916d3c,6b4b3b81-caf3-47aa-ae82-bdff2bd0633a,14e810d7-db4e-46c4-b77c-f546ed94b04b,->,cbb2eb5b-1962-48ac-9823-8e425d916d3c,org/lwjgl/input/Keyboard.java,next
cbb2eb5b-1962-48ac-9823-8e425d916d3c,6b4b3b81-caf3-47aa-ae82-bdff2bd0633a,14e810d7-db4e-46c4-b77c-f546ed94b04b,->,cbb2eb5b-1962-48ac-9823-8e425d916d3c,org/lwjgl/input/Keyboard.java,getEventKeyState
cbb2eb5b-1962-48ac-9823-8e425d916d3c,6b4b3b81-caf3-47aa-ae82-bdff2bd0633a,14e810d7-db4e-46c4-b77c-f546ed94b04b,->,cbb2eb5b-1962-48ac-9823-8e425d916d3c,org/lwjgl/input/Keyboard.java,getEventKey
cbb2eb5b-1962-48ac-9823-8e425d916d3c,6b4b3b81-caf3-47aa-ae82-bdff2bd0633a,14e810d7-db4e-46c4-b77c-f546ed94b04b,->,cbb2eb5b-1962-48ac-9823-8e425d916d3c,org/lwjgl/input/Keyboard.java,getEventKey
cbb2eb5b-1962-48ac-9823-8e425d916d3c,6b4b3b81-caf3-47aa-ae82-bdff2bd0633a,14e810d7-db4e-46c4-b77c-f546ed94b04b,->,cbb2eb5b-1962-48ac-9823-8e425d916d3c,org/newdawn/slick/openal/Audio.java,playAsSoundEffect
cbb2eb5b-1962-48ac-9823-8e425d916d3c,6b4b3b81-caf3-47aa-ae82-bdff2bd0633a,14e810d7-db4e-46c4-b77c-f546ed94b04b,->,cbb2eb5b-1962-48ac-9823-8e425d916d3c,org/lwjgl/input/Keyboard.java,getEventKey
cbb2eb5b-1962-48ac-9823-8e425d916d3c,6b4b3b81-caf3-47aa-ae82-bdff2bd0633a,14e810d7-db4e-46c4-b77c-f546ed94b04b,->,cbb2eb5b-1962-48ac-9823-8e425d916d3c,org/lwjgl/input/Keyboard.java,getEventKey
cbb2eb5b-1962-48ac-9823-8e425d916d3c,6b4b3b81-caf3-47aa-ae82-bdff2bd0633a,14e810d7-db4e-46c4-b77c-f546ed94b04b,->,cbb2eb5b-1962-48ac-9823-8e425d916d3c,org/newdawn/slick/openal/Audio.java,playAsSoundEffect
cbb2eb5b-1962-48ac-9823-8e425d916d3c,6b4b3b81-caf3-47aa-ae82-bdff2bd0633a,14e810d7-db4e-46c4-b77c-f546ed94b04b,->,cbb2eb5b-1962-48ac-9823-8e425d916d3c,org/lwjgl/input/Keyboard.java,getEventKey
cbb2eb5b-1962-48ac-9823-8e425d916d3c,6b4b3b81-caf3-47aa-ae82-bdff2bd0633a,14e810d7-db4e-46c4-b77c-f546ed94b04b,->,cbb2eb5b-1962-48ac-9823-8e425d916d3c,org/lwjgl/opengl/GL11.java,glMatrixMode
cbb2eb5b-1962-48ac-9823-8e425d916d3c,6b4b3b81-caf3-47aa-ae82-bdff2bd0633a,14e810d7-db4e-46c4-b77c-f546ed94b04b,->,cbb2eb5b-1962-48ac-9823-8e425d916d3c,org/lwjgl/opengl/GL11.java,glLoadIdentity
cbb2eb5b-1962-48ac-9823-8e425d916d3c,6b4b3b81-caf3-47aa-ae82-bdff2bd0633a,14e810d7-db4e-46c4-b77c-f546ed94b04b,->,cbb2eb5b-1962-48ac-9823-8e425d916d3c,c6daa512-8880-4e28-b381-d962ebd7bb15,e24ae3e0-51d6-4a9e-9381-4237fba83b02
cbb2eb5b-1962-48ac-9823-8e425d916d3c,6b4b3b81-caf3-47aa-ae82-bdff2bd0633a,14e810d7-db4e-46c4-b77c-f546ed94b04b,->,cbb2eb5b-1962-48ac-9823-8e425d916d3c,c6daa512-8880-4e28-b381-d962ebd7bb15,f530208a-2844-482c-b146-d92fc14be719
cbb2eb5b-1962-48ac-9823-8e425d916d3c,6b4b3b81-caf3-47aa-ae82-bdff2bd0633a,14e810d7-db4e-46c4-b77c-f546ed94b04b,->,cbb2eb5b-1962-48ac-9823-8e425d916d3c,org/lwjgl/opengl/GL11.java,glOrtho
cbb2eb5b-1962-48ac-9823-8e425d916d3c,6b4b3b81-caf3-47aa-ae82-bdff2bd0633a,14e810d7-db4e-46c4-b77c-f546ed94b04b,->,cbb2eb5b-1962-48ac-9823-8e425d916d3c,java/lang/Thread.java,sleep
cbb2eb5b-1962-48ac-9823-8e425d916d3c,6b4b3b81-caf3-47aa-ae82-bdff2bd0633a,14e810d7-db4e-46c4-b77c-f546ed94b04b,->,cbb2eb5b-1962-48ac-9823-8e425d916d3c,java/lang/InterruptedException.java,printStackTrace
cbb2eb5b-1962-48ac-9823-8e425d916d3c,6b4b3b81-caf3-47aa-ae82-bdff2bd0633a,14e810d7-db4e-46c4-b77c-f546ed94b04b,->,cbb2eb5b-1962-48ac-9823-8e425d916d3c,088a29ed-1680-4435-bbf3-ed1981434abe,2ad23eb5-4f8f-46c5-85ae-b5c8926ba48a
cbb2eb5b-1962-48ac-9823-8e425d916d3c,6b4b3b81-caf3-47aa-ae82-bdff2bd0633a,14e810d7-db4e-46c4-b77c-f546ed94b04b,->,cbb2eb5b-1962-48ac-9823-8e425d916d3c,org/newdawn/slick/openal/Audio.java,playAsSoundEffect
cbb2eb5b-1962-48ac-9823-8e425d916d3c,6b4b3b81-caf3-47aa-ae82-bdff2bd0633a,14e810d7-db4e-46c4-b77c-f546ed94b04b,->,cbb2eb5b-1962-48ac-9823-8e425d916d3c,088a29ed-1680-4435-bbf3-ed1981434abe,2ad23eb5-4f8f-46c5-85ae-b5c8926ba48a
cbb2eb5b-1962-48ac-9823-8e425d916d3c,6b4b3b81-caf3-47aa-ae82-bdff2bd0633a,14e810d7-db4e-46c4-b77c-f546ed94b04b,->,cbb2eb5b-1962-48ac-9823-8e425d916d3c,org/lwjgl/openal/AL.java,destroy
cbb2eb5b-1962-48ac-9823-8e425d916d3c,6b4b3b81-caf3-47aa-ae82-bdff2bd0633a,14e810d7-db4e-46c4-b77c-f546ed94b04b,->,cbb2eb5b-1962-48ac-9823-8e425d916d3c,java/lang/System.java,exit
cbb2eb5b-1962-48ac-9823-8e425d916d3c,6b4b3b81-caf3-47aa-ae82-bdff2bd0633a,14e810d7-db4e-46c4-b77c-f546ed94b04b,->,cbb2eb5b-1962-48ac-9823-8e425d916d3c,org/newdawn/slick/openal/SoundStore.java,get
cbb2eb5b-1962-48ac-9823-8e425d916d3c,6b4b3b81-caf3-47aa-ae82-bdff2bd0633a,14e810d7-db4e-46c4-b77c-f546ed94b04b,->,cbb2eb5b-1962-48ac-9823-8e425d916d3c,org/newdawn/slick/openal/SoundStore.java,poll
cbb2eb5b-1962-48ac-9823-8e425d916d3c,6b4b3b81-caf3-47aa-ae82-bdff2bd0633a,5dc70374-bf84-4206-abd3-fc8fe31422d3,->,cbb2eb5b-1962-48ac-9823-8e425d916d3c,org/lwjgl/opengl/GL11.java,glDisable
cbb2eb5b-1962-48ac-9823-8e425d916d3c,6b4b3b81-caf3-47aa-ae82-bdff2bd0633a,5dc70374-bf84-4206-abd3-fc8fe31422d3,->,cbb2eb5b-1962-48ac-9823-8e425d916d3c,org/lwjgl/opengl/GL11.java,glColor3f
cbb2eb5b-1962-48ac-9823-8e425d916d3c,6b4b3b81-caf3-47aa-ae82-bdff2bd0633a,5dc70374-bf84-4206-abd3-fc8fe31422d3,->,cbb2eb5b-1962-48ac-9823-8e425d916d3c,org/lwjgl/opengl/GL11.java,glBegin
cbb2eb5b-1962-48ac-9823-8e425d916d3c,6b4b3b81-caf3-47aa-ae82-bdff2bd0633a,5dc70374-bf84-4206-abd3-fc8fe31422d3,->,cbb2eb5b-1962-48ac-9823-8e425d916d3c,org/lwjgl/opengl/GL11.java,glVertex2f
cbb2eb5b-1962-48ac-9823-8e425d916d3c,6b4b3b81-caf3-47aa-ae82-bdff2bd0633a,5dc70374-bf84-4206-abd3-fc8fe31422d3,->,cbb2eb5b-1962-48ac-9823-8e425d916d3c,org/lwjgl/opengl/GL11.java,glVertex2f
cbb2eb5b-1962-48ac-9823-8e425d916d3c,6b4b3b81-caf3-47aa-ae82-bdff2bd0633a,5dc70374-bf84-4206-abd3-fc8fe31422d3,->,cbb2eb5b-1962-48ac-9823-8e425d916d3c,org/lwjgl/opengl/GL11.java,glVertex2f
cbb2eb5b-1962-48ac-9823-8e425d916d3c,6b4b3b81-caf3-47aa-ae82-bdff2bd0633a,5dc70374-bf84-4206-abd3-fc8fe31422d3,->,cbb2eb5b-1962-48ac-9823-8e425d916d3c,org/lwjgl/opengl/GL11.java,glVertex2f
cbb2eb5b-1962-48ac-9823-8e425d916d3c,6b4b3b81-caf3-47aa-ae82-bdff2bd0633a,5dc70374-bf84-4206-abd3-fc8fe31422d3,->,cbb2eb5b-1962-48ac-9823-8e425d916d3c,org/lwjgl/opengl/GL11.java,glEnd
cbb2eb5b-1962-48ac-9823-8e425d916d3c,6b4b3b81-caf3-47aa-ae82-bdff2bd0633a,5dc70374-bf84-4206-abd3-fc8fe31422d3,->,cbb2eb5b-1962-48ac-9823-8e425d916d3c,org/lwjgl/opengl/GL11.java,glEnable
cbb2eb5b-1962-48ac-9823-8e425d916d3c,6b4b3b81-caf3-47aa-ae82-bdff2bd0633a,5dc70374-bf84-4206-abd3-fc8fe31422d3,->,cbb2eb5b-1962-48ac-9823-8e425d916d3c,java/lang/String.java,length
cbb2eb5b-1962-48ac-9823-8e425d916d3c,6b4b3b81-caf3-47aa-ae82-bdff2bd0633a,5dc70374-bf84-4206-abd3-fc8fe31422d3,->,cbb2eb5b-1962-48ac-9823-8e425d916d3c,d177ce1a-e305-4bd8-af86-8e633ce71dad,cfc6ac83-cb3f-4643-992f-51db4728a5f7
cbb2eb5b-1962-48ac-9823-8e425d916d3c,6b4b3b81-caf3-47aa-ae82-bdff2bd0633a,5dc70374-bf84-4206-abd3-fc8fe31422d3,->,cbb2eb5b-1962-48ac-9823-8e425d916d3c,java/lang/String.java,length
cbb2eb5b-1962-48ac-9823-8e425d916d3c,6b4b3b81-caf3-47aa-ae82-bdff2bd0633a,5dc70374-bf84-4206-abd3-fc8fe31422d3,->,cbb2eb5b-1962-48ac-9823-8e425d916d3c,d177ce1a-e305-4bd8-af86-8e633ce71dad,0a053494-3012-40ae-b4d1-aa679050e567
cbb2eb5b-1962-48ac-9823-8e425d916d3c,e7aeee31-dbc8-4d1e-985d-fbfe90906bd9,da80ea4e-f734-44fa-9e13-5eadd06d7e45,->,cbb2eb5b-1962-48ac-9823-8e425d916d3c,org/lwjgl/input/Keyboard.java,next
cbb2eb5b-1962-48ac-9823-8e425d916d3c,e7aeee31-dbc8-4d1e-985d-fbfe90906bd9,da80ea4e-f734-44fa-9e13-5eadd06d7e45,->,cbb2eb5b-1962-48ac-9823-8e425d916d3c,org/lwjgl/input/Keyboard.java,getEventKeyState
cbb2eb5b-1962-48ac-9823-8e425d916d3c,e7aeee31-dbc8-4d1e-985d-fbfe90906bd9,da80ea4e-f734-44fa-9e13-5eadd06d7e45,->,cbb2eb5b-1962-48ac-9823-8e425d916d3c,org/lwjgl/input/Keyboard.java,getEventKey
cbb2eb5b-1962-48ac-9823-8e425d916d3c,e7aeee31-dbc8-4d1e-985d-fbfe90906bd9,da80ea4e-f734-44fa-9e13-5eadd06d7e45,->,cbb2eb5b-1962-48ac-9823-8e425d916d3c,org/lwjgl/input/Keyboard.java,getEventKey
cbb2eb5b-1962-48ac-9823-8e425d916d3c,e7aeee31-dbc8-4d1e-985d-fbfe90906bd9,da80ea4e-f734-44fa-9e13-5eadd06d7e45,->,cbb2eb5b-1962-48ac-9823-8e425d916d3c,org/newdawn/slick/openal/Audio.java,playAsSoundEffect
cbb2eb5b-1962-48ac-9823-8e425d916d3c,e7aeee31-dbc8-4d1e-985d-fbfe90906bd9,da80ea4e-f734-44fa-9e13-5eadd06d7e45,->,cbb2eb5b-1962-48ac-9823-8e425d916d3c,org/lwjgl/input/Keyboard.java,getEventKey
cbb2eb5b-1962-48ac-9823-8e425d916d3c,e7aeee31-dbc8-4d1e-985d-fbfe90906bd9,da80ea4e-f734-44fa-9e13-5eadd06d7e45,->,cbb2eb5b-1962-48ac-9823-8e425d916d3c,org/lwjgl/input/Keyboard.java,getEventKey
cbb2eb5b-1962-48ac-9823-8e425d916d3c,e7aeee31-dbc8-4d1e-985d-fbfe90906bd9,da80ea4e-f734-44fa-9e13-5eadd06d7e45,->,cbb2eb5b-1962-48ac-9823-8e425d916d3c,org/newdawn/slick/openal/Audio.java,playAsSoundEffect
cbb2eb5b-1962-48ac-9823-8e425d916d3c,e7aeee31-dbc8-4d1e-985d-fbfe90906bd9,da80ea4e-f734-44fa-9e13-5eadd06d7e45,->,cbb2eb5b-1962-48ac-9823-8e425d916d3c,org/lwjgl/input/Keyboard.java,getEventKey
cbb2eb5b-1962-48ac-9823-8e425d916d3c,e7aeee31-dbc8-4d1e-985d-fbfe90906bd9,da80ea4e-f734-44fa-9e13-5eadd06d7e45,->,cbb2eb5b-1962-48ac-9823-8e425d916d3c,org/newdawn/slick/openal/Audio.java,playAsSoundEffect
cbb2eb5b-1962-48ac-9823-8e425d916d3c,e7aeee31-dbc8-4d1e-985d-fbfe90906bd9,da80ea4e-f734-44fa-9e13-5eadd06d7e45,->,cbb2eb5b-1962-48ac-9823-8e425d916d3c,org/newdawn/slick/openal/Audio.java,stop
cbb2eb5b-1962-48ac-9823-8e425d916d3c,e7aeee31-dbc8-4d1e-985d-fbfe90906bd9,da80ea4e-f734-44fa-9e13-5eadd06d7e45,->,cbb2eb5b-1962-48ac-9823-8e425d916d3c,088a29ed-1680-4435-bbf3-ed1981434abe,f08dde06-06bb-4e25-a827-21dacdefa797
cbb2eb5b-1962-48ac-9823-8e425d916d3c,e7aeee31-dbc8-4d1e-985d-fbfe90906bd9,da80ea4e-f734-44fa-9e13-5eadd06d7e45,->,cbb2eb5b-1962-48ac-9823-8e425d916d3c,org/newdawn/slick/openal/Audio.java,stop
cbb2eb5b-1962-48ac-9823-8e425d916d3c,e7aeee31-dbc8-4d1e-985d-fbfe90906bd9,da80ea4e-f734-44fa-9e13-5eadd06d7e45,->,cbb2eb5b-1962-48ac-9823-8e425d916d3c,088a29ed-1680-4435-bbf3-ed1981434abe,2ad23eb5-4f8f-46c5-85ae-b5c8926ba48a
cbb2eb5b-1962-48ac-9823-8e425d916d3c,e7aeee31-dbc8-4d1e-985d-fbfe90906bd9,da80ea4e-f734-44fa-9e13-5eadd06d7e45,->,cbb2eb5b-1962-48ac-9823-8e425d916d3c,org/lwjgl/openal/AL.java,destroy
cbb2eb5b-1962-48ac-9823-8e425d916d3c,e7aeee31-dbc8-4d1e-985d-fbfe90906bd9,da80ea4e-f734-44fa-9e13-5eadd06d7e45,->,cbb2eb5b-1962-48ac-9823-8e425d916d3c,java/lang/System.java,exit
cbb2eb5b-1962-48ac-9823-8e425d916d3c,e7aeee31-dbc8-4d1e-985d-fbfe90906bd9,da80ea4e-f734-44fa-9e13-5eadd06d7e45,->,cbb2eb5b-1962-48ac-9823-8e425d916d3c,org/newdawn/slick/openal/SoundStore.java,get
cbb2eb5b-1962-48ac-9823-8e425d916d3c,e7aeee31-dbc8-4d1e-985d-fbfe90906bd9,da80ea4e-f734-44fa-9e13-5eadd06d7e45,->,cbb2eb5b-1962-48ac-9823-8e425d916d3c,org/newdawn/slick/openal/SoundStore.java,poll
cbb2eb5b-1962-48ac-9823-8e425d916d3c,e7aeee31-dbc8-4d1e-985d-fbfe90906bd9,5fcd270e-d815-4a7b-853c-cc5203895cfb,->,cbb2eb5b-1962-48ac-9823-8e425d916d3c,org/lwjgl/opengl/GL11.java,glDisable
cbb2eb5b-1962-48ac-9823-8e425d916d3c,e7aeee31-dbc8-4d1e-985d-fbfe90906bd9,5fcd270e-d815-4a7b-853c-cc5203895cfb,->,cbb2eb5b-1962-48ac-9823-8e425d916d3c,org/lwjgl/opengl/GL11.java,glColor3f
cbb2eb5b-1962-48ac-9823-8e425d916d3c,e7aeee31-dbc8-4d1e-985d-fbfe90906bd9,5fcd270e-d815-4a7b-853c-cc5203895cfb,->,cbb2eb5b-1962-48ac-9823-8e425d916d3c,org/lwjgl/opengl/GL11.java,glBegin
cbb2eb5b-1962-48ac-9823-8e425d916d3c,e7aeee31-dbc8-4d1e-985d-fbfe90906bd9,5fcd270e-d815-4a7b-853c-cc5203895cfb,->,cbb2eb5b-1962-48ac-9823-8e425d916d3c,org/lwjgl/opengl/GL11.java,glVertex2f
cbb2eb5b-1962-48ac-9823-8e425d916d3c,e7aeee31-dbc8-4d1e-985d-fbfe90906bd9,5fcd270e-d815-4a7b-853c-cc5203895cfb,->,cbb2eb5b-1962-48ac-9823-8e425d916d3c,org/lwjgl/opengl/GL11.java,glVertex2f
cbb2eb5b-1962-48ac-9823-8e425d916d3c,e7aeee31-dbc8-4d1e-985d-fbfe90906bd9,5fcd270e-d815-4a7b-853c-cc5203895cfb,->,cbb2eb5b-1962-48ac-9823-8e425d916d3c,org/lwjgl/opengl/GL11.java,glVertex2f
cbb2eb5b-1962-48ac-9823-8e425d916d3c,e7aeee31-dbc8-4d1e-985d-fbfe90906bd9,5fcd270e-d815-4a7b-853c-cc5203895cfb,->,cbb2eb5b-1962-48ac-9823-8e425d916d3c,org/lwjgl/opengl/GL11.java,glVertex2f
cbb2eb5b-1962-48ac-9823-8e425d916d3c,e7aeee31-dbc8-4d1e-985d-fbfe90906bd9,5fcd270e-d815-4a7b-853c-cc5203895cfb,->,cbb2eb5b-1962-48ac-9823-8e425d916d3c,org/lwjgl/opengl/GL11.java,glEnd
cbb2eb5b-1962-48ac-9823-8e425d916d3c,e7aeee31-dbc8-4d1e-985d-fbfe90906bd9,5fcd270e-d815-4a7b-853c-cc5203895cfb,->,cbb2eb5b-1962-48ac-9823-8e425d916d3c,org/lwjgl/opengl/GL11.java,glEnable
cbb2eb5b-1962-48ac-9823-8e425d916d3c,e7aeee31-dbc8-4d1e-985d-fbfe90906bd9,5fcd270e-d815-4a7b-853c-cc5203895cfb,->,cbb2eb5b-1962-48ac-9823-8e425d916d3c,java/lang/String.java,length
cbb2eb5b-1962-48ac-9823-8e425d916d3c,e7aeee31-dbc8-4d1e-985d-fbfe90906bd9,5fcd270e-d815-4a7b-853c-cc5203895cfb,->,cbb2eb5b-1962-48ac-9823-8e425d916d3c,d177ce1a-e305-4bd8-af86-8e633ce71dad,cfc6ac83-cb3f-4643-992f-51db4728a5f7
cbb2eb5b-1962-48ac-9823-8e425d916d3c,e7aeee31-dbc8-4d1e-985d-fbfe90906bd9,5fcd270e-d815-4a7b-853c-cc5203895cfb,->,cbb2eb5b-1962-48ac-9823-8e425d916d3c,java/lang/String.java,length
cbb2eb5b-1962-48ac-9823-8e425d916d3c,e7aeee31-dbc8-4d1e-985d-fbfe90906bd9,5fcd270e-d815-4a7b-853c-cc5203895cfb,->,cbb2eb5b-1962-48ac-9823-8e425d916d3c,d177ce1a-e305-4bd8-af86-8e633ce71dad,0a053494-3012-40ae-b4d1-aa679050e567
cbb2eb5b-1962-48ac-9823-8e425d916d3c,rpg/game/Game$1.java,<clinit>,->,cbb2eb5b-1962-48ac-9823-8e425d916d3c,rpg/game/Game$GameState.java,values
cbb2eb5b-1962-48ac-9823-8e425d916d3c,rpg/game/Game$1.java,<clinit>,->,cbb2eb5b-1962-48ac-9823-8e425d916d3c,rpg/game/Game$GameState.java,ordinal
cbb2eb5b-1962-48ac-9823-8e425d916d3c,rpg/game/Game$1.java,<clinit>,->,cbb2eb5b-1962-48ac-9823-8e425d916d3c,rpg/game/Game$GameState.java,ordinal
cbb2eb5b-1962-48ac-9823-8e425d916d3c,rpg/game/Game$1.java,<clinit>,->,cbb2eb5b-1962-48ac-9823-8e425d916d3c,rpg/game/Game$GameState.java,ordinal
cbb2eb5b-1962-48ac-9823-8e425d916d3c,rpg/game/Game$1.java,<clinit>,->,cbb2eb5b-1962-48ac-9823-8e425d916d3c,rpg/game/Game$GameState.java,ordinal
cbb2eb5b-1962-48ac-9823-8e425d916d3c,rpg/game/Game$1.java,<clinit>,->,cbb2eb5b-1962-48ac-9823-8e425d916d3c,rpg/game/Game$GameState.java,ordinal
cbb2eb5b-1962-48ac-9823-8e425d916d3c,rpg/game/skills/Skill$1.java,<clinit>,->,cbb2eb5b-1962-48ac-9823-8e425d916d3c,rpg/game/skills/Skill$SkillType.java,values
cbb2eb5b-1962-48ac-9823-8e425d916d3c,rpg/game/skills/Skill$1.java,<clinit>,->,cbb2eb5b-1962-48ac-9823-8e425d916d3c,rpg/game/skills/Skill$SkillType.java,ordinal
cbb2eb5b-1962-48ac-9823-8e425d916d3c,rpg/game/skills/Skill$1.java,<clinit>,->,cbb2eb5b-1962-48ac-9823-8e425d916d3c,rpg/game/skills/Skill$SkillType.java,ordinal
cbb2eb5b-1962-48ac-9823-8e425d916d3c,rpg/game/skills/Skill$1.java,<clinit>,->,cbb2eb5b-1962-48ac-9823-8e425d916d3c,rpg/game/skills/Skill$SkillType.java,ordinal
cbb2eb5b-1962-48ac-9823-8e425d916d3c,rpg/game/skills/Skill$1.java,<clinit>,->,cbb2eb5b-1962-48ac-9823-8e425d916d3c,rpg/game/skills/Skill$SkillType.java,ordinal
cbb2eb5b-1962-48ac-9823-8e425d916d3c,rpg/game/skills/Skill$SkillEffect.java,values,->,cbb2eb5b-1962-48ac-9823-8e425d916d3c,rpg/game/skills/Skill$SkillEffect.java,clone
cbb2eb5b-1962-48ac-9823-8e425d916d3c,rpg/game/skills/Skill$SkillEffect.java,valueOf,->,cbb2eb5b-1962-48ac-9823-8e425d916d3c,java/lang/Enum.java,valueOf
cbb2eb5b-1962-48ac-9823-8e425d916d3c,b62c75c4-6b8a-41dd-ba7f-e189c3e2f492,6e055264-50c6-410f-9c4a-51ee5352eb1c,->,cbb2eb5b-1962-48ac-9823-8e425d916d3c,java/awt/Point.java,getX
cbb2eb5b-1962-48ac-9823-8e425d916d3c,b62c75c4-6b8a-41dd-ba7f-e189c3e2f492,6e055264-50c6-410f-9c4a-51ee5352eb1c,->,cbb2eb5b-1962-48ac-9823-8e425d916d3c,java/awt/Point.java,getX
cbb2eb5b-1962-48ac-9823-8e425d916d3c,b62c75c4-6b8a-41dd-ba7f-e189c3e2f492,6e055264-50c6-410f-9c4a-51ee5352eb1c,->,cbb2eb5b-1962-48ac-9823-8e425d916d3c,java/lang/Math.java,atan
cbb2eb5b-1962-48ac-9823-8e425d916d3c,b62c75c4-6b8a-41dd-ba7f-e189c3e2f492,6e055264-50c6-410f-9c4a-51ee5352eb1c,->,cbb2eb5b-1962-48ac-9823-8e425d916d3c,java/lang/Math.java,cos
cbb2eb5b-1962-48ac-9823-8e425d916d3c,b62c75c4-6b8a-41dd-ba7f-e189c3e2f492,6e055264-50c6-410f-9c4a-51ee5352eb1c,->,cbb2eb5b-1962-48ac-9823-8e425d916d3c,java/lang/Math.java,atan
cbb2eb5b-1962-48ac-9823-8e425d916d3c,b62c75c4-6b8a-41dd-ba7f-e189c3e2f492,6e055264-50c6-410f-9c4a-51ee5352eb1c,->,cbb2eb5b-1962-48ac-9823-8e425d916d3c,java/lang/Math.java,sin
cbb2eb5b-1962-48ac-9823-8e425d916d3c,b62c75c4-6b8a-41dd-ba7f-e189c3e2f492,6e055264-50c6-410f-9c4a-51ee5352eb1c,->,cbb2eb5b-1962-48ac-9823-8e425d916d3c,java/awt/Point.java,getX
cbb2eb5b-1962-48ac-9823-8e425d916d3c,b62c75c4-6b8a-41dd-ba7f-e189c3e2f492,6e055264-50c6-410f-9c4a-51ee5352eb1c,->,cbb2eb5b-1962-48ac-9823-8e425d916d3c,java/awt/Point.java,getX
cbb2eb5b-1962-48ac-9823-8e425d916d3c,b62c75c4-6b8a-41dd-ba7f-e189c3e2f492,6e055264-50c6-410f-9c4a-51ee5352eb1c,->,cbb2eb5b-1962-48ac-9823-8e425d916d3c,java/lang/Math.java,atan
cbb2eb5b-1962-48ac-9823-8e425d916d3c,b62c75c4-6b8a-41dd-ba7f-e189c3e2f492,6e055264-50c6-410f-9c4a-51ee5352eb1c,->,cbb2eb5b-1962-48ac-9823-8e425d916d3c,java/lang/Math.java,cos
cbb2eb5b-1962-48ac-9823-8e425d916d3c,b62c75c4-6b8a-41dd-ba7f-e189c3e2f492,6e055264-50c6-410f-9c4a-51ee5352eb1c,->,cbb2eb5b-1962-48ac-9823-8e425d916d3c,java/lang/Math.java,atan
cbb2eb5b-1962-48ac-9823-8e425d916d3c,b62c75c4-6b8a-41dd-ba7f-e189c3e2f492,6e055264-50c6-410f-9c4a-51ee5352eb1c,->,cbb2eb5b-1962-48ac-9823-8e425d916d3c,java/lang/Math.java,sin
cbb2eb5b-1962-48ac-9823-8e425d916d3c,b62c75c4-6b8a-41dd-ba7f-e189c3e2f492,6e055264-50c6-410f-9c4a-51ee5352eb1c,->,cbb2eb5b-1962-48ac-9823-8e425d916d3c,java/awt/Point.java,getX
cbb2eb5b-1962-48ac-9823-8e425d916d3c,b62c75c4-6b8a-41dd-ba7f-e189c3e2f492,6e055264-50c6-410f-9c4a-51ee5352eb1c,->,cbb2eb5b-1962-48ac-9823-8e425d916d3c,java/awt/Point.java,getX
cbb2eb5b-1962-48ac-9823-8e425d916d3c,b62c75c4-6b8a-41dd-ba7f-e189c3e2f492,6e055264-50c6-410f-9c4a-51ee5352eb1c,->,cbb2eb5b-1962-48ac-9823-8e425d916d3c,java/awt/Point.java,getY
cbb2eb5b-1962-48ac-9823-8e425d916d3c,b62c75c4-6b8a-41dd-ba7f-e189c3e2f492,6e055264-50c6-410f-9c4a-51ee5352eb1c,->,cbb2eb5b-1962-48ac-9823-8e425d916d3c,java/awt/Point.java,getY
cbb2eb5b-1962-48ac-9823-8e425d916d3c,b62c75c4-6b8a-41dd-ba7f-e189c3e2f492,6e055264-50c6-410f-9c4a-51ee5352eb1c,->,cbb2eb5b-1962-48ac-9823-8e425d916d3c,java/awt/Point.java,getX
cbb2eb5b-1962-48ac-9823-8e425d916d3c,b62c75c4-6b8a-41dd-ba7f-e189c3e2f492,6e055264-50c6-410f-9c4a-51ee5352eb1c,->,cbb2eb5b-1962-48ac-9823-8e425d916d3c,java/lang/Math.java,pow
cbb2eb5b-1962-48ac-9823-8e425d916d3c,b62c75c4-6b8a-41dd-ba7f-e189c3e2f492,6e055264-50c6-410f-9c4a-51ee5352eb1c,->,cbb2eb5b-1962-48ac-9823-8e425d916d3c,java/awt/Point.java,getY
cbb2eb5b-1962-48ac-9823-8e425d916d3c,b62c75c4-6b8a-41dd-ba7f-e189c3e2f492,6e055264-50c6-410f-9c4a-51ee5352eb1c,->,cbb2eb5b-1962-48ac-9823-8e425d916d3c,java/lang/Math.java,pow
cbb2eb5b-1962-48ac-9823-8e425d916d3c,b62c75c4-6b8a-41dd-ba7f-e189c3e2f492,6e055264-50c6-410f-9c4a-51ee5352eb1c,->,cbb2eb5b-1962-48ac-9823-8e425d916d3c,java/lang/Math.java,sqrt
cbb2eb5b-1962-48ac-9823-8e425d916d3c,b62c75c4-6b8a-41dd-ba7f-e189c3e2f492,6e055264-50c6-410f-9c4a-51ee5352eb1c,->,cbb2eb5b-1962-48ac-9823-8e425d916d3c,b62c75c4-6b8a-41dd-ba7f-e189c3e2f492,5c92105b-a430-4201-b2b3-59f4d58e6076
cbb2eb5b-1962-48ac-9823-8e425d916d3c,b62c75c4-6b8a-41dd-ba7f-e189c3e2f492,6e055264-50c6-410f-9c4a-51ee5352eb1c,->,cbb2eb5b-1962-48ac-9823-8e425d916d3c,rpg/game/skills/Projectile.java,destroy
cbb2eb5b-1962-48ac-9823-8e425d916d3c,b62c75c4-6b8a-41dd-ba7f-e189c3e2f492,5c92105b-a430-4201-b2b3-59f4d58e6076,->,cbb2eb5b-1962-48ac-9823-8e425d916d3c,java/util/ArrayList.java,iterator
cbb2eb5b-1962-48ac-9823-8e425d916d3c,b62c75c4-6b8a-41dd-ba7f-e189c3e2f492,5c92105b-a430-4201-b2b3-59f4d58e6076,->,cbb2eb5b-1962-48ac-9823-8e425d916d3c,java/util/Iterator.java,hasNext
cbb2eb5b-1962-48ac-9823-8e425d916d3c,b62c75c4-6b8a-41dd-ba7f-e189c3e2f492,5c92105b-a430-4201-b2b3-59f4d58e6076,->,cbb2eb5b-1962-48ac-9823-8e425d916d3c,java/util/Iterator.java,next
cbb2eb5b-1962-48ac-9823-8e425d916d3c,b62c75c4-6b8a-41dd-ba7f-e189c3e2f492,5c92105b-a430-4201-b2b3-59f4d58e6076,->,cbb2eb5b-1962-48ac-9823-8e425d916d3c,64c81bfb-93f6-44ae-92ba-06922c2f6485,bbb1586c-5d94-4326-992b-00ede6fc8e8b
cbb2eb5b-1962-48ac-9823-8e425d916d3c,b62c75c4-6b8a-41dd-ba7f-e189c3e2f492,5c92105b-a430-4201-b2b3-59f4d58e6076,->,cbb2eb5b-1962-48ac-9823-8e425d916d3c,java/lang/Object.java,equals
cbb2eb5b-1962-48ac-9823-8e425d916d3c,b62c75c4-6b8a-41dd-ba7f-e189c3e2f492,5c92105b-a430-4201-b2b3-59f4d58e6076,->,cbb2eb5b-1962-48ac-9823-8e425d916d3c,64c81bfb-93f6-44ae-92ba-06922c2f6485,5643c2dc-a35e-4b26-a005-5603834908aa
cbb2eb5b-1962-48ac-9823-8e425d916d3c,b62c75c4-6b8a-41dd-ba7f-e189c3e2f492,5c92105b-a430-4201-b2b3-59f4d58e6076,->,cbb2eb5b-1962-48ac-9823-8e425d916d3c,64c81bfb-93f6-44ae-92ba-06922c2f6485,74e67e87-b23d-4869-8080-3265bfe1123a
cbb2eb5b-1962-48ac-9823-8e425d916d3c,b62c75c4-6b8a-41dd-ba7f-e189c3e2f492,5c92105b-a430-4201-b2b3-59f4d58e6076,->,cbb2eb5b-1962-48ac-9823-8e425d916d3c,64c81bfb-93f6-44ae-92ba-06922c2f6485,5643c2dc-a35e-4b26-a005-5603834908aa
cbb2eb5b-1962-48ac-9823-8e425d916d3c,b62c75c4-6b8a-41dd-ba7f-e189c3e2f492,5c92105b-a430-4201-b2b3-59f4d58e6076,->,cbb2eb5b-1962-48ac-9823-8e425d916d3c,64c81bfb-93f6-44ae-92ba-06922c2f6485,74e67e87-b23d-4869-8080-3265bfe1123a
cbb2eb5b-1962-48ac-9823-8e425d916d3c,b62c75c4-6b8a-41dd-ba7f-e189c3e2f492,5c92105b-a430-4201-b2b3-59f4d58e6076,->,cbb2eb5b-1962-48ac-9823-8e425d916d3c,64c81bfb-93f6-44ae-92ba-06922c2f6485,9aa295d5-f585-4677-aa18-72a7f67fbd29
cbb2eb5b-1962-48ac-9823-8e425d916d3c,b62c75c4-6b8a-41dd-ba7f-e189c3e2f492,5c92105b-a430-4201-b2b3-59f4d58e6076,->,cbb2eb5b-1962-48ac-9823-8e425d916d3c,64c81bfb-93f6-44ae-92ba-06922c2f6485,1123f2cd-562f-43c9-a56c-2c44a7dd25f9
cbb2eb5b-1962-48ac-9823-8e425d916d3c,b62c75c4-6b8a-41dd-ba7f-e189c3e2f492,5c92105b-a430-4201-b2b3-59f4d58e6076,->,cbb2eb5b-1962-48ac-9823-8e425d916d3c,64c81bfb-93f6-44ae-92ba-06922c2f6485,06083809-9a0e-4b3e-860c-6b59399ebef8
cbb2eb5b-1962-48ac-9823-8e425d916d3c,b62c75c4-6b8a-41dd-ba7f-e189c3e2f492,5c92105b-a430-4201-b2b3-59f4d58e6076,->,cbb2eb5b-1962-48ac-9823-8e425d916d3c,64c81bfb-93f6-44ae-92ba-06922c2f6485,1123f2cd-562f-43c9-a56c-2c44a7dd25f9
cbb2eb5b-1962-48ac-9823-8e425d916d3c,b62c75c4-6b8a-41dd-ba7f-e189c3e2f492,5c92105b-a430-4201-b2b3-59f4d58e6076,->,cbb2eb5b-1962-48ac-9823-8e425d916d3c,64c81bfb-93f6-44ae-92ba-06922c2f6485,06083809-9a0e-4b3e-860c-6b59399ebef8
cbb2eb5b-1962-48ac-9823-8e425d916d3c,b62c75c4-6b8a-41dd-ba7f-e189c3e2f492,5c92105b-a430-4201-b2b3-59f4d58e6076,->,cbb2eb5b-1962-48ac-9823-8e425d916d3c,64c81bfb-93f6-44ae-92ba-06922c2f6485,4105e665-d635-46b3-9b18-5c1288906edf
cbb2eb5b-1962-48ac-9823-8e425d916d3c,b62c75c4-6b8a-41dd-ba7f-e189c3e2f492,5c92105b-a430-4201-b2b3-59f4d58e6076,->,cbb2eb5b-1962-48ac-9823-8e425d916d3c,java/util/ArrayList.java,iterator
cbb2eb5b-1962-48ac-9823-8e425d916d3c,b62c75c4-6b8a-41dd-ba7f-e189c3e2f492,5c92105b-a430-4201-b2b3-59f4d58e6076,->,cbb2eb5b-1962-48ac-9823-8e425d916d3c,java/util/Iterator.java,hasNext
cbb2eb5b-1962-48ac-9823-8e425d916d3c,b62c75c4-6b8a-41dd-ba7f-e189c3e2f492,5c92105b-a430-4201-b2b3-59f4d58e6076,->,cbb2eb5b-1962-48ac-9823-8e425d916d3c,java/util/Iterator.java,next
cbb2eb5b-1962-48ac-9823-8e425d916d3c,b62c75c4-6b8a-41dd-ba7f-e189c3e2f492,5c92105b-a430-4201-b2b3-59f4d58e6076,->,cbb2eb5b-1962-48ac-9823-8e425d916d3c,64c81bfb-93f6-44ae-92ba-06922c2f6485,bbb1586c-5d94-4326-992b-00ede6fc8e8b
cbb2eb5b-1962-48ac-9823-8e425d916d3c,b62c75c4-6b8a-41dd-ba7f-e189c3e2f492,5c92105b-a430-4201-b2b3-59f4d58e6076,->,cbb2eb5b-1962-48ac-9823-8e425d916d3c,java/lang/Object.java,equals
cbb2eb5b-1962-48ac-9823-8e425d916d3c,b62c75c4-6b8a-41dd-ba7f-e189c3e2f492,5c92105b-a430-4201-b2b3-59f4d58e6076,->,cbb2eb5b-1962-48ac-9823-8e425d916d3c,64c81bfb-93f6-44ae-92ba-06922c2f6485,5643c2dc-a35e-4b26-a005-5603834908aa
cbb2eb5b-1962-48ac-9823-8e425d916d3c,b62c75c4-6b8a-41dd-ba7f-e189c3e2f492,5c92105b-a430-4201-b2b3-59f4d58e6076,->,cbb2eb5b-1962-48ac-9823-8e425d916d3c,64c81bfb-93f6-44ae-92ba-06922c2f6485,74e67e87-b23d-4869-8080-3265bfe1123a
cbb2eb5b-1962-48ac-9823-8e425d916d3c,b62c75c4-6b8a-41dd-ba7f-e189c3e2f492,5c92105b-a430-4201-b2b3-59f4d58e6076,->,cbb2eb5b-1962-48ac-9823-8e425d916d3c,64c81bfb-93f6-44ae-92ba-06922c2f6485,5643c2dc-a35e-4b26-a005-5603834908aa
cbb2eb5b-1962-48ac-9823-8e425d916d3c,b62c75c4-6b8a-41dd-ba7f-e189c3e2f492,5c92105b-a430-4201-b2b3-59f4d58e6076,->,cbb2eb5b-1962-48ac-9823-8e425d916d3c,64c81bfb-93f6-44ae-92ba-06922c2f6485,74e67e87-b23d-4869-8080-3265bfe1123a
cbb2eb5b-1962-48ac-9823-8e425d916d3c,b62c75c4-6b8a-41dd-ba7f-e189c3e2f492,5c92105b-a430-4201-b2b3-59f4d58e6076,->,cbb2eb5b-1962-48ac-9823-8e425d916d3c,64c81bfb-93f6-44ae-92ba-06922c2f6485,9aa295d5-f585-4677-aa18-72a7f67fbd29
cbb2eb5b-1962-48ac-9823-8e425d916d3c,b62c75c4-6b8a-41dd-ba7f-e189c3e2f492,5c92105b-a430-4201-b2b3-59f4d58e6076,->,cbb2eb5b-1962-48ac-9823-8e425d916d3c,64c81bfb-93f6-44ae-92ba-06922c2f6485,1123f2cd-562f-43c9-a56c-2c44a7dd25f9
cbb2eb5b-1962-48ac-9823-8e425d916d3c,b62c75c4-6b8a-41dd-ba7f-e189c3e2f492,5c92105b-a430-4201-b2b3-59f4d58e6076,->,cbb2eb5b-1962-48ac-9823-8e425d916d3c,64c81bfb-93f6-44ae-92ba-06922c2f6485,06083809-9a0e-4b3e-860c-6b59399ebef8
cbb2eb5b-1962-48ac-9823-8e425d916d3c,b62c75c4-6b8a-41dd-ba7f-e189c3e2f492,5c92105b-a430-4201-b2b3-59f4d58e6076,->,cbb2eb5b-1962-48ac-9823-8e425d916d3c,64c81bfb-93f6-44ae-92ba-06922c2f6485,1123f2cd-562f-43c9-a56c-2c44a7dd25f9
cbb2eb5b-1962-48ac-9823-8e425d916d3c,b62c75c4-6b8a-41dd-ba7f-e189c3e2f492,5c92105b-a430-4201-b2b3-59f4d58e6076,->,cbb2eb5b-1962-48ac-9823-8e425d916d3c,64c81bfb-93f6-44ae-92ba-06922c2f6485,06083809-9a0e-4b3e-860c-6b59399ebef8
cbb2eb5b-1962-48ac-9823-8e425d916d3c,b62c75c4-6b8a-41dd-ba7f-e189c3e2f492,5c92105b-a430-4201-b2b3-59f4d58e6076,->,cbb2eb5b-1962-48ac-9823-8e425d916d3c,64c81bfb-93f6-44ae-92ba-06922c2f6485,4105e665-d635-46b3-9b18-5c1288906edf
cbb2eb5b-1962-48ac-9823-8e425d916d3c,b62c75c4-6b8a-41dd-ba7f-e189c3e2f492,5c92105b-a430-4201-b2b3-59f4d58e6076,->,cbb2eb5b-1962-48ac-9823-8e425d916d3c,845d8316-2c19-4e9a-82ae-1043b7dc327d,d9372be9-72a9-40c1-ac9d-c59aa747518f
cbb2eb5b-1962-48ac-9823-8e425d916d3c,66819a52-6cde-4a4b-bc25-7d1969d8712a,1e1bb5e4-b1ff-4c37-bebc-65b3ace2125e,->,cbb2eb5b-1962-48ac-9823-8e425d916d3c,java/util/ArrayList.java,iterator
cbb2eb5b-1962-48ac-9823-8e425d916d3c,66819a52-6cde-4a4b-bc25-7d1969d8712a,1e1bb5e4-b1ff-4c37-bebc-65b3ace2125e,->,cbb2eb5b-1962-48ac-9823-8e425d916d3c,java/util/Iterator.java,hasNext
cbb2eb5b-1962-48ac-9823-8e425d916d3c,66819a52-6cde-4a4b-bc25-7d1969d8712a,1e1bb5e4-b1ff-4c37-bebc-65b3ace2125e,->,cbb2eb5b-1962-48ac-9823-8e425d916d3c,java/util/Iterator.java,next
cbb2eb5b-1962-48ac-9823-8e425d916d3c,66819a52-6cde-4a4b-bc25-7d1969d8712a,1e1bb5e4-b1ff-4c37-bebc-65b3ace2125e,->,cbb2eb5b-1962-48ac-9823-8e425d916d3c,java/util/ArrayList.java,add
cbb2eb5b-1962-48ac-9823-8e425d916d3c,66819a52-6cde-4a4b-bc25-7d1969d8712a,9eadc3c4-f946-4fb3-81e0-0b5757e4605d,->,cbb2eb5b-1962-48ac-9823-8e425d916d3c,java/util/ArrayList.java,iterator
cbb2eb5b-1962-48ac-9823-8e425d916d3c,66819a52-6cde-4a4b-bc25-7d1969d8712a,9eadc3c4-f946-4fb3-81e0-0b5757e4605d,->,cbb2eb5b-1962-48ac-9823-8e425d916d3c,java/util/Iterator.java,hasNext
cbb2eb5b-1962-48ac-9823-8e425d916d3c,66819a52-6cde-4a4b-bc25-7d1969d8712a,9eadc3c4-f946-4fb3-81e0-0b5757e4605d,->,cbb2eb5b-1962-48ac-9823-8e425d916d3c,java/util/Iterator.java,next
cbb2eb5b-1962-48ac-9823-8e425d916d3c,66819a52-6cde-4a4b-bc25-7d1969d8712a,9eadc3c4-f946-4fb3-81e0-0b5757e4605d,->,cbb2eb5b-1962-48ac-9823-8e425d916d3c,java/util/ArrayList.java,add
cbb2eb5b-1962-48ac-9823-8e425d916d3c,66819a52-6cde-4a4b-bc25-7d1969d8712a,9eadc3c4-f946-4fb3-81e0-0b5757e4605d,->,cbb2eb5b-1962-48ac-9823-8e425d916d3c,java/util/ArrayList.java,size
cbb2eb5b-1962-48ac-9823-8e425d916d3c,66819a52-6cde-4a4b-bc25-7d1969d8712a,9be332b4-af0d-4f95-86d0-395930ef00fd,->,cbb2eb5b-1962-48ac-9823-8e425d916d3c,c6daa512-8880-4e28-b381-d962ebd7bb15,85aab088-f2f4-4821-baca-ded3d20205d6
cbb2eb5b-1962-48ac-9823-8e425d916d3c,66819a52-6cde-4a4b-bc25-7d1969d8712a,9be332b4-af0d-4f95-86d0-395930ef00fd,->,cbb2eb5b-1962-48ac-9823-8e425d916d3c,rpg/game/skills/Skill$SkillType.java,ordinal
cbb2eb5b-1962-48ac-9823-8e425d916d3c,66819a52-6cde-4a4b-bc25-7d1969d8712a,9be332b4-af0d-4f95-86d0-395930ef00fd,->,cbb2eb5b-1962-48ac-9823-8e425d916d3c,66819a52-6cde-4a4b-bc25-7d1969d8712a,3b47ab95-8252-44a0-b0f5-b10359ffcd0e
cbb2eb5b-1962-48ac-9823-8e425d916d3c,66819a52-6cde-4a4b-bc25-7d1969d8712a,9be332b4-af0d-4f95-86d0-395930ef00fd,->,cbb2eb5b-1962-48ac-9823-8e425d916d3c,66819a52-6cde-4a4b-bc25-7d1969d8712a,04f3f669-e0c5-4366-a045-74ac99bedf8e
cbb2eb5b-1962-48ac-9823-8e425d916d3c,66819a52-6cde-4a4b-bc25-7d1969d8712a,9be332b4-af0d-4f95-86d0-395930ef00fd,->,cbb2eb5b-1962-48ac-9823-8e425d916d3c,66819a52-6cde-4a4b-bc25-7d1969d8712a,7076fb0e-8b90-4c04-8e53-a820ae856ff0
cbb2eb5b-1962-48ac-9823-8e425d916d3c,66819a52-6cde-4a4b-bc25-7d1969d8712a,9be332b4-af0d-4f95-86d0-395930ef00fd,->,cbb2eb5b-1962-48ac-9823-8e425d916d3c,66819a52-6cde-4a4b-bc25-7d1969d8712a,3ade1ed3-0765-4b7d-9894-c6a999a1c9c3
cbb2eb5b-1962-48ac-9823-8e425d916d3c,66819a52-6cde-4a4b-bc25-7d1969d8712a,3b47ab95-8252-44a0-b0f5-b10359ffcd0e,->,cbb2eb5b-1962-48ac-9823-8e425d916d3c,c6daa512-8880-4e28-b381-d962ebd7bb15,10f8c789-c4a0-495c-b60f-f5a0a95f1d8a
cbb2eb5b-1962-48ac-9823-8e425d916d3c,66819a52-6cde-4a4b-bc25-7d1969d8712a,3b47ab95-8252-44a0-b0f5-b10359ffcd0e,->,cbb2eb5b-1962-48ac-9823-8e425d916d3c,c6daa512-8880-4e28-b381-d962ebd7bb15,dc2cd17f-331b-42ea-95ed-33752067a553
cbb2eb5b-1962-48ac-9823-8e425d916d3c,66819a52-6cde-4a4b-bc25-7d1969d8712a,3b47ab95-8252-44a0-b0f5-b10359ffcd0e,->,cbb2eb5b-1962-48ac-9823-8e425d916d3c,org/lwjgl/input/Mouse.java,getX
cbb2eb5b-1962-48ac-9823-8e425d916d3c,66819a52-6cde-4a4b-bc25-7d1969d8712a,3b47ab95-8252-44a0-b0f5-b10359ffcd0e,->,cbb2eb5b-1962-48ac-9823-8e425d916d3c,c6daa512-8880-4e28-b381-d962ebd7bb15,e24ae3e0-51d6-4a9e-9381-4237fba83b02
cbb2eb5b-1962-48ac-9823-8e425d916d3c,66819a52-6cde-4a4b-bc25-7d1969d8712a,3b47ab95-8252-44a0-b0f5-b10359ffcd0e,->,cbb2eb5b-1962-48ac-9823-8e425d916d3c,org/lwjgl/input/Mouse.java,getY
cbb2eb5b-1962-48ac-9823-8e425d916d3c,66819a52-6cde-4a4b-bc25-7d1969d8712a,3b47ab95-8252-44a0-b0f5-b10359ffcd0e,->,cbb2eb5b-1962-48ac-9823-8e425d916d3c,c6daa512-8880-4e28-b381-d962ebd7bb15,f530208a-2844-482c-b146-d92fc14be719
cbb2eb5b-1962-48ac-9823-8e425d916d3c,66819a52-6cde-4a4b-bc25-7d1969d8712a,3b47ab95-8252-44a0-b0f5-b10359ffcd0e,->,cbb2eb5b-1962-48ac-9823-8e425d916d3c,java/util/ArrayList.java,isEmpty
cbb2eb5b-1962-48ac-9823-8e425d916d3c,66819a52-6cde-4a4b-bc25-7d1969d8712a,3b47ab95-8252-44a0-b0f5-b10359ffcd0e,->,cbb2eb5b-1962-48ac-9823-8e425d916d3c,66819a52-6cde-4a4b-bc25-7d1969d8712a,aba4aa7c-1c34-446a-b257-e4e245df5c41
cbb2eb5b-1962-48ac-9823-8e425d916d3c,66819a52-6cde-4a4b-bc25-7d1969d8712a,3b47ab95-8252-44a0-b0f5-b10359ffcd0e,->,cbb2eb5b-1962-48ac-9823-8e425d916d3c,09d1dc81-a441-4811-8fea-a135fc76ab1d,308c381a-8b01-4f31-acfa-b4d6ee04d290
cbb2eb5b-1962-48ac-9823-8e425d916d3c,66819a52-6cde-4a4b-bc25-7d1969d8712a,3b47ab95-8252-44a0-b0f5-b10359ffcd0e,->,cbb2eb5b-1962-48ac-9823-8e425d916d3c,66819a52-6cde-4a4b-bc25-7d1969d8712a,aba4aa7c-1c34-446a-b257-e4e245df5c41
cbb2eb5b-1962-48ac-9823-8e425d916d3c,66819a52-6cde-4a4b-bc25-7d1969d8712a,3b47ab95-8252-44a0-b0f5-b10359ffcd0e,->,cbb2eb5b-1962-48ac-9823-8e425d916d3c,66819a52-6cde-4a4b-bc25-7d1969d8712a,aba4aa7c-1c34-446a-b257-e4e245df5c41
cbb2eb5b-1962-48ac-9823-8e425d916d3c,66819a52-6cde-4a4b-bc25-7d1969d8712a,3b47ab95-8252-44a0-b0f5-b10359ffcd0e,->,cbb2eb5b-1962-48ac-9823-8e425d916d3c,66819a52-6cde-4a4b-bc25-7d1969d8712a,aba4aa7c-1c34-446a-b257-e4e245df5c41
cbb2eb5b-1962-48ac-9823-8e425d916d3c,66819a52-6cde-4a4b-bc25-7d1969d8712a,3b47ab95-8252-44a0-b0f5-b10359ffcd0e,->,cbb2eb5b-1962-48ac-9823-8e425d916d3c,09d1dc81-a441-4811-8fea-a135fc76ab1d,308c381a-8b01-4f31-acfa-b4d6ee04d290
cbb2eb5b-1962-48ac-9823-8e425d916d3c,66819a52-6cde-4a4b-bc25-7d1969d8712a,04f3f669-e0c5-4366-a045-74ac99bedf8e,->,cbb2eb5b-1962-48ac-9823-8e425d916d3c,c6daa512-8880-4e28-b381-d962ebd7bb15,10f8c789-c4a0-495c-b60f-f5a0a95f1d8a
cbb2eb5b-1962-48ac-9823-8e425d916d3c,66819a52-6cde-4a4b-bc25-7d1969d8712a,04f3f669-e0c5-4366-a045-74ac99bedf8e,->,cbb2eb5b-1962-48ac-9823-8e425d916d3c,c6daa512-8880-4e28-b381-d962ebd7bb15,dc2cd17f-331b-42ea-95ed-33752067a553
cbb2eb5b-1962-48ac-9823-8e425d916d3c,66819a52-6cde-4a4b-bc25-7d1969d8712a,04f3f669-e0c5-4366-a045-74ac99bedf8e,->,cbb2eb5b-1962-48ac-9823-8e425d916d3c,org/lwjgl/input/Mouse.java,getX
cbb2eb5b-1962-48ac-9823-8e425d916d3c,66819a52-6cde-4a4b-bc25-7d1969d8712a,04f3f669-e0c5-4366-a045-74ac99bedf8e,->,cbb2eb5b-1962-48ac-9823-8e425d916d3c,c6daa512-8880-4e28-b381-d962ebd7bb15,e24ae3e0-51d6-4a9e-9381-4237fba83b02
cbb2eb5b-1962-48ac-9823-8e425d916d3c,66819a52-6cde-4a4b-bc25-7d1969d8712a,04f3f669-e0c5-4366-a045-74ac99bedf8e,->,cbb2eb5b-1962-48ac-9823-8e425d916d3c,org/lwjgl/input/Mouse.java,getY
cbb2eb5b-1962-48ac-9823-8e425d916d3c,66819a52-6cde-4a4b-bc25-7d1969d8712a,04f3f669-e0c5-4366-a045-74ac99bedf8e,->,cbb2eb5b-1962-48ac-9823-8e425d916d3c,c6daa512-8880-4e28-b381-d962ebd7bb15,f530208a-2844-482c-b146-d92fc14be719
cbb2eb5b-1962-48ac-9823-8e425d916d3c,66819a52-6cde-4a4b-bc25-7d1969d8712a,04f3f669-e0c5-4366-a045-74ac99bedf8e,->,cbb2eb5b-1962-48ac-9823-8e425d916d3c,java/awt/Point.java,getY
cbb2eb5b-1962-48ac-9823-8e425d916d3c,66819a52-6cde-4a4b-bc25-7d1969d8712a,04f3f669-e0c5-4366-a045-74ac99bedf8e,->,cbb2eb5b-1962-48ac-9823-8e425d916d3c,java/awt/Point.java,getY
cbb2eb5b-1962-48ac-9823-8e425d916d3c,66819a52-6cde-4a4b-bc25-7d1969d8712a,04f3f669-e0c5-4366-a045-74ac99bedf8e,->,cbb2eb5b-1962-48ac-9823-8e425d916d3c,java/awt/Point.java,getX
cbb2eb5b-1962-48ac-9823-8e425d916d3c,66819a52-6cde-4a4b-bc25-7d1969d8712a,04f3f669-e0c5-4366-a045-74ac99bedf8e,->,cbb2eb5b-1962-48ac-9823-8e425d916d3c,java/awt/Point.java,getX
cbb2eb5b-1962-48ac-9823-8e425d916d3c,66819a52-6cde-4a4b-bc25-7d1969d8712a,04f3f669-e0c5-4366-a045-74ac99bedf8e,->,cbb2eb5b-1962-48ac-9823-8e425d916d3c,java/util/ArrayList.java,isEmpty
cbb2eb5b-1962-48ac-9823-8e425d916d3c,66819a52-6cde-4a4b-bc25-7d1969d8712a,04f3f669-e0c5-4366-a045-74ac99bedf8e,->,cbb2eb5b-1962-48ac-9823-8e425d916d3c,66819a52-6cde-4a4b-bc25-7d1969d8712a,d1d28b48-2bbe-4f99-bdf9-b0c5c2a493a6
cbb2eb5b-1962-48ac-9823-8e425d916d3c,66819a52-6cde-4a4b-bc25-7d1969d8712a,04f3f669-e0c5-4366-a045-74ac99bedf8e,->,cbb2eb5b-1962-48ac-9823-8e425d916d3c,66819a52-6cde-4a4b-bc25-7d1969d8712a,aba4aa7c-1c34-446a-b257-e4e245df5c41
cbb2eb5b-1962-48ac-9823-8e425d916d3c,66819a52-6cde-4a4b-bc25-7d1969d8712a,04f3f669-e0c5-4366-a045-74ac99bedf8e,->,cbb2eb5b-1962-48ac-9823-8e425d916d3c,66819a52-6cde-4a4b-bc25-7d1969d8712a,d1d28b48-2bbe-4f99-bdf9-b0c5c2a493a6
cbb2eb5b-1962-48ac-9823-8e425d916d3c,66819a52-6cde-4a4b-bc25-7d1969d8712a,04f3f669-e0c5-4366-a045-74ac99bedf8e,->,cbb2eb5b-1962-48ac-9823-8e425d916d3c,c6daa512-8880-4e28-b381-d962ebd7bb15,10f8c789-c4a0-495c-b60f-f5a0a95f1d8a
cbb2eb5b-1962-48ac-9823-8e425d916d3c,66819a52-6cde-4a4b-bc25-7d1969d8712a,04f3f669-e0c5-4366-a045-74ac99bedf8e,->,cbb2eb5b-1962-48ac-9823-8e425d916d3c,c6daa512-8880-4e28-b381-d962ebd7bb15,dc2cd17f-331b-42ea-95ed-33752067a553
cbb2eb5b-1962-48ac-9823-8e425d916d3c,66819a52-6cde-4a4b-bc25-7d1969d8712a,04f3f669-e0c5-4366-a045-74ac99bedf8e,->,cbb2eb5b-1962-48ac-9823-8e425d916d3c,org/lwjgl/input/Mouse.java,getX
cbb2eb5b-1962-48ac-9823-8e425d916d3c,66819a52-6cde-4a4b-bc25-7d1969d8712a,04f3f669-e0c5-4366-a045-74ac99bedf8e,->,cbb2eb5b-1962-48ac-9823-8e425d916d3c,c6daa512-8880-4e28-b381-d962ebd7bb15,e24ae3e0-51d6-4a9e-9381-4237fba83b02
cbb2eb5b-1962-48ac-9823-8e425d916d3c,66819a52-6cde-4a4b-bc25-7d1969d8712a,04f3f669-e0c5-4366-a045-74ac99bedf8e,->,cbb2eb5b-1962-48ac-9823-8e425d916d3c,org/lwjgl/input/Mouse.java,getY
cbb2eb5b-1962-48ac-9823-8e425d916d3c,66819a52-6cde-4a4b-bc25-7d1969d8712a,04f3f669-e0c5-4366-a045-74ac99bedf8e,->,cbb2eb5b-1962-48ac-9823-8e425d916d3c,c6daa512-8880-4e28-b381-d962ebd7bb15,f530208a-2844-482c-b146-d92fc14be719
cbb2eb5b-1962-48ac-9823-8e425d916d3c,66819a52-6cde-4a4b-bc25-7d1969d8712a,04f3f669-e0c5-4366-a045-74ac99bedf8e,->,cbb2eb5b-1962-48ac-9823-8e425d916d3c,java/lang/Math.java,atan
cbb2eb5b-1962-48ac-9823-8e425d916d3c,66819a52-6cde-4a4b-bc25-7d1969d8712a,04f3f669-e0c5-4366-a045-74ac99bedf8e,->,cbb2eb5b-1962-48ac-9823-8e425d916d3c,java/lang/Math.java,cos
cbb2eb5b-1962-48ac-9823-8e425d916d3c,66819a52-6cde-4a4b-bc25-7d1969d8712a,04f3f669-e0c5-4366-a045-74ac99bedf8e,->,cbb2eb5b-1962-48ac-9823-8e425d916d3c,java/lang/Math.java,atan
cbb2eb5b-1962-48ac-9823-8e425d916d3c,66819a52-6cde-4a4b-bc25-7d1969d8712a,04f3f669-e0c5-4366-a045-74ac99bedf8e,->,cbb2eb5b-1962-48ac-9823-8e425d916d3c,java/lang/Math.java,sin
cbb2eb5b-1962-48ac-9823-8e425d916d3c,66819a52-6cde-4a4b-bc25-7d1969d8712a,04f3f669-e0c5-4366-a045-74ac99bedf8e,->,cbb2eb5b-1962-48ac-9823-8e425d916d3c,java/awt/Point.java,getX
cbb2eb5b-1962-48ac-9823-8e425d916d3c,66819a52-6cde-4a4b-bc25-7d1969d8712a,04f3f669-e0c5-4366-a045-74ac99bedf8e,->,cbb2eb5b-1962-48ac-9823-8e425d916d3c,java/awt/Point.java,getX
cbb2eb5b-1962-48ac-9823-8e425d916d3c,66819a52-6cde-4a4b-bc25-7d1969d8712a,04f3f669-e0c5-4366-a045-74ac99bedf8e,->,cbb2eb5b-1962-48ac-9823-8e425d916d3c,java/awt/Point.java,getX
cbb2eb5b-1962-48ac-9823-8e425d916d3c,66819a52-6cde-4a4b-bc25-7d1969d8712a,04f3f669-e0c5-4366-a045-74ac99bedf8e,->,cbb2eb5b-1962-48ac-9823-8e425d916d3c,java/awt/Point.java,getY
cbb2eb5b-1962-48ac-9823-8e425d916d3c,66819a52-6cde-4a4b-bc25-7d1969d8712a,04f3f669-e0c5-4366-a045-74ac99bedf8e,->,cbb2eb5b-1962-48ac-9823-8e425d916d3c,java/awt/Point.java,setLocation
cbb2eb5b-1962-48ac-9823-8e425d916d3c,66819a52-6cde-4a4b-bc25-7d1969d8712a,04f3f669-e0c5-4366-a045-74ac99bedf8e,->,cbb2eb5b-1962-48ac-9823-8e425d916d3c,java/awt/Point.java,getX
cbb2eb5b-1962-48ac-9823-8e425d916d3c,66819a52-6cde-4a4b-bc25-7d1969d8712a,04f3f669-e0c5-4366-a045-74ac99bedf8e,->,cbb2eb5b-1962-48ac-9823-8e425d916d3c,java/awt/Point.java,getY
cbb2eb5b-1962-48ac-9823-8e425d916d3c,66819a52-6cde-4a4b-bc25-7d1969d8712a,04f3f669-e0c5-4366-a045-74ac99bedf8e,->,cbb2eb5b-1962-48ac-9823-8e425d916d3c,java/awt/Point.java,setLocation
cbb2eb5b-1962-48ac-9823-8e425d916d3c,66819a52-6cde-4a4b-bc25-7d1969d8712a,04f3f669-e0c5-4366-a045-74ac99bedf8e,->,cbb2eb5b-1962-48ac-9823-8e425d916d3c,java/awt/Point.java,getX
cbb2eb5b-1962-48ac-9823-8e425d916d3c,66819a52-6cde-4a4b-bc25-7d1969d8712a,04f3f669-e0c5-4366-a045-74ac99bedf8e,->,cbb2eb5b-1962-48ac-9823-8e425d916d3c,java/awt/Point.java,getX
cbb2eb5b-1962-48ac-9823-8e425d916d3c,66819a52-6cde-4a4b-bc25-7d1969d8712a,04f3f669-e0c5-4366-a045-74ac99bedf8e,->,cbb2eb5b-1962-48ac-9823-8e425d916d3c,java/awt/Point.java,getX
cbb2eb5b-1962-48ac-9823-8e425d916d3c,66819a52-6cde-4a4b-bc25-7d1969d8712a,04f3f669-e0c5-4366-a045-74ac99bedf8e,->,cbb2eb5b-1962-48ac-9823-8e425d916d3c,java/awt/Point.java,getY
cbb2eb5b-1962-48ac-9823-8e425d916d3c,66819a52-6cde-4a4b-bc25-7d1969d8712a,04f3f669-e0c5-4366-a045-74ac99bedf8e,->,cbb2eb5b-1962-48ac-9823-8e425d916d3c,java/awt/Point.java,setLocation
cbb2eb5b-1962-48ac-9823-8e425d916d3c,66819a52-6cde-4a4b-bc25-7d1969d8712a,04f3f669-e0c5-4366-a045-74ac99bedf8e,->,cbb2eb5b-1962-48ac-9823-8e425d916d3c,java/awt/Point.java,getX
cbb2eb5b-1962-48ac-9823-8e425d916d3c,66819a52-6cde-4a4b-bc25-7d1969d8712a,04f3f669-e0c5-4366-a045-74ac99bedf8e,->,cbb2eb5b-1962-48ac-9823-8e425d916d3c,java/awt/Point.java,getY
cbb2eb5b-1962-48ac-9823-8e425d916d3c,66819a52-6cde-4a4b-bc25-7d1969d8712a,04f3f669-e0c5-4366-a045-74ac99bedf8e,->,cbb2eb5b-1962-48ac-9823-8e425d916d3c,java/awt/Point.java,setLocation
cbb2eb5b-1962-48ac-9823-8e425d916d3c,66819a52-6cde-4a4b-bc25-7d1969d8712a,04f3f669-e0c5-4366-a045-74ac99bedf8e,->,cbb2eb5b-1962-48ac-9823-8e425d916d3c,java/awt/Point.java,getX
cbb2eb5b-1962-48ac-9823-8e425d916d3c,66819a52-6cde-4a4b-bc25-7d1969d8712a,04f3f669-e0c5-4366-a045-74ac99bedf8e,->,cbb2eb5b-1962-48ac-9823-8e425d916d3c,java/awt/Point.java,getX
cbb2eb5b-1962-48ac-9823-8e425d916d3c,66819a52-6cde-4a4b-bc25-7d1969d8712a,04f3f669-e0c5-4366-a045-74ac99bedf8e,->,cbb2eb5b-1962-48ac-9823-8e425d916d3c,java/awt/Point.java,getY
cbb2eb5b-1962-48ac-9823-8e425d916d3c,66819a52-6cde-4a4b-bc25-7d1969d8712a,04f3f669-e0c5-4366-a045-74ac99bedf8e,->,cbb2eb5b-1962-48ac-9823-8e425d916d3c,java/awt/Point.java,getY
cbb2eb5b-1962-48ac-9823-8e425d916d3c,66819a52-6cde-4a4b-bc25-7d1969d8712a,04f3f669-e0c5-4366-a045-74ac99bedf8e,->,cbb2eb5b-1962-48ac-9823-8e425d916d3c,09d1dc81-a441-4811-8fea-a135fc76ab1d,308c381a-8b01-4f31-acfa-b4d6ee04d290
cbb2eb5b-1962-48ac-9823-8e425d916d3c,66819a52-6cde-4a4b-bc25-7d1969d8712a,d1d28b48-2bbe-4f99-bdf9-b0c5c2a493a6,->,cbb2eb5b-1962-48ac-9823-8e425d916d3c,java/awt/Point.java,getY
cbb2eb5b-1962-48ac-9823-8e425d916d3c,66819a52-6cde-4a4b-bc25-7d1969d8712a,d1d28b48-2bbe-4f99-bdf9-b0c5c2a493a6,->,cbb2eb5b-1962-48ac-9823-8e425d916d3c,java/awt/Point.java,getY
cbb2eb5b-1962-48ac-9823-8e425d916d3c,66819a52-6cde-4a4b-bc25-7d1969d8712a,d1d28b48-2bbe-4f99-bdf9-b0c5c2a493a6,->,cbb2eb5b-1962-48ac-9823-8e425d916d3c,java/awt/Point.java,getX
cbb2eb5b-1962-48ac-9823-8e425d916d3c,66819a52-6cde-4a4b-bc25-7d1969d8712a,d1d28b48-2bbe-4f99-bdf9-b0c5c2a493a6,->,cbb2eb5b-1962-48ac-9823-8e425d916d3c,java/awt/Point.java,getX
cbb2eb5b-1962-48ac-9823-8e425d916d3c,66819a52-6cde-4a4b-bc25-7d1969d8712a,d1d28b48-2bbe-4f99-bdf9-b0c5c2a493a6,->,cbb2eb5b-1962-48ac-9823-8e425d916d3c,c6daa512-8880-4e28-b381-d962ebd7bb15,10f8c789-c4a0-495c-b60f-f5a0a95f1d8a
cbb2eb5b-1962-48ac-9823-8e425d916d3c,66819a52-6cde-4a4b-bc25-7d1969d8712a,d1d28b48-2bbe-4f99-bdf9-b0c5c2a493a6,->,cbb2eb5b-1962-48ac-9823-8e425d916d3c,c6daa512-8880-4e28-b381-d962ebd7bb15,dc2cd17f-331b-42ea-95ed-33752067a553
cbb2eb5b-1962-48ac-9823-8e425d916d3c,66819a52-6cde-4a4b-bc25-7d1969d8712a,d1d28b48-2bbe-4f99-bdf9-b0c5c2a493a6,->,cbb2eb5b-1962-48ac-9823-8e425d916d3c,org/lwjgl/input/Mouse.java,getX
cbb2eb5b-1962-48ac-9823-8e425d916d3c,66819a52-6cde-4a4b-bc25-7d1969d8712a,d1d28b48-2bbe-4f99-bdf9-b0c5c2a493a6,->,cbb2eb5b-1962-48ac-9823-8e425d916d3c,c6daa512-8880-4e28-b381-d962ebd7bb15,e24ae3e0-51d6-4a9e-9381-4237fba83b02
cbb2eb5b-1962-48ac-9823-8e425d916d3c,66819a52-6cde-4a4b-bc25-7d1969d8712a,d1d28b48-2bbe-4f99-bdf9-b0c5c2a493a6,->,cbb2eb5b-1962-48ac-9823-8e425d916d3c,org/lwjgl/input/Mouse.java,getY
cbb2eb5b-1962-48ac-9823-8e425d916d3c,66819a52-6cde-4a4b-bc25-7d1969d8712a,d1d28b48-2bbe-4f99-bdf9-b0c5c2a493a6,->,cbb2eb5b-1962-48ac-9823-8e425d916d3c,c6daa512-8880-4e28-b381-d962ebd7bb15,f530208a-2844-482c-b146-d92fc14be719
cbb2eb5b-1962-48ac-9823-8e425d916d3c,66819a52-6cde-4a4b-bc25-7d1969d8712a,d1d28b48-2bbe-4f99-bdf9-b0c5c2a493a6,->,cbb2eb5b-1962-48ac-9823-8e425d916d3c,java/lang/Math.java,atan
cbb2eb5b-1962-48ac-9823-8e425d916d3c,66819a52-6cde-4a4b-bc25-7d1969d8712a,d1d28b48-2bbe-4f99-bdf9-b0c5c2a493a6,->,cbb2eb5b-1962-48ac-9823-8e425d916d3c,java/lang/Math.java,cos
cbb2eb5b-1962-48ac-9823-8e425d916d3c,66819a52-6cde-4a4b-bc25-7d1969d8712a,d1d28b48-2bbe-4f99-bdf9-b0c5c2a493a6,->,cbb2eb5b-1962-48ac-9823-8e425d916d3c,java/lang/Math.java,atan
cbb2eb5b-1962-48ac-9823-8e425d916d3c,66819a52-6cde-4a4b-bc25-7d1969d8712a,d1d28b48-2bbe-4f99-bdf9-b0c5c2a493a6,->,cbb2eb5b-1962-48ac-9823-8e425d916d3c,java/lang/Math.java,sin
cbb2eb5b-1962-48ac-9823-8e425d916d3c,66819a52-6cde-4a4b-bc25-7d1969d8712a,d1d28b48-2bbe-4f99-bdf9-b0c5c2a493a6,->,cbb2eb5b-1962-48ac-9823-8e425d916d3c,java/awt/Point.java,getX
cbb2eb5b-1962-48ac-9823-8e425d916d3c,66819a52-6cde-4a4b-bc25-7d1969d8712a,d1d28b48-2bbe-4f99-bdf9-b0c5c2a493a6,->,cbb2eb5b-1962-48ac-9823-8e425d916d3c,java/awt/Point.java,getX
cbb2eb5b-1962-48ac-9823-8e425d916d3c,66819a52-6cde-4a4b-bc25-7d1969d8712a,d1d28b48-2bbe-4f99-bdf9-b0c5c2a493a6,->,cbb2eb5b-1962-48ac-9823-8e425d916d3c,java/awt/Point.java,getX
cbb2eb5b-1962-48ac-9823-8e425d916d3c,66819a52-6cde-4a4b-bc25-7d1969d8712a,d1d28b48-2bbe-4f99-bdf9-b0c5c2a493a6,->,cbb2eb5b-1962-48ac-9823-8e425d916d3c,java/awt/Point.java,getY
cbb2eb5b-1962-48ac-9823-8e425d916d3c,66819a52-6cde-4a4b-bc25-7d1969d8712a,d1d28b48-2bbe-4f99-bdf9-b0c5c2a493a6,->,cbb2eb5b-1962-48ac-9823-8e425d916d3c,java/awt/Point.java,setLocation
cbb2eb5b-1962-48ac-9823-8e425d916d3c,66819a52-6cde-4a4b-bc25-7d1969d8712a,d1d28b48-2bbe-4f99-bdf9-b0c5c2a493a6,->,cbb2eb5b-1962-48ac-9823-8e425d916d3c,java/awt/Point.java,getX
cbb2eb5b-1962-48ac-9823-8e425d916d3c,66819a52-6cde-4a4b-bc25-7d1969d8712a,d1d28b48-2bbe-4f99-bdf9-b0c5c2a493a6,->,cbb2eb5b-1962-48ac-9823-8e425d916d3c,java/awt/Point.java,getY
cbb2eb5b-1962-48ac-9823-8e425d916d3c,66819a52-6cde-4a4b-bc25-7d1969d8712a,d1d28b48-2bbe-4f99-bdf9-b0c5c2a493a6,->,cbb2eb5b-1962-48ac-9823-8e425d916d3c,java/awt/Point.java,setLocation
cbb2eb5b-1962-48ac-9823-8e425d916d3c,66819a52-6cde-4a4b-bc25-7d1969d8712a,d1d28b48-2bbe-4f99-bdf9-b0c5c2a493a6,->,cbb2eb5b-1962-48ac-9823-8e425d916d3c,java/awt/Point.java,getX
cbb2eb5b-1962-48ac-9823-8e425d916d3c,66819a52-6cde-4a4b-bc25-7d1969d8712a,d1d28b48-2bbe-4f99-bdf9-b0c5c2a493a6,->,cbb2eb5b-1962-48ac-9823-8e425d916d3c,java/awt/Point.java,getX
cbb2eb5b-1962-48ac-9823-8e425d916d3c,66819a52-6cde-4a4b-bc25-7d1969d8712a,d1d28b48-2bbe-4f99-bdf9-b0c5c2a493a6,->,cbb2eb5b-1962-48ac-9823-8e425d916d3c,java/awt/Point.java,getX
cbb2eb5b-1962-48ac-9823-8e425d916d3c,66819a52-6cde-4a4b-bc25-7d1969d8712a,d1d28b48-2bbe-4f99-bdf9-b0c5c2a493a6,->,cbb2eb5b-1962-48ac-9823-8e425d916d3c,java/awt/Point.java,getY
cbb2eb5b-1962-48ac-9823-8e425d916d3c,66819a52-6cde-4a4b-bc25-7d1969d8712a,d1d28b48-2bbe-4f99-bdf9-b0c5c2a493a6,->,cbb2eb5b-1962-48ac-9823-8e425d916d3c,java/awt/Point.java,setLocation
cbb2eb5b-1962-48ac-9823-8e425d916d3c,66819a52-6cde-4a4b-bc25-7d1969d8712a,d1d28b48-2bbe-4f99-bdf9-b0c5c2a493a6,->,cbb2eb5b-1962-48ac-9823-8e425d916d3c,java/awt/Point.java,getX
cbb2eb5b-1962-48ac-9823-8e425d916d3c,66819a52-6cde-4a4b-bc25-7d1969d8712a,d1d28b48-2bbe-4f99-bdf9-b0c5c2a493a6,->,cbb2eb5b-1962-48ac-9823-8e425d916d3c,java/awt/Point.java,getY
cbb2eb5b-1962-48ac-9823-8e425d916d3c,66819a52-6cde-4a4b-bc25-7d1969d8712a,d1d28b48-2bbe-4f99-bdf9-b0c5c2a493a6,->,cbb2eb5b-1962-48ac-9823-8e425d916d3c,java/awt/Point.java,setLocation
cbb2eb5b-1962-48ac-9823-8e425d916d3c,66819a52-6cde-4a4b-bc25-7d1969d8712a,d1d28b48-2bbe-4f99-bdf9-b0c5c2a493a6,->,cbb2eb5b-1962-48ac-9823-8e425d916d3c,java/awt/Point.java,getX
cbb2eb5b-1962-48ac-9823-8e425d916d3c,66819a52-6cde-4a4b-bc25-7d1969d8712a,d1d28b48-2bbe-4f99-bdf9-b0c5c2a493a6,->,cbb2eb5b-1962-48ac-9823-8e425d916d3c,java/awt/Point.java,getX
cbb2eb5b-1962-48ac-9823-8e425d916d3c,66819a52-6cde-4a4b-bc25-7d1969d8712a,d1d28b48-2bbe-4f99-bdf9-b0c5c2a493a6,->,cbb2eb5b-1962-48ac-9823-8e425d916d3c,java/awt/Point.java,getY
cbb2eb5b-1962-48ac-9823-8e425d916d3c,66819a52-6cde-4a4b-bc25-7d1969d8712a,d1d28b48-2bbe-4f99-bdf9-b0c5c2a493a6,->,cbb2eb5b-1962-48ac-9823-8e425d916d3c,java/awt/Point.java,getY
cbb2eb5b-1962-48ac-9823-8e425d916d3c,66819a52-6cde-4a4b-bc25-7d1969d8712a,d1d28b48-2bbe-4f99-bdf9-b0c5c2a493a6,->,cbb2eb5b-1962-48ac-9823-8e425d916d3c,09d1dc81-a441-4811-8fea-a135fc76ab1d,308c381a-8b01-4f31-acfa-b4d6ee04d290
cbb2eb5b-1962-48ac-9823-8e425d916d3c,66819a52-6cde-4a4b-bc25-7d1969d8712a,d1d28b48-2bbe-4f99-bdf9-b0c5c2a493a6,->,cbb2eb5b-1962-48ac-9823-8e425d916d3c,b62c75c4-6b8a-41dd-ba7f-e189c3e2f492,5c92105b-a430-4201-b2b3-59f4d58e6076
cbb2eb5b-1962-48ac-9823-8e425d916d3c,66819a52-6cde-4a4b-bc25-7d1969d8712a,7076fb0e-8b90-4c04-8e53-a820ae856ff0,->,cbb2eb5b-1962-48ac-9823-8e425d916d3c,66819a52-6cde-4a4b-bc25-7d1969d8712a,9dddf67b-9a5c-4e4c-a8ed-c570fe6fab36
cbb2eb5b-1962-48ac-9823-8e425d916d3c,66819a52-6cde-4a4b-bc25-7d1969d8712a,7076fb0e-8b90-4c04-8e53-a820ae856ff0,->,cbb2eb5b-1962-48ac-9823-8e425d916d3c,java/util/ArrayList.java,isEmpty
cbb2eb5b-1962-48ac-9823-8e425d916d3c,66819a52-6cde-4a4b-bc25-7d1969d8712a,7076fb0e-8b90-4c04-8e53-a820ae856ff0,->,cbb2eb5b-1962-48ac-9823-8e425d916d3c,66819a52-6cde-4a4b-bc25-7d1969d8712a,aba4aa7c-1c34-446a-b257-e4e245df5c41
cbb2eb5b-1962-48ac-9823-8e425d916d3c,66819a52-6cde-4a4b-bc25-7d1969d8712a,7076fb0e-8b90-4c04-8e53-a820ae856ff0,->,cbb2eb5b-1962-48ac-9823-8e425d916d3c,66819a52-6cde-4a4b-bc25-7d1969d8712a,aba4aa7c-1c34-446a-b257-e4e245df5c41
cbb2eb5b-1962-48ac-9823-8e425d916d3c,66819a52-6cde-4a4b-bc25-7d1969d8712a,7076fb0e-8b90-4c04-8e53-a820ae856ff0,->,cbb2eb5b-1962-48ac-9823-8e425d916d3c,66819a52-6cde-4a4b-bc25-7d1969d8712a,9dddf67b-9a5c-4e4c-a8ed-c570fe6fab36
cbb2eb5b-1962-48ac-9823-8e425d916d3c,66819a52-6cde-4a4b-bc25-7d1969d8712a,9dddf67b-9a5c-4e4c-a8ed-c570fe6fab36,->,cbb2eb5b-1962-48ac-9823-8e425d916d3c,c6daa512-8880-4e28-b381-d962ebd7bb15,10f8c789-c4a0-495c-b60f-f5a0a95f1d8a
cbb2eb5b-1962-48ac-9823-8e425d916d3c,66819a52-6cde-4a4b-bc25-7d1969d8712a,9dddf67b-9a5c-4e4c-a8ed-c570fe6fab36,->,cbb2eb5b-1962-48ac-9823-8e425d916d3c,c6daa512-8880-4e28-b381-d962ebd7bb15,dc2cd17f-331b-42ea-95ed-33752067a553
cbb2eb5b-1962-48ac-9823-8e425d916d3c,66819a52-6cde-4a4b-bc25-7d1969d8712a,9dddf67b-9a5c-4e4c-a8ed-c570fe6fab36,->,cbb2eb5b-1962-48ac-9823-8e425d916d3c,c6daa512-8880-4e28-b381-d962ebd7bb15,10f8c789-c4a0-495c-b60f-f5a0a95f1d8a
cbb2eb5b-1962-48ac-9823-8e425d916d3c,66819a52-6cde-4a4b-bc25-7d1969d8712a,9dddf67b-9a5c-4e4c-a8ed-c570fe6fab36,->,cbb2eb5b-1962-48ac-9823-8e425d916d3c,java/lang/Math.java,cos
cbb2eb5b-1962-48ac-9823-8e425d916d3c,66819a52-6cde-4a4b-bc25-7d1969d8712a,9dddf67b-9a5c-4e4c-a8ed-c570fe6fab36,->,cbb2eb5b-1962-48ac-9823-8e425d916d3c,c6daa512-8880-4e28-b381-d962ebd7bb15,dc2cd17f-331b-42ea-95ed-33752067a553
cbb2eb5b-1962-48ac-9823-8e425d916d3c,66819a52-6cde-4a4b-bc25-7d1969d8712a,9dddf67b-9a5c-4e4c-a8ed-c570fe6fab36,->,cbb2eb5b-1962-48ac-9823-8e425d916d3c,java/lang/Math.java,sin
cbb2eb5b-1962-48ac-9823-8e425d916d3c,66819a52-6cde-4a4b-bc25-7d1969d8712a,9dddf67b-9a5c-4e4c-a8ed-c570fe6fab36,->,cbb2eb5b-1962-48ac-9823-8e425d916d3c,09d1dc81-a441-4811-8fea-a135fc76ab1d,308c381a-8b01-4f31-acfa-b4d6ee04d290
cbb2eb5b-1962-48ac-9823-8e425d916d3c,66819a52-6cde-4a4b-bc25-7d1969d8712a,3ade1ed3-0765-4b7d-9894-c6a999a1c9c3,->,cbb2eb5b-1962-48ac-9823-8e425d916d3c,c6daa512-8880-4e28-b381-d962ebd7bb15,10f8c789-c4a0-495c-b60f-f5a0a95f1d8a
cbb2eb5b-1962-48ac-9823-8e425d916d3c,66819a52-6cde-4a4b-bc25-7d1969d8712a,3ade1ed3-0765-4b7d-9894-c6a999a1c9c3,->,cbb2eb5b-1962-48ac-9823-8e425d916d3c,c6daa512-8880-4e28-b381-d962ebd7bb15,dc2cd17f-331b-42ea-95ed-33752067a553
cbb2eb5b-1962-48ac-9823-8e425d916d3c,66819a52-6cde-4a4b-bc25-7d1969d8712a,3ade1ed3-0765-4b7d-9894-c6a999a1c9c3,->,cbb2eb5b-1962-48ac-9823-8e425d916d3c,org/lwjgl/input/Mouse.java,getX
cbb2eb5b-1962-48ac-9823-8e425d916d3c,66819a52-6cde-4a4b-bc25-7d1969d8712a,3ade1ed3-0765-4b7d-9894-c6a999a1c9c3,->,cbb2eb5b-1962-48ac-9823-8e425d916d3c,c6daa512-8880-4e28-b381-d962ebd7bb15,e24ae3e0-51d6-4a9e-9381-4237fba83b02
cbb2eb5b-1962-48ac-9823-8e425d916d3c,66819a52-6cde-4a4b-bc25-7d1969d8712a,3ade1ed3-0765-4b7d-9894-c6a999a1c9c3,->,cbb2eb5b-1962-48ac-9823-8e425d916d3c,org/lwjgl/input/Mouse.java,getY
cbb2eb5b-1962-48ac-9823-8e425d916d3c,66819a52-6cde-4a4b-bc25-7d1969d8712a,3ade1ed3-0765-4b7d-9894-c6a999a1c9c3,->,cbb2eb5b-1962-48ac-9823-8e425d916d3c,c6daa512-8880-4e28-b381-d962ebd7bb15,f530208a-2844-482c-b146-d92fc14be719
cbb2eb5b-1962-48ac-9823-8e425d916d3c,66819a52-6cde-4a4b-bc25-7d1969d8712a,3ade1ed3-0765-4b7d-9894-c6a999a1c9c3,->,cbb2eb5b-1962-48ac-9823-8e425d916d3c,java/awt/Point.java,getY
cbb2eb5b-1962-48ac-9823-8e425d916d3c,66819a52-6cde-4a4b-bc25-7d1969d8712a,3ade1ed3-0765-4b7d-9894-c6a999a1c9c3,->,cbb2eb5b-1962-48ac-9823-8e425d916d3c,java/awt/Point.java,getY
cbb2eb5b-1962-48ac-9823-8e425d916d3c,66819a52-6cde-4a4b-bc25-7d1969d8712a,3ade1ed3-0765-4b7d-9894-c6a999a1c9c3,->,cbb2eb5b-1962-48ac-9823-8e425d916d3c,java/awt/Point.java,getX
cbb2eb5b-1962-48ac-9823-8e425d916d3c,66819a52-6cde-4a4b-bc25-7d1969d8712a,3ade1ed3-0765-4b7d-9894-c6a999a1c9c3,->,cbb2eb5b-1962-48ac-9823-8e425d916d3c,java/awt/Point.java,getX
cbb2eb5b-1962-48ac-9823-8e425d916d3c,66819a52-6cde-4a4b-bc25-7d1969d8712a,3ade1ed3-0765-4b7d-9894-c6a999a1c9c3,->,cbb2eb5b-1962-48ac-9823-8e425d916d3c,java/awt/Point.java,getX
cbb2eb5b-1962-48ac-9823-8e425d916d3c,66819a52-6cde-4a4b-bc25-7d1969d8712a,3ade1ed3-0765-4b7d-9894-c6a999a1c9c3,->,cbb2eb5b-1962-48ac-9823-8e425d916d3c,java/awt/Point.java,getX
cbb2eb5b-1962-48ac-9823-8e425d916d3c,66819a52-6cde-4a4b-bc25-7d1969d8712a,3ade1ed3-0765-4b7d-9894-c6a999a1c9c3,->,cbb2eb5b-1962-48ac-9823-8e425d916d3c,java/lang/Math.java,atan
cbb2eb5b-1962-48ac-9823-8e425d916d3c,66819a52-6cde-4a4b-bc25-7d1969d8712a,3ade1ed3-0765-4b7d-9894-c6a999a1c9c3,->,cbb2eb5b-1962-48ac-9823-8e425d916d3c,java/lang/Math.java,atan
cbb2eb5b-1962-48ac-9823-8e425d916d3c,66819a52-6cde-4a4b-bc25-7d1969d8712a,3ade1ed3-0765-4b7d-9894-c6a999a1c9c3,->,cbb2eb5b-1962-48ac-9823-8e425d916d3c,java/awt/Point.java,getX
cbb2eb5b-1962-48ac-9823-8e425d916d3c,66819a52-6cde-4a4b-bc25-7d1969d8712a,3ade1ed3-0765-4b7d-9894-c6a999a1c9c3,->,cbb2eb5b-1962-48ac-9823-8e425d916d3c,java/awt/Point.java,getX
cbb2eb5b-1962-48ac-9823-8e425d916d3c,66819a52-6cde-4a4b-bc25-7d1969d8712a,3ade1ed3-0765-4b7d-9894-c6a999a1c9c3,->,cbb2eb5b-1962-48ac-9823-8e425d916d3c,java/awt/Point.java,getY
cbb2eb5b-1962-48ac-9823-8e425d916d3c,66819a52-6cde-4a4b-bc25-7d1969d8712a,3ade1ed3-0765-4b7d-9894-c6a999a1c9c3,->,cbb2eb5b-1962-48ac-9823-8e425d916d3c,java/awt/Point.java,getY
cbb2eb5b-1962-48ac-9823-8e425d916d3c,66819a52-6cde-4a4b-bc25-7d1969d8712a,3ade1ed3-0765-4b7d-9894-c6a999a1c9c3,->,cbb2eb5b-1962-48ac-9823-8e425d916d3c,java/awt/Point.java,getY
cbb2eb5b-1962-48ac-9823-8e425d916d3c,66819a52-6cde-4a4b-bc25-7d1969d8712a,3ade1ed3-0765-4b7d-9894-c6a999a1c9c3,->,cbb2eb5b-1962-48ac-9823-8e425d916d3c,java/awt/Point.java,getY
cbb2eb5b-1962-48ac-9823-8e425d916d3c,66819a52-6cde-4a4b-bc25-7d1969d8712a,3ade1ed3-0765-4b7d-9894-c6a999a1c9c3,->,cbb2eb5b-1962-48ac-9823-8e425d916d3c,java/util/ArrayList.java,isEmpty
cbb2eb5b-1962-48ac-9823-8e425d916d3c,66819a52-6cde-4a4b-bc25-7d1969d8712a,3ade1ed3-0765-4b7d-9894-c6a999a1c9c3,->,cbb2eb5b-1962-48ac-9823-8e425d916d3c,c6daa512-8880-4e28-b381-d962ebd7bb15,10f8c789-c4a0-495c-b60f-f5a0a95f1d8a
cbb2eb5b-1962-48ac-9823-8e425d916d3c,66819a52-6cde-4a4b-bc25-7d1969d8712a,3ade1ed3-0765-4b7d-9894-c6a999a1c9c3,->,cbb2eb5b-1962-48ac-9823-8e425d916d3c,java/lang/Math.java,cos
cbb2eb5b-1962-48ac-9823-8e425d916d3c,66819a52-6cde-4a4b-bc25-7d1969d8712a,3ade1ed3-0765-4b7d-9894-c6a999a1c9c3,->,cbb2eb5b-1962-48ac-9823-8e425d916d3c,c6daa512-8880-4e28-b381-d962ebd7bb15,dc2cd17f-331b-42ea-95ed-33752067a553
cbb2eb5b-1962-48ac-9823-8e425d916d3c,66819a52-6cde-4a4b-bc25-7d1969d8712a,3ade1ed3-0765-4b7d-9894-c6a999a1c9c3,->,cbb2eb5b-1962-48ac-9823-8e425d916d3c,java/lang/Math.java,sin
cbb2eb5b-1962-48ac-9823-8e425d916d3c,66819a52-6cde-4a4b-bc25-7d1969d8712a,3ade1ed3-0765-4b7d-9894-c6a999a1c9c3,->,cbb2eb5b-1962-48ac-9823-8e425d916d3c,c6daa512-8880-4e28-b381-d962ebd7bb15,10f8c789-c4a0-495c-b60f-f5a0a95f1d8a
cbb2eb5b-1962-48ac-9823-8e425d916d3c,66819a52-6cde-4a4b-bc25-7d1969d8712a,3ade1ed3-0765-4b7d-9894-c6a999a1c9c3,->,cbb2eb5b-1962-48ac-9823-8e425d916d3c,c6daa512-8880-4e28-b381-d962ebd7bb15,dc2cd17f-331b-42ea-95ed-33752067a553
cbb2eb5b-1962-48ac-9823-8e425d916d3c,66819a52-6cde-4a4b-bc25-7d1969d8712a,3ade1ed3-0765-4b7d-9894-c6a999a1c9c3,->,cbb2eb5b-1962-48ac-9823-8e425d916d3c,09d1dc81-a441-4811-8fea-a135fc76ab1d,308c381a-8b01-4f31-acfa-b4d6ee04d290
cbb2eb5b-1962-48ac-9823-8e425d916d3c,66819a52-6cde-4a4b-bc25-7d1969d8712a,f8d799cd-88f9-4344-96f3-b3e7ac289603,->,cbb2eb5b-1962-48ac-9823-8e425d916d3c,java/lang/String.java,contains
cbb2eb5b-1962-48ac-9823-8e425d916d3c,66819a52-6cde-4a4b-bc25-7d1969d8712a,f8d799cd-88f9-4344-96f3-b3e7ac289603,->,cbb2eb5b-1962-48ac-9823-8e425d916d3c,java/lang/String.java,contains
cbb2eb5b-1962-48ac-9823-8e425d916d3c,66819a52-6cde-4a4b-bc25-7d1969d8712a,f8d799cd-88f9-4344-96f3-b3e7ac289603,->,cbb2eb5b-1962-48ac-9823-8e425d916d3c,java/lang/String.java,contains
cbb2eb5b-1962-48ac-9823-8e425d916d3c,66819a52-6cde-4a4b-bc25-7d1969d8712a,f8d799cd-88f9-4344-96f3-b3e7ac289603,->,cbb2eb5b-1962-48ac-9823-8e425d916d3c,java/lang/String.java,contains
cbb2eb5b-1962-48ac-9823-8e425d916d3c,66819a52-6cde-4a4b-bc25-7d1969d8712a,aba4aa7c-1c34-446a-b257-e4e245df5c41,->,cbb2eb5b-1962-48ac-9823-8e425d916d3c,java/util/ArrayList.java,iterator
cbb2eb5b-1962-48ac-9823-8e425d916d3c,66819a52-6cde-4a4b-bc25-7d1969d8712a,aba4aa7c-1c34-446a-b257-e4e245df5c41,->,cbb2eb5b-1962-48ac-9823-8e425d916d3c,java/util/Iterator.java,hasNext
cbb2eb5b-1962-48ac-9823-8e425d916d3c,66819a52-6cde-4a4b-bc25-7d1969d8712a,aba4aa7c-1c34-446a-b257-e4e245df5c41,->,cbb2eb5b-1962-48ac-9823-8e425d916d3c,java/util/Iterator.java,next
cbb2eb5b-1962-48ac-9823-8e425d916d3c,66819a52-6cde-4a4b-bc25-7d1969d8712a,9f0f6c4c-c49d-461e-b60a-8a49279002de,->,cbb2eb5b-1962-48ac-9823-8e425d916d3c,java/util/ArrayList.java,remove
cbb2eb5b-1962-48ac-9823-8e425d916d3c,rpg/game/skills/Skill$Element.java,values,->,cbb2eb5b-1962-48ac-9823-8e425d916d3c,rpg/game/skills/Skill$Element.java,clone
cbb2eb5b-1962-48ac-9823-8e425d916d3c,rpg/game/skills/Skill$Element.java,valueOf,->,cbb2eb5b-1962-48ac-9823-8e425d916d3c,java/lang/Enum.java,valueOf
cbb2eb5b-1962-48ac-9823-8e425d916d3c,rpg/game/skills/Skill$SkillType.java,values,->,cbb2eb5b-1962-48ac-9823-8e425d916d3c,rpg/game/skills/Skill$SkillType.java,clone
cbb2eb5b-1962-48ac-9823-8e425d916d3c,rpg/game/skills/Skill$SkillType.java,valueOf,->,cbb2eb5b-1962-48ac-9823-8e425d916d3c,java/lang/Enum.java,valueOf
cbb2eb5b-1962-48ac-9823-8e425d916d3c,rpg/game/armor/Armor$Type.java,values,->,cbb2eb5b-1962-48ac-9823-8e425d916d3c,rpg/game/armor/Armor$Type.java,clone
cbb2eb5b-1962-48ac-9823-8e425d916d3c,rpg/game/armor/Armor$Type.java,valueOf,->,cbb2eb5b-1962-48ac-9823-8e425d916d3c,java/lang/Enum.java,valueOf
cbb2eb5b-1962-48ac-9823-8e425d916d3c,rpg/game/armor/Armor$ArmorObject.java,values,->,cbb2eb5b-1962-48ac-9823-8e425d916d3c,rpg/game/armor/Armor$ArmorObject.java,clone
cbb2eb5b-1962-48ac-9823-8e425d916d3c,rpg/game/armor/Armor$ArmorObject.java,valueOf,->,cbb2eb5b-1962-48ac-9823-8e425d916d3c,java/lang/Enum.java,valueOf
cbb2eb5b-1962-48ac-9823-8e425d916d3c,rpg/game/armor/Armor$1.java,<clinit>,->,cbb2eb5b-1962-48ac-9823-8e425d916d3c,rpg/game/armor/Armor$Type.java,values
cbb2eb5b-1962-48ac-9823-8e425d916d3c,rpg/game/armor/Armor$1.java,<clinit>,->,cbb2eb5b-1962-48ac-9823-8e425d916d3c,rpg/game/armor/Armor$Type.java,ordinal
cbb2eb5b-1962-48ac-9823-8e425d916d3c,rpg/game/armor/Armor$1.java,<clinit>,->,cbb2eb5b-1962-48ac-9823-8e425d916d3c,rpg/game/armor/Armor$Type.java,ordinal
cbb2eb5b-1962-48ac-9823-8e425d916d3c,rpg/game/armor/Armor$1.java,<clinit>,->,cbb2eb5b-1962-48ac-9823-8e425d916d3c,rpg/game/armor/Armor$Type.java,ordinal
cbb2eb5b-1962-48ac-9823-8e425d916d3c,rpg/game/armor/Armor$1.java,<clinit>,->,cbb2eb5b-1962-48ac-9823-8e425d916d3c,rpg/game/armor/Armor$Type.java,ordinal
cbb2eb5b-1962-48ac-9823-8e425d916d3c,rpg/game/armor/Armor$1.java,<clinit>,->,cbb2eb5b-1962-48ac-9823-8e425d916d3c,rpg/game/armor/Armor$Type.java,ordinal
cbb2eb5b-1962-48ac-9823-8e425d916d3c,rpg/game/armor/Armor$1.java,<clinit>,->,cbb2eb5b-1962-48ac-9823-8e425d916d3c,rpg/game/armor/Armor$Type.java,ordinal
cbb2eb5b-1962-48ac-9823-8e425d916d3c,rpg/game/armor/Armor$1.java,<clinit>,->,cbb2eb5b-1962-48ac-9823-8e425d916d3c,rpg/game/armor/Armor$Type.java,ordinal
cbb2eb5b-1962-48ac-9823-8e425d916d3c,829bf402-59e9-4067-865b-bf0bfe3b96a5,b165c79f-2965-4aec-8478-f100018adb10,->,cbb2eb5b-1962-48ac-9823-8e425d916d3c,org/newdawn/slick/openal/Audio.java,playAsSoundEffect
cbb2eb5b-1962-48ac-9823-8e425d916d3c,829bf402-59e9-4067-865b-bf0bfe3b96a5,b165c79f-2965-4aec-8478-f100018adb10,->,cbb2eb5b-1962-48ac-9823-8e425d916d3c,rpg/game/armor/Armor$Type.java,ordinal
cbb2eb5b-1962-48ac-9823-8e425d916d3c,829bf402-59e9-4067-865b-bf0bfe3b96a5,b165c79f-2965-4aec-8478-f100018adb10,->,cbb2eb5b-1962-48ac-9823-8e425d916d3c,c6daa512-8880-4e28-b381-d962ebd7bb15,b0f0fcfd-466f-41ce-a103-2c0f38351258
cbb2eb5b-1962-48ac-9823-8e425d916d3c,829bf402-59e9-4067-865b-bf0bfe3b96a5,b165c79f-2965-4aec-8478-f100018adb10,->,cbb2eb5b-1962-48ac-9823-8e425d916d3c,b672419d-292f-4e59-a970-67249dfdf58b,1c89f1cc-80b1-4d39-b051-8b1317f47a7b
cbb2eb5b-1962-48ac-9823-8e425d916d3c,829bf402-59e9-4067-865b-bf0bfe3b96a5,b165c79f-2965-4aec-8478-f100018adb10,->,cbb2eb5b-1962-48ac-9823-8e425d916d3c,c6daa512-8880-4e28-b381-d962ebd7bb15,b0f0fcfd-466f-41ce-a103-2c0f38351258
cbb2eb5b-1962-48ac-9823-8e425d916d3c,829bf402-59e9-4067-865b-bf0bfe3b96a5,b165c79f-2965-4aec-8478-f100018adb10,->,cbb2eb5b-1962-48ac-9823-8e425d916d3c,b672419d-292f-4e59-a970-67249dfdf58b,7f3a6ff8-b248-4185-a625-89854deeddc4
cbb2eb5b-1962-48ac-9823-8e425d916d3c,829bf402-59e9-4067-865b-bf0bfe3b96a5,b165c79f-2965-4aec-8478-f100018adb10,->,cbb2eb5b-1962-48ac-9823-8e425d916d3c,3b79f692-309a-4965-8e8b-48440ac3289a,"a2ce3f46-bb48-4abf-8cf9-1550458903f2,fd38a742-fc69-493a-a95f-2527b82248a6"
cbb2eb5b-1962-48ac-9823-8e425d916d3c,829bf402-59e9-4067-865b-bf0bfe3b96a5,b165c79f-2965-4aec-8478-f100018adb10,->,cbb2eb5b-1962-48ac-9823-8e425d916d3c,c6daa512-8880-4e28-b381-d962ebd7bb15,b0f0fcfd-466f-41ce-a103-2c0f38351258
cbb2eb5b-1962-48ac-9823-8e425d916d3c,829bf402-59e9-4067-865b-bf0bfe3b96a5,b165c79f-2965-4aec-8478-f100018adb10,->,cbb2eb5b-1962-48ac-9823-8e425d916d3c,b672419d-292f-4e59-a970-67249dfdf58b,6fafab2e-04ff-4c8d-8f7f-f96f9e94dd24
cbb2eb5b-1962-48ac-9823-8e425d916d3c,829bf402-59e9-4067-865b-bf0bfe3b96a5,b165c79f-2965-4aec-8478-f100018adb10,->,cbb2eb5b-1962-48ac-9823-8e425d916d3c,c6daa512-8880-4e28-b381-d962ebd7bb15,b0f0fcfd-466f-41ce-a103-2c0f38351258
cbb2eb5b-1962-48ac-9823-8e425d916d3c,829bf402-59e9-4067-865b-bf0bfe3b96a5,b165c79f-2965-4aec-8478-f100018adb10,->,cbb2eb5b-1962-48ac-9823-8e425d916d3c,b672419d-292f-4e59-a970-67249dfdf58b,b8eafa72-af50-4703-b6e0-ce107058814c
cbb2eb5b-1962-48ac-9823-8e425d916d3c,829bf402-59e9-4067-865b-bf0bfe3b96a5,b165c79f-2965-4aec-8478-f100018adb10,->,cbb2eb5b-1962-48ac-9823-8e425d916d3c,3b79f692-309a-4965-8e8b-48440ac3289a,"a2ce3f46-bb48-4abf-8cf9-1550458903f2,fd38a742-fc69-493a-a95f-2527b82248a6"
cbb2eb5b-1962-48ac-9823-8e425d916d3c,829bf402-59e9-4067-865b-bf0bfe3b96a5,b165c79f-2965-4aec-8478-f100018adb10,->,cbb2eb5b-1962-48ac-9823-8e425d916d3c,c6daa512-8880-4e28-b381-d962ebd7bb15,b0f0fcfd-466f-41ce-a103-2c0f38351258
cbb2eb5b-1962-48ac-9823-8e425d916d3c,829bf402-59e9-4067-865b-bf0bfe3b96a5,b165c79f-2965-4aec-8478-f100018adb10,->,cbb2eb5b-1962-48ac-9823-8e425d916d3c,b672419d-292f-4e59-a970-67249dfdf58b,381bcf10-6771-4be1-89eb-014bbb870f10
cbb2eb5b-1962-48ac-9823-8e425d916d3c,829bf402-59e9-4067-865b-bf0bfe3b96a5,b165c79f-2965-4aec-8478-f100018adb10,->,cbb2eb5b-1962-48ac-9823-8e425d916d3c,c6daa512-8880-4e28-b381-d962ebd7bb15,b0f0fcfd-466f-41ce-a103-2c0f38351258
cbb2eb5b-1962-48ac-9823-8e425d916d3c,829bf402-59e9-4067-865b-bf0bfe3b96a5,b165c79f-2965-4aec-8478-f100018adb10,->,cbb2eb5b-1962-48ac-9823-8e425d916d3c,b672419d-292f-4e59-a970-67249dfdf58b,80b96d83-3c3e-4970-8bd5-67a832483e82
cbb2eb5b-1962-48ac-9823-8e425d916d3c,829bf402-59e9-4067-865b-bf0bfe3b96a5,b165c79f-2965-4aec-8478-f100018adb10,->,cbb2eb5b-1962-48ac-9823-8e425d916d3c,3b79f692-309a-4965-8e8b-48440ac3289a,"a2ce3f46-bb48-4abf-8cf9-1550458903f2,fd38a742-fc69-493a-a95f-2527b82248a6"
cbb2eb5b-1962-48ac-9823-8e425d916d3c,829bf402-59e9-4067-865b-bf0bfe3b96a5,b165c79f-2965-4aec-8478-f100018adb10,->,cbb2eb5b-1962-48ac-9823-8e425d916d3c,c6daa512-8880-4e28-b381-d962ebd7bb15,b0f0fcfd-466f-41ce-a103-2c0f38351258
cbb2eb5b-1962-48ac-9823-8e425d916d3c,829bf402-59e9-4067-865b-bf0bfe3b96a5,b165c79f-2965-4aec-8478-f100018adb10,->,cbb2eb5b-1962-48ac-9823-8e425d916d3c,b672419d-292f-4e59-a970-67249dfdf58b,71111a12-d388-4a0a-aded-64dd16f556f6
cbb2eb5b-1962-48ac-9823-8e425d916d3c,829bf402-59e9-4067-865b-bf0bfe3b96a5,b165c79f-2965-4aec-8478-f100018adb10,->,cbb2eb5b-1962-48ac-9823-8e425d916d3c,c6daa512-8880-4e28-b381-d962ebd7bb15,b0f0fcfd-466f-41ce-a103-2c0f38351258
cbb2eb5b-1962-48ac-9823-8e425d916d3c,829bf402-59e9-4067-865b-bf0bfe3b96a5,b165c79f-2965-4aec-8478-f100018adb10,->,cbb2eb5b-1962-48ac-9823-8e425d916d3c,b672419d-292f-4e59-a970-67249dfdf58b,1a15f823-98f7-4bc7-b8d0-8fb7a9c12a7a
cbb2eb5b-1962-48ac-9823-8e425d916d3c,829bf402-59e9-4067-865b-bf0bfe3b96a5,b165c79f-2965-4aec-8478-f100018adb10,->,cbb2eb5b-1962-48ac-9823-8e425d916d3c,3b79f692-309a-4965-8e8b-48440ac3289a,"a2ce3f46-bb48-4abf-8cf9-1550458903f2,fd38a742-fc69-493a-a95f-2527b82248a6"
cbb2eb5b-1962-48ac-9823-8e425d916d3c,829bf402-59e9-4067-865b-bf0bfe3b96a5,b165c79f-2965-4aec-8478-f100018adb10,->,cbb2eb5b-1962-48ac-9823-8e425d916d3c,c6daa512-8880-4e28-b381-d962ebd7bb15,b0f0fcfd-466f-41ce-a103-2c0f38351258
cbb2eb5b-1962-48ac-9823-8e425d916d3c,829bf402-59e9-4067-865b-bf0bfe3b96a5,b165c79f-2965-4aec-8478-f100018adb10,->,cbb2eb5b-1962-48ac-9823-8e425d916d3c,b672419d-292f-4e59-a970-67249dfdf58b,061fcbe7-4845-4bc8-992d-108fc466e118
cbb2eb5b-1962-48ac-9823-8e425d916d3c,829bf402-59e9-4067-865b-bf0bfe3b96a5,b165c79f-2965-4aec-8478-f100018adb10,->,cbb2eb5b-1962-48ac-9823-8e425d916d3c,c6daa512-8880-4e28-b381-d962ebd7bb15,b0f0fcfd-466f-41ce-a103-2c0f38351258
cbb2eb5b-1962-48ac-9823-8e425d916d3c,829bf402-59e9-4067-865b-bf0bfe3b96a5,b165c79f-2965-4aec-8478-f100018adb10,->,cbb2eb5b-1962-48ac-9823-8e425d916d3c,b672419d-292f-4e59-a970-67249dfdf58b,af173dde-7d85-4b19-b72f-31bae6ecedb9
cbb2eb5b-1962-48ac-9823-8e425d916d3c,829bf402-59e9-4067-865b-bf0bfe3b96a5,b165c79f-2965-4aec-8478-f100018adb10,->,cbb2eb5b-1962-48ac-9823-8e425d916d3c,3b79f692-309a-4965-8e8b-48440ac3289a,"a2ce3f46-bb48-4abf-8cf9-1550458903f2,fd38a742-fc69-493a-a95f-2527b82248a6"
cbb2eb5b-1962-48ac-9823-8e425d916d3c,829bf402-59e9-4067-865b-bf0bfe3b96a5,b165c79f-2965-4aec-8478-f100018adb10,->,cbb2eb5b-1962-48ac-9823-8e425d916d3c,c6daa512-8880-4e28-b381-d962ebd7bb15,b0f0fcfd-466f-41ce-a103-2c0f38351258
cbb2eb5b-1962-48ac-9823-8e425d916d3c,829bf402-59e9-4067-865b-bf0bfe3b96a5,b165c79f-2965-4aec-8478-f100018adb10,->,cbb2eb5b-1962-48ac-9823-8e425d916d3c,b672419d-292f-4e59-a970-67249dfdf58b,59fa34cb-15ac-4159-8e48-8c5aa8be3f7b
cbb2eb5b-1962-48ac-9823-8e425d916d3c,829bf402-59e9-4067-865b-bf0bfe3b96a5,b165c79f-2965-4aec-8478-f100018adb10,->,cbb2eb5b-1962-48ac-9823-8e425d916d3c,c6daa512-8880-4e28-b381-d962ebd7bb15,b0f0fcfd-466f-41ce-a103-2c0f38351258
cbb2eb5b-1962-48ac-9823-8e425d916d3c,829bf402-59e9-4067-865b-bf0bfe3b96a5,b165c79f-2965-4aec-8478-f100018adb10,->,cbb2eb5b-1962-48ac-9823-8e425d916d3c,b672419d-292f-4e59-a970-67249dfdf58b,723f29ef-fbd4-426c-a3f2-51f858276416
cbb2eb5b-1962-48ac-9823-8e425d916d3c,829bf402-59e9-4067-865b-bf0bfe3b96a5,b165c79f-2965-4aec-8478-f100018adb10,->,cbb2eb5b-1962-48ac-9823-8e425d916d3c,3b79f692-309a-4965-8e8b-48440ac3289a,"a2ce3f46-bb48-4abf-8cf9-1550458903f2,fd38a742-fc69-493a-a95f-2527b82248a6"
cbb2eb5b-1962-48ac-9823-8e425d916d3c,829bf402-59e9-4067-865b-bf0bfe3b96a5,b165c79f-2965-4aec-8478-f100018adb10,->,cbb2eb5b-1962-48ac-9823-8e425d916d3c,c6daa512-8880-4e28-b381-d962ebd7bb15,b0f0fcfd-466f-41ce-a103-2c0f38351258
cbb2eb5b-1962-48ac-9823-8e425d916d3c,829bf402-59e9-4067-865b-bf0bfe3b96a5,b165c79f-2965-4aec-8478-f100018adb10,->,cbb2eb5b-1962-48ac-9823-8e425d916d3c,b672419d-292f-4e59-a970-67249dfdf58b,f28f5f7e-1c27-429b-b5d3-2f75a3530c6c
cbb2eb5b-1962-48ac-9823-8e425d916d3c,829bf402-59e9-4067-865b-bf0bfe3b96a5,b165c79f-2965-4aec-8478-f100018adb10,->,cbb2eb5b-1962-48ac-9823-8e425d916d3c,c6daa512-8880-4e28-b381-d962ebd7bb15,b0f0fcfd-466f-41ce-a103-2c0f38351258
cbb2eb5b-1962-48ac-9823-8e425d916d3c,829bf402-59e9-4067-865b-bf0bfe3b96a5,b165c79f-2965-4aec-8478-f100018adb10,->,cbb2eb5b-1962-48ac-9823-8e425d916d3c,b672419d-292f-4e59-a970-67249dfdf58b,61c7a5c0-4718-4bbd-8552-b92c98505228
cbb2eb5b-1962-48ac-9823-8e425d916d3c,829bf402-59e9-4067-865b-bf0bfe3b96a5,b165c79f-2965-4aec-8478-f100018adb10,->,cbb2eb5b-1962-48ac-9823-8e425d916d3c,3b79f692-309a-4965-8e8b-48440ac3289a,"a2ce3f46-bb48-4abf-8cf9-1550458903f2,fd38a742-fc69-493a-a95f-2527b82248a6"
cbb2eb5b-1962-48ac-9823-8e425d916d3c,829bf402-59e9-4067-865b-bf0bfe3b96a5,b165c79f-2965-4aec-8478-f100018adb10,->,cbb2eb5b-1962-48ac-9823-8e425d916d3c,3b79f692-309a-4965-8e8b-48440ac3289a,4d138f36-a702-4d82-9816-3a2d0c6c84bc
cbb2eb5b-1962-48ac-9823-8e425d916d3c,829bf402-59e9-4067-865b-bf0bfe3b96a5,b165c79f-2965-4aec-8478-f100018adb10,->,cbb2eb5b-1962-48ac-9823-8e425d916d3c,c6daa512-8880-4e28-b381-d962ebd7bb15,c27176ba-5662-4f97-8986-05b90063759e
cbb2eb5b-1962-48ac-9823-8e425d916d3c,829bf402-59e9-4067-865b-bf0bfe3b96a5,5160340e-4594-4f5e-ad76-18c353ab9fc4,->,cbb2eb5b-1962-48ac-9823-8e425d916d3c,rpg/game/armor/Armor.java,getTier
cbb2eb5b-1962-48ac-9823-8e425d916d3c,829bf402-59e9-4067-865b-bf0bfe3b96a5,5160340e-4594-4f5e-ad76-18c353ab9fc4,->,cbb2eb5b-1962-48ac-9823-8e425d916d3c,rpg/game/items/Item$Tier.java,ordinal
cbb2eb5b-1962-48ac-9823-8e425d916d3c,829bf402-59e9-4067-865b-bf0bfe3b96a5,5160340e-4594-4f5e-ad76-18c353ab9fc4,->,cbb2eb5b-1962-48ac-9823-8e425d916d3c,rpg/game/armor/Armor.java,getTier
cbb2eb5b-1962-48ac-9823-8e425d916d3c,829bf402-59e9-4067-865b-bf0bfe3b96a5,5160340e-4594-4f5e-ad76-18c353ab9fc4,->,cbb2eb5b-1962-48ac-9823-8e425d916d3c,rpg/game/items/Item$Tier.java,ordinal
cbb2eb5b-1962-48ac-9823-8e425d916d3c,829bf402-59e9-4067-865b-bf0bfe3b96a5,5160340e-4594-4f5e-ad76-18c353ab9fc4,->,cbb2eb5b-1962-48ac-9823-8e425d916d3c,java/lang/Math.java,pow
cbb2eb5b-1962-48ac-9823-8e425d916d3c,829bf402-59e9-4067-865b-bf0bfe3b96a5,5160340e-4594-4f5e-ad76-18c353ab9fc4,->,cbb2eb5b-1962-48ac-9823-8e425d916d3c,java/lang/Math.java,pow
cbb2eb5b-1962-48ac-9823-8e425d916d3c,829bf402-59e9-4067-865b-bf0bfe3b96a5,5160340e-4594-4f5e-ad76-18c353ab9fc4,->,cbb2eb5b-1962-48ac-9823-8e425d916d3c,java/lang/Math.java,random
cbb2eb5b-1962-48ac-9823-8e425d916d3c,06dac729-eebd-4878-b2b4-d23744d04d73,b2a99227-8989-49a1-957b-c0f1fd77e5fd,->,cbb2eb5b-1962-48ac-9823-8e425d916d3c,java/lang/Math.java,pow
cbb2eb5b-1962-48ac-9823-8e425d916d3c,8a0f5404-d388-47dd-a794-513c804a1ada,04aeec51-b90d-41cd-9362-d9c6a4bb40ae,->,cbb2eb5b-1962-48ac-9823-8e425d916d3c,829bf402-59e9-4067-865b-bf0bfe3b96a5,584f9bfa-dbdd-4e6e-af75-7c0fc7ecb046
cbb2eb5b-1962-48ac-9823-8e425d916d3c,8a0f5404-d388-47dd-a794-513c804a1ada,04aeec51-b90d-41cd-9362-d9c6a4bb40ae,->,cbb2eb5b-1962-48ac-9823-8e425d916d3c,46879f7e-c569-4a06-9722-b02b4f74f7ad,b8f261fd-8657-4729-ad73-650f9e924450
cbb2eb5b-1962-48ac-9823-8e425d916d3c,8a0f5404-d388-47dd-a794-513c804a1ada,04aeec51-b90d-41cd-9362-d9c6a4bb40ae,->,cbb2eb5b-1962-48ac-9823-8e425d916d3c,rpg/game/armor/Armor.java,getName
cbb2eb5b-1962-48ac-9823-8e425d916d3c,8a0f5404-d388-47dd-a794-513c804a1ada,04aeec51-b90d-41cd-9362-d9c6a4bb40ae,->,cbb2eb5b-1962-48ac-9823-8e425d916d3c,java/lang/String.java,length
cbb2eb5b-1962-48ac-9823-8e425d916d3c,8a0f5404-d388-47dd-a794-513c804a1ada,04aeec51-b90d-41cd-9362-d9c6a4bb40ae,->,cbb2eb5b-1962-48ac-9823-8e425d916d3c,c6daa512-8880-4e28-b381-d962ebd7bb15,e24ae3e0-51d6-4a9e-9381-4237fba83b02
cbb2eb5b-1962-48ac-9823-8e425d916d3c,8a0f5404-d388-47dd-a794-513c804a1ada,04aeec51-b90d-41cd-9362-d9c6a4bb40ae,->,cbb2eb5b-1962-48ac-9823-8e425d916d3c,org/lwjgl/input/Mouse.java,getX
cbb2eb5b-1962-48ac-9823-8e425d916d3c,8a0f5404-d388-47dd-a794-513c804a1ada,04aeec51-b90d-41cd-9362-d9c6a4bb40ae,->,cbb2eb5b-1962-48ac-9823-8e425d916d3c,c6daa512-8880-4e28-b381-d962ebd7bb15,f530208a-2844-482c-b146-d92fc14be719
cbb2eb5b-1962-48ac-9823-8e425d916d3c,8a0f5404-d388-47dd-a794-513c804a1ada,04aeec51-b90d-41cd-9362-d9c6a4bb40ae,->,cbb2eb5b-1962-48ac-9823-8e425d916d3c,org/lwjgl/input/Mouse.java,getY
cbb2eb5b-1962-48ac-9823-8e425d916d3c,8a0f5404-d388-47dd-a794-513c804a1ada,04aeec51-b90d-41cd-9362-d9c6a4bb40ae,->,cbb2eb5b-1962-48ac-9823-8e425d916d3c,org/lwjgl/opengl/GL11.java,glDisable
cbb2eb5b-1962-48ac-9823-8e425d916d3c,8a0f5404-d388-47dd-a794-513c804a1ada,04aeec51-b90d-41cd-9362-d9c6a4bb40ae,->,cbb2eb5b-1962-48ac-9823-8e425d916d3c,org/lwjgl/opengl/GL11.java,glColor3f
cbb2eb5b-1962-48ac-9823-8e425d916d3c,8a0f5404-d388-47dd-a794-513c804a1ada,04aeec51-b90d-41cd-9362-d9c6a4bb40ae,->,cbb2eb5b-1962-48ac-9823-8e425d916d3c,org/lwjgl/opengl/GL11.java,glBegin
cbb2eb5b-1962-48ac-9823-8e425d916d3c,8a0f5404-d388-47dd-a794-513c804a1ada,04aeec51-b90d-41cd-9362-d9c6a4bb40ae,->,cbb2eb5b-1962-48ac-9823-8e425d916d3c,org/lwjgl/opengl/GL11.java,glVertex2f
cbb2eb5b-1962-48ac-9823-8e425d916d3c,8a0f5404-d388-47dd-a794-513c804a1ada,04aeec51-b90d-41cd-9362-d9c6a4bb40ae,->,cbb2eb5b-1962-48ac-9823-8e425d916d3c,org/lwjgl/opengl/GL11.java,glVertex2f
cbb2eb5b-1962-48ac-9823-8e425d916d3c,8a0f5404-d388-47dd-a794-513c804a1ada,04aeec51-b90d-41cd-9362-d9c6a4bb40ae,->,cbb2eb5b-1962-48ac-9823-8e425d916d3c,org/lwjgl/opengl/GL11.java,glVertex2f
cbb2eb5b-1962-48ac-9823-8e425d916d3c,8a0f5404-d388-47dd-a794-513c804a1ada,04aeec51-b90d-41cd-9362-d9c6a4bb40ae,->,cbb2eb5b-1962-48ac-9823-8e425d916d3c,org/lwjgl/opengl/GL11.java,glVertex2f
cbb2eb5b-1962-48ac-9823-8e425d916d3c,8a0f5404-d388-47dd-a794-513c804a1ada,04aeec51-b90d-41cd-9362-d9c6a4bb40ae,->,cbb2eb5b-1962-48ac-9823-8e425d916d3c,org/lwjgl/opengl/GL11.java,glEnd
cbb2eb5b-1962-48ac-9823-8e425d916d3c,8a0f5404-d388-47dd-a794-513c804a1ada,04aeec51-b90d-41cd-9362-d9c6a4bb40ae,->,cbb2eb5b-1962-48ac-9823-8e425d916d3c,org/lwjgl/opengl/GL11.java,glColor3f
cbb2eb5b-1962-48ac-9823-8e425d916d3c,8a0f5404-d388-47dd-a794-513c804a1ada,04aeec51-b90d-41cd-9362-d9c6a4bb40ae,->,cbb2eb5b-1962-48ac-9823-8e425d916d3c,org/lwjgl/opengl/GL11.java,glBegin
cbb2eb5b-1962-48ac-9823-8e425d916d3c,8a0f5404-d388-47dd-a794-513c804a1ada,04aeec51-b90d-41cd-9362-d9c6a4bb40ae,->,cbb2eb5b-1962-48ac-9823-8e425d916d3c,org/lwjgl/opengl/GL11.java,glVertex2f
cbb2eb5b-1962-48ac-9823-8e425d916d3c,8a0f5404-d388-47dd-a794-513c804a1ada,04aeec51-b90d-41cd-9362-d9c6a4bb40ae,->,cbb2eb5b-1962-48ac-9823-8e425d916d3c,org/lwjgl/opengl/GL11.java,glVertex2f
cbb2eb5b-1962-48ac-9823-8e425d916d3c,8a0f5404-d388-47dd-a794-513c804a1ada,04aeec51-b90d-41cd-9362-d9c6a4bb40ae,->,cbb2eb5b-1962-48ac-9823-8e425d916d3c,org/lwjgl/opengl/GL11.java,glVertex2f
cbb2eb5b-1962-48ac-9823-8e425d916d3c,8a0f5404-d388-47dd-a794-513c804a1ada,04aeec51-b90d-41cd-9362-d9c6a4bb40ae,->,cbb2eb5b-1962-48ac-9823-8e425d916d3c,org/lwjgl/opengl/GL11.java,glVertex2f
cbb2eb5b-1962-48ac-9823-8e425d916d3c,8a0f5404-d388-47dd-a794-513c804a1ada,04aeec51-b90d-41cd-9362-d9c6a4bb40ae,->,cbb2eb5b-1962-48ac-9823-8e425d916d3c,org/lwjgl/opengl/GL11.java,glEnd
cbb2eb5b-1962-48ac-9823-8e425d916d3c,8a0f5404-d388-47dd-a794-513c804a1ada,04aeec51-b90d-41cd-9362-d9c6a4bb40ae,->,cbb2eb5b-1962-48ac-9823-8e425d916d3c,org/lwjgl/opengl/GL11.java,glEnable
cbb2eb5b-1962-48ac-9823-8e425d916d3c,8a0f5404-d388-47dd-a794-513c804a1ada,04aeec51-b90d-41cd-9362-d9c6a4bb40ae,->,cbb2eb5b-1962-48ac-9823-8e425d916d3c,rpg/game/armor/Armor.java,getTier
cbb2eb5b-1962-48ac-9823-8e425d916d3c,8a0f5404-d388-47dd-a794-513c804a1ada,04aeec51-b90d-41cd-9362-d9c6a4bb40ae,->,cbb2eb5b-1962-48ac-9823-8e425d916d3c,rpg/game/items/Item$Tier.java,ordinal
cbb2eb5b-1962-48ac-9823-8e425d916d3c,8a0f5404-d388-47dd-a794-513c804a1ada,04aeec51-b90d-41cd-9362-d9c6a4bb40ae,->,cbb2eb5b-1962-48ac-9823-8e425d916d3c,rpg/game/armor/Armor.java,getName
cbb2eb5b-1962-48ac-9823-8e425d916d3c,8a0f5404-d388-47dd-a794-513c804a1ada,04aeec51-b90d-41cd-9362-d9c6a4bb40ae,->,cbb2eb5b-1962-48ac-9823-8e425d916d3c,d177ce1a-e305-4bd8-af86-8e633ce71dad,eb4c2561-c087-4770-9c56-fa3a2871fc2d
cbb2eb5b-1962-48ac-9823-8e425d916d3c,8a0f5404-d388-47dd-a794-513c804a1ada,04aeec51-b90d-41cd-9362-d9c6a4bb40ae,->,cbb2eb5b-1962-48ac-9823-8e425d916d3c,rpg/game/armor/Armor.java,getName
cbb2eb5b-1962-48ac-9823-8e425d916d3c,8a0f5404-d388-47dd-a794-513c804a1ada,04aeec51-b90d-41cd-9362-d9c6a4bb40ae,->,cbb2eb5b-1962-48ac-9823-8e425d916d3c,d177ce1a-e305-4bd8-af86-8e633ce71dad,cfc6ac83-cb3f-4643-992f-51db4728a5f7
cbb2eb5b-1962-48ac-9823-8e425d916d3c,8a0f5404-d388-47dd-a794-513c804a1ada,04aeec51-b90d-41cd-9362-d9c6a4bb40ae,->,cbb2eb5b-1962-48ac-9823-8e425d916d3c,rpg/game/armor/Armor.java,getName
cbb2eb5b-1962-48ac-9823-8e425d916d3c,8a0f5404-d388-47dd-a794-513c804a1ada,04aeec51-b90d-41cd-9362-d9c6a4bb40ae,->,cbb2eb5b-1962-48ac-9823-8e425d916d3c,d177ce1a-e305-4bd8-af86-8e633ce71dad,cfc6ac83-cb3f-4643-992f-51db4728a5f7
cbb2eb5b-1962-48ac-9823-8e425d916d3c,8a0f5404-d388-47dd-a794-513c804a1ada,04aeec51-b90d-41cd-9362-d9c6a4bb40ae,->,cbb2eb5b-1962-48ac-9823-8e425d916d3c,rpg/game/armor/Armor.java,getName
cbb2eb5b-1962-48ac-9823-8e425d916d3c,8a0f5404-d388-47dd-a794-513c804a1ada,04aeec51-b90d-41cd-9362-d9c6a4bb40ae,->,cbb2eb5b-1962-48ac-9823-8e425d916d3c,d177ce1a-e305-4bd8-af86-8e633ce71dad,cfc6ac83-cb3f-4643-992f-51db4728a5f7
cbb2eb5b-1962-48ac-9823-8e425d916d3c,8a0f5404-d388-47dd-a794-513c804a1ada,04aeec51-b90d-41cd-9362-d9c6a4bb40ae,->,cbb2eb5b-1962-48ac-9823-8e425d916d3c,rpg/game/armor/Armor.java,getName
cbb2eb5b-1962-48ac-9823-8e425d916d3c,8a0f5404-d388-47dd-a794-513c804a1ada,04aeec51-b90d-41cd-9362-d9c6a4bb40ae,->,cbb2eb5b-1962-48ac-9823-8e425d916d3c,d177ce1a-e305-4bd8-af86-8e633ce71dad,cfc6ac83-cb3f-4643-992f-51db4728a5f7
cbb2eb5b-1962-48ac-9823-8e425d916d3c,8a0f5404-d388-47dd-a794-513c804a1ada,04aeec51-b90d-41cd-9362-d9c6a4bb40ae,->,cbb2eb5b-1962-48ac-9823-8e425d916d3c,rpg/game/armor/Armor.java,getRequiredLvl
cbb2eb5b-1962-48ac-9823-8e425d916d3c,8a0f5404-d388-47dd-a794-513c804a1ada,04aeec51-b90d-41cd-9362-d9c6a4bb40ae,->,cbb2eb5b-1962-48ac-9823-8e425d916d3c,c6daa512-8880-4e28-b381-d962ebd7bb15,42f393ed-f0da-4c18-997b-ae3d89e2d756
cbb2eb5b-1962-48ac-9823-8e425d916d3c,8a0f5404-d388-47dd-a794-513c804a1ada,04aeec51-b90d-41cd-9362-d9c6a4bb40ae,->,cbb2eb5b-1962-48ac-9823-8e425d916d3c,java/lang/StringBuilder.java,append
cbb2eb5b-1962-48ac-9823-8e425d916d3c,8a0f5404-d388-47dd-a794-513c804a1ada,04aeec51-b90d-41cd-9362-d9c6a4bb40ae,->,cbb2eb5b-1962-48ac-9823-8e425d916d3c,rpg/game/armor/Armor.java,getRequiredLvl
cbb2eb5b-1962-48ac-9823-8e425d916d3c,8a0f5404-d388-47dd-a794-513c804a1ada,04aeec51-b90d-41cd-9362-d9c6a4bb40ae,->,cbb2eb5b-1962-48ac-9823-8e425d916d3c,java/lang/StringBuilder.java,append
cbb2eb5b-1962-48ac-9823-8e425d916d3c,8a0f5404-d388-47dd-a794-513c804a1ada,04aeec51-b90d-41cd-9362-d9c6a4bb40ae,->,cbb2eb5b-1962-48ac-9823-8e425d916d3c,java/lang/StringBuilder.java,toString
cbb2eb5b-1962-48ac-9823-8e425d916d3c,8a0f5404-d388-47dd-a794-513c804a1ada,04aeec51-b90d-41cd-9362-d9c6a4bb40ae,->,cbb2eb5b-1962-48ac-9823-8e425d916d3c,d177ce1a-e305-4bd8-af86-8e633ce71dad,cfc6ac83-cb3f-4643-992f-51db4728a5f7
cbb2eb5b-1962-48ac-9823-8e425d916d3c,8a0f5404-d388-47dd-a794-513c804a1ada,04aeec51-b90d-41cd-9362-d9c6a4bb40ae,->,cbb2eb5b-1962-48ac-9823-8e425d916d3c,java/lang/StringBuilder.java,append
cbb2eb5b-1962-48ac-9823-8e425d916d3c,8a0f5404-d388-47dd-a794-513c804a1ada,04aeec51-b90d-41cd-9362-d9c6a4bb40ae,->,cbb2eb5b-1962-48ac-9823-8e425d916d3c,rpg/game/armor/Armor.java,getRequiredLvl
cbb2eb5b-1962-48ac-9823-8e425d916d3c,8a0f5404-d388-47dd-a794-513c804a1ada,04aeec51-b90d-41cd-9362-d9c6a4bb40ae,->,cbb2eb5b-1962-48ac-9823-8e425d916d3c,java/lang/StringBuilder.java,append
cbb2eb5b-1962-48ac-9823-8e425d916d3c,8a0f5404-d388-47dd-a794-513c804a1ada,04aeec51-b90d-41cd-9362-d9c6a4bb40ae,->,cbb2eb5b-1962-48ac-9823-8e425d916d3c,java/lang/StringBuilder.java,toString
cbb2eb5b-1962-48ac-9823-8e425d916d3c,8a0f5404-d388-47dd-a794-513c804a1ada,04aeec51-b90d-41cd-9362-d9c6a4bb40ae,->,cbb2eb5b-1962-48ac-9823-8e425d916d3c,d177ce1a-e305-4bd8-af86-8e633ce71dad,eb4c2561-c087-4770-9c56-fa3a2871fc2d
cbb2eb5b-1962-48ac-9823-8e425d916d3c,8a0f5404-d388-47dd-a794-513c804a1ada,04aeec51-b90d-41cd-9362-d9c6a4bb40ae,->,cbb2eb5b-1962-48ac-9823-8e425d916d3c,829bf402-59e9-4067-865b-bf0bfe3b96a5,584f9bfa-dbdd-4e6e-af75-7c0fc7ecb046
cbb2eb5b-1962-48ac-9823-8e425d916d3c,8a0f5404-d388-47dd-a794-513c804a1ada,04aeec51-b90d-41cd-9362-d9c6a4bb40ae,->,cbb2eb5b-1962-48ac-9823-8e425d916d3c,46879f7e-c569-4a06-9722-b02b4f74f7ad,b8f261fd-8657-4729-ad73-650f9e924450
cbb2eb5b-1962-48ac-9823-8e425d916d3c,8a0f5404-d388-47dd-a794-513c804a1ada,04aeec51-b90d-41cd-9362-d9c6a4bb40ae,->,cbb2eb5b-1962-48ac-9823-8e425d916d3c,829bf402-59e9-4067-865b-bf0bfe3b96a5,584f9bfa-dbdd-4e6e-af75-7c0fc7ecb046
cbb2eb5b-1962-48ac-9823-8e425d916d3c,8a0f5404-d388-47dd-a794-513c804a1ada,04aeec51-b90d-41cd-9362-d9c6a4bb40ae,->,cbb2eb5b-1962-48ac-9823-8e425d916d3c,46879f7e-c569-4a06-9722-b02b4f74f7ad,d0190c9d-5245-42d7-9887-43c11f433032
cbb2eb5b-1962-48ac-9823-8e425d916d3c,8a0f5404-d388-47dd-a794-513c804a1ada,04aeec51-b90d-41cd-9362-d9c6a4bb40ae,->,cbb2eb5b-1962-48ac-9823-8e425d916d3c,d177ce1a-e305-4bd8-af86-8e633ce71dad,eb4c2561-c087-4770-9c56-fa3a2871fc2d
cbb2eb5b-1962-48ac-9823-8e425d916d3c,8a0f5404-d388-47dd-a794-513c804a1ada,04aeec51-b90d-41cd-9362-d9c6a4bb40ae,->,cbb2eb5b-1962-48ac-9823-8e425d916d3c,java/lang/Integer.java,toString
cbb2eb5b-1962-48ac-9823-8e425d916d3c,8a0f5404-d388-47dd-a794-513c804a1ada,04aeec51-b90d-41cd-9362-d9c6a4bb40ae,->,cbb2eb5b-1962-48ac-9823-8e425d916d3c,d177ce1a-e305-4bd8-af86-8e633ce71dad,eb4c2561-c087-4770-9c56-fa3a2871fc2d
cbb2eb5b-1962-48ac-9823-8e425d916d3c,cacbedff-e7bd-46c6-a51b-f68c8784ed34,a72af8ec-41a9-4f95-8183-e685c1fd6773,->,cbb2eb5b-1962-48ac-9823-8e425d916d3c,c6daa512-8880-4e28-b381-d962ebd7bb15,e24ae3e0-51d6-4a9e-9381-4237fba83b02
cbb2eb5b-1962-48ac-9823-8e425d916d3c,cacbedff-e7bd-46c6-a51b-f68c8784ed34,a72af8ec-41a9-4f95-8183-e685c1fd6773,->,cbb2eb5b-1962-48ac-9823-8e425d916d3c,c6daa512-8880-4e28-b381-d962ebd7bb15,f530208a-2844-482c-b146-d92fc14be719
cbb2eb5b-1962-48ac-9823-8e425d916d3c,cacbedff-e7bd-46c6-a51b-f68c8784ed34,a72af8ec-41a9-4f95-8183-e685c1fd6773,->,cbb2eb5b-1962-48ac-9823-8e425d916d3c,org/lwjgl/opengl/GL11.java,glDisable
cbb2eb5b-1962-48ac-9823-8e425d916d3c,cacbedff-e7bd-46c6-a51b-f68c8784ed34,a72af8ec-41a9-4f95-8183-e685c1fd6773,->,cbb2eb5b-1962-48ac-9823-8e425d916d3c,org/lwjgl/opengl/GL11.java,glColor3f
cbb2eb5b-1962-48ac-9823-8e425d916d3c,cacbedff-e7bd-46c6-a51b-f68c8784ed34,a72af8ec-41a9-4f95-8183-e685c1fd6773,->,cbb2eb5b-1962-48ac-9823-8e425d916d3c,org/lwjgl/opengl/GL11.java,glBegin
cbb2eb5b-1962-48ac-9823-8e425d916d3c,cacbedff-e7bd-46c6-a51b-f68c8784ed34,a72af8ec-41a9-4f95-8183-e685c1fd6773,->,cbb2eb5b-1962-48ac-9823-8e425d916d3c,org/lwjgl/opengl/GL11.java,glVertex2f
cbb2eb5b-1962-48ac-9823-8e425d916d3c,cacbedff-e7bd-46c6-a51b-f68c8784ed34,a72af8ec-41a9-4f95-8183-e685c1fd6773,->,cbb2eb5b-1962-48ac-9823-8e425d916d3c,org/lwjgl/opengl/GL11.java,glVertex2f
cbb2eb5b-1962-48ac-9823-8e425d916d3c,cacbedff-e7bd-46c6-a51b-f68c8784ed34,a72af8ec-41a9-4f95-8183-e685c1fd6773,->,cbb2eb5b-1962-48ac-9823-8e425d916d3c,org/lwjgl/opengl/GL11.java,glVertex2f
cbb2eb5b-1962-48ac-9823-8e425d916d3c,cacbedff-e7bd-46c6-a51b-f68c8784ed34,a72af8ec-41a9-4f95-8183-e685c1fd6773,->,cbb2eb5b-1962-48ac-9823-8e425d916d3c,org/lwjgl/opengl/GL11.java,glVertex2f
cbb2eb5b-1962-48ac-9823-8e425d916d3c,cacbedff-e7bd-46c6-a51b-f68c8784ed34,a72af8ec-41a9-4f95-8183-e685c1fd6773,->,cbb2eb5b-1962-48ac-9823-8e425d916d3c,org/lwjgl/opengl/GL11.java,glEnd
cbb2eb5b-1962-48ac-9823-8e425d916d3c,cacbedff-e7bd-46c6-a51b-f68c8784ed34,a72af8ec-41a9-4f95-8183-e685c1fd6773,->,cbb2eb5b-1962-48ac-9823-8e425d916d3c,org/lwjgl/opengl/GL11.java,glColor3f
cbb2eb5b-1962-48ac-9823-8e425d916d3c,cacbedff-e7bd-46c6-a51b-f68c8784ed34,a72af8ec-41a9-4f95-8183-e685c1fd6773,->,cbb2eb5b-1962-48ac-9823-8e425d916d3c,org/lwjgl/opengl/GL11.java,glBegin
cbb2eb5b-1962-48ac-9823-8e425d916d3c,cacbedff-e7bd-46c6-a51b-f68c8784ed34,a72af8ec-41a9-4f95-8183-e685c1fd6773,->,cbb2eb5b-1962-48ac-9823-8e425d916d3c,org/lwjgl/opengl/GL11.java,glVertex2f
cbb2eb5b-1962-48ac-9823-8e425d916d3c,cacbedff-e7bd-46c6-a51b-f68c8784ed34,a72af8ec-41a9-4f95-8183-e685c1fd6773,->,cbb2eb5b-1962-48ac-9823-8e425d916d3c,org/lwjgl/opengl/GL11.java,glVertex2f
cbb2eb5b-1962-48ac-9823-8e425d916d3c,cacbedff-e7bd-46c6-a51b-f68c8784ed34,a72af8ec-41a9-4f95-8183-e685c1fd6773,->,cbb2eb5b-1962-48ac-9823-8e425d916d3c,org/lwjgl/opengl/GL11.java,glVertex2f
cbb2eb5b-1962-48ac-9823-8e425d916d3c,cacbedff-e7bd-46c6-a51b-f68c8784ed34,a72af8ec-41a9-4f95-8183-e685c1fd6773,->,cbb2eb5b-1962-48ac-9823-8e425d916d3c,org/lwjgl/opengl/GL11.java,glVertex2f
cbb2eb5b-1962-48ac-9823-8e425d916d3c,cacbedff-e7bd-46c6-a51b-f68c8784ed34,a72af8ec-41a9-4f95-8183-e685c1fd6773,->,cbb2eb5b-1962-48ac-9823-8e425d916d3c,org/lwjgl/opengl/GL11.java,glEnd
cbb2eb5b-1962-48ac-9823-8e425d916d3c,cacbedff-e7bd-46c6-a51b-f68c8784ed34,a72af8ec-41a9-4f95-8183-e685c1fd6773,->,cbb2eb5b-1962-48ac-9823-8e425d916d3c,org/lwjgl/opengl/GL11.java,glEnable
cbb2eb5b-1962-48ac-9823-8e425d916d3c,cacbedff-e7bd-46c6-a51b-f68c8784ed34,a72af8ec-41a9-4f95-8183-e685c1fd6773,->,cbb2eb5b-1962-48ac-9823-8e425d916d3c,cacbedff-e7bd-46c6-a51b-f68c8784ed34,326f116c-5dd0-4cbe-af1c-08acc5eb0e5b
cbb2eb5b-1962-48ac-9823-8e425d916d3c,cacbedff-e7bd-46c6-a51b-f68c8784ed34,a72af8ec-41a9-4f95-8183-e685c1fd6773,->,cbb2eb5b-1962-48ac-9823-8e425d916d3c,cacbedff-e7bd-46c6-a51b-f68c8784ed34,ef6089dc-5d70-4603-bbc6-79398800e274
cbb2eb5b-1962-48ac-9823-8e425d916d3c,cacbedff-e7bd-46c6-a51b-f68c8784ed34,326f116c-5dd0-4cbe-af1c-08acc5eb0e5b,->,cbb2eb5b-1962-48ac-9823-8e425d916d3c,org/lwjgl/opengl/GL11.java,glDisable
cbb2eb5b-1962-48ac-9823-8e425d916d3c,cacbedff-e7bd-46c6-a51b-f68c8784ed34,326f116c-5dd0-4cbe-af1c-08acc5eb0e5b,->,cbb2eb5b-1962-48ac-9823-8e425d916d3c,org/lwjgl/opengl/GL11.java,glColor3f
cbb2eb5b-1962-48ac-9823-8e425d916d3c,cacbedff-e7bd-46c6-a51b-f68c8784ed34,326f116c-5dd0-4cbe-af1c-08acc5eb0e5b,->,cbb2eb5b-1962-48ac-9823-8e425d916d3c,org/lwjgl/opengl/GL11.java,glBegin
cbb2eb5b-1962-48ac-9823-8e425d916d3c,cacbedff-e7bd-46c6-a51b-f68c8784ed34,326f116c-5dd0-4cbe-af1c-08acc5eb0e5b,->,cbb2eb5b-1962-48ac-9823-8e425d916d3c,org/lwjgl/opengl/GL11.java,glVertex2f
cbb2eb5b-1962-48ac-9823-8e425d916d3c,cacbedff-e7bd-46c6-a51b-f68c8784ed34,326f116c-5dd0-4cbe-af1c-08acc5eb0e5b,->,cbb2eb5b-1962-48ac-9823-8e425d916d3c,org/lwjgl/opengl/GL11.java,glVertex2f
cbb2eb5b-1962-48ac-9823-8e425d916d3c,cacbedff-e7bd-46c6-a51b-f68c8784ed34,326f116c-5dd0-4cbe-af1c-08acc5eb0e5b,->,cbb2eb5b-1962-48ac-9823-8e425d916d3c,org/lwjgl/opengl/GL11.java,glVertex2f
cbb2eb5b-1962-48ac-9823-8e425d916d3c,cacbedff-e7bd-46c6-a51b-f68c8784ed34,326f116c-5dd0-4cbe-af1c-08acc5eb0e5b,->,cbb2eb5b-1962-48ac-9823-8e425d916d3c,org/lwjgl/opengl/GL11.java,glVertex2f
cbb2eb5b-1962-48ac-9823-8e425d916d3c,cacbedff-e7bd-46c6-a51b-f68c8784ed34,326f116c-5dd0-4cbe-af1c-08acc5eb0e5b,->,cbb2eb5b-1962-48ac-9823-8e425d916d3c,org/lwjgl/opengl/GL11.java,glEnd
cbb2eb5b-1962-48ac-9823-8e425d916d3c,cacbedff-e7bd-46c6-a51b-f68c8784ed34,326f116c-5dd0-4cbe-af1c-08acc5eb0e5b,->,cbb2eb5b-1962-48ac-9823-8e425d916d3c,org/lwjgl/opengl/GL11.java,glEnable
cbb2eb5b-1962-48ac-9823-8e425d916d3c,cacbedff-e7bd-46c6-a51b-f68c8784ed34,326f116c-5dd0-4cbe-af1c-08acc5eb0e5b,->,cbb2eb5b-1962-48ac-9823-8e425d916d3c,java/lang/String.java,length
cbb2eb5b-1962-48ac-9823-8e425d916d3c,cacbedff-e7bd-46c6-a51b-f68c8784ed34,326f116c-5dd0-4cbe-af1c-08acc5eb0e5b,->,cbb2eb5b-1962-48ac-9823-8e425d916d3c,d177ce1a-e305-4bd8-af86-8e633ce71dad,eb4c2561-c087-4770-9c56-fa3a2871fc2d
cbb2eb5b-1962-48ac-9823-8e425d916d3c,cacbedff-e7bd-46c6-a51b-f68c8784ed34,326f116c-5dd0-4cbe-af1c-08acc5eb0e5b,->,cbb2eb5b-1962-48ac-9823-8e425d916d3c,org/lwjgl/opengl/GL11.java,glDisable
cbb2eb5b-1962-48ac-9823-8e425d916d3c,cacbedff-e7bd-46c6-a51b-f68c8784ed34,326f116c-5dd0-4cbe-af1c-08acc5eb0e5b,->,cbb2eb5b-1962-48ac-9823-8e425d916d3c,c6daa512-8880-4e28-b381-d962ebd7bb15,ef2ef1d9-4487-4dd5-84b3-cdf7222172de
cbb2eb5b-1962-48ac-9823-8e425d916d3c,cacbedff-e7bd-46c6-a51b-f68c8784ed34,326f116c-5dd0-4cbe-af1c-08acc5eb0e5b,->,cbb2eb5b-1962-48ac-9823-8e425d916d3c,java/util/ArrayList.java,size
cbb2eb5b-1962-48ac-9823-8e425d916d3c,cacbedff-e7bd-46c6-a51b-f68c8784ed34,326f116c-5dd0-4cbe-af1c-08acc5eb0e5b,->,cbb2eb5b-1962-48ac-9823-8e425d916d3c,c6daa512-8880-4e28-b381-d962ebd7bb15,ef2ef1d9-4487-4dd5-84b3-cdf7222172de
cbb2eb5b-1962-48ac-9823-8e425d916d3c,cacbedff-e7bd-46c6-a51b-f68c8784ed34,326f116c-5dd0-4cbe-af1c-08acc5eb0e5b,->,cbb2eb5b-1962-48ac-9823-8e425d916d3c,java/util/ArrayList.java,get
cbb2eb5b-1962-48ac-9823-8e425d916d3c,cacbedff-e7bd-46c6-a51b-f68c8784ed34,326f116c-5dd0-4cbe-af1c-08acc5eb0e5b,->,cbb2eb5b-1962-48ac-9823-8e425d916d3c,java/lang/Object.java,equals
cbb2eb5b-1962-48ac-9823-8e425d916d3c,cacbedff-e7bd-46c6-a51b-f68c8784ed34,326f116c-5dd0-4cbe-af1c-08acc5eb0e5b,->,cbb2eb5b-1962-48ac-9823-8e425d916d3c,org/lwjgl/opengl/GL11.java,glColor3f
cbb2eb5b-1962-48ac-9823-8e425d916d3c,cacbedff-e7bd-46c6-a51b-f68c8784ed34,326f116c-5dd0-4cbe-af1c-08acc5eb0e5b,->,cbb2eb5b-1962-48ac-9823-8e425d916d3c,org/lwjgl/opengl/GL11.java,glColor3f
cbb2eb5b-1962-48ac-9823-8e425d916d3c,cacbedff-e7bd-46c6-a51b-f68c8784ed34,326f116c-5dd0-4cbe-af1c-08acc5eb0e5b,->,cbb2eb5b-1962-48ac-9823-8e425d916d3c,org/lwjgl/opengl/GL11.java,glBegin
cbb2eb5b-1962-48ac-9823-8e425d916d3c,cacbedff-e7bd-46c6-a51b-f68c8784ed34,326f116c-5dd0-4cbe-af1c-08acc5eb0e5b,->,cbb2eb5b-1962-48ac-9823-8e425d916d3c,org/lwjgl/opengl/GL11.java,glVertex2f
cbb2eb5b-1962-48ac-9823-8e425d916d3c,cacbedff-e7bd-46c6-a51b-f68c8784ed34,326f116c-5dd0-4cbe-af1c-08acc5eb0e5b,->,cbb2eb5b-1962-48ac-9823-8e425d916d3c,org/lwjgl/opengl/GL11.java,glVertex2f
cbb2eb5b-1962-48ac-9823-8e425d916d3c,cacbedff-e7bd-46c6-a51b-f68c8784ed34,326f116c-5dd0-4cbe-af1c-08acc5eb0e5b,->,cbb2eb5b-1962-48ac-9823-8e425d916d3c,org/lwjgl/opengl/GL11.java,glVertex2f
cbb2eb5b-1962-48ac-9823-8e425d916d3c,cacbedff-e7bd-46c6-a51b-f68c8784ed34,326f116c-5dd0-4cbe-af1c-08acc5eb0e5b,->,cbb2eb5b-1962-48ac-9823-8e425d916d3c,org/lwjgl/opengl/GL11.java,glVertex2f
cbb2eb5b-1962-48ac-9823-8e425d916d3c,cacbedff-e7bd-46c6-a51b-f68c8784ed34,326f116c-5dd0-4cbe-af1c-08acc5eb0e5b,->,cbb2eb5b-1962-48ac-9823-8e425d916d3c,org/lwjgl/opengl/GL11.java,glEnd
cbb2eb5b-1962-48ac-9823-8e425d916d3c,cacbedff-e7bd-46c6-a51b-f68c8784ed34,326f116c-5dd0-4cbe-af1c-08acc5eb0e5b,->,cbb2eb5b-1962-48ac-9823-8e425d916d3c,org/lwjgl/opengl/GL11.java,glBegin
cbb2eb5b-1962-48ac-9823-8e425d916d3c,cacbedff-e7bd-46c6-a51b-f68c8784ed34,326f116c-5dd0-4cbe-af1c-08acc5eb0e5b,->,cbb2eb5b-1962-48ac-9823-8e425d916d3c,org/lwjgl/opengl/GL11.java,glVertex2f
cbb2eb5b-1962-48ac-9823-8e425d916d3c,cacbedff-e7bd-46c6-a51b-f68c8784ed34,326f116c-5dd0-4cbe-af1c-08acc5eb0e5b,->,cbb2eb5b-1962-48ac-9823-8e425d916d3c,org/lwjgl/opengl/GL11.java,glVertex2f
cbb2eb5b-1962-48ac-9823-8e425d916d3c,cacbedff-e7bd-46c6-a51b-f68c8784ed34,326f116c-5dd0-4cbe-af1c-08acc5eb0e5b,->,cbb2eb5b-1962-48ac-9823-8e425d916d3c,org/lwjgl/opengl/GL11.java,glVertex2f
cbb2eb5b-1962-48ac-9823-8e425d916d3c,cacbedff-e7bd-46c6-a51b-f68c8784ed34,326f116c-5dd0-4cbe-af1c-08acc5eb0e5b,->,cbb2eb5b-1962-48ac-9823-8e425d916d3c,org/lwjgl/opengl/GL11.java,glVertex2f
cbb2eb5b-1962-48ac-9823-8e425d916d3c,cacbedff-e7bd-46c6-a51b-f68c8784ed34,326f116c-5dd0-4cbe-af1c-08acc5eb0e5b,->,cbb2eb5b-1962-48ac-9823-8e425d916d3c,org/lwjgl/opengl/GL11.java,glEnd
cbb2eb5b-1962-48ac-9823-8e425d916d3c,cacbedff-e7bd-46c6-a51b-f68c8784ed34,326f116c-5dd0-4cbe-af1c-08acc5eb0e5b,->,cbb2eb5b-1962-48ac-9823-8e425d916d3c,org/lwjgl/opengl/GL11.java,glEnable
cbb2eb5b-1962-48ac-9823-8e425d916d3c,cacbedff-e7bd-46c6-a51b-f68c8784ed34,326f116c-5dd0-4cbe-af1c-08acc5eb0e5b,->,cbb2eb5b-1962-48ac-9823-8e425d916d3c,c6daa512-8880-4e28-b381-d962ebd7bb15,ef2ef1d9-4487-4dd5-84b3-cdf7222172de
cbb2eb5b-1962-48ac-9823-8e425d916d3c,cacbedff-e7bd-46c6-a51b-f68c8784ed34,326f116c-5dd0-4cbe-af1c-08acc5eb0e5b,->,cbb2eb5b-1962-48ac-9823-8e425d916d3c,java/util/ArrayList.java,size
cbb2eb5b-1962-48ac-9823-8e425d916d3c,cacbedff-e7bd-46c6-a51b-f68c8784ed34,326f116c-5dd0-4cbe-af1c-08acc5eb0e5b,->,cbb2eb5b-1962-48ac-9823-8e425d916d3c,org/lwjgl/opengl/GL11.java,glColor3f
cbb2eb5b-1962-48ac-9823-8e425d916d3c,cacbedff-e7bd-46c6-a51b-f68c8784ed34,326f116c-5dd0-4cbe-af1c-08acc5eb0e5b,->,cbb2eb5b-1962-48ac-9823-8e425d916d3c,c6daa512-8880-4e28-b381-d962ebd7bb15,ef2ef1d9-4487-4dd5-84b3-cdf7222172de
cbb2eb5b-1962-48ac-9823-8e425d916d3c,cacbedff-e7bd-46c6-a51b-f68c8784ed34,326f116c-5dd0-4cbe-af1c-08acc5eb0e5b,->,cbb2eb5b-1962-48ac-9823-8e425d916d3c,java/util/ArrayList.java,get
cbb2eb5b-1962-48ac-9823-8e425d916d3c,cacbedff-e7bd-46c6-a51b-f68c8784ed34,326f116c-5dd0-4cbe-af1c-08acc5eb0e5b,->,cbb2eb5b-1962-48ac-9823-8e425d916d3c,rpg/game/skills/Skill.java,render
cbb2eb5b-1962-48ac-9823-8e425d916d3c,cacbedff-e7bd-46c6-a51b-f68c8784ed34,326f116c-5dd0-4cbe-af1c-08acc5eb0e5b,->,cbb2eb5b-1962-48ac-9823-8e425d916d3c,c6daa512-8880-4e28-b381-d962ebd7bb15,ef2ef1d9-4487-4dd5-84b3-cdf7222172de
cbb2eb5b-1962-48ac-9823-8e425d916d3c,cacbedff-e7bd-46c6-a51b-f68c8784ed34,326f116c-5dd0-4cbe-af1c-08acc5eb0e5b,->,cbb2eb5b-1962-48ac-9823-8e425d916d3c,java/util/ArrayList.java,get
cbb2eb5b-1962-48ac-9823-8e425d916d3c,cacbedff-e7bd-46c6-a51b-f68c8784ed34,326f116c-5dd0-4cbe-af1c-08acc5eb0e5b,->,cbb2eb5b-1962-48ac-9823-8e425d916d3c,rpg/game/skills/Skill.java,getName
cbb2eb5b-1962-48ac-9823-8e425d916d3c,cacbedff-e7bd-46c6-a51b-f68c8784ed34,326f116c-5dd0-4cbe-af1c-08acc5eb0e5b,->,cbb2eb5b-1962-48ac-9823-8e425d916d3c,d177ce1a-e305-4bd8-af86-8e633ce71dad,eb4c2561-c087-4770-9c56-fa3a2871fc2d
cbb2eb5b-1962-48ac-9823-8e425d916d3c,cacbedff-e7bd-46c6-a51b-f68c8784ed34,ef6089dc-5d70-4603-bbc6-79398800e274,->,cbb2eb5b-1962-48ac-9823-8e425d916d3c,cacbedff-e7bd-46c6-a51b-f68c8784ed34,3fe34eee-36ce-475e-a8ef-a25c08481941
cbb2eb5b-1962-48ac-9823-8e425d916d3c,cacbedff-e7bd-46c6-a51b-f68c8784ed34,ef6089dc-5d70-4603-bbc6-79398800e274,->,cbb2eb5b-1962-48ac-9823-8e425d916d3c,cacbedff-e7bd-46c6-a51b-f68c8784ed34,8408a10f-8e20-4d36-abd4-8fe28f106b53
cbb2eb5b-1962-48ac-9823-8e425d916d3c,cacbedff-e7bd-46c6-a51b-f68c8784ed34,ef6089dc-5d70-4603-bbc6-79398800e274,->,cbb2eb5b-1962-48ac-9823-8e425d916d3c,cacbedff-e7bd-46c6-a51b-f68c8784ed34,0691230a-1250-4968-a4ea-bb039553c486
cbb2eb5b-1962-48ac-9823-8e425d916d3c,cacbedff-e7bd-46c6-a51b-f68c8784ed34,ef6089dc-5d70-4603-bbc6-79398800e274,->,cbb2eb5b-1962-48ac-9823-8e425d916d3c,org/lwjgl/opengl/GL11.java,glDisable
cbb2eb5b-1962-48ac-9823-8e425d916d3c,cacbedff-e7bd-46c6-a51b-f68c8784ed34,ef6089dc-5d70-4603-bbc6-79398800e274,->,cbb2eb5b-1962-48ac-9823-8e425d916d3c,org/lwjgl/opengl/GL11.java,glColor3f
cbb2eb5b-1962-48ac-9823-8e425d916d3c,cacbedff-e7bd-46c6-a51b-f68c8784ed34,ef6089dc-5d70-4603-bbc6-79398800e274,->,cbb2eb5b-1962-48ac-9823-8e425d916d3c,org/lwjgl/opengl/GL11.java,glBegin
cbb2eb5b-1962-48ac-9823-8e425d916d3c,cacbedff-e7bd-46c6-a51b-f68c8784ed34,ef6089dc-5d70-4603-bbc6-79398800e274,->,cbb2eb5b-1962-48ac-9823-8e425d916d3c,org/lwjgl/opengl/GL11.java,glVertex2f
cbb2eb5b-1962-48ac-9823-8e425d916d3c,cacbedff-e7bd-46c6-a51b-f68c8784ed34,ef6089dc-5d70-4603-bbc6-79398800e274,->,cbb2eb5b-1962-48ac-9823-8e425d916d3c,org/lwjgl/opengl/GL11.java,glVertex2f
cbb2eb5b-1962-48ac-9823-8e425d916d3c,cacbedff-e7bd-46c6-a51b-f68c8784ed34,ef6089dc-5d70-4603-bbc6-79398800e274,->,cbb2eb5b-1962-48ac-9823-8e425d916d3c,org/lwjgl/opengl/GL11.java,glVertex2f
cbb2eb5b-1962-48ac-9823-8e425d916d3c,cacbedff-e7bd-46c6-a51b-f68c8784ed34,ef6089dc-5d70-4603-bbc6-79398800e274,->,cbb2eb5b-1962-48ac-9823-8e425d916d3c,org/lwjgl/opengl/GL11.java,glVertex2f
cbb2eb5b-1962-48ac-9823-8e425d916d3c,cacbedff-e7bd-46c6-a51b-f68c8784ed34,ef6089dc-5d70-4603-bbc6-79398800e274,->,cbb2eb5b-1962-48ac-9823-8e425d916d3c,org/lwjgl/opengl/GL11.java,glEnd
cbb2eb5b-1962-48ac-9823-8e425d916d3c,cacbedff-e7bd-46c6-a51b-f68c8784ed34,ef6089dc-5d70-4603-bbc6-79398800e274,->,cbb2eb5b-1962-48ac-9823-8e425d916d3c,org/lwjgl/opengl/GL11.java,glEnable
cbb2eb5b-1962-48ac-9823-8e425d916d3c,cacbedff-e7bd-46c6-a51b-f68c8784ed34,ef6089dc-5d70-4603-bbc6-79398800e274,->,cbb2eb5b-1962-48ac-9823-8e425d916d3c,java/lang/String.java,length
cbb2eb5b-1962-48ac-9823-8e425d916d3c,cacbedff-e7bd-46c6-a51b-f68c8784ed34,ef6089dc-5d70-4603-bbc6-79398800e274,->,cbb2eb5b-1962-48ac-9823-8e425d916d3c,d177ce1a-e305-4bd8-af86-8e633ce71dad,eb4c2561-c087-4770-9c56-fa3a2871fc2d
cbb2eb5b-1962-48ac-9823-8e425d916d3c,cacbedff-e7bd-46c6-a51b-f68c8784ed34,0147b9f3-4a7b-4700-85ed-a82f4ee36324,->,cbb2eb5b-1962-48ac-9823-8e425d916d3c,cacbedff-e7bd-46c6-a51b-f68c8784ed34,251b8b83-dd45-483b-87a2-1268de1d2074
cbb2eb5b-1962-48ac-9823-8e425d916d3c,cacbedff-e7bd-46c6-a51b-f68c8784ed34,0147b9f3-4a7b-4700-85ed-a82f4ee36324,->,cbb2eb5b-1962-48ac-9823-8e425d916d3c,org/lwjgl/input/Mouse.java,isButtonDown
cbb2eb5b-1962-48ac-9823-8e425d916d3c,cacbedff-e7bd-46c6-a51b-f68c8784ed34,0147b9f3-4a7b-4700-85ed-a82f4ee36324,->,cbb2eb5b-1962-48ac-9823-8e425d916d3c,cacbedff-e7bd-46c6-a51b-f68c8784ed34,0be5233b-dc94-410f-839f-3d00c4d951c7
cbb2eb5b-1962-48ac-9823-8e425d916d3c,cacbedff-e7bd-46c6-a51b-f68c8784ed34,251b8b83-dd45-483b-87a2-1268de1d2074,->,cbb2eb5b-1962-48ac-9823-8e425d916d3c,c6daa512-8880-4e28-b381-d962ebd7bb15,e24ae3e0-51d6-4a9e-9381-4237fba83b02
cbb2eb5b-1962-48ac-9823-8e425d916d3c,cacbedff-e7bd-46c6-a51b-f68c8784ed34,251b8b83-dd45-483b-87a2-1268de1d2074,->,cbb2eb5b-1962-48ac-9823-8e425d916d3c,c6daa512-8880-4e28-b381-d962ebd7bb15,f530208a-2844-482c-b146-d92fc14be719
cbb2eb5b-1962-48ac-9823-8e425d916d3c,cacbedff-e7bd-46c6-a51b-f68c8784ed34,251b8b83-dd45-483b-87a2-1268de1d2074,->,cbb2eb5b-1962-48ac-9823-8e425d916d3c,org/lwjgl/input/Mouse.java,getEventButtonState
cbb2eb5b-1962-48ac-9823-8e425d916d3c,cacbedff-e7bd-46c6-a51b-f68c8784ed34,251b8b83-dd45-483b-87a2-1268de1d2074,->,cbb2eb5b-1962-48ac-9823-8e425d916d3c,org/lwjgl/input/Mouse.java,getEventButton
cbb2eb5b-1962-48ac-9823-8e425d916d3c,cacbedff-e7bd-46c6-a51b-f68c8784ed34,251b8b83-dd45-483b-87a2-1268de1d2074,->,cbb2eb5b-1962-48ac-9823-8e425d916d3c,c6daa512-8880-4e28-b381-d962ebd7bb15,e24ae3e0-51d6-4a9e-9381-4237fba83b02
cbb2eb5b-1962-48ac-9823-8e425d916d3c,cacbedff-e7bd-46c6-a51b-f68c8784ed34,251b8b83-dd45-483b-87a2-1268de1d2074,->,cbb2eb5b-1962-48ac-9823-8e425d916d3c,c6daa512-8880-4e28-b381-d962ebd7bb15,e24ae3e0-51d6-4a9e-9381-4237fba83b02
cbb2eb5b-1962-48ac-9823-8e425d916d3c,cacbedff-e7bd-46c6-a51b-f68c8784ed34,251b8b83-dd45-483b-87a2-1268de1d2074,->,cbb2eb5b-1962-48ac-9823-8e425d916d3c,c6daa512-8880-4e28-b381-d962ebd7bb15,f530208a-2844-482c-b146-d92fc14be719
cbb2eb5b-1962-48ac-9823-8e425d916d3c,cacbedff-e7bd-46c6-a51b-f68c8784ed34,251b8b83-dd45-483b-87a2-1268de1d2074,->,cbb2eb5b-1962-48ac-9823-8e425d916d3c,c6daa512-8880-4e28-b381-d962ebd7bb15,f530208a-2844-482c-b146-d92fc14be719
cbb2eb5b-1962-48ac-9823-8e425d916d3c,cacbedff-e7bd-46c6-a51b-f68c8784ed34,251b8b83-dd45-483b-87a2-1268de1d2074,->,cbb2eb5b-1962-48ac-9823-8e425d916d3c,c6daa512-8880-4e28-b381-d962ebd7bb15,ef2ef1d9-4487-4dd5-84b3-cdf7222172de
cbb2eb5b-1962-48ac-9823-8e425d916d3c,cacbedff-e7bd-46c6-a51b-f68c8784ed34,251b8b83-dd45-483b-87a2-1268de1d2074,->,cbb2eb5b-1962-48ac-9823-8e425d916d3c,java/util/ArrayList.java,size
cbb2eb5b-1962-48ac-9823-8e425d916d3c,cacbedff-e7bd-46c6-a51b-f68c8784ed34,251b8b83-dd45-483b-87a2-1268de1d2074,->,cbb2eb5b-1962-48ac-9823-8e425d916d3c,org/lwjgl/input/Keyboard.java,getEventKeyState
cbb2eb5b-1962-48ac-9823-8e425d916d3c,cacbedff-e7bd-46c6-a51b-f68c8784ed34,251b8b83-dd45-483b-87a2-1268de1d2074,->,cbb2eb5b-1962-48ac-9823-8e425d916d3c,org/lwjgl/input/Keyboard.java,getEventKey
cbb2eb5b-1962-48ac-9823-8e425d916d3c,cacbedff-e7bd-46c6-a51b-f68c8784ed34,251b8b83-dd45-483b-87a2-1268de1d2074,->,cbb2eb5b-1962-48ac-9823-8e425d916d3c,c6daa512-8880-4e28-b381-d962ebd7bb15,ef2ef1d9-4487-4dd5-84b3-cdf7222172de
cbb2eb5b-1962-48ac-9823-8e425d916d3c,cacbedff-e7bd-46c6-a51b-f68c8784ed34,251b8b83-dd45-483b-87a2-1268de1d2074,->,cbb2eb5b-1962-48ac-9823-8e425d916d3c,java/util/ArrayList.java,get
cbb2eb5b-1962-48ac-9823-8e425d916d3c,cacbedff-e7bd-46c6-a51b-f68c8784ed34,251b8b83-dd45-483b-87a2-1268de1d2074,->,cbb2eb5b-1962-48ac-9823-8e425d916d3c,org/newdawn/slick/openal/Audio.java,playAsSoundEffect
cbb2eb5b-1962-48ac-9823-8e425d916d3c,cacbedff-e7bd-46c6-a51b-f68c8784ed34,251b8b83-dd45-483b-87a2-1268de1d2074,->,cbb2eb5b-1962-48ac-9823-8e425d916d3c,c6daa512-8880-4e28-b381-d962ebd7bb15,ef2ef1d9-4487-4dd5-84b3-cdf7222172de
cbb2eb5b-1962-48ac-9823-8e425d916d3c,cacbedff-e7bd-46c6-a51b-f68c8784ed34,251b8b83-dd45-483b-87a2-1268de1d2074,->,cbb2eb5b-1962-48ac-9823-8e425d916d3c,java/util/ArrayList.java,get
cbb2eb5b-1962-48ac-9823-8e425d916d3c,cacbedff-e7bd-46c6-a51b-f68c8784ed34,251b8b83-dd45-483b-87a2-1268de1d2074,->,cbb2eb5b-1962-48ac-9823-8e425d916d3c,c6daa512-8880-4e28-b381-d962ebd7bb15,e24ae3e0-51d6-4a9e-9381-4237fba83b02
cbb2eb5b-1962-48ac-9823-8e425d916d3c,cacbedff-e7bd-46c6-a51b-f68c8784ed34,251b8b83-dd45-483b-87a2-1268de1d2074,->,cbb2eb5b-1962-48ac-9823-8e425d916d3c,c6daa512-8880-4e28-b381-d962ebd7bb15,e24ae3e0-51d6-4a9e-9381-4237fba83b02
cbb2eb5b-1962-48ac-9823-8e425d916d3c,cacbedff-e7bd-46c6-a51b-f68c8784ed34,251b8b83-dd45-483b-87a2-1268de1d2074,->,cbb2eb5b-1962-48ac-9823-8e425d916d3c,c6daa512-8880-4e28-b381-d962ebd7bb15,f530208a-2844-482c-b146-d92fc14be719
cbb2eb5b-1962-48ac-9823-8e425d916d3c,cacbedff-e7bd-46c6-a51b-f68c8784ed34,251b8b83-dd45-483b-87a2-1268de1d2074,->,cbb2eb5b-1962-48ac-9823-8e425d916d3c,c6daa512-8880-4e28-b381-d962ebd7bb15,f530208a-2844-482c-b146-d92fc14be719
cbb2eb5b-1962-48ac-9823-8e425d916d3c,cacbedff-e7bd-46c6-a51b-f68c8784ed34,251b8b83-dd45-483b-87a2-1268de1d2074,->,cbb2eb5b-1962-48ac-9823-8e425d916d3c,rpg/game/skills/Skill.java,getName
cbb2eb5b-1962-48ac-9823-8e425d916d3c,cacbedff-e7bd-46c6-a51b-f68c8784ed34,251b8b83-dd45-483b-87a2-1268de1d2074,->,cbb2eb5b-1962-48ac-9823-8e425d916d3c,rpg/game/skills/Skill.java,getTier
cbb2eb5b-1962-48ac-9823-8e425d916d3c,cacbedff-e7bd-46c6-a51b-f68c8784ed34,251b8b83-dd45-483b-87a2-1268de1d2074,->,cbb2eb5b-1962-48ac-9823-8e425d916d3c,66819a52-6cde-4a4b-bc25-7d1969d8712a,85414778-3038-41df-83a7-33b220a9b258
cbb2eb5b-1962-48ac-9823-8e425d916d3c,cacbedff-e7bd-46c6-a51b-f68c8784ed34,251b8b83-dd45-483b-87a2-1268de1d2074,->,cbb2eb5b-1962-48ac-9823-8e425d916d3c,66819a52-6cde-4a4b-bc25-7d1969d8712a,3d6b5870-74e0-48d3-b1a1-3605bc42c8d6
cbb2eb5b-1962-48ac-9823-8e425d916d3c,cacbedff-e7bd-46c6-a51b-f68c8784ed34,251b8b83-dd45-483b-87a2-1268de1d2074,->,cbb2eb5b-1962-48ac-9823-8e425d916d3c,java/util/ArrayList.java,iterator
cbb2eb5b-1962-48ac-9823-8e425d916d3c,cacbedff-e7bd-46c6-a51b-f68c8784ed34,251b8b83-dd45-483b-87a2-1268de1d2074,->,cbb2eb5b-1962-48ac-9823-8e425d916d3c,java/util/Iterator.java,hasNext
cbb2eb5b-1962-48ac-9823-8e425d916d3c,cacbedff-e7bd-46c6-a51b-f68c8784ed34,251b8b83-dd45-483b-87a2-1268de1d2074,->,cbb2eb5b-1962-48ac-9823-8e425d916d3c,java/util/Iterator.java,next
cbb2eb5b-1962-48ac-9823-8e425d916d3c,cacbedff-e7bd-46c6-a51b-f68c8784ed34,251b8b83-dd45-483b-87a2-1268de1d2074,->,cbb2eb5b-1962-48ac-9823-8e425d916d3c,66819a52-6cde-4a4b-bc25-7d1969d8712a,9eadc3c4-f946-4fb3-81e0-0b5757e4605d
cbb2eb5b-1962-48ac-9823-8e425d916d3c,cacbedff-e7bd-46c6-a51b-f68c8784ed34,251b8b83-dd45-483b-87a2-1268de1d2074,->,cbb2eb5b-1962-48ac-9823-8e425d916d3c,c6daa512-8880-4e28-b381-d962ebd7bb15,ef2ef1d9-4487-4dd5-84b3-cdf7222172de
cbb2eb5b-1962-48ac-9823-8e425d916d3c,cacbedff-e7bd-46c6-a51b-f68c8784ed34,251b8b83-dd45-483b-87a2-1268de1d2074,->,cbb2eb5b-1962-48ac-9823-8e425d916d3c,java/util/ArrayList.java,remove
cbb2eb5b-1962-48ac-9823-8e425d916d3c,cacbedff-e7bd-46c6-a51b-f68c8784ed34,0be5233b-dc94-410f-839f-3d00c4d951c7,->,cbb2eb5b-1962-48ac-9823-8e425d916d3c,c6daa512-8880-4e28-b381-d962ebd7bb15,e24ae3e0-51d6-4a9e-9381-4237fba83b02
cbb2eb5b-1962-48ac-9823-8e425d916d3c,cacbedff-e7bd-46c6-a51b-f68c8784ed34,0be5233b-dc94-410f-839f-3d00c4d951c7,->,cbb2eb5b-1962-48ac-9823-8e425d916d3c,c6daa512-8880-4e28-b381-d962ebd7bb15,f530208a-2844-482c-b146-d92fc14be719
cbb2eb5b-1962-48ac-9823-8e425d916d3c,cacbedff-e7bd-46c6-a51b-f68c8784ed34,0be5233b-dc94-410f-839f-3d00c4d951c7,->,cbb2eb5b-1962-48ac-9823-8e425d916d3c,org/lwjgl/input/Mouse.java,getEventButtonState
cbb2eb5b-1962-48ac-9823-8e425d916d3c,cacbedff-e7bd-46c6-a51b-f68c8784ed34,0be5233b-dc94-410f-839f-3d00c4d951c7,->,cbb2eb5b-1962-48ac-9823-8e425d916d3c,org/lwjgl/input/Mouse.java,getEventButton
cbb2eb5b-1962-48ac-9823-8e425d916d3c,cacbedff-e7bd-46c6-a51b-f68c8784ed34,0be5233b-dc94-410f-839f-3d00c4d951c7,->,cbb2eb5b-1962-48ac-9823-8e425d916d3c,cacbedff-e7bd-46c6-a51b-f68c8784ed34,560d60df-16d4-41c0-8fb1-6d6d1f3d28aa
cbb2eb5b-1962-48ac-9823-8e425d916d3c,cacbedff-e7bd-46c6-a51b-f68c8784ed34,0be5233b-dc94-410f-839f-3d00c4d951c7,->,cbb2eb5b-1962-48ac-9823-8e425d916d3c,cacbedff-e7bd-46c6-a51b-f68c8784ed34,9d86ec2d-cd8f-4032-99f4-9775c6e52725
cbb2eb5b-1962-48ac-9823-8e425d916d3c,cacbedff-e7bd-46c6-a51b-f68c8784ed34,0be5233b-dc94-410f-839f-3d00c4d951c7,->,cbb2eb5b-1962-48ac-9823-8e425d916d3c,c6daa512-8880-4e28-b381-d962ebd7bb15,e24ae3e0-51d6-4a9e-9381-4237fba83b02
cbb2eb5b-1962-48ac-9823-8e425d916d3c,cacbedff-e7bd-46c6-a51b-f68c8784ed34,0be5233b-dc94-410f-839f-3d00c4d951c7,->,cbb2eb5b-1962-48ac-9823-8e425d916d3c,c6daa512-8880-4e28-b381-d962ebd7bb15,e24ae3e0-51d6-4a9e-9381-4237fba83b02
cbb2eb5b-1962-48ac-9823-8e425d916d3c,cacbedff-e7bd-46c6-a51b-f68c8784ed34,0be5233b-dc94-410f-839f-3d00c4d951c7,->,cbb2eb5b-1962-48ac-9823-8e425d916d3c,c6daa512-8880-4e28-b381-d962ebd7bb15,f530208a-2844-482c-b146-d92fc14be719
cbb2eb5b-1962-48ac-9823-8e425d916d3c,cacbedff-e7bd-46c6-a51b-f68c8784ed34,0be5233b-dc94-410f-839f-3d00c4d951c7,->,cbb2eb5b-1962-48ac-9823-8e425d916d3c,c6daa512-8880-4e28-b381-d962ebd7bb15,f530208a-2844-482c-b146-d92fc14be719
cbb2eb5b-1962-48ac-9823-8e425d916d3c,cacbedff-e7bd-46c6-a51b-f68c8784ed34,0be5233b-dc94-410f-839f-3d00c4d951c7,->,cbb2eb5b-1962-48ac-9823-8e425d916d3c,c6daa512-8880-4e28-b381-d962ebd7bb15,ef2ef1d9-4487-4dd5-84b3-cdf7222172de
cbb2eb5b-1962-48ac-9823-8e425d916d3c,cacbedff-e7bd-46c6-a51b-f68c8784ed34,0be5233b-dc94-410f-839f-3d00c4d951c7,->,cbb2eb5b-1962-48ac-9823-8e425d916d3c,java/util/ArrayList.java,add
cbb2eb5b-1962-48ac-9823-8e425d916d3c,cacbedff-e7bd-46c6-a51b-f68c8784ed34,0be5233b-dc94-410f-839f-3d00c4d951c7,->,cbb2eb5b-1962-48ac-9823-8e425d916d3c,c6daa512-8880-4e28-b381-d962ebd7bb15,ef2ef1d9-4487-4dd5-84b3-cdf7222172de
cbb2eb5b-1962-48ac-9823-8e425d916d3c,cacbedff-e7bd-46c6-a51b-f68c8784ed34,0be5233b-dc94-410f-839f-3d00c4d951c7,->,cbb2eb5b-1962-48ac-9823-8e425d916d3c,java/util/ArrayList.java,indexOf
cbb2eb5b-1962-48ac-9823-8e425d916d3c,cacbedff-e7bd-46c6-a51b-f68c8784ed34,0be5233b-dc94-410f-839f-3d00c4d951c7,->,cbb2eb5b-1962-48ac-9823-8e425d916d3c,c6daa512-8880-4e28-b381-d962ebd7bb15,ef2ef1d9-4487-4dd5-84b3-cdf7222172de
cbb2eb5b-1962-48ac-9823-8e425d916d3c,cacbedff-e7bd-46c6-a51b-f68c8784ed34,0be5233b-dc94-410f-839f-3d00c4d951c7,->,cbb2eb5b-1962-48ac-9823-8e425d916d3c,java/util/ArrayList.java,size
cbb2eb5b-1962-48ac-9823-8e425d916d3c,cacbedff-e7bd-46c6-a51b-f68c8784ed34,0be5233b-dc94-410f-839f-3d00c4d951c7,->,cbb2eb5b-1962-48ac-9823-8e425d916d3c,java/util/ArrayList.java,add
cbb2eb5b-1962-48ac-9823-8e425d916d3c,cacbedff-e7bd-46c6-a51b-f68c8784ed34,0be5233b-dc94-410f-839f-3d00c4d951c7,->,cbb2eb5b-1962-48ac-9823-8e425d916d3c,c6daa512-8880-4e28-b381-d962ebd7bb15,ef2ef1d9-4487-4dd5-84b3-cdf7222172de
cbb2eb5b-1962-48ac-9823-8e425d916d3c,cacbedff-e7bd-46c6-a51b-f68c8784ed34,0be5233b-dc94-410f-839f-3d00c4d951c7,->,cbb2eb5b-1962-48ac-9823-8e425d916d3c,java/util/ArrayList.java,get
cbb2eb5b-1962-48ac-9823-8e425d916d3c,cacbedff-e7bd-46c6-a51b-f68c8784ed34,0be5233b-dc94-410f-839f-3d00c4d951c7,->,cbb2eb5b-1962-48ac-9823-8e425d916d3c,java/util/ArrayList.java,add
cbb2eb5b-1962-48ac-9823-8e425d916d3c,cacbedff-e7bd-46c6-a51b-f68c8784ed34,0be5233b-dc94-410f-839f-3d00c4d951c7,->,cbb2eb5b-1962-48ac-9823-8e425d916d3c,c6daa512-8880-4e28-b381-d962ebd7bb15,79b54324-f74d-49e7-8982-72869979024a
cbb2eb5b-1962-48ac-9823-8e425d916d3c,cacbedff-e7bd-46c6-a51b-f68c8784ed34,3fe34eee-36ce-475e-a8ef-a25c08481941,->,cbb2eb5b-1962-48ac-9823-8e425d916d3c,d177ce1a-e305-4bd8-af86-8e633ce71dad,eb4c2561-c087-4770-9c56-fa3a2871fc2d
cbb2eb5b-1962-48ac-9823-8e425d916d3c,cacbedff-e7bd-46c6-a51b-f68c8784ed34,3fe34eee-36ce-475e-a8ef-a25c08481941,->,cbb2eb5b-1962-48ac-9823-8e425d916d3c,org/lwjgl/opengl/GL11.java,glDisable
cbb2eb5b-1962-48ac-9823-8e425d916d3c,cacbedff-e7bd-46c6-a51b-f68c8784ed34,3fe34eee-36ce-475e-a8ef-a25c08481941,->,cbb2eb5b-1962-48ac-9823-8e425d916d3c,org/lwjgl/opengl/GL11.java,glColor3f
cbb2eb5b-1962-48ac-9823-8e425d916d3c,cacbedff-e7bd-46c6-a51b-f68c8784ed34,3fe34eee-36ce-475e-a8ef-a25c08481941,->,cbb2eb5b-1962-48ac-9823-8e425d916d3c,org/lwjgl/opengl/GL11.java,glBegin
cbb2eb5b-1962-48ac-9823-8e425d916d3c,cacbedff-e7bd-46c6-a51b-f68c8784ed34,3fe34eee-36ce-475e-a8ef-a25c08481941,->,cbb2eb5b-1962-48ac-9823-8e425d916d3c,org/lwjgl/opengl/GL11.java,glVertex2f
cbb2eb5b-1962-48ac-9823-8e425d916d3c,cacbedff-e7bd-46c6-a51b-f68c8784ed34,3fe34eee-36ce-475e-a8ef-a25c08481941,->,cbb2eb5b-1962-48ac-9823-8e425d916d3c,org/lwjgl/opengl/GL11.java,glVertex2f
cbb2eb5b-1962-48ac-9823-8e425d916d3c,cacbedff-e7bd-46c6-a51b-f68c8784ed34,3fe34eee-36ce-475e-a8ef-a25c08481941,->,cbb2eb5b-1962-48ac-9823-8e425d916d3c,org/lwjgl/opengl/GL11.java,glVertex2f
cbb2eb5b-1962-48ac-9823-8e425d916d3c,cacbedff-e7bd-46c6-a51b-f68c8784ed34,3fe34eee-36ce-475e-a8ef-a25c08481941,->,cbb2eb5b-1962-48ac-9823-8e425d916d3c,org/lwjgl/opengl/GL11.java,glVertex2f
cbb2eb5b-1962-48ac-9823-8e425d916d3c,cacbedff-e7bd-46c6-a51b-f68c8784ed34,3fe34eee-36ce-475e-a8ef-a25c08481941,->,cbb2eb5b-1962-48ac-9823-8e425d916d3c,org/lwjgl/opengl/GL11.java,glEnd
cbb2eb5b-1962-48ac-9823-8e425d916d3c,cacbedff-e7bd-46c6-a51b-f68c8784ed34,3fe34eee-36ce-475e-a8ef-a25c08481941,->,cbb2eb5b-1962-48ac-9823-8e425d916d3c,org/lwjgl/opengl/GL11.java,glEnable
cbb2eb5b-1962-48ac-9823-8e425d916d3c,cacbedff-e7bd-46c6-a51b-f68c8784ed34,8408a10f-8e20-4d36-abd4-8fe28f106b53,->,cbb2eb5b-1962-48ac-9823-8e425d916d3c,d177ce1a-e305-4bd8-af86-8e633ce71dad,eb4c2561-c087-4770-9c56-fa3a2871fc2d
cbb2eb5b-1962-48ac-9823-8e425d916d3c,cacbedff-e7bd-46c6-a51b-f68c8784ed34,8408a10f-8e20-4d36-abd4-8fe28f106b53,->,cbb2eb5b-1962-48ac-9823-8e425d916d3c,java/lang/StringBuilder.java,append
cbb2eb5b-1962-48ac-9823-8e425d916d3c,cacbedff-e7bd-46c6-a51b-f68c8784ed34,8408a10f-8e20-4d36-abd4-8fe28f106b53,->,cbb2eb5b-1962-48ac-9823-8e425d916d3c,java/lang/StringBuilder.java,append
cbb2eb5b-1962-48ac-9823-8e425d916d3c,cacbedff-e7bd-46c6-a51b-f68c8784ed34,8408a10f-8e20-4d36-abd4-8fe28f106b53,->,cbb2eb5b-1962-48ac-9823-8e425d916d3c,java/lang/StringBuilder.java,toString
cbb2eb5b-1962-48ac-9823-8e425d916d3c,cacbedff-e7bd-46c6-a51b-f68c8784ed34,8408a10f-8e20-4d36-abd4-8fe28f106b53,->,cbb2eb5b-1962-48ac-9823-8e425d916d3c,java/lang/StringBuilder.java,append
cbb2eb5b-1962-48ac-9823-8e425d916d3c,cacbedff-e7bd-46c6-a51b-f68c8784ed34,8408a10f-8e20-4d36-abd4-8fe28f106b53,->,cbb2eb5b-1962-48ac-9823-8e425d916d3c,java/lang/StringBuilder.java,append
cbb2eb5b-1962-48ac-9823-8e425d916d3c,cacbedff-e7bd-46c6-a51b-f68c8784ed34,8408a10f-8e20-4d36-abd4-8fe28f106b53,->,cbb2eb5b-1962-48ac-9823-8e425d916d3c,java/lang/StringBuilder.java,toString
cbb2eb5b-1962-48ac-9823-8e425d916d3c,cacbedff-e7bd-46c6-a51b-f68c8784ed34,8408a10f-8e20-4d36-abd4-8fe28f106b53,->,cbb2eb5b-1962-48ac-9823-8e425d916d3c,java/lang/StringBuilder.java,append
cbb2eb5b-1962-48ac-9823-8e425d916d3c,cacbedff-e7bd-46c6-a51b-f68c8784ed34,8408a10f-8e20-4d36-abd4-8fe28f106b53,->,cbb2eb5b-1962-48ac-9823-8e425d916d3c,java/lang/StringBuilder.java,append
cbb2eb5b-1962-48ac-9823-8e425d916d3c,cacbedff-e7bd-46c6-a51b-f68c8784ed34,8408a10f-8e20-4d36-abd4-8fe28f106b53,->,cbb2eb5b-1962-48ac-9823-8e425d916d3c,java/lang/StringBuilder.java,toString
cbb2eb5b-1962-48ac-9823-8e425d916d3c,cacbedff-e7bd-46c6-a51b-f68c8784ed34,8408a10f-8e20-4d36-abd4-8fe28f106b53,->,cbb2eb5b-1962-48ac-9823-8e425d916d3c,java/lang/StringBuilder.java,append
cbb2eb5b-1962-48ac-9823-8e425d916d3c,cacbedff-e7bd-46c6-a51b-f68c8784ed34,8408a10f-8e20-4d36-abd4-8fe28f106b53,->,cbb2eb5b-1962-48ac-9823-8e425d916d3c,java/lang/StringBuilder.java,append
cbb2eb5b-1962-48ac-9823-8e425d916d3c,cacbedff-e7bd-46c6-a51b-f68c8784ed34,8408a10f-8e20-4d36-abd4-8fe28f106b53,->,cbb2eb5b-1962-48ac-9823-8e425d916d3c,java/lang/StringBuilder.java,toString
cbb2eb5b-1962-48ac-9823-8e425d916d3c,cacbedff-e7bd-46c6-a51b-f68c8784ed34,8408a10f-8e20-4d36-abd4-8fe28f106b53,->,cbb2eb5b-1962-48ac-9823-8e425d916d3c,org/newdawn/slick/util/ResourceLoader.java,getResourceAsStream
cbb2eb5b-1962-48ac-9823-8e425d916d3c,cacbedff-e7bd-46c6-a51b-f68c8784ed34,8408a10f-8e20-4d36-abd4-8fe28f106b53,->,cbb2eb5b-1962-48ac-9823-8e425d916d3c,org/newdawn/slick/opengl/TextureLoader.java,getTexture
cbb2eb5b-1962-48ac-9823-8e425d916d3c,cacbedff-e7bd-46c6-a51b-f68c8784ed34,8408a10f-8e20-4d36-abd4-8fe28f106b53,->,cbb2eb5b-1962-48ac-9823-8e425d916d3c,java/io/IOException.java,printStackTrace
cbb2eb5b-1962-48ac-9823-8e425d916d3c,cacbedff-e7bd-46c6-a51b-f68c8784ed34,8408a10f-8e20-4d36-abd4-8fe28f106b53,->,cbb2eb5b-1962-48ac-9823-8e425d916d3c,org/newdawn/slick/opengl/Texture.java,bind
cbb2eb5b-1962-48ac-9823-8e425d916d3c,cacbedff-e7bd-46c6-a51b-f68c8784ed34,8408a10f-8e20-4d36-abd4-8fe28f106b53,->,cbb2eb5b-1962-48ac-9823-8e425d916d3c,org/newdawn/slick/opengl/Texture.java,getTextureID
cbb2eb5b-1962-48ac-9823-8e425d916d3c,cacbedff-e7bd-46c6-a51b-f68c8784ed34,8408a10f-8e20-4d36-abd4-8fe28f106b53,->,cbb2eb5b-1962-48ac-9823-8e425d916d3c,org/lwjgl/opengl/GL11.java,glBindTexture
cbb2eb5b-1962-48ac-9823-8e425d916d3c,cacbedff-e7bd-46c6-a51b-f68c8784ed34,8408a10f-8e20-4d36-abd4-8fe28f106b53,->,cbb2eb5b-1962-48ac-9823-8e425d916d3c,org/lwjgl/opengl/GL11.java,glDisable
cbb2eb5b-1962-48ac-9823-8e425d916d3c,cacbedff-e7bd-46c6-a51b-f68c8784ed34,8408a10f-8e20-4d36-abd4-8fe28f106b53,->,cbb2eb5b-1962-48ac-9823-8e425d916d3c,66819a52-6cde-4a4b-bc25-7d1969d8712a,85414778-3038-41df-83a7-33b220a9b258
cbb2eb5b-1962-48ac-9823-8e425d916d3c,cacbedff-e7bd-46c6-a51b-f68c8784ed34,8408a10f-8e20-4d36-abd4-8fe28f106b53,->,cbb2eb5b-1962-48ac-9823-8e425d916d3c,org/lwjgl/opengl/GL11.java,glColor3f
cbb2eb5b-1962-48ac-9823-8e425d916d3c,cacbedff-e7bd-46c6-a51b-f68c8784ed34,8408a10f-8e20-4d36-abd4-8fe28f106b53,->,cbb2eb5b-1962-48ac-9823-8e425d916d3c,org/lwjgl/opengl/GL11.java,glColor3f
cbb2eb5b-1962-48ac-9823-8e425d916d3c,cacbedff-e7bd-46c6-a51b-f68c8784ed34,8408a10f-8e20-4d36-abd4-8fe28f106b53,->,cbb2eb5b-1962-48ac-9823-8e425d916d3c,org/lwjgl/opengl/GL11.java,glBegin
cbb2eb5b-1962-48ac-9823-8e425d916d3c,cacbedff-e7bd-46c6-a51b-f68c8784ed34,8408a10f-8e20-4d36-abd4-8fe28f106b53,->,cbb2eb5b-1962-48ac-9823-8e425d916d3c,org/lwjgl/opengl/GL11.java,glVertex2f
cbb2eb5b-1962-48ac-9823-8e425d916d3c,cacbedff-e7bd-46c6-a51b-f68c8784ed34,8408a10f-8e20-4d36-abd4-8fe28f106b53,->,cbb2eb5b-1962-48ac-9823-8e425d916d3c,org/lwjgl/opengl/GL11.java,glVertex2f
cbb2eb5b-1962-48ac-9823-8e425d916d3c,cacbedff-e7bd-46c6-a51b-f68c8784ed34,8408a10f-8e20-4d36-abd4-8fe28f106b53,->,cbb2eb5b-1962-48ac-9823-8e425d916d3c,org/lwjgl/opengl/GL11.java,glVertex2f
cbb2eb5b-1962-48ac-9823-8e425d916d3c,cacbedff-e7bd-46c6-a51b-f68c8784ed34,8408a10f-8e20-4d36-abd4-8fe28f106b53,->,cbb2eb5b-1962-48ac-9823-8e425d916d3c,org/lwjgl/opengl/GL11.java,glVertex2f
cbb2eb5b-1962-48ac-9823-8e425d916d3c,cacbedff-e7bd-46c6-a51b-f68c8784ed34,8408a10f-8e20-4d36-abd4-8fe28f106b53,->,cbb2eb5b-1962-48ac-9823-8e425d916d3c,org/lwjgl/opengl/GL11.java,glEnd
cbb2eb5b-1962-48ac-9823-8e425d916d3c,cacbedff-e7bd-46c6-a51b-f68c8784ed34,8408a10f-8e20-4d36-abd4-8fe28f106b53,->,cbb2eb5b-1962-48ac-9823-8e425d916d3c,org/lwjgl/opengl/GL11.java,glEnable
cbb2eb5b-1962-48ac-9823-8e425d916d3c,cacbedff-e7bd-46c6-a51b-f68c8784ed34,8408a10f-8e20-4d36-abd4-8fe28f106b53,->,cbb2eb5b-1962-48ac-9823-8e425d916d3c,org/lwjgl/opengl/GL11.java,glColor3f
cbb2eb5b-1962-48ac-9823-8e425d916d3c,cacbedff-e7bd-46c6-a51b-f68c8784ed34,8408a10f-8e20-4d36-abd4-8fe28f106b53,->,cbb2eb5b-1962-48ac-9823-8e425d916d3c,org/lwjgl/opengl/GL11.java,glBegin
cbb2eb5b-1962-48ac-9823-8e425d916d3c,cacbedff-e7bd-46c6-a51b-f68c8784ed34,8408a10f-8e20-4d36-abd4-8fe28f106b53,->,cbb2eb5b-1962-48ac-9823-8e425d916d3c,org/lwjgl/opengl/GL11.java,glTexCoord2f
cbb2eb5b-1962-48ac-9823-8e425d916d3c,cacbedff-e7bd-46c6-a51b-f68c8784ed34,8408a10f-8e20-4d36-abd4-8fe28f106b53,->,cbb2eb5b-1962-48ac-9823-8e425d916d3c,org/lwjgl/opengl/GL11.java,glVertex2f
cbb2eb5b-1962-48ac-9823-8e425d916d3c,cacbedff-e7bd-46c6-a51b-f68c8784ed34,8408a10f-8e20-4d36-abd4-8fe28f106b53,->,cbb2eb5b-1962-48ac-9823-8e425d916d3c,org/lwjgl/opengl/GL11.java,glTexCoord2f
cbb2eb5b-1962-48ac-9823-8e425d916d3c,cacbedff-e7bd-46c6-a51b-f68c8784ed34,8408a10f-8e20-4d36-abd4-8fe28f106b53,->,cbb2eb5b-1962-48ac-9823-8e425d916d3c,org/lwjgl/opengl/GL11.java,glVertex2f
cbb2eb5b-1962-48ac-9823-8e425d916d3c,cacbedff-e7bd-46c6-a51b-f68c8784ed34,8408a10f-8e20-4d36-abd4-8fe28f106b53,->,cbb2eb5b-1962-48ac-9823-8e425d916d3c,org/lwjgl/opengl/GL11.java,glTexCoord2f
cbb2eb5b-1962-48ac-9823-8e425d916d3c,cacbedff-e7bd-46c6-a51b-f68c8784ed34,8408a10f-8e20-4d36-abd4-8fe28f106b53,->,cbb2eb5b-1962-48ac-9823-8e425d916d3c,org/lwjgl/opengl/GL11.java,glVertex2f
cbb2eb5b-1962-48ac-9823-8e425d916d3c,cacbedff-e7bd-46c6-a51b-f68c8784ed34,8408a10f-8e20-4d36-abd4-8fe28f106b53,->,cbb2eb5b-1962-48ac-9823-8e425d916d3c,org/lwjgl/opengl/GL11.java,glTexCoord2f
cbb2eb5b-1962-48ac-9823-8e425d916d3c,cacbedff-e7bd-46c6-a51b-f68c8784ed34,8408a10f-8e20-4d36-abd4-8fe28f106b53,->,cbb2eb5b-1962-48ac-9823-8e425d916d3c,org/lwjgl/opengl/GL11.java,glVertex2f
cbb2eb5b-1962-48ac-9823-8e425d916d3c,cacbedff-e7bd-46c6-a51b-f68c8784ed34,8408a10f-8e20-4d36-abd4-8fe28f106b53,->,cbb2eb5b-1962-48ac-9823-8e425d916d3c,org/lwjgl/opengl/GL11.java,glEnd
cbb2eb5b-1962-48ac-9823-8e425d916d3c,cacbedff-e7bd-46c6-a51b-f68c8784ed34,0691230a-1250-4968-a4ea-bb039553c486,->,cbb2eb5b-1962-48ac-9823-8e425d916d3c,d177ce1a-e305-4bd8-af86-8e633ce71dad,eb4c2561-c087-4770-9c56-fa3a2871fc2d
cbb2eb5b-1962-48ac-9823-8e425d916d3c,cacbedff-e7bd-46c6-a51b-f68c8784ed34,0691230a-1250-4968-a4ea-bb039553c486,->,cbb2eb5b-1962-48ac-9823-8e425d916d3c,org/lwjgl/opengl/GL11.java,glDisable
cbb2eb5b-1962-48ac-9823-8e425d916d3c,cacbedff-e7bd-46c6-a51b-f68c8784ed34,0691230a-1250-4968-a4ea-bb039553c486,->,cbb2eb5b-1962-48ac-9823-8e425d916d3c,org/lwjgl/opengl/GL11.java,glColor3f
cbb2eb5b-1962-48ac-9823-8e425d916d3c,cacbedff-e7bd-46c6-a51b-f68c8784ed34,0691230a-1250-4968-a4ea-bb039553c486,->,cbb2eb5b-1962-48ac-9823-8e425d916d3c,org/lwjgl/opengl/GL11.java,glBegin
cbb2eb5b-1962-48ac-9823-8e425d916d3c,cacbedff-e7bd-46c6-a51b-f68c8784ed34,0691230a-1250-4968-a4ea-bb039553c486,->,cbb2eb5b-1962-48ac-9823-8e425d916d3c,org/lwjgl/opengl/GL11.java,glVertex2f
cbb2eb5b-1962-48ac-9823-8e425d916d3c,cacbedff-e7bd-46c6-a51b-f68c8784ed34,0691230a-1250-4968-a4ea-bb039553c486,->,cbb2eb5b-1962-48ac-9823-8e425d916d3c,org/lwjgl/opengl/GL11.java,glVertex2f
cbb2eb5b-1962-48ac-9823-8e425d916d3c,cacbedff-e7bd-46c6-a51b-f68c8784ed34,0691230a-1250-4968-a4ea-bb039553c486,->,cbb2eb5b-1962-48ac-9823-8e425d916d3c,org/lwjgl/opengl/GL11.java,glVertex2f
cbb2eb5b-1962-48ac-9823-8e425d916d3c,cacbedff-e7bd-46c6-a51b-f68c8784ed34,0691230a-1250-4968-a4ea-bb039553c486,->,cbb2eb5b-1962-48ac-9823-8e425d916d3c,org/lwjgl/opengl/GL11.java,glVertex2f
cbb2eb5b-1962-48ac-9823-8e425d916d3c,cacbedff-e7bd-46c6-a51b-f68c8784ed34,0691230a-1250-4968-a4ea-bb039553c486,->,cbb2eb5b-1962-48ac-9823-8e425d916d3c,org/lwjgl/opengl/GL11.java,glEnd
cbb2eb5b-1962-48ac-9823-8e425d916d3c,cacbedff-e7bd-46c6-a51b-f68c8784ed34,0691230a-1250-4968-a4ea-bb039553c486,->,cbb2eb5b-1962-48ac-9823-8e425d916d3c,org/lwjgl/opengl/GL11.java,glColor3f
cbb2eb5b-1962-48ac-9823-8e425d916d3c,cacbedff-e7bd-46c6-a51b-f68c8784ed34,0691230a-1250-4968-a4ea-bb039553c486,->,cbb2eb5b-1962-48ac-9823-8e425d916d3c,org/lwjgl/opengl/GL11.java,glBegin
cbb2eb5b-1962-48ac-9823-8e425d916d3c,cacbedff-e7bd-46c6-a51b-f68c8784ed34,0691230a-1250-4968-a4ea-bb039553c486,->,cbb2eb5b-1962-48ac-9823-8e425d916d3c,org/lwjgl/opengl/GL11.java,glVertex2f
cbb2eb5b-1962-48ac-9823-8e425d916d3c,cacbedff-e7bd-46c6-a51b-f68c8784ed34,0691230a-1250-4968-a4ea-bb039553c486,->,cbb2eb5b-1962-48ac-9823-8e425d916d3c,org/lwjgl/opengl/GL11.java,glVertex2f
cbb2eb5b-1962-48ac-9823-8e425d916d3c,cacbedff-e7bd-46c6-a51b-f68c8784ed34,0691230a-1250-4968-a4ea-bb039553c486,->,cbb2eb5b-1962-48ac-9823-8e425d916d3c,org/lwjgl/opengl/GL11.java,glVertex2f
cbb2eb5b-1962-48ac-9823-8e425d916d3c,cacbedff-e7bd-46c6-a51b-f68c8784ed34,0691230a-1250-4968-a4ea-bb039553c486,->,cbb2eb5b-1962-48ac-9823-8e425d916d3c,org/lwjgl/opengl/GL11.java,glVertex2f
cbb2eb5b-1962-48ac-9823-8e425d916d3c,cacbedff-e7bd-46c6-a51b-f68c8784ed34,0691230a-1250-4968-a4ea-bb039553c486,->,cbb2eb5b-1962-48ac-9823-8e425d916d3c,org/lwjgl/opengl/GL11.java,glEnd
cbb2eb5b-1962-48ac-9823-8e425d916d3c,cacbedff-e7bd-46c6-a51b-f68c8784ed34,0691230a-1250-4968-a4ea-bb039553c486,->,cbb2eb5b-1962-48ac-9823-8e425d916d3c,66819a52-6cde-4a4b-bc25-7d1969d8712a,aba4aa7c-1c34-446a-b257-e4e245df5c41
cbb2eb5b-1962-48ac-9823-8e425d916d3c,cacbedff-e7bd-46c6-a51b-f68c8784ed34,0691230a-1250-4968-a4ea-bb039553c486,->,cbb2eb5b-1962-48ac-9823-8e425d916d3c,org/lwjgl/opengl/GL11.java,glColor3f
cbb2eb5b-1962-48ac-9823-8e425d916d3c,cacbedff-e7bd-46c6-a51b-f68c8784ed34,0691230a-1250-4968-a4ea-bb039553c486,->,cbb2eb5b-1962-48ac-9823-8e425d916d3c,org/lwjgl/opengl/GL11.java,glBegin
cbb2eb5b-1962-48ac-9823-8e425d916d3c,cacbedff-e7bd-46c6-a51b-f68c8784ed34,0691230a-1250-4968-a4ea-bb039553c486,->,cbb2eb5b-1962-48ac-9823-8e425d916d3c,org/lwjgl/opengl/GL11.java,glVertex2f
cbb2eb5b-1962-48ac-9823-8e425d916d3c,cacbedff-e7bd-46c6-a51b-f68c8784ed34,0691230a-1250-4968-a4ea-bb039553c486,->,cbb2eb5b-1962-48ac-9823-8e425d916d3c,org/lwjgl/opengl/GL11.java,glVertex2f
cbb2eb5b-1962-48ac-9823-8e425d916d3c,cacbedff-e7bd-46c6-a51b-f68c8784ed34,0691230a-1250-4968-a4ea-bb039553c486,->,cbb2eb5b-1962-48ac-9823-8e425d916d3c,org/lwjgl/opengl/GL11.java,glVertex2f
cbb2eb5b-1962-48ac-9823-8e425d916d3c,cacbedff-e7bd-46c6-a51b-f68c8784ed34,0691230a-1250-4968-a4ea-bb039553c486,->,cbb2eb5b-1962-48ac-9823-8e425d916d3c,org/lwjgl/opengl/GL11.java,glVertex2f
cbb2eb5b-1962-48ac-9823-8e425d916d3c,cacbedff-e7bd-46c6-a51b-f68c8784ed34,0691230a-1250-4968-a4ea-bb039553c486,->,cbb2eb5b-1962-48ac-9823-8e425d916d3c,org/lwjgl/opengl/GL11.java,glEnd
cbb2eb5b-1962-48ac-9823-8e425d916d3c,cacbedff-e7bd-46c6-a51b-f68c8784ed34,0691230a-1250-4968-a4ea-bb039553c486,->,cbb2eb5b-1962-48ac-9823-8e425d916d3c,org/lwjgl/opengl/GL11.java,glColor3f
cbb2eb5b-1962-48ac-9823-8e425d916d3c,cacbedff-e7bd-46c6-a51b-f68c8784ed34,0691230a-1250-4968-a4ea-bb039553c486,->,cbb2eb5b-1962-48ac-9823-8e425d916d3c,org/lwjgl/opengl/GL11.java,glBegin
cbb2eb5b-1962-48ac-9823-8e425d916d3c,cacbedff-e7bd-46c6-a51b-f68c8784ed34,0691230a-1250-4968-a4ea-bb039553c486,->,cbb2eb5b-1962-48ac-9823-8e425d916d3c,org/lwjgl/opengl/GL11.java,glVertex2f
cbb2eb5b-1962-48ac-9823-8e425d916d3c,cacbedff-e7bd-46c6-a51b-f68c8784ed34,0691230a-1250-4968-a4ea-bb039553c486,->,cbb2eb5b-1962-48ac-9823-8e425d916d3c,org/lwjgl/opengl/GL11.java,glVertex2f
cbb2eb5b-1962-48ac-9823-8e425d916d3c,cacbedff-e7bd-46c6-a51b-f68c8784ed34,0691230a-1250-4968-a4ea-bb039553c486,->,cbb2eb5b-1962-48ac-9823-8e425d916d3c,org/lwjgl/opengl/GL11.java,glVertex2f
cbb2eb5b-1962-48ac-9823-8e425d916d3c,cacbedff-e7bd-46c6-a51b-f68c8784ed34,0691230a-1250-4968-a4ea-bb039553c486,->,cbb2eb5b-1962-48ac-9823-8e425d916d3c,org/lwjgl/opengl/GL11.java,glVertex2f
cbb2eb5b-1962-48ac-9823-8e425d916d3c,cacbedff-e7bd-46c6-a51b-f68c8784ed34,0691230a-1250-4968-a4ea-bb039553c486,->,cbb2eb5b-1962-48ac-9823-8e425d916d3c,org/lwjgl/opengl/GL11.java,glEnd
cbb2eb5b-1962-48ac-9823-8e425d916d3c,cacbedff-e7bd-46c6-a51b-f68c8784ed34,0691230a-1250-4968-a4ea-bb039553c486,->,cbb2eb5b-1962-48ac-9823-8e425d916d3c,org/lwjgl/opengl/GL11.java,glBegin
cbb2eb5b-1962-48ac-9823-8e425d916d3c,cacbedff-e7bd-46c6-a51b-f68c8784ed34,0691230a-1250-4968-a4ea-bb039553c486,->,cbb2eb5b-1962-48ac-9823-8e425d916d3c,org/lwjgl/opengl/GL11.java,glVertex2f
cbb2eb5b-1962-48ac-9823-8e425d916d3c,cacbedff-e7bd-46c6-a51b-f68c8784ed34,0691230a-1250-4968-a4ea-bb039553c486,->,cbb2eb5b-1962-48ac-9823-8e425d916d3c,org/lwjgl/opengl/GL11.java,glVertex2f
cbb2eb5b-1962-48ac-9823-8e425d916d3c,cacbedff-e7bd-46c6-a51b-f68c8784ed34,0691230a-1250-4968-a4ea-bb039553c486,->,cbb2eb5b-1962-48ac-9823-8e425d916d3c,org/lwjgl/opengl/GL11.java,glVertex2f
cbb2eb5b-1962-48ac-9823-8e425d916d3c,cacbedff-e7bd-46c6-a51b-f68c8784ed34,0691230a-1250-4968-a4ea-bb039553c486,->,cbb2eb5b-1962-48ac-9823-8e425d916d3c,org/lwjgl/opengl/GL11.java,glVertex2f
cbb2eb5b-1962-48ac-9823-8e425d916d3c,cacbedff-e7bd-46c6-a51b-f68c8784ed34,0691230a-1250-4968-a4ea-bb039553c486,->,cbb2eb5b-1962-48ac-9823-8e425d916d3c,org/lwjgl/opengl/GL11.java,glEnd
cbb2eb5b-1962-48ac-9823-8e425d916d3c,cacbedff-e7bd-46c6-a51b-f68c8784ed34,0691230a-1250-4968-a4ea-bb039553c486,->,cbb2eb5b-1962-48ac-9823-8e425d916d3c,org/lwjgl/opengl/GL11.java,glEnable
cbb2eb5b-1962-48ac-9823-8e425d916d3c,cacbedff-e7bd-46c6-a51b-f68c8784ed34,0691230a-1250-4968-a4ea-bb039553c486,->,cbb2eb5b-1962-48ac-9823-8e425d916d3c,d177ce1a-e305-4bd8-af86-8e633ce71dad,eb4c2561-c087-4770-9c56-fa3a2871fc2d
cbb2eb5b-1962-48ac-9823-8e425d916d3c,cacbedff-e7bd-46c6-a51b-f68c8784ed34,560d60df-16d4-41c0-8fb1-6d6d1f3d28aa,->,cbb2eb5b-1962-48ac-9823-8e425d916d3c,c6daa512-8880-4e28-b381-d962ebd7bb15,e24ae3e0-51d6-4a9e-9381-4237fba83b02
cbb2eb5b-1962-48ac-9823-8e425d916d3c,cacbedff-e7bd-46c6-a51b-f68c8784ed34,560d60df-16d4-41c0-8fb1-6d6d1f3d28aa,->,cbb2eb5b-1962-48ac-9823-8e425d916d3c,c6daa512-8880-4e28-b381-d962ebd7bb15,e24ae3e0-51d6-4a9e-9381-4237fba83b02
cbb2eb5b-1962-48ac-9823-8e425d916d3c,cacbedff-e7bd-46c6-a51b-f68c8784ed34,560d60df-16d4-41c0-8fb1-6d6d1f3d28aa,->,cbb2eb5b-1962-48ac-9823-8e425d916d3c,c6daa512-8880-4e28-b381-d962ebd7bb15,f530208a-2844-482c-b146-d92fc14be719
cbb2eb5b-1962-48ac-9823-8e425d916d3c,cacbedff-e7bd-46c6-a51b-f68c8784ed34,560d60df-16d4-41c0-8fb1-6d6d1f3d28aa,->,cbb2eb5b-1962-48ac-9823-8e425d916d3c,c6daa512-8880-4e28-b381-d962ebd7bb15,f530208a-2844-482c-b146-d92fc14be719
cbb2eb5b-1962-48ac-9823-8e425d916d3c,cacbedff-e7bd-46c6-a51b-f68c8784ed34,560d60df-16d4-41c0-8fb1-6d6d1f3d28aa,->,cbb2eb5b-1962-48ac-9823-8e425d916d3c,66819a52-6cde-4a4b-bc25-7d1969d8712a,3d6b5870-74e0-48d3-b1a1-3605bc42c8d6
cbb2eb5b-1962-48ac-9823-8e425d916d3c,cacbedff-e7bd-46c6-a51b-f68c8784ed34,560d60df-16d4-41c0-8fb1-6d6d1f3d28aa,->,cbb2eb5b-1962-48ac-9823-8e425d916d3c,java/util/ArrayList.java,iterator
cbb2eb5b-1962-48ac-9823-8e425d916d3c,cacbedff-e7bd-46c6-a51b-f68c8784ed34,560d60df-16d4-41c0-8fb1-6d6d1f3d28aa,->,cbb2eb5b-1962-48ac-9823-8e425d916d3c,java/util/Iterator.java,hasNext
cbb2eb5b-1962-48ac-9823-8e425d916d3c,cacbedff-e7bd-46c6-a51b-f68c8784ed34,560d60df-16d4-41c0-8fb1-6d6d1f3d28aa,->,cbb2eb5b-1962-48ac-9823-8e425d916d3c,java/util/Iterator.java,next
cbb2eb5b-1962-48ac-9823-8e425d916d3c,cacbedff-e7bd-46c6-a51b-f68c8784ed34,560d60df-16d4-41c0-8fb1-6d6d1f3d28aa,->,cbb2eb5b-1962-48ac-9823-8e425d916d3c,66819a52-6cde-4a4b-bc25-7d1969d8712a,9eadc3c4-f946-4fb3-81e0-0b5757e4605d
cbb2eb5b-1962-48ac-9823-8e425d916d3c,cacbedff-e7bd-46c6-a51b-f68c8784ed34,9d86ec2d-cd8f-4032-99f4-9775c6e52725,->,cbb2eb5b-1962-48ac-9823-8e425d916d3c,c6daa512-8880-4e28-b381-d962ebd7bb15,e24ae3e0-51d6-4a9e-9381-4237fba83b02
cbb2eb5b-1962-48ac-9823-8e425d916d3c,cacbedff-e7bd-46c6-a51b-f68c8784ed34,9d86ec2d-cd8f-4032-99f4-9775c6e52725,->,cbb2eb5b-1962-48ac-9823-8e425d916d3c,c6daa512-8880-4e28-b381-d962ebd7bb15,e24ae3e0-51d6-4a9e-9381-4237fba83b02
cbb2eb5b-1962-48ac-9823-8e425d916d3c,cacbedff-e7bd-46c6-a51b-f68c8784ed34,9d86ec2d-cd8f-4032-99f4-9775c6e52725,->,cbb2eb5b-1962-48ac-9823-8e425d916d3c,c6daa512-8880-4e28-b381-d962ebd7bb15,f530208a-2844-482c-b146-d92fc14be719
cbb2eb5b-1962-48ac-9823-8e425d916d3c,cacbedff-e7bd-46c6-a51b-f68c8784ed34,9d86ec2d-cd8f-4032-99f4-9775c6e52725,->,cbb2eb5b-1962-48ac-9823-8e425d916d3c,c6daa512-8880-4e28-b381-d962ebd7bb15,f530208a-2844-482c-b146-d92fc14be719
cbb2eb5b-1962-48ac-9823-8e425d916d3c,cacbedff-e7bd-46c6-a51b-f68c8784ed34,9d86ec2d-cd8f-4032-99f4-9775c6e52725,->,cbb2eb5b-1962-48ac-9823-8e425d916d3c,66819a52-6cde-4a4b-bc25-7d1969d8712a,aba4aa7c-1c34-446a-b257-e4e245df5c41
cbb2eb5b-1962-48ac-9823-8e425d916d3c,cacbedff-e7bd-46c6-a51b-f68c8784ed34,9d86ec2d-cd8f-4032-99f4-9775c6e52725,->,cbb2eb5b-1962-48ac-9823-8e425d916d3c,66819a52-6cde-4a4b-bc25-7d1969d8712a,9f0f6c4c-c49d-461e-b60a-8a49279002de
cbb2eb5b-1962-48ac-9823-8e425d916d3c,cacbedff-e7bd-46c6-a51b-f68c8784ed34,9d86ec2d-cd8f-4032-99f4-9775c6e52725,->,cbb2eb5b-1962-48ac-9823-8e425d916d3c,66819a52-6cde-4a4b-bc25-7d1969d8712a,9eadc3c4-f946-4fb3-81e0-0b5757e4605d
cbb2eb5b-1962-48ac-9823-8e425d916d3c,4feb4cd1-2c1b-421b-909e-153c73d0364d,66318af2-05e2-45d3-9af1-3d780ead1be4,->,cbb2eb5b-1962-48ac-9823-8e425d916d3c,org/lwjgl/opengl/GL11.java,glDisable
cbb2eb5b-1962-48ac-9823-8e425d916d3c,4feb4cd1-2c1b-421b-909e-153c73d0364d,66318af2-05e2-45d3-9af1-3d780ead1be4,->,cbb2eb5b-1962-48ac-9823-8e425d916d3c,org/lwjgl/opengl/GL11.java,glColor3f
cbb2eb5b-1962-48ac-9823-8e425d916d3c,4feb4cd1-2c1b-421b-909e-153c73d0364d,66318af2-05e2-45d3-9af1-3d780ead1be4,->,cbb2eb5b-1962-48ac-9823-8e425d916d3c,org/lwjgl/opengl/GL11.java,glBegin
cbb2eb5b-1962-48ac-9823-8e425d916d3c,4feb4cd1-2c1b-421b-909e-153c73d0364d,66318af2-05e2-45d3-9af1-3d780ead1be4,->,cbb2eb5b-1962-48ac-9823-8e425d916d3c,org/lwjgl/opengl/GL11.java,glVertex2f
cbb2eb5b-1962-48ac-9823-8e425d916d3c,4feb4cd1-2c1b-421b-909e-153c73d0364d,66318af2-05e2-45d3-9af1-3d780ead1be4,->,cbb2eb5b-1962-48ac-9823-8e425d916d3c,org/lwjgl/opengl/GL11.java,glVertex2f
cbb2eb5b-1962-48ac-9823-8e425d916d3c,4feb4cd1-2c1b-421b-909e-153c73d0364d,66318af2-05e2-45d3-9af1-3d780ead1be4,->,cbb2eb5b-1962-48ac-9823-8e425d916d3c,org/lwjgl/opengl/GL11.java,glVertex2f
cbb2eb5b-1962-48ac-9823-8e425d916d3c,4feb4cd1-2c1b-421b-909e-153c73d0364d,66318af2-05e2-45d3-9af1-3d780ead1be4,->,cbb2eb5b-1962-48ac-9823-8e425d916d3c,org/lwjgl/opengl/GL11.java,glVertex2f
cbb2eb5b-1962-48ac-9823-8e425d916d3c,4feb4cd1-2c1b-421b-909e-153c73d0364d,66318af2-05e2-45d3-9af1-3d780ead1be4,->,cbb2eb5b-1962-48ac-9823-8e425d916d3c,org/lwjgl/opengl/GL11.java,glEnd
cbb2eb5b-1962-48ac-9823-8e425d916d3c,4feb4cd1-2c1b-421b-909e-153c73d0364d,66318af2-05e2-45d3-9af1-3d780ead1be4,->,cbb2eb5b-1962-48ac-9823-8e425d916d3c,org/lwjgl/opengl/GL11.java,glColor3f
cbb2eb5b-1962-48ac-9823-8e425d916d3c,4feb4cd1-2c1b-421b-909e-153c73d0364d,66318af2-05e2-45d3-9af1-3d780ead1be4,->,cbb2eb5b-1962-48ac-9823-8e425d916d3c,org/lwjgl/opengl/GL11.java,glBegin
cbb2eb5b-1962-48ac-9823-8e425d916d3c,4feb4cd1-2c1b-421b-909e-153c73d0364d,66318af2-05e2-45d3-9af1-3d780ead1be4,->,cbb2eb5b-1962-48ac-9823-8e425d916d3c,org/lwjgl/opengl/GL11.java,glVertex2f
cbb2eb5b-1962-48ac-9823-8e425d916d3c,4feb4cd1-2c1b-421b-909e-153c73d0364d,66318af2-05e2-45d3-9af1-3d780ead1be4,->,cbb2eb5b-1962-48ac-9823-8e425d916d3c,org/lwjgl/opengl/GL11.java,glVertex2f
cbb2eb5b-1962-48ac-9823-8e425d916d3c,4feb4cd1-2c1b-421b-909e-153c73d0364d,66318af2-05e2-45d3-9af1-3d780ead1be4,->,cbb2eb5b-1962-48ac-9823-8e425d916d3c,org/lwjgl/opengl/GL11.java,glVertex2f
cbb2eb5b-1962-48ac-9823-8e425d916d3c,4feb4cd1-2c1b-421b-909e-153c73d0364d,66318af2-05e2-45d3-9af1-3d780ead1be4,->,cbb2eb5b-1962-48ac-9823-8e425d916d3c,org/lwjgl/opengl/GL11.java,glVertex2f
cbb2eb5b-1962-48ac-9823-8e425d916d3c,4feb4cd1-2c1b-421b-909e-153c73d0364d,66318af2-05e2-45d3-9af1-3d780ead1be4,->,cbb2eb5b-1962-48ac-9823-8e425d916d3c,org/lwjgl/opengl/GL11.java,glEnd
cbb2eb5b-1962-48ac-9823-8e425d916d3c,4feb4cd1-2c1b-421b-909e-153c73d0364d,66318af2-05e2-45d3-9af1-3d780ead1be4,->,cbb2eb5b-1962-48ac-9823-8e425d916d3c,org/lwjgl/opengl/GL11.java,glColor3f
cbb2eb5b-1962-48ac-9823-8e425d916d3c,4feb4cd1-2c1b-421b-909e-153c73d0364d,66318af2-05e2-45d3-9af1-3d780ead1be4,->,cbb2eb5b-1962-48ac-9823-8e425d916d3c,org/lwjgl/opengl/GL11.java,glBegin
cbb2eb5b-1962-48ac-9823-8e425d916d3c,4feb4cd1-2c1b-421b-909e-153c73d0364d,66318af2-05e2-45d3-9af1-3d780ead1be4,->,cbb2eb5b-1962-48ac-9823-8e425d916d3c,org/lwjgl/opengl/GL11.java,glVertex2f
cbb2eb5b-1962-48ac-9823-8e425d916d3c,4feb4cd1-2c1b-421b-909e-153c73d0364d,66318af2-05e2-45d3-9af1-3d780ead1be4,->,cbb2eb5b-1962-48ac-9823-8e425d916d3c,org/lwjgl/opengl/GL11.java,glVertex2f
cbb2eb5b-1962-48ac-9823-8e425d916d3c,4feb4cd1-2c1b-421b-909e-153c73d0364d,66318af2-05e2-45d3-9af1-3d780ead1be4,->,cbb2eb5b-1962-48ac-9823-8e425d916d3c,org/lwjgl/opengl/GL11.java,glVertex2f
cbb2eb5b-1962-48ac-9823-8e425d916d3c,4feb4cd1-2c1b-421b-909e-153c73d0364d,66318af2-05e2-45d3-9af1-3d780ead1be4,->,cbb2eb5b-1962-48ac-9823-8e425d916d3c,org/lwjgl/opengl/GL11.java,glVertex2f
cbb2eb5b-1962-48ac-9823-8e425d916d3c,4feb4cd1-2c1b-421b-909e-153c73d0364d,66318af2-05e2-45d3-9af1-3d780ead1be4,->,cbb2eb5b-1962-48ac-9823-8e425d916d3c,org/lwjgl/opengl/GL11.java,glEnd
cbb2eb5b-1962-48ac-9823-8e425d916d3c,4feb4cd1-2c1b-421b-909e-153c73d0364d,66318af2-05e2-45d3-9af1-3d780ead1be4,->,cbb2eb5b-1962-48ac-9823-8e425d916d3c,org/lwjgl/opengl/GL11.java,glColor3f
cbb2eb5b-1962-48ac-9823-8e425d916d3c,4feb4cd1-2c1b-421b-909e-153c73d0364d,66318af2-05e2-45d3-9af1-3d780ead1be4,->,cbb2eb5b-1962-48ac-9823-8e425d916d3c,org/lwjgl/opengl/GL11.java,glBegin
cbb2eb5b-1962-48ac-9823-8e425d916d3c,4feb4cd1-2c1b-421b-909e-153c73d0364d,66318af2-05e2-45d3-9af1-3d780ead1be4,->,cbb2eb5b-1962-48ac-9823-8e425d916d3c,org/lwjgl/opengl/GL11.java,glVertex2f
cbb2eb5b-1962-48ac-9823-8e425d916d3c,4feb4cd1-2c1b-421b-909e-153c73d0364d,66318af2-05e2-45d3-9af1-3d780ead1be4,->,cbb2eb5b-1962-48ac-9823-8e425d916d3c,org/lwjgl/opengl/GL11.java,glVertex2f
cbb2eb5b-1962-48ac-9823-8e425d916d3c,4feb4cd1-2c1b-421b-909e-153c73d0364d,66318af2-05e2-45d3-9af1-3d780ead1be4,->,cbb2eb5b-1962-48ac-9823-8e425d916d3c,org/lwjgl/opengl/GL11.java,glVertex2f
cbb2eb5b-1962-48ac-9823-8e425d916d3c,4feb4cd1-2c1b-421b-909e-153c73d0364d,66318af2-05e2-45d3-9af1-3d780ead1be4,->,cbb2eb5b-1962-48ac-9823-8e425d916d3c,org/lwjgl/opengl/GL11.java,glVertex2f
cbb2eb5b-1962-48ac-9823-8e425d916d3c,4feb4cd1-2c1b-421b-909e-153c73d0364d,66318af2-05e2-45d3-9af1-3d780ead1be4,->,cbb2eb5b-1962-48ac-9823-8e425d916d3c,org/lwjgl/opengl/GL11.java,glEnd
cbb2eb5b-1962-48ac-9823-8e425d916d3c,4feb4cd1-2c1b-421b-909e-153c73d0364d,66318af2-05e2-45d3-9af1-3d780ead1be4,->,cbb2eb5b-1962-48ac-9823-8e425d916d3c,org/lwjgl/opengl/GL11.java,glEnable
cbb2eb5b-1962-48ac-9823-8e425d916d3c,4feb4cd1-2c1b-421b-909e-153c73d0364d,66318af2-05e2-45d3-9af1-3d780ead1be4,->,cbb2eb5b-1962-48ac-9823-8e425d916d3c,java/lang/String.java,length
cbb2eb5b-1962-48ac-9823-8e425d916d3c,4feb4cd1-2c1b-421b-909e-153c73d0364d,66318af2-05e2-45d3-9af1-3d780ead1be4,->,cbb2eb5b-1962-48ac-9823-8e425d916d3c,d177ce1a-e305-4bd8-af86-8e633ce71dad,eb4c2561-c087-4770-9c56-fa3a2871fc2d
cbb2eb5b-1962-48ac-9823-8e425d916d3c,4feb4cd1-2c1b-421b-909e-153c73d0364d,66318af2-05e2-45d3-9af1-3d780ead1be4,->,cbb2eb5b-1962-48ac-9823-8e425d916d3c,java/util/ArrayList.java,size
cbb2eb5b-1962-48ac-9823-8e425d916d3c,4feb4cd1-2c1b-421b-909e-153c73d0364d,66318af2-05e2-45d3-9af1-3d780ead1be4,->,cbb2eb5b-1962-48ac-9823-8e425d916d3c,org/lwjgl/opengl/GL11.java,glDisable
cbb2eb5b-1962-48ac-9823-8e425d916d3c,4feb4cd1-2c1b-421b-909e-153c73d0364d,66318af2-05e2-45d3-9af1-3d780ead1be4,->,cbb2eb5b-1962-48ac-9823-8e425d916d3c,java/util/ArrayList.java,get
cbb2eb5b-1962-48ac-9823-8e425d916d3c,4feb4cd1-2c1b-421b-909e-153c73d0364d,66318af2-05e2-45d3-9af1-3d780ead1be4,->,cbb2eb5b-1962-48ac-9823-8e425d916d3c,org/lwjgl/opengl/GL11.java,glColor3f
cbb2eb5b-1962-48ac-9823-8e425d916d3c,4feb4cd1-2c1b-421b-909e-153c73d0364d,66318af2-05e2-45d3-9af1-3d780ead1be4,->,cbb2eb5b-1962-48ac-9823-8e425d916d3c,org/lwjgl/opengl/GL11.java,glBegin
cbb2eb5b-1962-48ac-9823-8e425d916d3c,4feb4cd1-2c1b-421b-909e-153c73d0364d,66318af2-05e2-45d3-9af1-3d780ead1be4,->,cbb2eb5b-1962-48ac-9823-8e425d916d3c,org/lwjgl/opengl/GL11.java,glVertex2f
cbb2eb5b-1962-48ac-9823-8e425d916d3c,4feb4cd1-2c1b-421b-909e-153c73d0364d,66318af2-05e2-45d3-9af1-3d780ead1be4,->,cbb2eb5b-1962-48ac-9823-8e425d916d3c,org/lwjgl/opengl/GL11.java,glVertex2f
cbb2eb5b-1962-48ac-9823-8e425d916d3c,4feb4cd1-2c1b-421b-909e-153c73d0364d,66318af2-05e2-45d3-9af1-3d780ead1be4,->,cbb2eb5b-1962-48ac-9823-8e425d916d3c,org/lwjgl/opengl/GL11.java,glVertex2f
cbb2eb5b-1962-48ac-9823-8e425d916d3c,4feb4cd1-2c1b-421b-909e-153c73d0364d,66318af2-05e2-45d3-9af1-3d780ead1be4,->,cbb2eb5b-1962-48ac-9823-8e425d916d3c,org/lwjgl/opengl/GL11.java,glVertex2f
cbb2eb5b-1962-48ac-9823-8e425d916d3c,4feb4cd1-2c1b-421b-909e-153c73d0364d,66318af2-05e2-45d3-9af1-3d780ead1be4,->,cbb2eb5b-1962-48ac-9823-8e425d916d3c,org/lwjgl/opengl/GL11.java,glEnd
cbb2eb5b-1962-48ac-9823-8e425d916d3c,4feb4cd1-2c1b-421b-909e-153c73d0364d,66318af2-05e2-45d3-9af1-3d780ead1be4,->,cbb2eb5b-1962-48ac-9823-8e425d916d3c,org/lwjgl/opengl/GL11.java,glColor3f
cbb2eb5b-1962-48ac-9823-8e425d916d3c,4feb4cd1-2c1b-421b-909e-153c73d0364d,66318af2-05e2-45d3-9af1-3d780ead1be4,->,cbb2eb5b-1962-48ac-9823-8e425d916d3c,org/lwjgl/opengl/GL11.java,glBegin
cbb2eb5b-1962-48ac-9823-8e425d916d3c,4feb4cd1-2c1b-421b-909e-153c73d0364d,66318af2-05e2-45d3-9af1-3d780ead1be4,->,cbb2eb5b-1962-48ac-9823-8e425d916d3c,org/lwjgl/opengl/GL11.java,glVertex2f
cbb2eb5b-1962-48ac-9823-8e425d916d3c,4feb4cd1-2c1b-421b-909e-153c73d0364d,66318af2-05e2-45d3-9af1-3d780ead1be4,->,cbb2eb5b-1962-48ac-9823-8e425d916d3c,org/lwjgl/opengl/GL11.java,glVertex2f
cbb2eb5b-1962-48ac-9823-8e425d916d3c,4feb4cd1-2c1b-421b-909e-153c73d0364d,66318af2-05e2-45d3-9af1-3d780ead1be4,->,cbb2eb5b-1962-48ac-9823-8e425d916d3c,org/lwjgl/opengl/GL11.java,glVertex2f
cbb2eb5b-1962-48ac-9823-8e425d916d3c,4feb4cd1-2c1b-421b-909e-153c73d0364d,66318af2-05e2-45d3-9af1-3d780ead1be4,->,cbb2eb5b-1962-48ac-9823-8e425d916d3c,org/lwjgl/opengl/GL11.java,glVertex2f
cbb2eb5b-1962-48ac-9823-8e425d916d3c,4feb4cd1-2c1b-421b-909e-153c73d0364d,66318af2-05e2-45d3-9af1-3d780ead1be4,->,cbb2eb5b-1962-48ac-9823-8e425d916d3c,org/lwjgl/opengl/GL11.java,glEnd
cbb2eb5b-1962-48ac-9823-8e425d916d3c,4feb4cd1-2c1b-421b-909e-153c73d0364d,66318af2-05e2-45d3-9af1-3d780ead1be4,->,cbb2eb5b-1962-48ac-9823-8e425d916d3c,org/lwjgl/opengl/GL11.java,glEnable
cbb2eb5b-1962-48ac-9823-8e425d916d3c,4feb4cd1-2c1b-421b-909e-153c73d0364d,66318af2-05e2-45d3-9af1-3d780ead1be4,->,cbb2eb5b-1962-48ac-9823-8e425d916d3c,java/util/ArrayList.java,get
cbb2eb5b-1962-48ac-9823-8e425d916d3c,4feb4cd1-2c1b-421b-909e-153c73d0364d,66318af2-05e2-45d3-9af1-3d780ead1be4,->,cbb2eb5b-1962-48ac-9823-8e425d916d3c,06dac729-eebd-4878-b2b4-d23744d04d73,8f6f69c9-bb3b-4ed5-a347-001ac3e5584e
cbb2eb5b-1962-48ac-9823-8e425d916d3c,4feb4cd1-2c1b-421b-909e-153c73d0364d,66318af2-05e2-45d3-9af1-3d780ead1be4,->,cbb2eb5b-1962-48ac-9823-8e425d916d3c,d177ce1a-e305-4bd8-af86-8e633ce71dad,eb4c2561-c087-4770-9c56-fa3a2871fc2d
cbb2eb5b-1962-48ac-9823-8e425d916d3c,4feb4cd1-2c1b-421b-909e-153c73d0364d,66318af2-05e2-45d3-9af1-3d780ead1be4,->,cbb2eb5b-1962-48ac-9823-8e425d916d3c,06dac729-eebd-4878-b2b4-d23744d04d73,dad2e4a4-5169-49cd-9e85-cc5428487146
cbb2eb5b-1962-48ac-9823-8e425d916d3c,4feb4cd1-2c1b-421b-909e-153c73d0364d,66318af2-05e2-45d3-9af1-3d780ead1be4,->,cbb2eb5b-1962-48ac-9823-8e425d916d3c,java/lang/String.java,length
cbb2eb5b-1962-48ac-9823-8e425d916d3c,4feb4cd1-2c1b-421b-909e-153c73d0364d,66318af2-05e2-45d3-9af1-3d780ead1be4,->,cbb2eb5b-1962-48ac-9823-8e425d916d3c,java/lang/String.java,length
cbb2eb5b-1962-48ac-9823-8e425d916d3c,4feb4cd1-2c1b-421b-909e-153c73d0364d,66318af2-05e2-45d3-9af1-3d780ead1be4,->,cbb2eb5b-1962-48ac-9823-8e425d916d3c,java/lang/String.java,substring
cbb2eb5b-1962-48ac-9823-8e425d916d3c,4feb4cd1-2c1b-421b-909e-153c73d0364d,66318af2-05e2-45d3-9af1-3d780ead1be4,->,cbb2eb5b-1962-48ac-9823-8e425d916d3c,java/lang/String.java,length
cbb2eb5b-1962-48ac-9823-8e425d916d3c,4feb4cd1-2c1b-421b-909e-153c73d0364d,66318af2-05e2-45d3-9af1-3d780ead1be4,->,cbb2eb5b-1962-48ac-9823-8e425d916d3c,java/lang/String.java,substring
cbb2eb5b-1962-48ac-9823-8e425d916d3c,4feb4cd1-2c1b-421b-909e-153c73d0364d,66318af2-05e2-45d3-9af1-3d780ead1be4,->,cbb2eb5b-1962-48ac-9823-8e425d916d3c,d177ce1a-e305-4bd8-af86-8e633ce71dad,cfc6ac83-cb3f-4643-992f-51db4728a5f7
cbb2eb5b-1962-48ac-9823-8e425d916d3c,4feb4cd1-2c1b-421b-909e-153c73d0364d,66318af2-05e2-45d3-9af1-3d780ead1be4,->,cbb2eb5b-1962-48ac-9823-8e425d916d3c,org/lwjgl/opengl/GL11.java,glDisable
cbb2eb5b-1962-48ac-9823-8e425d916d3c,4feb4cd1-2c1b-421b-909e-153c73d0364d,66318af2-05e2-45d3-9af1-3d780ead1be4,->,cbb2eb5b-1962-48ac-9823-8e425d916d3c,org/lwjgl/opengl/GL11.java,glColor3f
cbb2eb5b-1962-48ac-9823-8e425d916d3c,4feb4cd1-2c1b-421b-909e-153c73d0364d,66318af2-05e2-45d3-9af1-3d780ead1be4,->,cbb2eb5b-1962-48ac-9823-8e425d916d3c,org/lwjgl/opengl/GL11.java,glBegin
cbb2eb5b-1962-48ac-9823-8e425d916d3c,4feb4cd1-2c1b-421b-909e-153c73d0364d,66318af2-05e2-45d3-9af1-3d780ead1be4,->,cbb2eb5b-1962-48ac-9823-8e425d916d3c,org/lwjgl/opengl/GL11.java,glVertex2f
cbb2eb5b-1962-48ac-9823-8e425d916d3c,4feb4cd1-2c1b-421b-909e-153c73d0364d,66318af2-05e2-45d3-9af1-3d780ead1be4,->,cbb2eb5b-1962-48ac-9823-8e425d916d3c,org/lwjgl/opengl/GL11.java,glVertex2f
cbb2eb5b-1962-48ac-9823-8e425d916d3c,4feb4cd1-2c1b-421b-909e-153c73d0364d,66318af2-05e2-45d3-9af1-3d780ead1be4,->,cbb2eb5b-1962-48ac-9823-8e425d916d3c,org/lwjgl/opengl/GL11.java,glVertex2f
cbb2eb5b-1962-48ac-9823-8e425d916d3c,4feb4cd1-2c1b-421b-909e-153c73d0364d,66318af2-05e2-45d3-9af1-3d780ead1be4,->,cbb2eb5b-1962-48ac-9823-8e425d916d3c,org/lwjgl/opengl/GL11.java,glEnd
cbb2eb5b-1962-48ac-9823-8e425d916d3c,4feb4cd1-2c1b-421b-909e-153c73d0364d,66318af2-05e2-45d3-9af1-3d780ead1be4,->,cbb2eb5b-1962-48ac-9823-8e425d916d3c,org/lwjgl/opengl/GL11.java,glEnable
cbb2eb5b-1962-48ac-9823-8e425d916d3c,4feb4cd1-2c1b-421b-909e-153c73d0364d,66318af2-05e2-45d3-9af1-3d780ead1be4,->,cbb2eb5b-1962-48ac-9823-8e425d916d3c,org/lwjgl/opengl/GL11.java,glDisable
cbb2eb5b-1962-48ac-9823-8e425d916d3c,4feb4cd1-2c1b-421b-909e-153c73d0364d,66318af2-05e2-45d3-9af1-3d780ead1be4,->,cbb2eb5b-1962-48ac-9823-8e425d916d3c,org/lwjgl/opengl/GL11.java,glColor3f
cbb2eb5b-1962-48ac-9823-8e425d916d3c,4feb4cd1-2c1b-421b-909e-153c73d0364d,66318af2-05e2-45d3-9af1-3d780ead1be4,->,cbb2eb5b-1962-48ac-9823-8e425d916d3c,org/lwjgl/opengl/GL11.java,glBegin
cbb2eb5b-1962-48ac-9823-8e425d916d3c,4feb4cd1-2c1b-421b-909e-153c73d0364d,66318af2-05e2-45d3-9af1-3d780ead1be4,->,cbb2eb5b-1962-48ac-9823-8e425d916d3c,org/lwjgl/opengl/GL11.java,glVertex2f
cbb2eb5b-1962-48ac-9823-8e425d916d3c,4feb4cd1-2c1b-421b-909e-153c73d0364d,66318af2-05e2-45d3-9af1-3d780ead1be4,->,cbb2eb5b-1962-48ac-9823-8e425d916d3c,org/lwjgl/opengl/GL11.java,glVertex2f
cbb2eb5b-1962-48ac-9823-8e425d916d3c,4feb4cd1-2c1b-421b-909e-153c73d0364d,66318af2-05e2-45d3-9af1-3d780ead1be4,->,cbb2eb5b-1962-48ac-9823-8e425d916d3c,org/lwjgl/opengl/GL11.java,glVertex2f
cbb2eb5b-1962-48ac-9823-8e425d916d3c,4feb4cd1-2c1b-421b-909e-153c73d0364d,66318af2-05e2-45d3-9af1-3d780ead1be4,->,cbb2eb5b-1962-48ac-9823-8e425d916d3c,org/lwjgl/opengl/GL11.java,glEnd
cbb2eb5b-1962-48ac-9823-8e425d916d3c,4feb4cd1-2c1b-421b-909e-153c73d0364d,66318af2-05e2-45d3-9af1-3d780ead1be4,->,cbb2eb5b-1962-48ac-9823-8e425d916d3c,org/lwjgl/opengl/GL11.java,glEnable
cbb2eb5b-1962-48ac-9823-8e425d916d3c,4feb4cd1-2c1b-421b-909e-153c73d0364d,66318af2-05e2-45d3-9af1-3d780ead1be4,->,cbb2eb5b-1962-48ac-9823-8e425d916d3c,06dac729-eebd-4878-b2b4-d23744d04d73,c2b157df-f6da-4077-aced-2850efaaef54
cbb2eb5b-1962-48ac-9823-8e425d916d3c,4feb4cd1-2c1b-421b-909e-153c73d0364d,66318af2-05e2-45d3-9af1-3d780ead1be4,->,cbb2eb5b-1962-48ac-9823-8e425d916d3c,4feb4cd1-2c1b-421b-909e-153c73d0364d,f7e02283-6a3a-4e27-a0f8-3fb13c4c4efa
cbb2eb5b-1962-48ac-9823-8e425d916d3c,4feb4cd1-2c1b-421b-909e-153c73d0364d,66318af2-05e2-45d3-9af1-3d780ead1be4,->,cbb2eb5b-1962-48ac-9823-8e425d916d3c,java/lang/String.java,length
cbb2eb5b-1962-48ac-9823-8e425d916d3c,4feb4cd1-2c1b-421b-909e-153c73d0364d,66318af2-05e2-45d3-9af1-3d780ead1be4,->,cbb2eb5b-1962-48ac-9823-8e425d916d3c,org/lwjgl/opengl/GL11.java,glDisable
cbb2eb5b-1962-48ac-9823-8e425d916d3c,4feb4cd1-2c1b-421b-909e-153c73d0364d,66318af2-05e2-45d3-9af1-3d780ead1be4,->,cbb2eb5b-1962-48ac-9823-8e425d916d3c,org/lwjgl/opengl/GL11.java,glColor3f
cbb2eb5b-1962-48ac-9823-8e425d916d3c,4feb4cd1-2c1b-421b-909e-153c73d0364d,66318af2-05e2-45d3-9af1-3d780ead1be4,->,cbb2eb5b-1962-48ac-9823-8e425d916d3c,org/lwjgl/opengl/GL11.java,glBegin
cbb2eb5b-1962-48ac-9823-8e425d916d3c,4feb4cd1-2c1b-421b-909e-153c73d0364d,66318af2-05e2-45d3-9af1-3d780ead1be4,->,cbb2eb5b-1962-48ac-9823-8e425d916d3c,org/lwjgl/opengl/GL11.java,glVertex2f
cbb2eb5b-1962-48ac-9823-8e425d916d3c,4feb4cd1-2c1b-421b-909e-153c73d0364d,66318af2-05e2-45d3-9af1-3d780ead1be4,->,cbb2eb5b-1962-48ac-9823-8e425d916d3c,org/lwjgl/opengl/GL11.java,glVertex2f
cbb2eb5b-1962-48ac-9823-8e425d916d3c,4feb4cd1-2c1b-421b-909e-153c73d0364d,66318af2-05e2-45d3-9af1-3d780ead1be4,->,cbb2eb5b-1962-48ac-9823-8e425d916d3c,org/lwjgl/opengl/GL11.java,glVertex2f
cbb2eb5b-1962-48ac-9823-8e425d916d3c,4feb4cd1-2c1b-421b-909e-153c73d0364d,66318af2-05e2-45d3-9af1-3d780ead1be4,->,cbb2eb5b-1962-48ac-9823-8e425d916d3c,org/lwjgl/opengl/GL11.java,glEnd
cbb2eb5b-1962-48ac-9823-8e425d916d3c,4feb4cd1-2c1b-421b-909e-153c73d0364d,66318af2-05e2-45d3-9af1-3d780ead1be4,->,cbb2eb5b-1962-48ac-9823-8e425d916d3c,org/lwjgl/opengl/GL11.java,glEnable
cbb2eb5b-1962-48ac-9823-8e425d916d3c,4feb4cd1-2c1b-421b-909e-153c73d0364d,fe24c0e7-0393-41db-9151-ab462c4e080f,->,cbb2eb5b-1962-48ac-9823-8e425d916d3c,c6daa512-8880-4e28-b381-d962ebd7bb15,e24ae3e0-51d6-4a9e-9381-4237fba83b02
cbb2eb5b-1962-48ac-9823-8e425d916d3c,4feb4cd1-2c1b-421b-909e-153c73d0364d,fe24c0e7-0393-41db-9151-ab462c4e080f,->,cbb2eb5b-1962-48ac-9823-8e425d916d3c,c6daa512-8880-4e28-b381-d962ebd7bb15,f530208a-2844-482c-b146-d92fc14be719
cbb2eb5b-1962-48ac-9823-8e425d916d3c,4feb4cd1-2c1b-421b-909e-153c73d0364d,fe24c0e7-0393-41db-9151-ab462c4e080f,->,cbb2eb5b-1962-48ac-9823-8e425d916d3c,java/util/ArrayList.java,size
cbb2eb5b-1962-48ac-9823-8e425d916d3c,4feb4cd1-2c1b-421b-909e-153c73d0364d,fe24c0e7-0393-41db-9151-ab462c4e080f,->,cbb2eb5b-1962-48ac-9823-8e425d916d3c,java/util/ArrayList.java,get
cbb2eb5b-1962-48ac-9823-8e425d916d3c,4feb4cd1-2c1b-421b-909e-153c73d0364d,fe24c0e7-0393-41db-9151-ab462c4e080f,->,cbb2eb5b-1962-48ac-9823-8e425d916d3c,06dac729-eebd-4878-b2b4-d23744d04d73,dad2e4a4-5169-49cd-9e85-cc5428487146
cbb2eb5b-1962-48ac-9823-8e425d916d3c,4feb4cd1-2c1b-421b-909e-153c73d0364d,fe24c0e7-0393-41db-9151-ab462c4e080f,->,cbb2eb5b-1962-48ac-9823-8e425d916d3c,java/lang/String.java,length
cbb2eb5b-1962-48ac-9823-8e425d916d3c,4feb4cd1-2c1b-421b-909e-153c73d0364d,f7e02283-6a3a-4e27-a0f8-3fb13c4c4efa,->,cbb2eb5b-1962-48ac-9823-8e425d916d3c,c6daa512-8880-4e28-b381-d962ebd7bb15,e24ae3e0-51d6-4a9e-9381-4237fba83b02
cbb2eb5b-1962-48ac-9823-8e425d916d3c,4feb4cd1-2c1b-421b-909e-153c73d0364d,f7e02283-6a3a-4e27-a0f8-3fb13c4c4efa,->,cbb2eb5b-1962-48ac-9823-8e425d916d3c,c6daa512-8880-4e28-b381-d962ebd7bb15,f530208a-2844-482c-b146-d92fc14be719
cbb2eb5b-1962-48ac-9823-8e425d916d3c,4feb4cd1-2c1b-421b-909e-153c73d0364d,f7e02283-6a3a-4e27-a0f8-3fb13c4c4efa,->,cbb2eb5b-1962-48ac-9823-8e425d916d3c,06dac729-eebd-4878-b2b4-d23744d04d73,c2b157df-f6da-4077-aced-2850efaaef54
cbb2eb5b-1962-48ac-9823-8e425d916d3c,4feb4cd1-2c1b-421b-909e-153c73d0364d,f7e02283-6a3a-4e27-a0f8-3fb13c4c4efa,->,cbb2eb5b-1962-48ac-9823-8e425d916d3c,d177ce1a-e305-4bd8-af86-8e633ce71dad,cfc6ac83-cb3f-4643-992f-51db4728a5f7
cbb2eb5b-1962-48ac-9823-8e425d916d3c,4feb4cd1-2c1b-421b-909e-153c73d0364d,f7e02283-6a3a-4e27-a0f8-3fb13c4c4efa,->,cbb2eb5b-1962-48ac-9823-8e425d916d3c,org/lwjgl/opengl/GL11.java,glDisable
cbb2eb5b-1962-48ac-9823-8e425d916d3c,4feb4cd1-2c1b-421b-909e-153c73d0364d,f7e02283-6a3a-4e27-a0f8-3fb13c4c4efa,->,cbb2eb5b-1962-48ac-9823-8e425d916d3c,org/lwjgl/opengl/GL11.java,glColor3f
cbb2eb5b-1962-48ac-9823-8e425d916d3c,4feb4cd1-2c1b-421b-909e-153c73d0364d,f7e02283-6a3a-4e27-a0f8-3fb13c4c4efa,->,cbb2eb5b-1962-48ac-9823-8e425d916d3c,org/lwjgl/opengl/GL11.java,glBegin
cbb2eb5b-1962-48ac-9823-8e425d916d3c,4feb4cd1-2c1b-421b-909e-153c73d0364d,f7e02283-6a3a-4e27-a0f8-3fb13c4c4efa,->,cbb2eb5b-1962-48ac-9823-8e425d916d3c,org/lwjgl/opengl/GL11.java,glVertex2f
cbb2eb5b-1962-48ac-9823-8e425d916d3c,4feb4cd1-2c1b-421b-909e-153c73d0364d,f7e02283-6a3a-4e27-a0f8-3fb13c4c4efa,->,cbb2eb5b-1962-48ac-9823-8e425d916d3c,org/lwjgl/opengl/GL11.java,glVertex2f
cbb2eb5b-1962-48ac-9823-8e425d916d3c,4feb4cd1-2c1b-421b-909e-153c73d0364d,f7e02283-6a3a-4e27-a0f8-3fb13c4c4efa,->,cbb2eb5b-1962-48ac-9823-8e425d916d3c,org/lwjgl/opengl/GL11.java,glVertex2f
cbb2eb5b-1962-48ac-9823-8e425d916d3c,4feb4cd1-2c1b-421b-909e-153c73d0364d,f7e02283-6a3a-4e27-a0f8-3fb13c4c4efa,->,cbb2eb5b-1962-48ac-9823-8e425d916d3c,org/lwjgl/opengl/GL11.java,glVertex2f
cbb2eb5b-1962-48ac-9823-8e425d916d3c,4feb4cd1-2c1b-421b-909e-153c73d0364d,f7e02283-6a3a-4e27-a0f8-3fb13c4c4efa,->,cbb2eb5b-1962-48ac-9823-8e425d916d3c,org/lwjgl/opengl/GL11.java,glEnd
cbb2eb5b-1962-48ac-9823-8e425d916d3c,4feb4cd1-2c1b-421b-909e-153c73d0364d,f7e02283-6a3a-4e27-a0f8-3fb13c4c4efa,->,cbb2eb5b-1962-48ac-9823-8e425d916d3c,org/lwjgl/opengl/GL11.java,glEnable
cbb2eb5b-1962-48ac-9823-8e425d916d3c,4feb4cd1-2c1b-421b-909e-153c73d0364d,f7e02283-6a3a-4e27-a0f8-3fb13c4c4efa,->,cbb2eb5b-1962-48ac-9823-8e425d916d3c,org/lwjgl/opengl/GL11.java,glColor3f
cbb2eb5b-1962-48ac-9823-8e425d916d3c,4feb4cd1-2c1b-421b-909e-153c73d0364d,f7e02283-6a3a-4e27-a0f8-3fb13c4c4efa,->,cbb2eb5b-1962-48ac-9823-8e425d916d3c,77c0f95d-a4ee-4892-9b9f-3920e28b6b18,7faa9310-49a3-4f73-8c77-015c456bc8f7
cbb2eb5b-1962-48ac-9823-8e425d916d3c,4feb4cd1-2c1b-421b-909e-153c73d0364d,054c6291-36fd-4f58-be36-0794c2f71b97,->,cbb2eb5b-1962-48ac-9823-8e425d916d3c,4feb4cd1-2c1b-421b-909e-153c73d0364d,f02e05ff-ca5c-474f-af09-e90ecbaa6b74
cbb2eb5b-1962-48ac-9823-8e425d916d3c,4feb4cd1-2c1b-421b-909e-153c73d0364d,054c6291-36fd-4f58-be36-0794c2f71b97,->,cbb2eb5b-1962-48ac-9823-8e425d916d3c,java/util/ArrayList.java,add
cbb2eb5b-1962-48ac-9823-8e425d916d3c,4feb4cd1-2c1b-421b-909e-153c73d0364d,f02e05ff-ca5c-474f-af09-e90ecbaa6b74,->,cbb2eb5b-1962-48ac-9823-8e425d916d3c,java/util/ArrayList.java,size
cbb2eb5b-1962-48ac-9823-8e425d916d3c,64194da5-ac32-434b-b6b6-d2b7f8c60649,7c7c4988-1a67-4b05-b808-15f40891c452,->,cbb2eb5b-1962-48ac-9823-8e425d916d3c,java/util/ArrayList.java,size
cbb2eb5b-1962-48ac-9823-8e425d916d3c,64194da5-ac32-434b-b6b6-d2b7f8c60649,7c7c4988-1a67-4b05-b808-15f40891c452,->,cbb2eb5b-1962-48ac-9823-8e425d916d3c,c6daa512-8880-4e28-b381-d962ebd7bb15,e24ae3e0-51d6-4a9e-9381-4237fba83b02
cbb2eb5b-1962-48ac-9823-8e425d916d3c,64194da5-ac32-434b-b6b6-d2b7f8c60649,7c7c4988-1a67-4b05-b808-15f40891c452,->,cbb2eb5b-1962-48ac-9823-8e425d916d3c,c6daa512-8880-4e28-b381-d962ebd7bb15,f530208a-2844-482c-b146-d92fc14be719
cbb2eb5b-1962-48ac-9823-8e425d916d3c,64194da5-ac32-434b-b6b6-d2b7f8c60649,7c7c4988-1a67-4b05-b808-15f40891c452,->,cbb2eb5b-1962-48ac-9823-8e425d916d3c,2a73a00e-fea6-42f9-a76a-1761e9b302d6,38144d0b-a95e-4dc4-a1c5-97d9aaf9d81e
cbb2eb5b-1962-48ac-9823-8e425d916d3c,64194da5-ac32-434b-b6b6-d2b7f8c60649,7c7c4988-1a67-4b05-b808-15f40891c452,->,cbb2eb5b-1962-48ac-9823-8e425d916d3c,2a73a00e-fea6-42f9-a76a-1761e9b302d6,49930a2e-e661-4706-b2f4-037abaf8bc9f
cbb2eb5b-1962-48ac-9823-8e425d916d3c,64194da5-ac32-434b-b6b6-d2b7f8c60649,7c7c4988-1a67-4b05-b808-15f40891c452,->,cbb2eb5b-1962-48ac-9823-8e425d916d3c,org/lwjgl/opengl/GL11.java,glDisable
cbb2eb5b-1962-48ac-9823-8e425d916d3c,64194da5-ac32-434b-b6b6-d2b7f8c60649,7c7c4988-1a67-4b05-b808-15f40891c452,->,cbb2eb5b-1962-48ac-9823-8e425d916d3c,org/lwjgl/opengl/GL11.java,glColor3f
cbb2eb5b-1962-48ac-9823-8e425d916d3c,64194da5-ac32-434b-b6b6-d2b7f8c60649,7c7c4988-1a67-4b05-b808-15f40891c452,->,cbb2eb5b-1962-48ac-9823-8e425d916d3c,org/lwjgl/opengl/GL11.java,glBegin
cbb2eb5b-1962-48ac-9823-8e425d916d3c,64194da5-ac32-434b-b6b6-d2b7f8c60649,7c7c4988-1a67-4b05-b808-15f40891c452,->,cbb2eb5b-1962-48ac-9823-8e425d916d3c,org/lwjgl/opengl/GL11.java,glVertex2f
cbb2eb5b-1962-48ac-9823-8e425d916d3c,64194da5-ac32-434b-b6b6-d2b7f8c60649,7c7c4988-1a67-4b05-b808-15f40891c452,->,cbb2eb5b-1962-48ac-9823-8e425d916d3c,org/lwjgl/opengl/GL11.java,glVertex2f
cbb2eb5b-1962-48ac-9823-8e425d916d3c,64194da5-ac32-434b-b6b6-d2b7f8c60649,7c7c4988-1a67-4b05-b808-15f40891c452,->,cbb2eb5b-1962-48ac-9823-8e425d916d3c,org/lwjgl/opengl/GL11.java,glVertex2f
cbb2eb5b-1962-48ac-9823-8e425d916d3c,64194da5-ac32-434b-b6b6-d2b7f8c60649,7c7c4988-1a67-4b05-b808-15f40891c452,->,cbb2eb5b-1962-48ac-9823-8e425d916d3c,org/lwjgl/opengl/GL11.java,glVertex2f
cbb2eb5b-1962-48ac-9823-8e425d916d3c,64194da5-ac32-434b-b6b6-d2b7f8c60649,7c7c4988-1a67-4b05-b808-15f40891c452,->,cbb2eb5b-1962-48ac-9823-8e425d916d3c,org/lwjgl/opengl/GL11.java,glEnd
cbb2eb5b-1962-48ac-9823-8e425d916d3c,64194da5-ac32-434b-b6b6-d2b7f8c60649,7c7c4988-1a67-4b05-b808-15f40891c452,->,cbb2eb5b-1962-48ac-9823-8e425d916d3c,org/lwjgl/opengl/GL11.java,glColor3f
cbb2eb5b-1962-48ac-9823-8e425d916d3c,64194da5-ac32-434b-b6b6-d2b7f8c60649,7c7c4988-1a67-4b05-b808-15f40891c452,->,cbb2eb5b-1962-48ac-9823-8e425d916d3c,org/lwjgl/opengl/GL11.java,glBegin
cbb2eb5b-1962-48ac-9823-8e425d916d3c,64194da5-ac32-434b-b6b6-d2b7f8c60649,7c7c4988-1a67-4b05-b808-15f40891c452,->,cbb2eb5b-1962-48ac-9823-8e425d916d3c,org/lwjgl/opengl/GL11.java,glVertex2f
cbb2eb5b-1962-48ac-9823-8e425d916d3c,64194da5-ac32-434b-b6b6-d2b7f8c60649,7c7c4988-1a67-4b05-b808-15f40891c452,->,cbb2eb5b-1962-48ac-9823-8e425d916d3c,org/lwjgl/opengl/GL11.java,glVertex2f
cbb2eb5b-1962-48ac-9823-8e425d916d3c,64194da5-ac32-434b-b6b6-d2b7f8c60649,7c7c4988-1a67-4b05-b808-15f40891c452,->,cbb2eb5b-1962-48ac-9823-8e425d916d3c,org/lwjgl/opengl/GL11.java,glVertex2f
cbb2eb5b-1962-48ac-9823-8e425d916d3c,64194da5-ac32-434b-b6b6-d2b7f8c60649,7c7c4988-1a67-4b05-b808-15f40891c452,->,cbb2eb5b-1962-48ac-9823-8e425d916d3c,org/lwjgl/opengl/GL11.java,glVertex2f
cbb2eb5b-1962-48ac-9823-8e425d916d3c,64194da5-ac32-434b-b6b6-d2b7f8c60649,7c7c4988-1a67-4b05-b808-15f40891c452,->,cbb2eb5b-1962-48ac-9823-8e425d916d3c,org/lwjgl/opengl/GL11.java,glEnd
cbb2eb5b-1962-48ac-9823-8e425d916d3c,64194da5-ac32-434b-b6b6-d2b7f8c60649,7c7c4988-1a67-4b05-b808-15f40891c452,->,cbb2eb5b-1962-48ac-9823-8e425d916d3c,org/lwjgl/opengl/GL11.java,glEnable
cbb2eb5b-1962-48ac-9823-8e425d916d3c,64194da5-ac32-434b-b6b6-d2b7f8c60649,7c7c4988-1a67-4b05-b808-15f40891c452,->,cbb2eb5b-1962-48ac-9823-8e425d916d3c,java/util/ArrayList.java,iterator
cbb2eb5b-1962-48ac-9823-8e425d916d3c,64194da5-ac32-434b-b6b6-d2b7f8c60649,7c7c4988-1a67-4b05-b808-15f40891c452,->,cbb2eb5b-1962-48ac-9823-8e425d916d3c,java/util/Iterator.java,hasNext
cbb2eb5b-1962-48ac-9823-8e425d916d3c,64194da5-ac32-434b-b6b6-d2b7f8c60649,7c7c4988-1a67-4b05-b808-15f40891c452,->,cbb2eb5b-1962-48ac-9823-8e425d916d3c,java/util/Iterator.java,next
cbb2eb5b-1962-48ac-9823-8e425d916d3c,64194da5-ac32-434b-b6b6-d2b7f8c60649,7c7c4988-1a67-4b05-b808-15f40891c452,->,cbb2eb5b-1962-48ac-9823-8e425d916d3c,java/util/ArrayList.java,indexOf
cbb2eb5b-1962-48ac-9823-8e425d916d3c,64194da5-ac32-434b-b6b6-d2b7f8c60649,7c7c4988-1a67-4b05-b808-15f40891c452,->,cbb2eb5b-1962-48ac-9823-8e425d916d3c,org/lwjgl/opengl/GL11.java,glDisable
cbb2eb5b-1962-48ac-9823-8e425d916d3c,64194da5-ac32-434b-b6b6-d2b7f8c60649,7c7c4988-1a67-4b05-b808-15f40891c452,->,cbb2eb5b-1962-48ac-9823-8e425d916d3c,org/lwjgl/opengl/GL11.java,glColor3f
cbb2eb5b-1962-48ac-9823-8e425d916d3c,64194da5-ac32-434b-b6b6-d2b7f8c60649,7c7c4988-1a67-4b05-b808-15f40891c452,->,cbb2eb5b-1962-48ac-9823-8e425d916d3c,org/lwjgl/opengl/GL11.java,glBegin
cbb2eb5b-1962-48ac-9823-8e425d916d3c,64194da5-ac32-434b-b6b6-d2b7f8c60649,7c7c4988-1a67-4b05-b808-15f40891c452,->,cbb2eb5b-1962-48ac-9823-8e425d916d3c,org/lwjgl/opengl/GL11.java,glVertex2f
cbb2eb5b-1962-48ac-9823-8e425d916d3c,64194da5-ac32-434b-b6b6-d2b7f8c60649,7c7c4988-1a67-4b05-b808-15f40891c452,->,cbb2eb5b-1962-48ac-9823-8e425d916d3c,org/lwjgl/opengl/GL11.java,glVertex2f
cbb2eb5b-1962-48ac-9823-8e425d916d3c,64194da5-ac32-434b-b6b6-d2b7f8c60649,7c7c4988-1a67-4b05-b808-15f40891c452,->,cbb2eb5b-1962-48ac-9823-8e425d916d3c,org/lwjgl/opengl/GL11.java,glVertex2f
cbb2eb5b-1962-48ac-9823-8e425d916d3c,64194da5-ac32-434b-b6b6-d2b7f8c60649,7c7c4988-1a67-4b05-b808-15f40891c452,->,cbb2eb5b-1962-48ac-9823-8e425d916d3c,org/lwjgl/opengl/GL11.java,glVertex2f
cbb2eb5b-1962-48ac-9823-8e425d916d3c,64194da5-ac32-434b-b6b6-d2b7f8c60649,7c7c4988-1a67-4b05-b808-15f40891c452,->,cbb2eb5b-1962-48ac-9823-8e425d916d3c,org/lwjgl/opengl/GL11.java,glEnd
cbb2eb5b-1962-48ac-9823-8e425d916d3c,64194da5-ac32-434b-b6b6-d2b7f8c60649,7c7c4988-1a67-4b05-b808-15f40891c452,->,cbb2eb5b-1962-48ac-9823-8e425d916d3c,org/lwjgl/opengl/GL11.java,glEnable
cbb2eb5b-1962-48ac-9823-8e425d916d3c,64194da5-ac32-434b-b6b6-d2b7f8c60649,7c7c4988-1a67-4b05-b808-15f40891c452,->,cbb2eb5b-1962-48ac-9823-8e425d916d3c,org/lwjgl/opengl/GL11.java,glColor3f
cbb2eb5b-1962-48ac-9823-8e425d916d3c,64194da5-ac32-434b-b6b6-d2b7f8c60649,7c7c4988-1a67-4b05-b808-15f40891c452,->,cbb2eb5b-1962-48ac-9823-8e425d916d3c,77c0f95d-a4ee-4892-9b9f-3920e28b6b18,7faa9310-49a3-4f73-8c77-015c456bc8f7
cbb2eb5b-1962-48ac-9823-8e425d916d3c,64194da5-ac32-434b-b6b6-d2b7f8c60649,7c7c4988-1a67-4b05-b808-15f40891c452,->,cbb2eb5b-1962-48ac-9823-8e425d916d3c,77c0f95d-a4ee-4892-9b9f-3920e28b6b18,2f82c74c-f9e4-4dcd-9f07-d3ef5aaec665
cbb2eb5b-1962-48ac-9823-8e425d916d3c,64194da5-ac32-434b-b6b6-d2b7f8c60649,7c7c4988-1a67-4b05-b808-15f40891c452,->,cbb2eb5b-1962-48ac-9823-8e425d916d3c,java/lang/Integer.java,toString
cbb2eb5b-1962-48ac-9823-8e425d916d3c,64194da5-ac32-434b-b6b6-d2b7f8c60649,7c7c4988-1a67-4b05-b808-15f40891c452,->,cbb2eb5b-1962-48ac-9823-8e425d916d3c,77c0f95d-a4ee-4892-9b9f-3920e28b6b18,8c31ecd4-dd7a-46cc-9e73-5ea4fa8fb64e
cbb2eb5b-1962-48ac-9823-8e425d916d3c,64194da5-ac32-434b-b6b6-d2b7f8c60649,7c7c4988-1a67-4b05-b808-15f40891c452,->,cbb2eb5b-1962-48ac-9823-8e425d916d3c,java/lang/String.java,length
cbb2eb5b-1962-48ac-9823-8e425d916d3c,64194da5-ac32-434b-b6b6-d2b7f8c60649,7c7c4988-1a67-4b05-b808-15f40891c452,->,cbb2eb5b-1962-48ac-9823-8e425d916d3c,d177ce1a-e305-4bd8-af86-8e633ce71dad,eb4c2561-c087-4770-9c56-fa3a2871fc2d
cbb2eb5b-1962-48ac-9823-8e425d916d3c,64194da5-ac32-434b-b6b6-d2b7f8c60649,7c7c4988-1a67-4b05-b808-15f40891c452,->,cbb2eb5b-1962-48ac-9823-8e425d916d3c,778b8e83-f100-4f18-bc26-1055a60efbd6,68b3c81b-0a0d-4d7f-b5b7-91404379865c
cbb2eb5b-1962-48ac-9823-8e425d916d3c,64194da5-ac32-434b-b6b6-d2b7f8c60649,7c7c4988-1a67-4b05-b808-15f40891c452,->,cbb2eb5b-1962-48ac-9823-8e425d916d3c,8a0f5404-d388-47dd-a794-513c804a1ada,04aeec51-b90d-41cd-9362-d9c6a4bb40ae
cbb2eb5b-1962-48ac-9823-8e425d916d3c,64194da5-ac32-434b-b6b6-d2b7f8c60649,44f0042d-2c63-4ad7-a07e-203da29906db,->,cbb2eb5b-1962-48ac-9823-8e425d916d3c,java/util/ArrayList.java,size
cbb2eb5b-1962-48ac-9823-8e425d916d3c,64194da5-ac32-434b-b6b6-d2b7f8c60649,44f0042d-2c63-4ad7-a07e-203da29906db,->,cbb2eb5b-1962-48ac-9823-8e425d916d3c,c6daa512-8880-4e28-b381-d962ebd7bb15,e24ae3e0-51d6-4a9e-9381-4237fba83b02
cbb2eb5b-1962-48ac-9823-8e425d916d3c,64194da5-ac32-434b-b6b6-d2b7f8c60649,44f0042d-2c63-4ad7-a07e-203da29906db,->,cbb2eb5b-1962-48ac-9823-8e425d916d3c,c6daa512-8880-4e28-b381-d962ebd7bb15,f530208a-2844-482c-b146-d92fc14be719
cbb2eb5b-1962-48ac-9823-8e425d916d3c,64194da5-ac32-434b-b6b6-d2b7f8c60649,44f0042d-2c63-4ad7-a07e-203da29906db,->,cbb2eb5b-1962-48ac-9823-8e425d916d3c,2a73a00e-fea6-42f9-a76a-1761e9b302d6,38144d0b-a95e-4dc4-a1c5-97d9aaf9d81e
cbb2eb5b-1962-48ac-9823-8e425d916d3c,64194da5-ac32-434b-b6b6-d2b7f8c60649,44f0042d-2c63-4ad7-a07e-203da29906db,->,cbb2eb5b-1962-48ac-9823-8e425d916d3c,java/util/ArrayList.java,iterator
cbb2eb5b-1962-48ac-9823-8e425d916d3c,64194da5-ac32-434b-b6b6-d2b7f8c60649,44f0042d-2c63-4ad7-a07e-203da29906db,->,cbb2eb5b-1962-48ac-9823-8e425d916d3c,java/util/Iterator.java,hasNext
cbb2eb5b-1962-48ac-9823-8e425d916d3c,64194da5-ac32-434b-b6b6-d2b7f8c60649,44f0042d-2c63-4ad7-a07e-203da29906db,->,cbb2eb5b-1962-48ac-9823-8e425d916d3c,java/util/Iterator.java,next
cbb2eb5b-1962-48ac-9823-8e425d916d3c,64194da5-ac32-434b-b6b6-d2b7f8c60649,44f0042d-2c63-4ad7-a07e-203da29906db,->,cbb2eb5b-1962-48ac-9823-8e425d916d3c,java/util/ArrayList.java,indexOf
cbb2eb5b-1962-48ac-9823-8e425d916d3c,64194da5-ac32-434b-b6b6-d2b7f8c60649,44f0042d-2c63-4ad7-a07e-203da29906db,->,cbb2eb5b-1962-48ac-9823-8e425d916d3c,java/util/ArrayList.java,get
cbb2eb5b-1962-48ac-9823-8e425d916d3c,64194da5-ac32-434b-b6b6-d2b7f8c60649,44f0042d-2c63-4ad7-a07e-203da29906db,->,cbb2eb5b-1962-48ac-9823-8e425d916d3c,77c0f95d-a4ee-4892-9b9f-3920e28b6b18,2f82c74c-f9e4-4dcd-9f07-d3ef5aaec665
cbb2eb5b-1962-48ac-9823-8e425d916d3c,64194da5-ac32-434b-b6b6-d2b7f8c60649,44f0042d-2c63-4ad7-a07e-203da29906db,->,cbb2eb5b-1962-48ac-9823-8e425d916d3c,77c0f95d-a4ee-4892-9b9f-3920e28b6b18,4e06a2e6-42b0-49f4-9fd0-27c136347e2d
cbb2eb5b-1962-48ac-9823-8e425d916d3c,64194da5-ac32-434b-b6b6-d2b7f8c60649,44f0042d-2c63-4ad7-a07e-203da29906db,->,cbb2eb5b-1962-48ac-9823-8e425d916d3c,3b79f692-309a-4965-8e8b-48440ac3289a,4d138f36-a702-4d82-9816-3a2d0c6c84bc
cbb2eb5b-1962-48ac-9823-8e425d916d3c,64194da5-ac32-434b-b6b6-d2b7f8c60649,44f0042d-2c63-4ad7-a07e-203da29906db,->,cbb2eb5b-1962-48ac-9823-8e425d916d3c,java/util/ArrayList.java,remove
cbb2eb5b-1962-48ac-9823-8e425d916d3c,64194da5-ac32-434b-b6b6-d2b7f8c60649,44f0042d-2c63-4ad7-a07e-203da29906db,->,cbb2eb5b-1962-48ac-9823-8e425d916d3c,java/util/ArrayList.java,isEmpty
cbb2eb5b-1962-48ac-9823-8e425d916d3c,64194da5-ac32-434b-b6b6-d2b7f8c60649,44f0042d-2c63-4ad7-a07e-203da29906db,->,cbb2eb5b-1962-48ac-9823-8e425d916d3c,77c0f95d-a4ee-4892-9b9f-3920e28b6b18,ea0ada97-5400-4a7f-984c-230f51d2e268
cbb2eb5b-1962-48ac-9823-8e425d916d3c,2a73a00e-fea6-42f9-a76a-1761e9b302d6,9aae48a2-f0cc-4c1a-8dfd-a7faea32135c,->,cbb2eb5b-1962-48ac-9823-8e425d916d3c,c6daa512-8880-4e28-b381-d962ebd7bb15,e24ae3e0-51d6-4a9e-9381-4237fba83b02
cbb2eb5b-1962-48ac-9823-8e425d916d3c,2a73a00e-fea6-42f9-a76a-1761e9b302d6,9aae48a2-f0cc-4c1a-8dfd-a7faea32135c,->,cbb2eb5b-1962-48ac-9823-8e425d916d3c,c6daa512-8880-4e28-b381-d962ebd7bb15,f530208a-2844-482c-b146-d92fc14be719
cbb2eb5b-1962-48ac-9823-8e425d916d3c,2a73a00e-fea6-42f9-a76a-1761e9b302d6,9aae48a2-f0cc-4c1a-8dfd-a7faea32135c,->,cbb2eb5b-1962-48ac-9823-8e425d916d3c,c6daa512-8880-4e28-b381-d962ebd7bb15,10f8c789-c4a0-495c-b60f-f5a0a95f1d8a
cbb2eb5b-1962-48ac-9823-8e425d916d3c,2a73a00e-fea6-42f9-a76a-1761e9b302d6,9aae48a2-f0cc-4c1a-8dfd-a7faea32135c,->,cbb2eb5b-1962-48ac-9823-8e425d916d3c,c6daa512-8880-4e28-b381-d962ebd7bb15,dc2cd17f-331b-42ea-95ed-33752067a553
cbb2eb5b-1962-48ac-9823-8e425d916d3c,2a73a00e-fea6-42f9-a76a-1761e9b302d6,9aae48a2-f0cc-4c1a-8dfd-a7faea32135c,->,cbb2eb5b-1962-48ac-9823-8e425d916d3c,d177ce1a-e305-4bd8-af86-8e633ce71dad,cfc6ac83-cb3f-4643-992f-51db4728a5f7
cbb2eb5b-1962-48ac-9823-8e425d916d3c,2a73a00e-fea6-42f9-a76a-1761e9b302d6,9aae48a2-f0cc-4c1a-8dfd-a7faea32135c,->,cbb2eb5b-1962-48ac-9823-8e425d916d3c,3b79f692-309a-4965-8e8b-48440ac3289a,1b53f71c-c098-4b8d-ace5-1318130a81e0
cbb2eb5b-1962-48ac-9823-8e425d916d3c,2a73a00e-fea6-42f9-a76a-1761e9b302d6,9aae48a2-f0cc-4c1a-8dfd-a7faea32135c,->,cbb2eb5b-1962-48ac-9823-8e425d916d3c,4feb4cd1-2c1b-421b-909e-153c73d0364d,66318af2-05e2-45d3-9af1-3d780ead1be4
cbb2eb5b-1962-48ac-9823-8e425d916d3c,2a73a00e-fea6-42f9-a76a-1761e9b302d6,9aae48a2-f0cc-4c1a-8dfd-a7faea32135c,->,cbb2eb5b-1962-48ac-9823-8e425d916d3c,e02449a2-e715-4c75-9402-738d0df32077,44be5ff7-bcab-4136-9920-2a3a0b4f6831
cbb2eb5b-1962-48ac-9823-8e425d916d3c,2a73a00e-fea6-42f9-a76a-1761e9b302d6,9aae48a2-f0cc-4c1a-8dfd-a7faea32135c,->,cbb2eb5b-1962-48ac-9823-8e425d916d3c,cacbedff-e7bd-46c6-a51b-f68c8784ed34,a72af8ec-41a9-4f95-8183-e685c1fd6773
cbb2eb5b-1962-48ac-9823-8e425d916d3c,2a73a00e-fea6-42f9-a76a-1761e9b302d6,9aae48a2-f0cc-4c1a-8dfd-a7faea32135c,->,cbb2eb5b-1962-48ac-9823-8e425d916d3c,2a73a00e-fea6-42f9-a76a-1761e9b302d6,c63377b4-3cd6-491c-9569-f0ecd2c5a7b8
cbb2eb5b-1962-48ac-9823-8e425d916d3c,2a73a00e-fea6-42f9-a76a-1761e9b302d6,9aae48a2-f0cc-4c1a-8dfd-a7faea32135c,->,cbb2eb5b-1962-48ac-9823-8e425d916d3c,2a73a00e-fea6-42f9-a76a-1761e9b302d6,1a5771c3-c4a6-40b3-82dc-cc4ff256e0a4
cbb2eb5b-1962-48ac-9823-8e425d916d3c,2a73a00e-fea6-42f9-a76a-1761e9b302d6,9aae48a2-f0cc-4c1a-8dfd-a7faea32135c,->,cbb2eb5b-1962-48ac-9823-8e425d916d3c,64194da5-ac32-434b-b6b6-d2b7f8c60649,7c7c4988-1a67-4b05-b808-15f40891c452
cbb2eb5b-1962-48ac-9823-8e425d916d3c,2a73a00e-fea6-42f9-a76a-1761e9b302d6,9aae48a2-f0cc-4c1a-8dfd-a7faea32135c,->,cbb2eb5b-1962-48ac-9823-8e425d916d3c,2a73a00e-fea6-42f9-a76a-1761e9b302d6,21cc0620-0922-4901-a9f4-b75833657b5e
cbb2eb5b-1962-48ac-9823-8e425d916d3c,2a73a00e-fea6-42f9-a76a-1761e9b302d6,9aae48a2-f0cc-4c1a-8dfd-a7faea32135c,->,cbb2eb5b-1962-48ac-9823-8e425d916d3c,org/lwjgl/input/Mouse.java,getX
cbb2eb5b-1962-48ac-9823-8e425d916d3c,2a73a00e-fea6-42f9-a76a-1761e9b302d6,9aae48a2-f0cc-4c1a-8dfd-a7faea32135c,->,cbb2eb5b-1962-48ac-9823-8e425d916d3c,org/lwjgl/input/Mouse.java,getY
cbb2eb5b-1962-48ac-9823-8e425d916d3c,2a73a00e-fea6-42f9-a76a-1761e9b302d6,9aae48a2-f0cc-4c1a-8dfd-a7faea32135c,->,cbb2eb5b-1962-48ac-9823-8e425d916d3c,77c0f95d-a4ee-4892-9b9f-3920e28b6b18,7faa9310-49a3-4f73-8c77-015c456bc8f7
cbb2eb5b-1962-48ac-9823-8e425d916d3c,2a73a00e-fea6-42f9-a76a-1761e9b302d6,69145f3f-bf21-4f64-a773-0e4f549e49c6,->,cbb2eb5b-1962-48ac-9823-8e425d916d3c,org/lwjgl/input/Mouse.java,next
cbb2eb5b-1962-48ac-9823-8e425d916d3c,2a73a00e-fea6-42f9-a76a-1761e9b302d6,69145f3f-bf21-4f64-a773-0e4f549e49c6,->,cbb2eb5b-1962-48ac-9823-8e425d916d3c,org/lwjgl/input/Keyboard.java,next
cbb2eb5b-1962-48ac-9823-8e425d916d3c,2a73a00e-fea6-42f9-a76a-1761e9b302d6,69145f3f-bf21-4f64-a773-0e4f549e49c6,->,cbb2eb5b-1962-48ac-9823-8e425d916d3c,0df73cfd-b47b-4313-87a4-7655478f053e,1dfb0526-e643-4f42-9d6c-fb0b75247a16
cbb2eb5b-1962-48ac-9823-8e425d916d3c,2a73a00e-fea6-42f9-a76a-1761e9b302d6,69145f3f-bf21-4f64-a773-0e4f549e49c6,->,cbb2eb5b-1962-48ac-9823-8e425d916d3c,2a73a00e-fea6-42f9-a76a-1761e9b302d6,9d8d32a4-b69c-410a-8ea2-19089f6163d0
cbb2eb5b-1962-48ac-9823-8e425d916d3c,2a73a00e-fea6-42f9-a76a-1761e9b302d6,69145f3f-bf21-4f64-a773-0e4f549e49c6,->,cbb2eb5b-1962-48ac-9823-8e425d916d3c,org/lwjgl/input/Keyboard.java,getEventKeyState
cbb2eb5b-1962-48ac-9823-8e425d916d3c,2a73a00e-fea6-42f9-a76a-1761e9b302d6,69145f3f-bf21-4f64-a773-0e4f549e49c6,->,cbb2eb5b-1962-48ac-9823-8e425d916d3c,2a73a00e-fea6-42f9-a76a-1761e9b302d6,431aa483-c441-405d-bdc6-a3ab6b738a83
cbb2eb5b-1962-48ac-9823-8e425d916d3c,2a73a00e-fea6-42f9-a76a-1761e9b302d6,69145f3f-bf21-4f64-a773-0e4f549e49c6,->,cbb2eb5b-1962-48ac-9823-8e425d916d3c,21d87c94-c398-435d-adaa-70fe75b4aa7e,f2a6a6e5-9136-4764-9707-d5d32591704b
cbb2eb5b-1962-48ac-9823-8e425d916d3c,2a73a00e-fea6-42f9-a76a-1761e9b302d6,69145f3f-bf21-4f64-a773-0e4f549e49c6,->,cbb2eb5b-1962-48ac-9823-8e425d916d3c,c6daa512-8880-4e28-b381-d962ebd7bb15,10f8c789-c4a0-495c-b60f-f5a0a95f1d8a
cbb2eb5b-1962-48ac-9823-8e425d916d3c,2a73a00e-fea6-42f9-a76a-1761e9b302d6,69145f3f-bf21-4f64-a773-0e4f549e49c6,->,cbb2eb5b-1962-48ac-9823-8e425d916d3c,c6daa512-8880-4e28-b381-d962ebd7bb15,dc2cd17f-331b-42ea-95ed-33752067a553
cbb2eb5b-1962-48ac-9823-8e425d916d3c,2a73a00e-fea6-42f9-a76a-1761e9b302d6,69145f3f-bf21-4f64-a773-0e4f549e49c6,->,cbb2eb5b-1962-48ac-9823-8e425d916d3c,2a73a00e-fea6-42f9-a76a-1761e9b302d6,e4270910-a8da-40ed-b4c8-23016f45d6c8
cbb2eb5b-1962-48ac-9823-8e425d916d3c,2a73a00e-fea6-42f9-a76a-1761e9b302d6,69145f3f-bf21-4f64-a773-0e4f549e49c6,->,cbb2eb5b-1962-48ac-9823-8e425d916d3c,org/lwjgl/input/Mouse.java,next
cbb2eb5b-1962-48ac-9823-8e425d916d3c,2a73a00e-fea6-42f9-a76a-1761e9b302d6,69145f3f-bf21-4f64-a773-0e4f549e49c6,->,cbb2eb5b-1962-48ac-9823-8e425d916d3c,org/lwjgl/input/Keyboard.java,next
cbb2eb5b-1962-48ac-9823-8e425d916d3c,2a73a00e-fea6-42f9-a76a-1761e9b302d6,9d8d32a4-b69c-410a-8ea2-19089f6163d0,->,cbb2eb5b-1962-48ac-9823-8e425d916d3c,org/lwjgl/input/Mouse.java,isButtonDown
cbb2eb5b-1962-48ac-9823-8e425d916d3c,2a73a00e-fea6-42f9-a76a-1761e9b302d6,9d8d32a4-b69c-410a-8ea2-19089f6163d0,->,cbb2eb5b-1962-48ac-9823-8e425d916d3c,088a29ed-1680-4435-bbf3-ed1981434abe,974e21f5-279e-4637-9f29-34e5257a895b
cbb2eb5b-1962-48ac-9823-8e425d916d3c,2a73a00e-fea6-42f9-a76a-1761e9b302d6,9d8d32a4-b69c-410a-8ea2-19089f6163d0,->,cbb2eb5b-1962-48ac-9823-8e425d916d3c,java/util/ArrayList.java,iterator
cbb2eb5b-1962-48ac-9823-8e425d916d3c,2a73a00e-fea6-42f9-a76a-1761e9b302d6,9d8d32a4-b69c-410a-8ea2-19089f6163d0,->,cbb2eb5b-1962-48ac-9823-8e425d916d3c,java/util/Iterator.java,hasNext
cbb2eb5b-1962-48ac-9823-8e425d916d3c,2a73a00e-fea6-42f9-a76a-1761e9b302d6,9d8d32a4-b69c-410a-8ea2-19089f6163d0,->,cbb2eb5b-1962-48ac-9823-8e425d916d3c,java/util/Iterator.java,next
cbb2eb5b-1962-48ac-9823-8e425d916d3c,2a73a00e-fea6-42f9-a76a-1761e9b302d6,9d8d32a4-b69c-410a-8ea2-19089f6163d0,->,cbb2eb5b-1962-48ac-9823-8e425d916d3c,c6daa512-8880-4e28-b381-d962ebd7bb15,e24ae3e0-51d6-4a9e-9381-4237fba83b02
cbb2eb5b-1962-48ac-9823-8e425d916d3c,2a73a00e-fea6-42f9-a76a-1761e9b302d6,9d8d32a4-b69c-410a-8ea2-19089f6163d0,->,cbb2eb5b-1962-48ac-9823-8e425d916d3c,org/lwjgl/input/Mouse.java,getX
cbb2eb5b-1962-48ac-9823-8e425d916d3c,2a73a00e-fea6-42f9-a76a-1761e9b302d6,9d8d32a4-b69c-410a-8ea2-19089f6163d0,->,cbb2eb5b-1962-48ac-9823-8e425d916d3c,c6daa512-8880-4e28-b381-d962ebd7bb15,f530208a-2844-482c-b146-d92fc14be719
cbb2eb5b-1962-48ac-9823-8e425d916d3c,2a73a00e-fea6-42f9-a76a-1761e9b302d6,9d8d32a4-b69c-410a-8ea2-19089f6163d0,->,cbb2eb5b-1962-48ac-9823-8e425d916d3c,org/lwjgl/input/Mouse.java,getY
cbb2eb5b-1962-48ac-9823-8e425d916d3c,2a73a00e-fea6-42f9-a76a-1761e9b302d6,9d8d32a4-b69c-410a-8ea2-19089f6163d0,->,cbb2eb5b-1962-48ac-9823-8e425d916d3c,845d8316-2c19-4e9a-82ae-1043b7dc327d,0721ffa3-d210-4da3-b62b-3666526e44d9
cbb2eb5b-1962-48ac-9823-8e425d916d3c,2a73a00e-fea6-42f9-a76a-1761e9b302d6,9d8d32a4-b69c-410a-8ea2-19089f6163d0,->,cbb2eb5b-1962-48ac-9823-8e425d916d3c,org/lwjgl/input/Mouse.java,isButtonDown
cbb2eb5b-1962-48ac-9823-8e425d916d3c,2a73a00e-fea6-42f9-a76a-1761e9b302d6,9d8d32a4-b69c-410a-8ea2-19089f6163d0,->,cbb2eb5b-1962-48ac-9823-8e425d916d3c,org/lwjgl/input/Mouse.java,isButtonDown
cbb2eb5b-1962-48ac-9823-8e425d916d3c,2a73a00e-fea6-42f9-a76a-1761e9b302d6,9d8d32a4-b69c-410a-8ea2-19089f6163d0,->,cbb2eb5b-1962-48ac-9823-8e425d916d3c,org/lwjgl/input/Mouse.java,getX
cbb2eb5b-1962-48ac-9823-8e425d916d3c,2a73a00e-fea6-42f9-a76a-1761e9b302d6,9d8d32a4-b69c-410a-8ea2-19089f6163d0,->,cbb2eb5b-1962-48ac-9823-8e425d916d3c,org/lwjgl/input/Mouse.java,getY
cbb2eb5b-1962-48ac-9823-8e425d916d3c,2a73a00e-fea6-42f9-a76a-1761e9b302d6,9d8d32a4-b69c-410a-8ea2-19089f6163d0,->,cbb2eb5b-1962-48ac-9823-8e425d916d3c,64194da5-ac32-434b-b6b6-d2b7f8c60649,44f0042d-2c63-4ad7-a07e-203da29906db
cbb2eb5b-1962-48ac-9823-8e425d916d3c,2a73a00e-fea6-42f9-a76a-1761e9b302d6,9d8d32a4-b69c-410a-8ea2-19089f6163d0,->,cbb2eb5b-1962-48ac-9823-8e425d916d3c,org/lwjgl/input/Mouse.java,getX
cbb2eb5b-1962-48ac-9823-8e425d916d3c,2a73a00e-fea6-42f9-a76a-1761e9b302d6,9d8d32a4-b69c-410a-8ea2-19089f6163d0,->,cbb2eb5b-1962-48ac-9823-8e425d916d3c,org/lwjgl/input/Mouse.java,getY
cbb2eb5b-1962-48ac-9823-8e425d916d3c,2a73a00e-fea6-42f9-a76a-1761e9b302d6,9d8d32a4-b69c-410a-8ea2-19089f6163d0,->,cbb2eb5b-1962-48ac-9823-8e425d916d3c,3b79f692-309a-4965-8e8b-48440ac3289a,c39162fd-6de3-4e30-84ea-b216801b57b8
cbb2eb5b-1962-48ac-9823-8e425d916d3c,2a73a00e-fea6-42f9-a76a-1761e9b302d6,9d8d32a4-b69c-410a-8ea2-19089f6163d0,->,cbb2eb5b-1962-48ac-9823-8e425d916d3c,org/lwjgl/input/Mouse.java,getX
cbb2eb5b-1962-48ac-9823-8e425d916d3c,2a73a00e-fea6-42f9-a76a-1761e9b302d6,9d8d32a4-b69c-410a-8ea2-19089f6163d0,->,cbb2eb5b-1962-48ac-9823-8e425d916d3c,org/lwjgl/input/Mouse.java,getY
cbb2eb5b-1962-48ac-9823-8e425d916d3c,2a73a00e-fea6-42f9-a76a-1761e9b302d6,9d8d32a4-b69c-410a-8ea2-19089f6163d0,->,cbb2eb5b-1962-48ac-9823-8e425d916d3c,e02449a2-e715-4c75-9402-738d0df32077,544d6f31-48e1-4015-9e71-a6a1bb909ea1
cbb2eb5b-1962-48ac-9823-8e425d916d3c,2a73a00e-fea6-42f9-a76a-1761e9b302d6,9d8d32a4-b69c-410a-8ea2-19089f6163d0,->,cbb2eb5b-1962-48ac-9823-8e425d916d3c,org/lwjgl/input/Mouse.java,getX
cbb2eb5b-1962-48ac-9823-8e425d916d3c,2a73a00e-fea6-42f9-a76a-1761e9b302d6,9d8d32a4-b69c-410a-8ea2-19089f6163d0,->,cbb2eb5b-1962-48ac-9823-8e425d916d3c,org/lwjgl/input/Mouse.java,getY
cbb2eb5b-1962-48ac-9823-8e425d916d3c,2a73a00e-fea6-42f9-a76a-1761e9b302d6,9d8d32a4-b69c-410a-8ea2-19089f6163d0,->,cbb2eb5b-1962-48ac-9823-8e425d916d3c,4feb4cd1-2c1b-421b-909e-153c73d0364d,fe24c0e7-0393-41db-9151-ab462c4e080f
cbb2eb5b-1962-48ac-9823-8e425d916d3c,2a73a00e-fea6-42f9-a76a-1761e9b302d6,9d8d32a4-b69c-410a-8ea2-19089f6163d0,->,cbb2eb5b-1962-48ac-9823-8e425d916d3c,org/lwjgl/input/Mouse.java,getX
cbb2eb5b-1962-48ac-9823-8e425d916d3c,2a73a00e-fea6-42f9-a76a-1761e9b302d6,9d8d32a4-b69c-410a-8ea2-19089f6163d0,->,cbb2eb5b-1962-48ac-9823-8e425d916d3c,org/lwjgl/input/Mouse.java,getY
cbb2eb5b-1962-48ac-9823-8e425d916d3c,2a73a00e-fea6-42f9-a76a-1761e9b302d6,9d8d32a4-b69c-410a-8ea2-19089f6163d0,->,cbb2eb5b-1962-48ac-9823-8e425d916d3c,cacbedff-e7bd-46c6-a51b-f68c8784ed34,0147b9f3-4a7b-4700-85ed-a82f4ee36324
cbb2eb5b-1962-48ac-9823-8e425d916d3c,2a73a00e-fea6-42f9-a76a-1761e9b302d6,9d8d32a4-b69c-410a-8ea2-19089f6163d0,->,cbb2eb5b-1962-48ac-9823-8e425d916d3c,org/lwjgl/input/Mouse.java,getX
cbb2eb5b-1962-48ac-9823-8e425d916d3c,2a73a00e-fea6-42f9-a76a-1761e9b302d6,9d8d32a4-b69c-410a-8ea2-19089f6163d0,->,cbb2eb5b-1962-48ac-9823-8e425d916d3c,org/lwjgl/input/Mouse.java,getY
cbb2eb5b-1962-48ac-9823-8e425d916d3c,2a73a00e-fea6-42f9-a76a-1761e9b302d6,9d8d32a4-b69c-410a-8ea2-19089f6163d0,->,cbb2eb5b-1962-48ac-9823-8e425d916d3c,21d87c94-c398-435d-adaa-70fe75b4aa7e,7ef2e01f-a2a9-475b-a275-88fc1e78d673
cbb2eb5b-1962-48ac-9823-8e425d916d3c,2a73a00e-fea6-42f9-a76a-1761e9b302d6,431aa483-c441-405d-bdc6-a3ab6b738a83,->,cbb2eb5b-1962-48ac-9823-8e425d916d3c,088a29ed-1680-4435-bbf3-ed1981434abe,974e21f5-279e-4637-9f29-34e5257a895b
cbb2eb5b-1962-48ac-9823-8e425d916d3c,2a73a00e-fea6-42f9-a76a-1761e9b302d6,431aa483-c441-405d-bdc6-a3ab6b738a83,->,cbb2eb5b-1962-48ac-9823-8e425d916d3c,21d87c94-c398-435d-adaa-70fe75b4aa7e,4f5d2df4-6f01-4e05-9eae-d9f1f52d15f4
cbb2eb5b-1962-48ac-9823-8e425d916d3c,2a73a00e-fea6-42f9-a76a-1761e9b302d6,431aa483-c441-405d-bdc6-a3ab6b738a83,->,cbb2eb5b-1962-48ac-9823-8e425d916d3c,org/lwjgl/input/Keyboard.java,getEventKey
cbb2eb5b-1962-48ac-9823-8e425d916d3c,2a73a00e-fea6-42f9-a76a-1761e9b302d6,431aa483-c441-405d-bdc6-a3ab6b738a83,->,cbb2eb5b-1962-48ac-9823-8e425d916d3c,org/lwjgl/input/Keyboard.java,getEventKey
cbb2eb5b-1962-48ac-9823-8e425d916d3c,2a73a00e-fea6-42f9-a76a-1761e9b302d6,431aa483-c441-405d-bdc6-a3ab6b738a83,->,cbb2eb5b-1962-48ac-9823-8e425d916d3c,088a29ed-1680-4435-bbf3-ed1981434abe,974e21f5-279e-4637-9f29-34e5257a895b
cbb2eb5b-1962-48ac-9823-8e425d916d3c,2a73a00e-fea6-42f9-a76a-1761e9b302d6,431aa483-c441-405d-bdc6-a3ab6b738a83,->,cbb2eb5b-1962-48ac-9823-8e425d916d3c,088a29ed-1680-4435-bbf3-ed1981434abe,be0db919-1b42-4bfe-91da-a72a13fa6955
cbb2eb5b-1962-48ac-9823-8e425d916d3c,2a73a00e-fea6-42f9-a76a-1761e9b302d6,431aa483-c441-405d-bdc6-a3ab6b738a83,->,cbb2eb5b-1962-48ac-9823-8e425d916d3c,088a29ed-1680-4435-bbf3-ed1981434abe,974e21f5-279e-4637-9f29-34e5257a895b
cbb2eb5b-1962-48ac-9823-8e425d916d3c,2a73a00e-fea6-42f9-a76a-1761e9b302d6,431aa483-c441-405d-bdc6-a3ab6b738a83,->,cbb2eb5b-1962-48ac-9823-8e425d916d3c,org/lwjgl/input/Keyboard.java,getEventKey
cbb2eb5b-1962-48ac-9823-8e425d916d3c,2a73a00e-fea6-42f9-a76a-1761e9b302d6,431aa483-c441-405d-bdc6-a3ab6b738a83,->,cbb2eb5b-1962-48ac-9823-8e425d916d3c,org/newdawn/slick/openal/Audio.java,playAsSoundEffect
cbb2eb5b-1962-48ac-9823-8e425d916d3c,2a73a00e-fea6-42f9-a76a-1761e9b302d6,431aa483-c441-405d-bdc6-a3ab6b738a83,->,cbb2eb5b-1962-48ac-9823-8e425d916d3c,088a29ed-1680-4435-bbf3-ed1981434abe,974e21f5-279e-4637-9f29-34e5257a895b
cbb2eb5b-1962-48ac-9823-8e425d916d3c,2a73a00e-fea6-42f9-a76a-1761e9b302d6,431aa483-c441-405d-bdc6-a3ab6b738a83,->,cbb2eb5b-1962-48ac-9823-8e425d916d3c,088a29ed-1680-4435-bbf3-ed1981434abe,be0db919-1b42-4bfe-91da-a72a13fa6955
cbb2eb5b-1962-48ac-9823-8e425d916d3c,2a73a00e-fea6-42f9-a76a-1761e9b302d6,431aa483-c441-405d-bdc6-a3ab6b738a83,->,cbb2eb5b-1962-48ac-9823-8e425d916d3c,org/lwjgl/input/Keyboard.java,getEventKey
cbb2eb5b-1962-48ac-9823-8e425d916d3c,2a73a00e-fea6-42f9-a76a-1761e9b302d6,431aa483-c441-405d-bdc6-a3ab6b738a83,->,cbb2eb5b-1962-48ac-9823-8e425d916d3c,org/newdawn/slick/openal/Audio.java,playAsSoundEffect
cbb2eb5b-1962-48ac-9823-8e425d916d3c,2a73a00e-fea6-42f9-a76a-1761e9b302d6,431aa483-c441-405d-bdc6-a3ab6b738a83,->,cbb2eb5b-1962-48ac-9823-8e425d916d3c,088a29ed-1680-4435-bbf3-ed1981434abe,974e21f5-279e-4637-9f29-34e5257a895b
cbb2eb5b-1962-48ac-9823-8e425d916d3c,2a73a00e-fea6-42f9-a76a-1761e9b302d6,431aa483-c441-405d-bdc6-a3ab6b738a83,->,cbb2eb5b-1962-48ac-9823-8e425d916d3c,088a29ed-1680-4435-bbf3-ed1981434abe,be0db919-1b42-4bfe-91da-a72a13fa6955
cbb2eb5b-1962-48ac-9823-8e425d916d3c,2a73a00e-fea6-42f9-a76a-1761e9b302d6,431aa483-c441-405d-bdc6-a3ab6b738a83,->,cbb2eb5b-1962-48ac-9823-8e425d916d3c,org/lwjgl/input/Keyboard.java,getEventKey
cbb2eb5b-1962-48ac-9823-8e425d916d3c,2a73a00e-fea6-42f9-a76a-1761e9b302d6,431aa483-c441-405d-bdc6-a3ab6b738a83,->,cbb2eb5b-1962-48ac-9823-8e425d916d3c,org/newdawn/slick/openal/Audio.java,playAsSoundEffect
cbb2eb5b-1962-48ac-9823-8e425d916d3c,2a73a00e-fea6-42f9-a76a-1761e9b302d6,431aa483-c441-405d-bdc6-a3ab6b738a83,->,cbb2eb5b-1962-48ac-9823-8e425d916d3c,088a29ed-1680-4435-bbf3-ed1981434abe,974e21f5-279e-4637-9f29-34e5257a895b
cbb2eb5b-1962-48ac-9823-8e425d916d3c,2a73a00e-fea6-42f9-a76a-1761e9b302d6,431aa483-c441-405d-bdc6-a3ab6b738a83,->,cbb2eb5b-1962-48ac-9823-8e425d916d3c,088a29ed-1680-4435-bbf3-ed1981434abe,be0db919-1b42-4bfe-91da-a72a13fa6955
cbb2eb5b-1962-48ac-9823-8e425d916d3c,2a73a00e-fea6-42f9-a76a-1761e9b302d6,431aa483-c441-405d-bdc6-a3ab6b738a83,->,cbb2eb5b-1962-48ac-9823-8e425d916d3c,org/lwjgl/input/Keyboard.java,getEventKey
cbb2eb5b-1962-48ac-9823-8e425d916d3c,2a73a00e-fea6-42f9-a76a-1761e9b302d6,431aa483-c441-405d-bdc6-a3ab6b738a83,->,cbb2eb5b-1962-48ac-9823-8e425d916d3c,org/newdawn/slick/openal/Audio.java,playAsSoundEffect
cbb2eb5b-1962-48ac-9823-8e425d916d3c,2a73a00e-fea6-42f9-a76a-1761e9b302d6,431aa483-c441-405d-bdc6-a3ab6b738a83,->,cbb2eb5b-1962-48ac-9823-8e425d916d3c,088a29ed-1680-4435-bbf3-ed1981434abe,974e21f5-279e-4637-9f29-34e5257a895b
cbb2eb5b-1962-48ac-9823-8e425d916d3c,2a73a00e-fea6-42f9-a76a-1761e9b302d6,431aa483-c441-405d-bdc6-a3ab6b738a83,->,cbb2eb5b-1962-48ac-9823-8e425d916d3c,088a29ed-1680-4435-bbf3-ed1981434abe,be0db919-1b42-4bfe-91da-a72a13fa6955
cbb2eb5b-1962-48ac-9823-8e425d916d3c,2a73a00e-fea6-42f9-a76a-1761e9b302d6,431aa483-c441-405d-bdc6-a3ab6b738a83,->,cbb2eb5b-1962-48ac-9823-8e425d916d3c,org/lwjgl/input/Keyboard.java,getEventKey
cbb2eb5b-1962-48ac-9823-8e425d916d3c,2a73a00e-fea6-42f9-a76a-1761e9b302d6,431aa483-c441-405d-bdc6-a3ab6b738a83,->,cbb2eb5b-1962-48ac-9823-8e425d916d3c,org/newdawn/slick/openal/Audio.java,playAsSoundEffect
cbb2eb5b-1962-48ac-9823-8e425d916d3c,2a73a00e-fea6-42f9-a76a-1761e9b302d6,431aa483-c441-405d-bdc6-a3ab6b738a83,->,cbb2eb5b-1962-48ac-9823-8e425d916d3c,088a29ed-1680-4435-bbf3-ed1981434abe,974e21f5-279e-4637-9f29-34e5257a895b
cbb2eb5b-1962-48ac-9823-8e425d916d3c,2a73a00e-fea6-42f9-a76a-1761e9b302d6,431aa483-c441-405d-bdc6-a3ab6b738a83,->,cbb2eb5b-1962-48ac-9823-8e425d916d3c,088a29ed-1680-4435-bbf3-ed1981434abe,be0db919-1b42-4bfe-91da-a72a13fa6955
cbb2eb5b-1962-48ac-9823-8e425d916d3c,2a73a00e-fea6-42f9-a76a-1761e9b302d6,431aa483-c441-405d-bdc6-a3ab6b738a83,->,cbb2eb5b-1962-48ac-9823-8e425d916d3c,org/lwjgl/input/Keyboard.java,getEventKey
cbb2eb5b-1962-48ac-9823-8e425d916d3c,2a73a00e-fea6-42f9-a76a-1761e9b302d6,431aa483-c441-405d-bdc6-a3ab6b738a83,->,cbb2eb5b-1962-48ac-9823-8e425d916d3c,org/lwjgl/opengl/GL11.java,glMatrixMode
cbb2eb5b-1962-48ac-9823-8e425d916d3c,2a73a00e-fea6-42f9-a76a-1761e9b302d6,431aa483-c441-405d-bdc6-a3ab6b738a83,->,cbb2eb5b-1962-48ac-9823-8e425d916d3c,org/lwjgl/opengl/GL11.java,glLoadIdentity
cbb2eb5b-1962-48ac-9823-8e425d916d3c,2a73a00e-fea6-42f9-a76a-1761e9b302d6,431aa483-c441-405d-bdc6-a3ab6b738a83,->,cbb2eb5b-1962-48ac-9823-8e425d916d3c,org/lwjgl/opengl/GL11.java,glOrtho
cbb2eb5b-1962-48ac-9823-8e425d916d3c,2a73a00e-fea6-42f9-a76a-1761e9b302d6,431aa483-c441-405d-bdc6-a3ab6b738a83,->,cbb2eb5b-1962-48ac-9823-8e425d916d3c,088a29ed-1680-4435-bbf3-ed1981434abe,2ad23eb5-4f8f-46c5-85ae-b5c8926ba48a
cbb2eb5b-1962-48ac-9823-8e425d916d3c,2a73a00e-fea6-42f9-a76a-1761e9b302d6,431aa483-c441-405d-bdc6-a3ab6b738a83,->,cbb2eb5b-1962-48ac-9823-8e425d916d3c,org/lwjgl/input/Keyboard.java,getEventKey
cbb2eb5b-1962-48ac-9823-8e425d916d3c,2a73a00e-fea6-42f9-a76a-1761e9b302d6,431aa483-c441-405d-bdc6-a3ab6b738a83,->,cbb2eb5b-1962-48ac-9823-8e425d916d3c,c6daa512-8880-4e28-b381-d962ebd7bb15,42f393ed-f0da-4c18-997b-ae3d89e2d756
cbb2eb5b-1962-48ac-9823-8e425d916d3c,2a73a00e-fea6-42f9-a76a-1761e9b302d6,431aa483-c441-405d-bdc6-a3ab6b738a83,->,cbb2eb5b-1962-48ac-9823-8e425d916d3c,java/lang/Math.java,pow
cbb2eb5b-1962-48ac-9823-8e425d916d3c,2a73a00e-fea6-42f9-a76a-1761e9b302d6,431aa483-c441-405d-bdc6-a3ab6b738a83,->,cbb2eb5b-1962-48ac-9823-8e425d916d3c,c6daa512-8880-4e28-b381-d962ebd7bb15,42f393ed-f0da-4c18-997b-ae3d89e2d756
cbb2eb5b-1962-48ac-9823-8e425d916d3c,2a73a00e-fea6-42f9-a76a-1761e9b302d6,431aa483-c441-405d-bdc6-a3ab6b738a83,->,cbb2eb5b-1962-48ac-9823-8e425d916d3c,c6daa512-8880-4e28-b381-d962ebd7bb15,d599c56c-140a-417e-ab57-7005ccd66eb7
cbb2eb5b-1962-48ac-9823-8e425d916d3c,2a73a00e-fea6-42f9-a76a-1761e9b302d6,c63377b4-3cd6-491c-9569-f0ecd2c5a7b8,->,cbb2eb5b-1962-48ac-9823-8e425d916d3c,2a73a00e-fea6-42f9-a76a-1761e9b302d6,49fce721-77e1-413f-b1bd-cf1ab987360c
cbb2eb5b-1962-48ac-9823-8e425d916d3c,2a73a00e-fea6-42f9-a76a-1761e9b302d6,c63377b4-3cd6-491c-9569-f0ecd2c5a7b8,->,cbb2eb5b-1962-48ac-9823-8e425d916d3c,2a73a00e-fea6-42f9-a76a-1761e9b302d6,bf5656a7-16d8-4066-b5b8-15f03e8198bd
cbb2eb5b-1962-48ac-9823-8e425d916d3c,2a73a00e-fea6-42f9-a76a-1761e9b302d6,c63377b4-3cd6-491c-9569-f0ecd2c5a7b8,->,cbb2eb5b-1962-48ac-9823-8e425d916d3c,2a73a00e-fea6-42f9-a76a-1761e9b302d6,56b701ee-2634-4a4b-8791-7fd3d0174b80
cbb2eb5b-1962-48ac-9823-8e425d916d3c,2a73a00e-fea6-42f9-a76a-1761e9b302d6,c63377b4-3cd6-491c-9569-f0ecd2c5a7b8,->,cbb2eb5b-1962-48ac-9823-8e425d916d3c,2a73a00e-fea6-42f9-a76a-1761e9b302d6,f0febaa9-c614-491b-bd07-20bd06db32f9
cbb2eb5b-1962-48ac-9823-8e425d916d3c,2a73a00e-fea6-42f9-a76a-1761e9b302d6,c63377b4-3cd6-491c-9569-f0ecd2c5a7b8,->,cbb2eb5b-1962-48ac-9823-8e425d916d3c,21d87c94-c398-435d-adaa-70fe75b4aa7e,fd13cf24-0fc4-4074-a682-6960c14ae90d
cbb2eb5b-1962-48ac-9823-8e425d916d3c,2a73a00e-fea6-42f9-a76a-1761e9b302d6,1a5771c3-c4a6-40b3-82dc-cc4ff256e0a4,->,cbb2eb5b-1962-48ac-9823-8e425d916d3c,java/lang/StringBuilder.java,append
cbb2eb5b-1962-48ac-9823-8e425d916d3c,2a73a00e-fea6-42f9-a76a-1761e9b302d6,1a5771c3-c4a6-40b3-82dc-cc4ff256e0a4,->,cbb2eb5b-1962-48ac-9823-8e425d916d3c,java/lang/StringBuilder.java,append
cbb2eb5b-1962-48ac-9823-8e425d916d3c,2a73a00e-fea6-42f9-a76a-1761e9b302d6,1a5771c3-c4a6-40b3-82dc-cc4ff256e0a4,->,cbb2eb5b-1962-48ac-9823-8e425d916d3c,java/lang/StringBuilder.java,toString
cbb2eb5b-1962-48ac-9823-8e425d916d3c,2a73a00e-fea6-42f9-a76a-1761e9b302d6,1a5771c3-c4a6-40b3-82dc-cc4ff256e0a4,->,cbb2eb5b-1962-48ac-9823-8e425d916d3c,d177ce1a-e305-4bd8-af86-8e633ce71dad,eb4c2561-c087-4770-9c56-fa3a2871fc2d
cbb2eb5b-1962-48ac-9823-8e425d916d3c,2a73a00e-fea6-42f9-a76a-1761e9b302d6,1a5771c3-c4a6-40b3-82dc-cc4ff256e0a4,->,cbb2eb5b-1962-48ac-9823-8e425d916d3c,java/lang/StringBuilder.java,append
cbb2eb5b-1962-48ac-9823-8e425d916d3c,2a73a00e-fea6-42f9-a76a-1761e9b302d6,1a5771c3-c4a6-40b3-82dc-cc4ff256e0a4,->,cbb2eb5b-1962-48ac-9823-8e425d916d3c,java/lang/StringBuilder.java,append
cbb2eb5b-1962-48ac-9823-8e425d916d3c,2a73a00e-fea6-42f9-a76a-1761e9b302d6,1a5771c3-c4a6-40b3-82dc-cc4ff256e0a4,->,cbb2eb5b-1962-48ac-9823-8e425d916d3c,java/lang/StringBuilder.java,toString
cbb2eb5b-1962-48ac-9823-8e425d916d3c,2a73a00e-fea6-42f9-a76a-1761e9b302d6,1a5771c3-c4a6-40b3-82dc-cc4ff256e0a4,->,cbb2eb5b-1962-48ac-9823-8e425d916d3c,d177ce1a-e305-4bd8-af86-8e633ce71dad,eb4c2561-c087-4770-9c56-fa3a2871fc2d
cbb2eb5b-1962-48ac-9823-8e425d916d3c,2a73a00e-fea6-42f9-a76a-1761e9b302d6,1a5771c3-c4a6-40b3-82dc-cc4ff256e0a4,->,cbb2eb5b-1962-48ac-9823-8e425d916d3c,java/lang/StringBuilder.java,append
cbb2eb5b-1962-48ac-9823-8e425d916d3c,2a73a00e-fea6-42f9-a76a-1761e9b302d6,1a5771c3-c4a6-40b3-82dc-cc4ff256e0a4,->,cbb2eb5b-1962-48ac-9823-8e425d916d3c,java/lang/StringBuilder.java,append
cbb2eb5b-1962-48ac-9823-8e425d916d3c,2a73a00e-fea6-42f9-a76a-1761e9b302d6,1a5771c3-c4a6-40b3-82dc-cc4ff256e0a4,->,cbb2eb5b-1962-48ac-9823-8e425d916d3c,java/lang/StringBuilder.java,toString
cbb2eb5b-1962-48ac-9823-8e425d916d3c,2a73a00e-fea6-42f9-a76a-1761e9b302d6,1a5771c3-c4a6-40b3-82dc-cc4ff256e0a4,->,cbb2eb5b-1962-48ac-9823-8e425d916d3c,d177ce1a-e305-4bd8-af86-8e633ce71dad,eb4c2561-c087-4770-9c56-fa3a2871fc2d
cbb2eb5b-1962-48ac-9823-8e425d916d3c,2a73a00e-fea6-42f9-a76a-1761e9b302d6,a64e12bd-c818-4638-a549-411db4812d47,->,cbb2eb5b-1962-48ac-9823-8e425d916d3c,org/newdawn/slick/util/ResourceLoader.java,getResourceAsStream
cbb2eb5b-1962-48ac-9823-8e425d916d3c,2a73a00e-fea6-42f9-a76a-1761e9b302d6,a64e12bd-c818-4638-a549-411db4812d47,->,cbb2eb5b-1962-48ac-9823-8e425d916d3c,org/newdawn/slick/opengl/TextureLoader.java,getTexture
cbb2eb5b-1962-48ac-9823-8e425d916d3c,2a73a00e-fea6-42f9-a76a-1761e9b302d6,a64e12bd-c818-4638-a549-411db4812d47,->,cbb2eb5b-1962-48ac-9823-8e425d916d3c,java/io/IOException.java,printStackTrace
cbb2eb5b-1962-48ac-9823-8e425d916d3c,2a73a00e-fea6-42f9-a76a-1761e9b302d6,bf5656a7-16d8-4066-b5b8-15f03e8198bd,->,cbb2eb5b-1962-48ac-9823-8e425d916d3c,c6daa512-8880-4e28-b381-d962ebd7bb15,370ce9bb-82af-4722-bfbb-99d2194c5cd9
cbb2eb5b-1962-48ac-9823-8e425d916d3c,2a73a00e-fea6-42f9-a76a-1761e9b302d6,bf5656a7-16d8-4066-b5b8-15f03e8198bd,->,cbb2eb5b-1962-48ac-9823-8e425d916d3c,c6daa512-8880-4e28-b381-d962ebd7bb15,dd6a4acb-fcb4-4e8b-ad81-5acb55696566
cbb2eb5b-1962-48ac-9823-8e425d916d3c,2a73a00e-fea6-42f9-a76a-1761e9b302d6,bf5656a7-16d8-4066-b5b8-15f03e8198bd,->,cbb2eb5b-1962-48ac-9823-8e425d916d3c,org/lwjgl/opengl/GL11.java,glDisable
cbb2eb5b-1962-48ac-9823-8e425d916d3c,2a73a00e-fea6-42f9-a76a-1761e9b302d6,bf5656a7-16d8-4066-b5b8-15f03e8198bd,->,cbb2eb5b-1962-48ac-9823-8e425d916d3c,org/lwjgl/opengl/GL11.java,glColor3f
cbb2eb5b-1962-48ac-9823-8e425d916d3c,2a73a00e-fea6-42f9-a76a-1761e9b302d6,bf5656a7-16d8-4066-b5b8-15f03e8198bd,->,cbb2eb5b-1962-48ac-9823-8e425d916d3c,org/lwjgl/opengl/GL11.java,glBegin
cbb2eb5b-1962-48ac-9823-8e425d916d3c,2a73a00e-fea6-42f9-a76a-1761e9b302d6,bf5656a7-16d8-4066-b5b8-15f03e8198bd,->,cbb2eb5b-1962-48ac-9823-8e425d916d3c,org/lwjgl/opengl/GL11.java,glVertex2f
cbb2eb5b-1962-48ac-9823-8e425d916d3c,2a73a00e-fea6-42f9-a76a-1761e9b302d6,bf5656a7-16d8-4066-b5b8-15f03e8198bd,->,cbb2eb5b-1962-48ac-9823-8e425d916d3c,org/lwjgl/opengl/GL11.java,glVertex2f
cbb2eb5b-1962-48ac-9823-8e425d916d3c,2a73a00e-fea6-42f9-a76a-1761e9b302d6,bf5656a7-16d8-4066-b5b8-15f03e8198bd,->,cbb2eb5b-1962-48ac-9823-8e425d916d3c,org/lwjgl/opengl/GL11.java,glVertex2f
cbb2eb5b-1962-48ac-9823-8e425d916d3c,2a73a00e-fea6-42f9-a76a-1761e9b302d6,bf5656a7-16d8-4066-b5b8-15f03e8198bd,->,cbb2eb5b-1962-48ac-9823-8e425d916d3c,org/lwjgl/opengl/GL11.java,glVertex2f
cbb2eb5b-1962-48ac-9823-8e425d916d3c,2a73a00e-fea6-42f9-a76a-1761e9b302d6,bf5656a7-16d8-4066-b5b8-15f03e8198bd,->,cbb2eb5b-1962-48ac-9823-8e425d916d3c,org/lwjgl/opengl/GL11.java,glEnd
cbb2eb5b-1962-48ac-9823-8e425d916d3c,2a73a00e-fea6-42f9-a76a-1761e9b302d6,bf5656a7-16d8-4066-b5b8-15f03e8198bd,->,cbb2eb5b-1962-48ac-9823-8e425d916d3c,org/lwjgl/opengl/GL11.java,glColor3f
cbb2eb5b-1962-48ac-9823-8e425d916d3c,2a73a00e-fea6-42f9-a76a-1761e9b302d6,bf5656a7-16d8-4066-b5b8-15f03e8198bd,->,cbb2eb5b-1962-48ac-9823-8e425d916d3c,org/lwjgl/opengl/GL11.java,glBegin
cbb2eb5b-1962-48ac-9823-8e425d916d3c,2a73a00e-fea6-42f9-a76a-1761e9b302d6,bf5656a7-16d8-4066-b5b8-15f03e8198bd,->,cbb2eb5b-1962-48ac-9823-8e425d916d3c,org/lwjgl/opengl/GL11.java,glVertex2f
cbb2eb5b-1962-48ac-9823-8e425d916d3c,2a73a00e-fea6-42f9-a76a-1761e9b302d6,bf5656a7-16d8-4066-b5b8-15f03e8198bd,->,cbb2eb5b-1962-48ac-9823-8e425d916d3c,org/lwjgl/opengl/GL11.java,glVertex2f
cbb2eb5b-1962-48ac-9823-8e425d916d3c,2a73a00e-fea6-42f9-a76a-1761e9b302d6,bf5656a7-16d8-4066-b5b8-15f03e8198bd,->,cbb2eb5b-1962-48ac-9823-8e425d916d3c,org/lwjgl/opengl/GL11.java,glVertex2f
cbb2eb5b-1962-48ac-9823-8e425d916d3c,2a73a00e-fea6-42f9-a76a-1761e9b302d6,bf5656a7-16d8-4066-b5b8-15f03e8198bd,->,cbb2eb5b-1962-48ac-9823-8e425d916d3c,org/lwjgl/opengl/GL11.java,glVertex2f
cbb2eb5b-1962-48ac-9823-8e425d916d3c,2a73a00e-fea6-42f9-a76a-1761e9b302d6,bf5656a7-16d8-4066-b5b8-15f03e8198bd,->,cbb2eb5b-1962-48ac-9823-8e425d916d3c,org/lwjgl/opengl/GL11.java,glEnd
cbb2eb5b-1962-48ac-9823-8e425d916d3c,2a73a00e-fea6-42f9-a76a-1761e9b302d6,bf5656a7-16d8-4066-b5b8-15f03e8198bd,->,cbb2eb5b-1962-48ac-9823-8e425d916d3c,org/lwjgl/opengl/GL11.java,glEnable
cbb2eb5b-1962-48ac-9823-8e425d916d3c,2a73a00e-fea6-42f9-a76a-1761e9b302d6,bf5656a7-16d8-4066-b5b8-15f03e8198bd,->,cbb2eb5b-1962-48ac-9823-8e425d916d3c,c6daa512-8880-4e28-b381-d962ebd7bb15,370ce9bb-82af-4722-bfbb-99d2194c5cd9
cbb2eb5b-1962-48ac-9823-8e425d916d3c,2a73a00e-fea6-42f9-a76a-1761e9b302d6,bf5656a7-16d8-4066-b5b8-15f03e8198bd,->,cbb2eb5b-1962-48ac-9823-8e425d916d3c,java/lang/StringBuilder.java,append
cbb2eb5b-1962-48ac-9823-8e425d916d3c,2a73a00e-fea6-42f9-a76a-1761e9b302d6,bf5656a7-16d8-4066-b5b8-15f03e8198bd,->,cbb2eb5b-1962-48ac-9823-8e425d916d3c,java/lang/StringBuilder.java,append
cbb2eb5b-1962-48ac-9823-8e425d916d3c,2a73a00e-fea6-42f9-a76a-1761e9b302d6,bf5656a7-16d8-4066-b5b8-15f03e8198bd,->,cbb2eb5b-1962-48ac-9823-8e425d916d3c,c6daa512-8880-4e28-b381-d962ebd7bb15,dd6a4acb-fcb4-4e8b-ad81-5acb55696566
cbb2eb5b-1962-48ac-9823-8e425d916d3c,2a73a00e-fea6-42f9-a76a-1761e9b302d6,bf5656a7-16d8-4066-b5b8-15f03e8198bd,->,cbb2eb5b-1962-48ac-9823-8e425d916d3c,java/lang/StringBuilder.java,append
cbb2eb5b-1962-48ac-9823-8e425d916d3c,2a73a00e-fea6-42f9-a76a-1761e9b302d6,bf5656a7-16d8-4066-b5b8-15f03e8198bd,->,cbb2eb5b-1962-48ac-9823-8e425d916d3c,java/lang/StringBuilder.java,toString
cbb2eb5b-1962-48ac-9823-8e425d916d3c,2a73a00e-fea6-42f9-a76a-1761e9b302d6,bf5656a7-16d8-4066-b5b8-15f03e8198bd,->,cbb2eb5b-1962-48ac-9823-8e425d916d3c,java/lang/String.java,length
cbb2eb5b-1962-48ac-9823-8e425d916d3c,2a73a00e-fea6-42f9-a76a-1761e9b302d6,bf5656a7-16d8-4066-b5b8-15f03e8198bd,->,cbb2eb5b-1962-48ac-9823-8e425d916d3c,d177ce1a-e305-4bd8-af86-8e633ce71dad,eb4c2561-c087-4770-9c56-fa3a2871fc2d
cbb2eb5b-1962-48ac-9823-8e425d916d3c,2a73a00e-fea6-42f9-a76a-1761e9b302d6,56b701ee-2634-4a4b-8791-7fd3d0174b80,->,cbb2eb5b-1962-48ac-9823-8e425d916d3c,c6daa512-8880-4e28-b381-d962ebd7bb15,0d508cd0-22a1-4b03-870e-0c0073bd76db
cbb2eb5b-1962-48ac-9823-8e425d916d3c,2a73a00e-fea6-42f9-a76a-1761e9b302d6,56b701ee-2634-4a4b-8791-7fd3d0174b80,->,cbb2eb5b-1962-48ac-9823-8e425d916d3c,c6daa512-8880-4e28-b381-d962ebd7bb15,b59ec6f1-0536-4b13-8c1c-ec1bbdcb4379
cbb2eb5b-1962-48ac-9823-8e425d916d3c,2a73a00e-fea6-42f9-a76a-1761e9b302d6,56b701ee-2634-4a4b-8791-7fd3d0174b80,->,cbb2eb5b-1962-48ac-9823-8e425d916d3c,org/lwjgl/opengl/GL11.java,glDisable
cbb2eb5b-1962-48ac-9823-8e425d916d3c,2a73a00e-fea6-42f9-a76a-1761e9b302d6,56b701ee-2634-4a4b-8791-7fd3d0174b80,->,cbb2eb5b-1962-48ac-9823-8e425d916d3c,org/lwjgl/opengl/GL11.java,glColor3f
cbb2eb5b-1962-48ac-9823-8e425d916d3c,2a73a00e-fea6-42f9-a76a-1761e9b302d6,56b701ee-2634-4a4b-8791-7fd3d0174b80,->,cbb2eb5b-1962-48ac-9823-8e425d916d3c,org/lwjgl/opengl/GL11.java,glBegin
cbb2eb5b-1962-48ac-9823-8e425d916d3c,2a73a00e-fea6-42f9-a76a-1761e9b302d6,56b701ee-2634-4a4b-8791-7fd3d0174b80,->,cbb2eb5b-1962-48ac-9823-8e425d916d3c,org/lwjgl/opengl/GL11.java,glVertex2f
cbb2eb5b-1962-48ac-9823-8e425d916d3c,2a73a00e-fea6-42f9-a76a-1761e9b302d6,56b701ee-2634-4a4b-8791-7fd3d0174b80,->,cbb2eb5b-1962-48ac-9823-8e425d916d3c,org/lwjgl/opengl/GL11.java,glVertex2f
cbb2eb5b-1962-48ac-9823-8e425d916d3c,2a73a00e-fea6-42f9-a76a-1761e9b302d6,56b701ee-2634-4a4b-8791-7fd3d0174b80,->,cbb2eb5b-1962-48ac-9823-8e425d916d3c,org/lwjgl/opengl/GL11.java,glVertex2f
cbb2eb5b-1962-48ac-9823-8e425d916d3c,2a73a00e-fea6-42f9-a76a-1761e9b302d6,56b701ee-2634-4a4b-8791-7fd3d0174b80,->,cbb2eb5b-1962-48ac-9823-8e425d916d3c,org/lwjgl/opengl/GL11.java,glVertex2f
cbb2eb5b-1962-48ac-9823-8e425d916d3c,2a73a00e-fea6-42f9-a76a-1761e9b302d6,56b701ee-2634-4a4b-8791-7fd3d0174b80,->,cbb2eb5b-1962-48ac-9823-8e425d916d3c,org/lwjgl/opengl/GL11.java,glEnd
cbb2eb5b-1962-48ac-9823-8e425d916d3c,2a73a00e-fea6-42f9-a76a-1761e9b302d6,56b701ee-2634-4a4b-8791-7fd3d0174b80,->,cbb2eb5b-1962-48ac-9823-8e425d916d3c,org/lwjgl/opengl/GL11.java,glColor3f
cbb2eb5b-1962-48ac-9823-8e425d916d3c,2a73a00e-fea6-42f9-a76a-1761e9b302d6,56b701ee-2634-4a4b-8791-7fd3d0174b80,->,cbb2eb5b-1962-48ac-9823-8e425d916d3c,org/lwjgl/opengl/GL11.java,glBegin
cbb2eb5b-1962-48ac-9823-8e425d916d3c,2a73a00e-fea6-42f9-a76a-1761e9b302d6,56b701ee-2634-4a4b-8791-7fd3d0174b80,->,cbb2eb5b-1962-48ac-9823-8e425d916d3c,org/lwjgl/opengl/GL11.java,glVertex2f
cbb2eb5b-1962-48ac-9823-8e425d916d3c,2a73a00e-fea6-42f9-a76a-1761e9b302d6,56b701ee-2634-4a4b-8791-7fd3d0174b80,->,cbb2eb5b-1962-48ac-9823-8e425d916d3c,org/lwjgl/opengl/GL11.java,glVertex2f
cbb2eb5b-1962-48ac-9823-8e425d916d3c,2a73a00e-fea6-42f9-a76a-1761e9b302d6,56b701ee-2634-4a4b-8791-7fd3d0174b80,->,cbb2eb5b-1962-48ac-9823-8e425d916d3c,org/lwjgl/opengl/GL11.java,glVertex2f
cbb2eb5b-1962-48ac-9823-8e425d916d3c,2a73a00e-fea6-42f9-a76a-1761e9b302d6,56b701ee-2634-4a4b-8791-7fd3d0174b80,->,cbb2eb5b-1962-48ac-9823-8e425d916d3c,org/lwjgl/opengl/GL11.java,glVertex2f
cbb2eb5b-1962-48ac-9823-8e425d916d3c,2a73a00e-fea6-42f9-a76a-1761e9b302d6,56b701ee-2634-4a4b-8791-7fd3d0174b80,->,cbb2eb5b-1962-48ac-9823-8e425d916d3c,org/lwjgl/opengl/GL11.java,glEnd
cbb2eb5b-1962-48ac-9823-8e425d916d3c,2a73a00e-fea6-42f9-a76a-1761e9b302d6,56b701ee-2634-4a4b-8791-7fd3d0174b80,->,cbb2eb5b-1962-48ac-9823-8e425d916d3c,org/lwjgl/opengl/GL11.java,glEnable
cbb2eb5b-1962-48ac-9823-8e425d916d3c,2a73a00e-fea6-42f9-a76a-1761e9b302d6,56b701ee-2634-4a4b-8791-7fd3d0174b80,->,cbb2eb5b-1962-48ac-9823-8e425d916d3c,c6daa512-8880-4e28-b381-d962ebd7bb15,0d508cd0-22a1-4b03-870e-0c0073bd76db
cbb2eb5b-1962-48ac-9823-8e425d916d3c,2a73a00e-fea6-42f9-a76a-1761e9b302d6,56b701ee-2634-4a4b-8791-7fd3d0174b80,->,cbb2eb5b-1962-48ac-9823-8e425d916d3c,java/lang/StringBuilder.java,append
cbb2eb5b-1962-48ac-9823-8e425d916d3c,2a73a00e-fea6-42f9-a76a-1761e9b302d6,56b701ee-2634-4a4b-8791-7fd3d0174b80,->,cbb2eb5b-1962-48ac-9823-8e425d916d3c,java/lang/StringBuilder.java,append
cbb2eb5b-1962-48ac-9823-8e425d916d3c,2a73a00e-fea6-42f9-a76a-1761e9b302d6,56b701ee-2634-4a4b-8791-7fd3d0174b80,->,cbb2eb5b-1962-48ac-9823-8e425d916d3c,c6daa512-8880-4e28-b381-d962ebd7bb15,b59ec6f1-0536-4b13-8c1c-ec1bbdcb4379
cbb2eb5b-1962-48ac-9823-8e425d916d3c,2a73a00e-fea6-42f9-a76a-1761e9b302d6,56b701ee-2634-4a4b-8791-7fd3d0174b80,->,cbb2eb5b-1962-48ac-9823-8e425d916d3c,java/lang/StringBuilder.java,append
cbb2eb5b-1962-48ac-9823-8e425d916d3c,2a73a00e-fea6-42f9-a76a-1761e9b302d6,56b701ee-2634-4a4b-8791-7fd3d0174b80,->,cbb2eb5b-1962-48ac-9823-8e425d916d3c,java/lang/StringBuilder.java,toString
cbb2eb5b-1962-48ac-9823-8e425d916d3c,2a73a00e-fea6-42f9-a76a-1761e9b302d6,56b701ee-2634-4a4b-8791-7fd3d0174b80,->,cbb2eb5b-1962-48ac-9823-8e425d916d3c,java/lang/String.java,length
cbb2eb5b-1962-48ac-9823-8e425d916d3c,2a73a00e-fea6-42f9-a76a-1761e9b302d6,56b701ee-2634-4a4b-8791-7fd3d0174b80,->,cbb2eb5b-1962-48ac-9823-8e425d916d3c,d177ce1a-e305-4bd8-af86-8e633ce71dad,eb4c2561-c087-4770-9c56-fa3a2871fc2d
cbb2eb5b-1962-48ac-9823-8e425d916d3c,2a73a00e-fea6-42f9-a76a-1761e9b302d6,f0febaa9-c614-491b-bd07-20bd06db32f9,->,cbb2eb5b-1962-48ac-9823-8e425d916d3c,c6daa512-8880-4e28-b381-d962ebd7bb15,ab799c3d-9fc7-4f19-98b5-454b72245db7
cbb2eb5b-1962-48ac-9823-8e425d916d3c,2a73a00e-fea6-42f9-a76a-1761e9b302d6,f0febaa9-c614-491b-bd07-20bd06db32f9,->,cbb2eb5b-1962-48ac-9823-8e425d916d3c,c6daa512-8880-4e28-b381-d962ebd7bb15,7588fb4d-833e-4190-89ec-3784eb6f0aab
cbb2eb5b-1962-48ac-9823-8e425d916d3c,2a73a00e-fea6-42f9-a76a-1761e9b302d6,f0febaa9-c614-491b-bd07-20bd06db32f9,->,cbb2eb5b-1962-48ac-9823-8e425d916d3c,org/lwjgl/opengl/GL11.java,glDisable
cbb2eb5b-1962-48ac-9823-8e425d916d3c,2a73a00e-fea6-42f9-a76a-1761e9b302d6,f0febaa9-c614-491b-bd07-20bd06db32f9,->,cbb2eb5b-1962-48ac-9823-8e425d916d3c,org/lwjgl/opengl/GL11.java,glColor3f
cbb2eb5b-1962-48ac-9823-8e425d916d3c,2a73a00e-fea6-42f9-a76a-1761e9b302d6,f0febaa9-c614-491b-bd07-20bd06db32f9,->,cbb2eb5b-1962-48ac-9823-8e425d916d3c,org/lwjgl/opengl/GL11.java,glBegin
cbb2eb5b-1962-48ac-9823-8e425d916d3c,2a73a00e-fea6-42f9-a76a-1761e9b302d6,f0febaa9-c614-491b-bd07-20bd06db32f9,->,cbb2eb5b-1962-48ac-9823-8e425d916d3c,org/lwjgl/opengl/GL11.java,glVertex2f
cbb2eb5b-1962-48ac-9823-8e425d916d3c,2a73a00e-fea6-42f9-a76a-1761e9b302d6,f0febaa9-c614-491b-bd07-20bd06db32f9,->,cbb2eb5b-1962-48ac-9823-8e425d916d3c,org/lwjgl/opengl/GL11.java,glVertex2f
cbb2eb5b-1962-48ac-9823-8e425d916d3c,2a73a00e-fea6-42f9-a76a-1761e9b302d6,f0febaa9-c614-491b-bd07-20bd06db32f9,->,cbb2eb5b-1962-48ac-9823-8e425d916d3c,org/lwjgl/opengl/GL11.java,glVertex2f
cbb2eb5b-1962-48ac-9823-8e425d916d3c,2a73a00e-fea6-42f9-a76a-1761e9b302d6,f0febaa9-c614-491b-bd07-20bd06db32f9,->,cbb2eb5b-1962-48ac-9823-8e425d916d3c,org/lwjgl/opengl/GL11.java,glVertex2f
cbb2eb5b-1962-48ac-9823-8e425d916d3c,2a73a00e-fea6-42f9-a76a-1761e9b302d6,f0febaa9-c614-491b-bd07-20bd06db32f9,->,cbb2eb5b-1962-48ac-9823-8e425d916d3c,org/lwjgl/opengl/GL11.java,glEnd
cbb2eb5b-1962-48ac-9823-8e425d916d3c,2a73a00e-fea6-42f9-a76a-1761e9b302d6,f0febaa9-c614-491b-bd07-20bd06db32f9,->,cbb2eb5b-1962-48ac-9823-8e425d916d3c,org/lwjgl/opengl/GL11.java,glColor3f
cbb2eb5b-1962-48ac-9823-8e425d916d3c,2a73a00e-fea6-42f9-a76a-1761e9b302d6,f0febaa9-c614-491b-bd07-20bd06db32f9,->,cbb2eb5b-1962-48ac-9823-8e425d916d3c,org/lwjgl/opengl/GL11.java,glBegin
cbb2eb5b-1962-48ac-9823-8e425d916d3c,2a73a00e-fea6-42f9-a76a-1761e9b302d6,f0febaa9-c614-491b-bd07-20bd06db32f9,->,cbb2eb5b-1962-48ac-9823-8e425d916d3c,org/lwjgl/opengl/GL11.java,glVertex2f
cbb2eb5b-1962-48ac-9823-8e425d916d3c,2a73a00e-fea6-42f9-a76a-1761e9b302d6,f0febaa9-c614-491b-bd07-20bd06db32f9,->,cbb2eb5b-1962-48ac-9823-8e425d916d3c,org/lwjgl/opengl/GL11.java,glVertex2f
cbb2eb5b-1962-48ac-9823-8e425d916d3c,2a73a00e-fea6-42f9-a76a-1761e9b302d6,f0febaa9-c614-491b-bd07-20bd06db32f9,->,cbb2eb5b-1962-48ac-9823-8e425d916d3c,org/lwjgl/opengl/GL11.java,glVertex2f
cbb2eb5b-1962-48ac-9823-8e425d916d3c,2a73a00e-fea6-42f9-a76a-1761e9b302d6,f0febaa9-c614-491b-bd07-20bd06db32f9,->,cbb2eb5b-1962-48ac-9823-8e425d916d3c,org/lwjgl/opengl/GL11.java,glVertex2f
cbb2eb5b-1962-48ac-9823-8e425d916d3c,2a73a00e-fea6-42f9-a76a-1761e9b302d6,f0febaa9-c614-491b-bd07-20bd06db32f9,->,cbb2eb5b-1962-48ac-9823-8e425d916d3c,org/lwjgl/opengl/GL11.java,glEnd
cbb2eb5b-1962-48ac-9823-8e425d916d3c,2a73a00e-fea6-42f9-a76a-1761e9b302d6,f0febaa9-c614-491b-bd07-20bd06db32f9,->,cbb2eb5b-1962-48ac-9823-8e425d916d3c,org/lwjgl/opengl/GL11.java,glEnable
cbb2eb5b-1962-48ac-9823-8e425d916d3c,2a73a00e-fea6-42f9-a76a-1761e9b302d6,f0febaa9-c614-491b-bd07-20bd06db32f9,->,cbb2eb5b-1962-48ac-9823-8e425d916d3c,c6daa512-8880-4e28-b381-d962ebd7bb15,ab799c3d-9fc7-4f19-98b5-454b72245db7
cbb2eb5b-1962-48ac-9823-8e425d916d3c,2a73a00e-fea6-42f9-a76a-1761e9b302d6,f0febaa9-c614-491b-bd07-20bd06db32f9,->,cbb2eb5b-1962-48ac-9823-8e425d916d3c,java/lang/StringBuilder.java,append
cbb2eb5b-1962-48ac-9823-8e425d916d3c,2a73a00e-fea6-42f9-a76a-1761e9b302d6,f0febaa9-c614-491b-bd07-20bd06db32f9,->,cbb2eb5b-1962-48ac-9823-8e425d916d3c,java/lang/StringBuilder.java,append
cbb2eb5b-1962-48ac-9823-8e425d916d3c,2a73a00e-fea6-42f9-a76a-1761e9b302d6,f0febaa9-c614-491b-bd07-20bd06db32f9,->,cbb2eb5b-1962-48ac-9823-8e425d916d3c,c6daa512-8880-4e28-b381-d962ebd7bb15,7588fb4d-833e-4190-89ec-3784eb6f0aab
cbb2eb5b-1962-48ac-9823-8e425d916d3c,2a73a00e-fea6-42f9-a76a-1761e9b302d6,f0febaa9-c614-491b-bd07-20bd06db32f9,->,cbb2eb5b-1962-48ac-9823-8e425d916d3c,java/lang/StringBuilder.java,append
cbb2eb5b-1962-48ac-9823-8e425d916d3c,2a73a00e-fea6-42f9-a76a-1761e9b302d6,f0febaa9-c614-491b-bd07-20bd06db32f9,->,cbb2eb5b-1962-48ac-9823-8e425d916d3c,java/lang/StringBuilder.java,toString
cbb2eb5b-1962-48ac-9823-8e425d916d3c,2a73a00e-fea6-42f9-a76a-1761e9b302d6,f0febaa9-c614-491b-bd07-20bd06db32f9,->,cbb2eb5b-1962-48ac-9823-8e425d916d3c,java/lang/String.java,length
cbb2eb5b-1962-48ac-9823-8e425d916d3c,2a73a00e-fea6-42f9-a76a-1761e9b302d6,f0febaa9-c614-491b-bd07-20bd06db32f9,->,cbb2eb5b-1962-48ac-9823-8e425d916d3c,d177ce1a-e305-4bd8-af86-8e633ce71dad,eb4c2561-c087-4770-9c56-fa3a2871fc2d
cbb2eb5b-1962-48ac-9823-8e425d916d3c,2a73a00e-fea6-42f9-a76a-1761e9b302d6,21cc0620-0922-4901-a9f4-b75833657b5e,->,cbb2eb5b-1962-48ac-9823-8e425d916d3c,d177ce1a-e305-4bd8-af86-8e633ce71dad,0a053494-3012-40ae-b4d1-aa679050e567
cbb2eb5b-1962-48ac-9823-8e425d916d3c,2a73a00e-fea6-42f9-a76a-1761e9b302d6,49fce721-77e1-413f-b1bd-cf1ab987360c,->,cbb2eb5b-1962-48ac-9823-8e425d916d3c,845d8316-2c19-4e9a-82ae-1043b7dc327d,ae661a0f-dbb6-4d3f-85ab-f72d5377289f
cbb2eb5b-1962-48ac-9823-8e425d916d3c,2a73a00e-fea6-42f9-a76a-1761e9b302d6,49fce721-77e1-413f-b1bd-cf1ab987360c,->,cbb2eb5b-1962-48ac-9823-8e425d916d3c,845d8316-2c19-4e9a-82ae-1043b7dc327d,41df0bd3-48f6-41de-a3fa-ebd1ae3576cf
cbb2eb5b-1962-48ac-9823-8e425d916d3c,2a73a00e-fea6-42f9-a76a-1761e9b302d6,49fce721-77e1-413f-b1bd-cf1ab987360c,->,cbb2eb5b-1962-48ac-9823-8e425d916d3c,845d8316-2c19-4e9a-82ae-1043b7dc327d,18dcfbfa-cf03-445a-b71f-10826251b363
cbb2eb5b-1962-48ac-9823-8e425d916d3c,2a73a00e-fea6-42f9-a76a-1761e9b302d6,49fce721-77e1-413f-b1bd-cf1ab987360c,->,cbb2eb5b-1962-48ac-9823-8e425d916d3c,java/lang/Integer.java,toString
cbb2eb5b-1962-48ac-9823-8e425d916d3c,2a73a00e-fea6-42f9-a76a-1761e9b302d6,49fce721-77e1-413f-b1bd-cf1ab987360c,->,cbb2eb5b-1962-48ac-9823-8e425d916d3c,845d8316-2c19-4e9a-82ae-1043b7dc327d,18dcfbfa-cf03-445a-b71f-10826251b363
cbb2eb5b-1962-48ac-9823-8e425d916d3c,2a73a00e-fea6-42f9-a76a-1761e9b302d6,49fce721-77e1-413f-b1bd-cf1ab987360c,->,cbb2eb5b-1962-48ac-9823-8e425d916d3c,java/lang/Integer.java,toString
cbb2eb5b-1962-48ac-9823-8e425d916d3c,2a73a00e-fea6-42f9-a76a-1761e9b302d6,49fce721-77e1-413f-b1bd-cf1ab987360c,->,cbb2eb5b-1962-48ac-9823-8e425d916d3c,java/lang/String.java,length
cbb2eb5b-1962-48ac-9823-8e425d916d3c,2a73a00e-fea6-42f9-a76a-1761e9b302d6,49fce721-77e1-413f-b1bd-cf1ab987360c,->,cbb2eb5b-1962-48ac-9823-8e425d916d3c,d177ce1a-e305-4bd8-af86-8e633ce71dad,0a053494-3012-40ae-b4d1-aa679050e567
cbb2eb5b-1962-48ac-9823-8e425d916d3c,2a73a00e-fea6-42f9-a76a-1761e9b302d6,49fce721-77e1-413f-b1bd-cf1ab987360c,->,cbb2eb5b-1962-48ac-9823-8e425d916d3c,org/lwjgl/opengl/GL11.java,glDisable
cbb2eb5b-1962-48ac-9823-8e425d916d3c,2a73a00e-fea6-42f9-a76a-1761e9b302d6,49fce721-77e1-413f-b1bd-cf1ab987360c,->,cbb2eb5b-1962-48ac-9823-8e425d916d3c,org/lwjgl/opengl/GL11.java,glColor3f
cbb2eb5b-1962-48ac-9823-8e425d916d3c,2a73a00e-fea6-42f9-a76a-1761e9b302d6,49fce721-77e1-413f-b1bd-cf1ab987360c,->,cbb2eb5b-1962-48ac-9823-8e425d916d3c,org/lwjgl/opengl/GL11.java,glBegin
cbb2eb5b-1962-48ac-9823-8e425d916d3c,2a73a00e-fea6-42f9-a76a-1761e9b302d6,49fce721-77e1-413f-b1bd-cf1ab987360c,->,cbb2eb5b-1962-48ac-9823-8e425d916d3c,org/lwjgl/opengl/GL11.java,glVertex2f
cbb2eb5b-1962-48ac-9823-8e425d916d3c,2a73a00e-fea6-42f9-a76a-1761e9b302d6,49fce721-77e1-413f-b1bd-cf1ab987360c,->,cbb2eb5b-1962-48ac-9823-8e425d916d3c,org/lwjgl/opengl/GL11.java,glVertex2f
cbb2eb5b-1962-48ac-9823-8e425d916d3c,2a73a00e-fea6-42f9-a76a-1761e9b302d6,49fce721-77e1-413f-b1bd-cf1ab987360c,->,cbb2eb5b-1962-48ac-9823-8e425d916d3c,org/lwjgl/opengl/GL11.java,glVertex2f
cbb2eb5b-1962-48ac-9823-8e425d916d3c,2a73a00e-fea6-42f9-a76a-1761e9b302d6,49fce721-77e1-413f-b1bd-cf1ab987360c,->,cbb2eb5b-1962-48ac-9823-8e425d916d3c,org/lwjgl/opengl/GL11.java,glVertex2f
cbb2eb5b-1962-48ac-9823-8e425d916d3c,2a73a00e-fea6-42f9-a76a-1761e9b302d6,49fce721-77e1-413f-b1bd-cf1ab987360c,->,cbb2eb5b-1962-48ac-9823-8e425d916d3c,org/lwjgl/opengl/GL11.java,glEnd
cbb2eb5b-1962-48ac-9823-8e425d916d3c,2a73a00e-fea6-42f9-a76a-1761e9b302d6,49fce721-77e1-413f-b1bd-cf1ab987360c,->,cbb2eb5b-1962-48ac-9823-8e425d916d3c,org/lwjgl/opengl/GL11.java,glColor3f
cbb2eb5b-1962-48ac-9823-8e425d916d3c,2a73a00e-fea6-42f9-a76a-1761e9b302d6,49fce721-77e1-413f-b1bd-cf1ab987360c,->,cbb2eb5b-1962-48ac-9823-8e425d916d3c,org/lwjgl/opengl/GL11.java,glBegin
cbb2eb5b-1962-48ac-9823-8e425d916d3c,2a73a00e-fea6-42f9-a76a-1761e9b302d6,49fce721-77e1-413f-b1bd-cf1ab987360c,->,cbb2eb5b-1962-48ac-9823-8e425d916d3c,org/lwjgl/opengl/GL11.java,glVertex2f
cbb2eb5b-1962-48ac-9823-8e425d916d3c,2a73a00e-fea6-42f9-a76a-1761e9b302d6,49fce721-77e1-413f-b1bd-cf1ab987360c,->,cbb2eb5b-1962-48ac-9823-8e425d916d3c,org/lwjgl/opengl/GL11.java,glVertex2f
cbb2eb5b-1962-48ac-9823-8e425d916d3c,2a73a00e-fea6-42f9-a76a-1761e9b302d6,49fce721-77e1-413f-b1bd-cf1ab987360c,->,cbb2eb5b-1962-48ac-9823-8e425d916d3c,org/lwjgl/opengl/GL11.java,glVertex2f
cbb2eb5b-1962-48ac-9823-8e425d916d3c,2a73a00e-fea6-42f9-a76a-1761e9b302d6,49fce721-77e1-413f-b1bd-cf1ab987360c,->,cbb2eb5b-1962-48ac-9823-8e425d916d3c,org/lwjgl/opengl/GL11.java,glVertex2f
cbb2eb5b-1962-48ac-9823-8e425d916d3c,2a73a00e-fea6-42f9-a76a-1761e9b302d6,49fce721-77e1-413f-b1bd-cf1ab987360c,->,cbb2eb5b-1962-48ac-9823-8e425d916d3c,org/lwjgl/opengl/GL11.java,glEnd
cbb2eb5b-1962-48ac-9823-8e425d916d3c,2a73a00e-fea6-42f9-a76a-1761e9b302d6,49fce721-77e1-413f-b1bd-cf1ab987360c,->,cbb2eb5b-1962-48ac-9823-8e425d916d3c,org/lwjgl/opengl/GL11.java,glEnable
cbb2eb5b-1962-48ac-9823-8e425d916d3c,2a73a00e-fea6-42f9-a76a-1761e9b302d6,49fce721-77e1-413f-b1bd-cf1ab987360c,->,cbb2eb5b-1962-48ac-9823-8e425d916d3c,845d8316-2c19-4e9a-82ae-1043b7dc327d,ae661a0f-dbb6-4d3f-85ab-f72d5377289f
cbb2eb5b-1962-48ac-9823-8e425d916d3c,2a73a00e-fea6-42f9-a76a-1761e9b302d6,49fce721-77e1-413f-b1bd-cf1ab987360c,->,cbb2eb5b-1962-48ac-9823-8e425d916d3c,java/lang/StringBuilder.java,append
cbb2eb5b-1962-48ac-9823-8e425d916d3c,2a73a00e-fea6-42f9-a76a-1761e9b302d6,49fce721-77e1-413f-b1bd-cf1ab987360c,->,cbb2eb5b-1962-48ac-9823-8e425d916d3c,java/lang/StringBuilder.java,append
cbb2eb5b-1962-48ac-9823-8e425d916d3c,2a73a00e-fea6-42f9-a76a-1761e9b302d6,49fce721-77e1-413f-b1bd-cf1ab987360c,->,cbb2eb5b-1962-48ac-9823-8e425d916d3c,845d8316-2c19-4e9a-82ae-1043b7dc327d,41df0bd3-48f6-41de-a3fa-ebd1ae3576cf
cbb2eb5b-1962-48ac-9823-8e425d916d3c,2a73a00e-fea6-42f9-a76a-1761e9b302d6,49fce721-77e1-413f-b1bd-cf1ab987360c,->,cbb2eb5b-1962-48ac-9823-8e425d916d3c,java/lang/StringBuilder.java,append
cbb2eb5b-1962-48ac-9823-8e425d916d3c,2a73a00e-fea6-42f9-a76a-1761e9b302d6,49fce721-77e1-413f-b1bd-cf1ab987360c,->,cbb2eb5b-1962-48ac-9823-8e425d916d3c,java/lang/StringBuilder.java,toString
cbb2eb5b-1962-48ac-9823-8e425d916d3c,2a73a00e-fea6-42f9-a76a-1761e9b302d6,49fce721-77e1-413f-b1bd-cf1ab987360c,->,cbb2eb5b-1962-48ac-9823-8e425d916d3c,java/lang/String.java,length
cbb2eb5b-1962-48ac-9823-8e425d916d3c,2a73a00e-fea6-42f9-a76a-1761e9b302d6,49fce721-77e1-413f-b1bd-cf1ab987360c,->,cbb2eb5b-1962-48ac-9823-8e425d916d3c,d177ce1a-e305-4bd8-af86-8e633ce71dad,eb4c2561-c087-4770-9c56-fa3a2871fc2d
cbb2eb5b-1962-48ac-9823-8e425d916d3c,2a73a00e-fea6-42f9-a76a-1761e9b302d6,e4270910-a8da-40ed-b4c8-23016f45d6c8,->,cbb2eb5b-1962-48ac-9823-8e425d916d3c,rpg/game/entities/Entity.java,getX
cbb2eb5b-1962-48ac-9823-8e425d916d3c,2a73a00e-fea6-42f9-a76a-1761e9b302d6,e4270910-a8da-40ed-b4c8-23016f45d6c8,->,cbb2eb5b-1962-48ac-9823-8e425d916d3c,rpg/game/entities/Entity.java,getX
cbb2eb5b-1962-48ac-9823-8e425d916d3c,2a73a00e-fea6-42f9-a76a-1761e9b302d6,e4270910-a8da-40ed-b4c8-23016f45d6c8,->,cbb2eb5b-1962-48ac-9823-8e425d916d3c,rpg/game/entities/Entity.java,getWidth
cbb2eb5b-1962-48ac-9823-8e425d916d3c,2a73a00e-fea6-42f9-a76a-1761e9b302d6,e4270910-a8da-40ed-b4c8-23016f45d6c8,->,cbb2eb5b-1962-48ac-9823-8e425d916d3c,rpg/game/entities/Entity.java,getY
cbb2eb5b-1962-48ac-9823-8e425d916d3c,2a73a00e-fea6-42f9-a76a-1761e9b302d6,e4270910-a8da-40ed-b4c8-23016f45d6c8,->,cbb2eb5b-1962-48ac-9823-8e425d916d3c,rpg/game/entities/Entity.java,getY
cbb2eb5b-1962-48ac-9823-8e425d916d3c,2a73a00e-fea6-42f9-a76a-1761e9b302d6,e4270910-a8da-40ed-b4c8-23016f45d6c8,->,cbb2eb5b-1962-48ac-9823-8e425d916d3c,rpg/game/entities/Entity.java,getHeight
cbb2eb5b-1962-48ac-9823-8e425d916d3c,2a73a00e-fea6-42f9-a76a-1761e9b302d6,e4270910-a8da-40ed-b4c8-23016f45d6c8,->,cbb2eb5b-1962-48ac-9823-8e425d916d3c,845d8316-2c19-4e9a-82ae-1043b7dc327d,ba6a5b44-34d2-49f7-bf45-44979f8e0314
cbb2eb5b-1962-48ac-9823-8e425d916d3c,2a73a00e-fea6-42f9-a76a-1761e9b302d6,c262c805-70df-411e-b71d-9e40f7bda51c,->,cbb2eb5b-1962-48ac-9823-8e425d916d3c,c6daa512-8880-4e28-b381-d962ebd7bb15,10f8c789-c4a0-495c-b60f-f5a0a95f1d8a
cbb2eb5b-1962-48ac-9823-8e425d916d3c,2a73a00e-fea6-42f9-a76a-1761e9b302d6,c262c805-70df-411e-b71d-9e40f7bda51c,->,cbb2eb5b-1962-48ac-9823-8e425d916d3c,c6daa512-8880-4e28-b381-d962ebd7bb15,dc2cd17f-331b-42ea-95ed-33752067a553
cbb2eb5b-1962-48ac-9823-8e425d916d3c,rpg/game/ui/ItemInfo$1.java,<clinit>,->,cbb2eb5b-1962-48ac-9823-8e425d916d3c,rpg/game/items/Item$Tier.java,values
cbb2eb5b-1962-48ac-9823-8e425d916d3c,rpg/game/ui/ItemInfo$1.java,<clinit>,->,cbb2eb5b-1962-48ac-9823-8e425d916d3c,rpg/game/items/Item$Tier.java,ordinal
cbb2eb5b-1962-48ac-9823-8e425d916d3c,rpg/game/ui/ItemInfo$1.java,<clinit>,->,cbb2eb5b-1962-48ac-9823-8e425d916d3c,rpg/game/items/Item$Tier.java,ordinal
cbb2eb5b-1962-48ac-9823-8e425d916d3c,rpg/game/ui/ItemInfo$1.java,<clinit>,->,cbb2eb5b-1962-48ac-9823-8e425d916d3c,rpg/game/items/Item$Tier.java,ordinal
cbb2eb5b-1962-48ac-9823-8e425d916d3c,rpg/game/ui/ItemInfo$1.java,<clinit>,->,cbb2eb5b-1962-48ac-9823-8e425d916d3c,rpg/game/items/Item$Tier.java,ordinal
cbb2eb5b-1962-48ac-9823-8e425d916d3c,rpg/game/ui/ItemInfo$1.java,<clinit>,->,cbb2eb5b-1962-48ac-9823-8e425d916d3c,rpg/game/items/Item$Tier.java,ordinal
cbb2eb5b-1962-48ac-9823-8e425d916d3c,rpg/game/ui/ArmorInfo$1.java,<clinit>,->,cbb2eb5b-1962-48ac-9823-8e425d916d3c,rpg/game/items/Item$Tier.java,values
cbb2eb5b-1962-48ac-9823-8e425d916d3c,rpg/game/ui/ArmorInfo$1.java,<clinit>,->,cbb2eb5b-1962-48ac-9823-8e425d916d3c,rpg/game/items/Item$Tier.java,ordinal
cbb2eb5b-1962-48ac-9823-8e425d916d3c,rpg/game/ui/ArmorInfo$1.java,<clinit>,->,cbb2eb5b-1962-48ac-9823-8e425d916d3c,rpg/game/items/Item$Tier.java,ordinal
cbb2eb5b-1962-48ac-9823-8e425d916d3c,rpg/game/ui/ArmorInfo$1.java,<clinit>,->,cbb2eb5b-1962-48ac-9823-8e425d916d3c,rpg/game/items/Item$Tier.java,ordinal
cbb2eb5b-1962-48ac-9823-8e425d916d3c,rpg/game/ui/ArmorInfo$1.java,<clinit>,->,cbb2eb5b-1962-48ac-9823-8e425d916d3c,rpg/game/items/Item$Tier.java,ordinal
cbb2eb5b-1962-48ac-9823-8e425d916d3c,rpg/game/ui/ArmorInfo$1.java,<clinit>,->,cbb2eb5b-1962-48ac-9823-8e425d916d3c,rpg/game/items/Item$Tier.java,ordinal
cbb2eb5b-1962-48ac-9823-8e425d916d3c,778b8e83-f100-4f18-bc26-1055a60efbd6,68b3c81b-0a0d-4d7f-b5b7-91404379865c,->,cbb2eb5b-1962-48ac-9823-8e425d916d3c,77c0f95d-a4ee-4892-9b9f-3920e28b6b18,33cd4490-ddb7-4e0e-bb9a-e77d41499917
cbb2eb5b-1962-48ac-9823-8e425d916d3c,778b8e83-f100-4f18-bc26-1055a60efbd6,68b3c81b-0a0d-4d7f-b5b7-91404379865c,->,cbb2eb5b-1962-48ac-9823-8e425d916d3c,java/lang/String.java,length
cbb2eb5b-1962-48ac-9823-8e425d916d3c,778b8e83-f100-4f18-bc26-1055a60efbd6,68b3c81b-0a0d-4d7f-b5b7-91404379865c,->,cbb2eb5b-1962-48ac-9823-8e425d916d3c,77c0f95d-a4ee-4892-9b9f-3920e28b6b18,dbf5d6f1-88db-4763-97bf-95734bd5c6a9
cbb2eb5b-1962-48ac-9823-8e425d916d3c,778b8e83-f100-4f18-bc26-1055a60efbd6,68b3c81b-0a0d-4d7f-b5b7-91404379865c,->,cbb2eb5b-1962-48ac-9823-8e425d916d3c,java/lang/String.java,length
cbb2eb5b-1962-48ac-9823-8e425d916d3c,778b8e83-f100-4f18-bc26-1055a60efbd6,68b3c81b-0a0d-4d7f-b5b7-91404379865c,->,cbb2eb5b-1962-48ac-9823-8e425d916d3c,77c0f95d-a4ee-4892-9b9f-3920e28b6b18,33cd4490-ddb7-4e0e-bb9a-e77d41499917
cbb2eb5b-1962-48ac-9823-8e425d916d3c,778b8e83-f100-4f18-bc26-1055a60efbd6,68b3c81b-0a0d-4d7f-b5b7-91404379865c,->,cbb2eb5b-1962-48ac-9823-8e425d916d3c,java/lang/String.java,length
cbb2eb5b-1962-48ac-9823-8e425d916d3c,778b8e83-f100-4f18-bc26-1055a60efbd6,68b3c81b-0a0d-4d7f-b5b7-91404379865c,->,cbb2eb5b-1962-48ac-9823-8e425d916d3c,77c0f95d-a4ee-4892-9b9f-3920e28b6b18,dbf5d6f1-88db-4763-97bf-95734bd5c6a9
cbb2eb5b-1962-48ac-9823-8e425d916d3c,778b8e83-f100-4f18-bc26-1055a60efbd6,68b3c81b-0a0d-4d7f-b5b7-91404379865c,->,cbb2eb5b-1962-48ac-9823-8e425d916d3c,java/lang/String.java,length
cbb2eb5b-1962-48ac-9823-8e425d916d3c,778b8e83-f100-4f18-bc26-1055a60efbd6,68b3c81b-0a0d-4d7f-b5b7-91404379865c,->,cbb2eb5b-1962-48ac-9823-8e425d916d3c,77c0f95d-a4ee-4892-9b9f-3920e28b6b18,dbf5d6f1-88db-4763-97bf-95734bd5c6a9
cbb2eb5b-1962-48ac-9823-8e425d916d3c,778b8e83-f100-4f18-bc26-1055a60efbd6,68b3c81b-0a0d-4d7f-b5b7-91404379865c,->,cbb2eb5b-1962-48ac-9823-8e425d916d3c,java/lang/String.java,length
cbb2eb5b-1962-48ac-9823-8e425d916d3c,778b8e83-f100-4f18-bc26-1055a60efbd6,68b3c81b-0a0d-4d7f-b5b7-91404379865c,->,cbb2eb5b-1962-48ac-9823-8e425d916d3c,c6daa512-8880-4e28-b381-d962ebd7bb15,e24ae3e0-51d6-4a9e-9381-4237fba83b02
cbb2eb5b-1962-48ac-9823-8e425d916d3c,778b8e83-f100-4f18-bc26-1055a60efbd6,68b3c81b-0a0d-4d7f-b5b7-91404379865c,->,cbb2eb5b-1962-48ac-9823-8e425d916d3c,org/lwjgl/input/Mouse.java,getX
cbb2eb5b-1962-48ac-9823-8e425d916d3c,778b8e83-f100-4f18-bc26-1055a60efbd6,68b3c81b-0a0d-4d7f-b5b7-91404379865c,->,cbb2eb5b-1962-48ac-9823-8e425d916d3c,c6daa512-8880-4e28-b381-d962ebd7bb15,f530208a-2844-482c-b146-d92fc14be719
cbb2eb5b-1962-48ac-9823-8e425d916d3c,778b8e83-f100-4f18-bc26-1055a60efbd6,68b3c81b-0a0d-4d7f-b5b7-91404379865c,->,cbb2eb5b-1962-48ac-9823-8e425d916d3c,org/lwjgl/input/Mouse.java,getY
cbb2eb5b-1962-48ac-9823-8e425d916d3c,778b8e83-f100-4f18-bc26-1055a60efbd6,68b3c81b-0a0d-4d7f-b5b7-91404379865c,->,cbb2eb5b-1962-48ac-9823-8e425d916d3c,org/lwjgl/opengl/GL11.java,glDisable
cbb2eb5b-1962-48ac-9823-8e425d916d3c,778b8e83-f100-4f18-bc26-1055a60efbd6,68b3c81b-0a0d-4d7f-b5b7-91404379865c,->,cbb2eb5b-1962-48ac-9823-8e425d916d3c,org/lwjgl/opengl/GL11.java,glColor3f
cbb2eb5b-1962-48ac-9823-8e425d916d3c,778b8e83-f100-4f18-bc26-1055a60efbd6,68b3c81b-0a0d-4d7f-b5b7-91404379865c,->,cbb2eb5b-1962-48ac-9823-8e425d916d3c,org/lwjgl/opengl/GL11.java,glBegin
cbb2eb5b-1962-48ac-9823-8e425d916d3c,778b8e83-f100-4f18-bc26-1055a60efbd6,68b3c81b-0a0d-4d7f-b5b7-91404379865c,->,cbb2eb5b-1962-48ac-9823-8e425d916d3c,org/lwjgl/opengl/GL11.java,glVertex2f
cbb2eb5b-1962-48ac-9823-8e425d916d3c,778b8e83-f100-4f18-bc26-1055a60efbd6,68b3c81b-0a0d-4d7f-b5b7-91404379865c,->,cbb2eb5b-1962-48ac-9823-8e425d916d3c,org/lwjgl/opengl/GL11.java,glVertex2f
cbb2eb5b-1962-48ac-9823-8e425d916d3c,778b8e83-f100-4f18-bc26-1055a60efbd6,68b3c81b-0a0d-4d7f-b5b7-91404379865c,->,cbb2eb5b-1962-48ac-9823-8e425d916d3c,org/lwjgl/opengl/GL11.java,glVertex2f
cbb2eb5b-1962-48ac-9823-8e425d916d3c,778b8e83-f100-4f18-bc26-1055a60efbd6,68b3c81b-0a0d-4d7f-b5b7-91404379865c,->,cbb2eb5b-1962-48ac-9823-8e425d916d3c,org/lwjgl/opengl/GL11.java,glVertex2f
cbb2eb5b-1962-48ac-9823-8e425d916d3c,778b8e83-f100-4f18-bc26-1055a60efbd6,68b3c81b-0a0d-4d7f-b5b7-91404379865c,->,cbb2eb5b-1962-48ac-9823-8e425d916d3c,org/lwjgl/opengl/GL11.java,glEnd
cbb2eb5b-1962-48ac-9823-8e425d916d3c,778b8e83-f100-4f18-bc26-1055a60efbd6,68b3c81b-0a0d-4d7f-b5b7-91404379865c,->,cbb2eb5b-1962-48ac-9823-8e425d916d3c,org/lwjgl/opengl/GL11.java,glColor3f
cbb2eb5b-1962-48ac-9823-8e425d916d3c,778b8e83-f100-4f18-bc26-1055a60efbd6,68b3c81b-0a0d-4d7f-b5b7-91404379865c,->,cbb2eb5b-1962-48ac-9823-8e425d916d3c,org/lwjgl/opengl/GL11.java,glBegin
cbb2eb5b-1962-48ac-9823-8e425d916d3c,778b8e83-f100-4f18-bc26-1055a60efbd6,68b3c81b-0a0d-4d7f-b5b7-91404379865c,->,cbb2eb5b-1962-48ac-9823-8e425d916d3c,org/lwjgl/opengl/GL11.java,glVertex2f
cbb2eb5b-1962-48ac-9823-8e425d916d3c,778b8e83-f100-4f18-bc26-1055a60efbd6,68b3c81b-0a0d-4d7f-b5b7-91404379865c,->,cbb2eb5b-1962-48ac-9823-8e425d916d3c,org/lwjgl/opengl/GL11.java,glVertex2f
cbb2eb5b-1962-48ac-9823-8e425d916d3c,778b8e83-f100-4f18-bc26-1055a60efbd6,68b3c81b-0a0d-4d7f-b5b7-91404379865c,->,cbb2eb5b-1962-48ac-9823-8e425d916d3c,org/lwjgl/opengl/GL11.java,glVertex2f
cbb2eb5b-1962-48ac-9823-8e425d916d3c,778b8e83-f100-4f18-bc26-1055a60efbd6,68b3c81b-0a0d-4d7f-b5b7-91404379865c,->,cbb2eb5b-1962-48ac-9823-8e425d916d3c,org/lwjgl/opengl/GL11.java,glVertex2f
cbb2eb5b-1962-48ac-9823-8e425d916d3c,778b8e83-f100-4f18-bc26-1055a60efbd6,68b3c81b-0a0d-4d7f-b5b7-91404379865c,->,cbb2eb5b-1962-48ac-9823-8e425d916d3c,org/lwjgl/opengl/GL11.java,glEnd
cbb2eb5b-1962-48ac-9823-8e425d916d3c,778b8e83-f100-4f18-bc26-1055a60efbd6,68b3c81b-0a0d-4d7f-b5b7-91404379865c,->,cbb2eb5b-1962-48ac-9823-8e425d916d3c,org/lwjgl/opengl/GL11.java,glEnable
cbb2eb5b-1962-48ac-9823-8e425d916d3c,778b8e83-f100-4f18-bc26-1055a60efbd6,68b3c81b-0a0d-4d7f-b5b7-91404379865c,->,cbb2eb5b-1962-48ac-9823-8e425d916d3c,77c0f95d-a4ee-4892-9b9f-3920e28b6b18,a3a65b3e-2aab-427f-8a87-83d844cd24da
cbb2eb5b-1962-48ac-9823-8e425d916d3c,778b8e83-f100-4f18-bc26-1055a60efbd6,68b3c81b-0a0d-4d7f-b5b7-91404379865c,->,cbb2eb5b-1962-48ac-9823-8e425d916d3c,rpg/game/items/Item$Tier.java,ordinal
cbb2eb5b-1962-48ac-9823-8e425d916d3c,778b8e83-f100-4f18-bc26-1055a60efbd6,68b3c81b-0a0d-4d7f-b5b7-91404379865c,->,cbb2eb5b-1962-48ac-9823-8e425d916d3c,77c0f95d-a4ee-4892-9b9f-3920e28b6b18,33cd4490-ddb7-4e0e-bb9a-e77d41499917
cbb2eb5b-1962-48ac-9823-8e425d916d3c,778b8e83-f100-4f18-bc26-1055a60efbd6,68b3c81b-0a0d-4d7f-b5b7-91404379865c,->,cbb2eb5b-1962-48ac-9823-8e425d916d3c,d177ce1a-e305-4bd8-af86-8e633ce71dad,eb4c2561-c087-4770-9c56-fa3a2871fc2d
cbb2eb5b-1962-48ac-9823-8e425d916d3c,778b8e83-f100-4f18-bc26-1055a60efbd6,68b3c81b-0a0d-4d7f-b5b7-91404379865c,->,cbb2eb5b-1962-48ac-9823-8e425d916d3c,77c0f95d-a4ee-4892-9b9f-3920e28b6b18,33cd4490-ddb7-4e0e-bb9a-e77d41499917
cbb2eb5b-1962-48ac-9823-8e425d916d3c,778b8e83-f100-4f18-bc26-1055a60efbd6,68b3c81b-0a0d-4d7f-b5b7-91404379865c,->,cbb2eb5b-1962-48ac-9823-8e425d916d3c,d177ce1a-e305-4bd8-af86-8e633ce71dad,cfc6ac83-cb3f-4643-992f-51db4728a5f7
cbb2eb5b-1962-48ac-9823-8e425d916d3c,778b8e83-f100-4f18-bc26-1055a60efbd6,68b3c81b-0a0d-4d7f-b5b7-91404379865c,->,cbb2eb5b-1962-48ac-9823-8e425d916d3c,77c0f95d-a4ee-4892-9b9f-3920e28b6b18,33cd4490-ddb7-4e0e-bb9a-e77d41499917
cbb2eb5b-1962-48ac-9823-8e425d916d3c,778b8e83-f100-4f18-bc26-1055a60efbd6,68b3c81b-0a0d-4d7f-b5b7-91404379865c,->,cbb2eb5b-1962-48ac-9823-8e425d916d3c,d177ce1a-e305-4bd8-af86-8e633ce71dad,cfc6ac83-cb3f-4643-992f-51db4728a5f7
cbb2eb5b-1962-48ac-9823-8e425d916d3c,778b8e83-f100-4f18-bc26-1055a60efbd6,68b3c81b-0a0d-4d7f-b5b7-91404379865c,->,cbb2eb5b-1962-48ac-9823-8e425d916d3c,77c0f95d-a4ee-4892-9b9f-3920e28b6b18,33cd4490-ddb7-4e0e-bb9a-e77d41499917
cbb2eb5b-1962-48ac-9823-8e425d916d3c,778b8e83-f100-4f18-bc26-1055a60efbd6,68b3c81b-0a0d-4d7f-b5b7-91404379865c,->,cbb2eb5b-1962-48ac-9823-8e425d916d3c,d177ce1a-e305-4bd8-af86-8e633ce71dad,cfc6ac83-cb3f-4643-992f-51db4728a5f7
cbb2eb5b-1962-48ac-9823-8e425d916d3c,778b8e83-f100-4f18-bc26-1055a60efbd6,68b3c81b-0a0d-4d7f-b5b7-91404379865c,->,cbb2eb5b-1962-48ac-9823-8e425d916d3c,77c0f95d-a4ee-4892-9b9f-3920e28b6b18,33cd4490-ddb7-4e0e-bb9a-e77d41499917
cbb2eb5b-1962-48ac-9823-8e425d916d3c,778b8e83-f100-4f18-bc26-1055a60efbd6,68b3c81b-0a0d-4d7f-b5b7-91404379865c,->,cbb2eb5b-1962-48ac-9823-8e425d916d3c,d177ce1a-e305-4bd8-af86-8e633ce71dad,cfc6ac83-cb3f-4643-992f-51db4728a5f7
cbb2eb5b-1962-48ac-9823-8e425d916d3c,778b8e83-f100-4f18-bc26-1055a60efbd6,68b3c81b-0a0d-4d7f-b5b7-91404379865c,->,cbb2eb5b-1962-48ac-9823-8e425d916d3c,77c0f95d-a4ee-4892-9b9f-3920e28b6b18,07890a3e-4875-495a-8d6a-a07ae554c863
cbb2eb5b-1962-48ac-9823-8e425d916d3c,778b8e83-f100-4f18-bc26-1055a60efbd6,68b3c81b-0a0d-4d7f-b5b7-91404379865c,->,cbb2eb5b-1962-48ac-9823-8e425d916d3c,c6daa512-8880-4e28-b381-d962ebd7bb15,42f393ed-f0da-4c18-997b-ae3d89e2d756
cbb2eb5b-1962-48ac-9823-8e425d916d3c,778b8e83-f100-4f18-bc26-1055a60efbd6,68b3c81b-0a0d-4d7f-b5b7-91404379865c,->,cbb2eb5b-1962-48ac-9823-8e425d916d3c,java/lang/StringBuilder.java,append
cbb2eb5b-1962-48ac-9823-8e425d916d3c,778b8e83-f100-4f18-bc26-1055a60efbd6,68b3c81b-0a0d-4d7f-b5b7-91404379865c,->,cbb2eb5b-1962-48ac-9823-8e425d916d3c,77c0f95d-a4ee-4892-9b9f-3920e28b6b18,07890a3e-4875-495a-8d6a-a07ae554c863
cbb2eb5b-1962-48ac-9823-8e425d916d3c,778b8e83-f100-4f18-bc26-1055a60efbd6,68b3c81b-0a0d-4d7f-b5b7-91404379865c,->,cbb2eb5b-1962-48ac-9823-8e425d916d3c,java/lang/StringBuilder.java,append
cbb2eb5b-1962-48ac-9823-8e425d916d3c,778b8e83-f100-4f18-bc26-1055a60efbd6,68b3c81b-0a0d-4d7f-b5b7-91404379865c,->,cbb2eb5b-1962-48ac-9823-8e425d916d3c,java/lang/StringBuilder.java,toString
cbb2eb5b-1962-48ac-9823-8e425d916d3c,778b8e83-f100-4f18-bc26-1055a60efbd6,68b3c81b-0a0d-4d7f-b5b7-91404379865c,->,cbb2eb5b-1962-48ac-9823-8e425d916d3c,d177ce1a-e305-4bd8-af86-8e633ce71dad,cfc6ac83-cb3f-4643-992f-51db4728a5f7
cbb2eb5b-1962-48ac-9823-8e425d916d3c,778b8e83-f100-4f18-bc26-1055a60efbd6,68b3c81b-0a0d-4d7f-b5b7-91404379865c,->,cbb2eb5b-1962-48ac-9823-8e425d916d3c,java/lang/StringBuilder.java,append
cbb2eb5b-1962-48ac-9823-8e425d916d3c,778b8e83-f100-4f18-bc26-1055a60efbd6,68b3c81b-0a0d-4d7f-b5b7-91404379865c,->,cbb2eb5b-1962-48ac-9823-8e425d916d3c,77c0f95d-a4ee-4892-9b9f-3920e28b6b18,07890a3e-4875-495a-8d6a-a07ae554c863
cbb2eb5b-1962-48ac-9823-8e425d916d3c,778b8e83-f100-4f18-bc26-1055a60efbd6,68b3c81b-0a0d-4d7f-b5b7-91404379865c,->,cbb2eb5b-1962-48ac-9823-8e425d916d3c,java/lang/StringBuilder.java,append
cbb2eb5b-1962-48ac-9823-8e425d916d3c,778b8e83-f100-4f18-bc26-1055a60efbd6,68b3c81b-0a0d-4d7f-b5b7-91404379865c,->,cbb2eb5b-1962-48ac-9823-8e425d916d3c,java/lang/StringBuilder.java,toString
cbb2eb5b-1962-48ac-9823-8e425d916d3c,778b8e83-f100-4f18-bc26-1055a60efbd6,68b3c81b-0a0d-4d7f-b5b7-91404379865c,->,cbb2eb5b-1962-48ac-9823-8e425d916d3c,d177ce1a-e305-4bd8-af86-8e633ce71dad,eb4c2561-c087-4770-9c56-fa3a2871fc2d
cbb2eb5b-1962-48ac-9823-8e425d916d3c,778b8e83-f100-4f18-bc26-1055a60efbd6,68b3c81b-0a0d-4d7f-b5b7-91404379865c,->,cbb2eb5b-1962-48ac-9823-8e425d916d3c,77c0f95d-a4ee-4892-9b9f-3920e28b6b18,dbf5d6f1-88db-4763-97bf-95734bd5c6a9
cbb2eb5b-1962-48ac-9823-8e425d916d3c,778b8e83-f100-4f18-bc26-1055a60efbd6,68b3c81b-0a0d-4d7f-b5b7-91404379865c,->,cbb2eb5b-1962-48ac-9823-8e425d916d3c,java/lang/String.java,length
cbb2eb5b-1962-48ac-9823-8e425d916d3c,778b8e83-f100-4f18-bc26-1055a60efbd6,68b3c81b-0a0d-4d7f-b5b7-91404379865c,->,cbb2eb5b-1962-48ac-9823-8e425d916d3c,77c0f95d-a4ee-4892-9b9f-3920e28b6b18,dbf5d6f1-88db-4763-97bf-95734bd5c6a9
cbb2eb5b-1962-48ac-9823-8e425d916d3c,778b8e83-f100-4f18-bc26-1055a60efbd6,68b3c81b-0a0d-4d7f-b5b7-91404379865c,->,cbb2eb5b-1962-48ac-9823-8e425d916d3c,java/lang/String.java,length
cbb2eb5b-1962-48ac-9823-8e425d916d3c,778b8e83-f100-4f18-bc26-1055a60efbd6,68b3c81b-0a0d-4d7f-b5b7-91404379865c,->,cbb2eb5b-1962-48ac-9823-8e425d916d3c,77c0f95d-a4ee-4892-9b9f-3920e28b6b18,dbf5d6f1-88db-4763-97bf-95734bd5c6a9
cbb2eb5b-1962-48ac-9823-8e425d916d3c,778b8e83-f100-4f18-bc26-1055a60efbd6,68b3c81b-0a0d-4d7f-b5b7-91404379865c,->,cbb2eb5b-1962-48ac-9823-8e425d916d3c,java/lang/String.java,substring
cbb2eb5b-1962-48ac-9823-8e425d916d3c,778b8e83-f100-4f18-bc26-1055a60efbd6,68b3c81b-0a0d-4d7f-b5b7-91404379865c,->,cbb2eb5b-1962-48ac-9823-8e425d916d3c,d177ce1a-e305-4bd8-af86-8e633ce71dad,eb4c2561-c087-4770-9c56-fa3a2871fc2d
cbb2eb5b-1962-48ac-9823-8e425d916d3c,778b8e83-f100-4f18-bc26-1055a60efbd6,68b3c81b-0a0d-4d7f-b5b7-91404379865c,->,cbb2eb5b-1962-48ac-9823-8e425d916d3c,77c0f95d-a4ee-4892-9b9f-3920e28b6b18,dbf5d6f1-88db-4763-97bf-95734bd5c6a9
cbb2eb5b-1962-48ac-9823-8e425d916d3c,778b8e83-f100-4f18-bc26-1055a60efbd6,68b3c81b-0a0d-4d7f-b5b7-91404379865c,->,cbb2eb5b-1962-48ac-9823-8e425d916d3c,77c0f95d-a4ee-4892-9b9f-3920e28b6b18,dbf5d6f1-88db-4763-97bf-95734bd5c6a9
cbb2eb5b-1962-48ac-9823-8e425d916d3c,778b8e83-f100-4f18-bc26-1055a60efbd6,68b3c81b-0a0d-4d7f-b5b7-91404379865c,->,cbb2eb5b-1962-48ac-9823-8e425d916d3c,java/lang/String.java,length
cbb2eb5b-1962-48ac-9823-8e425d916d3c,778b8e83-f100-4f18-bc26-1055a60efbd6,68b3c81b-0a0d-4d7f-b5b7-91404379865c,->,cbb2eb5b-1962-48ac-9823-8e425d916d3c,java/lang/String.java,substring
cbb2eb5b-1962-48ac-9823-8e425d916d3c,778b8e83-f100-4f18-bc26-1055a60efbd6,68b3c81b-0a0d-4d7f-b5b7-91404379865c,->,cbb2eb5b-1962-48ac-9823-8e425d916d3c,d177ce1a-e305-4bd8-af86-8e633ce71dad,eb4c2561-c087-4770-9c56-fa3a2871fc2d
cbb2eb5b-1962-48ac-9823-8e425d916d3c,e02449a2-e715-4c75-9402-738d0df32077,44be5ff7-bcab-4136-9920-2a3a0b4f6831,->,cbb2eb5b-1962-48ac-9823-8e425d916d3c,c6daa512-8880-4e28-b381-d962ebd7bb15,e24ae3e0-51d6-4a9e-9381-4237fba83b02
cbb2eb5b-1962-48ac-9823-8e425d916d3c,e02449a2-e715-4c75-9402-738d0df32077,44be5ff7-bcab-4136-9920-2a3a0b4f6831,->,cbb2eb5b-1962-48ac-9823-8e425d916d3c,c6daa512-8880-4e28-b381-d962ebd7bb15,f530208a-2844-482c-b146-d92fc14be719
cbb2eb5b-1962-48ac-9823-8e425d916d3c,e02449a2-e715-4c75-9402-738d0df32077,44be5ff7-bcab-4136-9920-2a3a0b4f6831,->,cbb2eb5b-1962-48ac-9823-8e425d916d3c,c6daa512-8880-4e28-b381-d962ebd7bb15,2ba945ed-2e00-46fe-8273-9d314bbbb876
cbb2eb5b-1962-48ac-9823-8e425d916d3c,e02449a2-e715-4c75-9402-738d0df32077,44be5ff7-bcab-4136-9920-2a3a0b4f6831,->,cbb2eb5b-1962-48ac-9823-8e425d916d3c,org/lwjgl/opengl/GL11.java,glDisable
cbb2eb5b-1962-48ac-9823-8e425d916d3c,e02449a2-e715-4c75-9402-738d0df32077,44be5ff7-bcab-4136-9920-2a3a0b4f6831,->,cbb2eb5b-1962-48ac-9823-8e425d916d3c,org/lwjgl/opengl/GL11.java,glColor3f
cbb2eb5b-1962-48ac-9823-8e425d916d3c,e02449a2-e715-4c75-9402-738d0df32077,44be5ff7-bcab-4136-9920-2a3a0b4f6831,->,cbb2eb5b-1962-48ac-9823-8e425d916d3c,org/lwjgl/opengl/GL11.java,glBegin
cbb2eb5b-1962-48ac-9823-8e425d916d3c,e02449a2-e715-4c75-9402-738d0df32077,44be5ff7-bcab-4136-9920-2a3a0b4f6831,->,cbb2eb5b-1962-48ac-9823-8e425d916d3c,org/lwjgl/opengl/GL11.java,glVertex2f
cbb2eb5b-1962-48ac-9823-8e425d916d3c,e02449a2-e715-4c75-9402-738d0df32077,44be5ff7-bcab-4136-9920-2a3a0b4f6831,->,cbb2eb5b-1962-48ac-9823-8e425d916d3c,org/lwjgl/opengl/GL11.java,glVertex2f
cbb2eb5b-1962-48ac-9823-8e425d916d3c,e02449a2-e715-4c75-9402-738d0df32077,44be5ff7-bcab-4136-9920-2a3a0b4f6831,->,cbb2eb5b-1962-48ac-9823-8e425d916d3c,org/lwjgl/opengl/GL11.java,glVertex2f
cbb2eb5b-1962-48ac-9823-8e425d916d3c,e02449a2-e715-4c75-9402-738d0df32077,44be5ff7-bcab-4136-9920-2a3a0b4f6831,->,cbb2eb5b-1962-48ac-9823-8e425d916d3c,org/lwjgl/opengl/GL11.java,glVertex2f
cbb2eb5b-1962-48ac-9823-8e425d916d3c,e02449a2-e715-4c75-9402-738d0df32077,44be5ff7-bcab-4136-9920-2a3a0b4f6831,->,cbb2eb5b-1962-48ac-9823-8e425d916d3c,org/lwjgl/opengl/GL11.java,glEnd
cbb2eb5b-1962-48ac-9823-8e425d916d3c,e02449a2-e715-4c75-9402-738d0df32077,44be5ff7-bcab-4136-9920-2a3a0b4f6831,->,cbb2eb5b-1962-48ac-9823-8e425d916d3c,org/lwjgl/opengl/GL11.java,glColor3f
cbb2eb5b-1962-48ac-9823-8e425d916d3c,e02449a2-e715-4c75-9402-738d0df32077,44be5ff7-bcab-4136-9920-2a3a0b4f6831,->,cbb2eb5b-1962-48ac-9823-8e425d916d3c,org/lwjgl/opengl/GL11.java,glBegin
cbb2eb5b-1962-48ac-9823-8e425d916d3c,e02449a2-e715-4c75-9402-738d0df32077,44be5ff7-bcab-4136-9920-2a3a0b4f6831,->,cbb2eb5b-1962-48ac-9823-8e425d916d3c,org/lwjgl/opengl/GL11.java,glVertex2f
cbb2eb5b-1962-48ac-9823-8e425d916d3c,e02449a2-e715-4c75-9402-738d0df32077,44be5ff7-bcab-4136-9920-2a3a0b4f6831,->,cbb2eb5b-1962-48ac-9823-8e425d916d3c,org/lwjgl/opengl/GL11.java,glVertex2f
cbb2eb5b-1962-48ac-9823-8e425d916d3c,e02449a2-e715-4c75-9402-738d0df32077,44be5ff7-bcab-4136-9920-2a3a0b4f6831,->,cbb2eb5b-1962-48ac-9823-8e425d916d3c,org/lwjgl/opengl/GL11.java,glVertex2f
cbb2eb5b-1962-48ac-9823-8e425d916d3c,e02449a2-e715-4c75-9402-738d0df32077,44be5ff7-bcab-4136-9920-2a3a0b4f6831,->,cbb2eb5b-1962-48ac-9823-8e425d916d3c,org/lwjgl/opengl/GL11.java,glVertex2f
cbb2eb5b-1962-48ac-9823-8e425d916d3c,e02449a2-e715-4c75-9402-738d0df32077,44be5ff7-bcab-4136-9920-2a3a0b4f6831,->,cbb2eb5b-1962-48ac-9823-8e425d916d3c,org/lwjgl/opengl/GL11.java,glEnd
cbb2eb5b-1962-48ac-9823-8e425d916d3c,e02449a2-e715-4c75-9402-738d0df32077,44be5ff7-bcab-4136-9920-2a3a0b4f6831,->,cbb2eb5b-1962-48ac-9823-8e425d916d3c,org/lwjgl/opengl/GL11.java,glDisable
cbb2eb5b-1962-48ac-9823-8e425d916d3c,e02449a2-e715-4c75-9402-738d0df32077,44be5ff7-bcab-4136-9920-2a3a0b4f6831,->,cbb2eb5b-1962-48ac-9823-8e425d916d3c,org/lwjgl/opengl/GL11.java,glColor3f
cbb2eb5b-1962-48ac-9823-8e425d916d3c,e02449a2-e715-4c75-9402-738d0df32077,44be5ff7-bcab-4136-9920-2a3a0b4f6831,->,cbb2eb5b-1962-48ac-9823-8e425d916d3c,org/lwjgl/opengl/GL11.java,glBegin
cbb2eb5b-1962-48ac-9823-8e425d916d3c,e02449a2-e715-4c75-9402-738d0df32077,44be5ff7-bcab-4136-9920-2a3a0b4f6831,->,cbb2eb5b-1962-48ac-9823-8e425d916d3c,org/lwjgl/opengl/GL11.java,glVertex2f
cbb2eb5b-1962-48ac-9823-8e425d916d3c,e02449a2-e715-4c75-9402-738d0df32077,44be5ff7-bcab-4136-9920-2a3a0b4f6831,->,cbb2eb5b-1962-48ac-9823-8e425d916d3c,org/lwjgl/opengl/GL11.java,glVertex2f
cbb2eb5b-1962-48ac-9823-8e425d916d3c,e02449a2-e715-4c75-9402-738d0df32077,44be5ff7-bcab-4136-9920-2a3a0b4f6831,->,cbb2eb5b-1962-48ac-9823-8e425d916d3c,org/lwjgl/opengl/GL11.java,glVertex2f
cbb2eb5b-1962-48ac-9823-8e425d916d3c,e02449a2-e715-4c75-9402-738d0df32077,44be5ff7-bcab-4136-9920-2a3a0b4f6831,->,cbb2eb5b-1962-48ac-9823-8e425d916d3c,org/lwjgl/opengl/GL11.java,glVertex2f
cbb2eb5b-1962-48ac-9823-8e425d916d3c,e02449a2-e715-4c75-9402-738d0df32077,44be5ff7-bcab-4136-9920-2a3a0b4f6831,->,cbb2eb5b-1962-48ac-9823-8e425d916d3c,org/lwjgl/opengl/GL11.java,glEnd
cbb2eb5b-1962-48ac-9823-8e425d916d3c,e02449a2-e715-4c75-9402-738d0df32077,44be5ff7-bcab-4136-9920-2a3a0b4f6831,->,cbb2eb5b-1962-48ac-9823-8e425d916d3c,c6daa512-8880-4e28-b381-d962ebd7bb15,b0f0fcfd-466f-41ce-a103-2c0f38351258
cbb2eb5b-1962-48ac-9823-8e425d916d3c,e02449a2-e715-4c75-9402-738d0df32077,44be5ff7-bcab-4136-9920-2a3a0b4f6831,->,cbb2eb5b-1962-48ac-9823-8e425d916d3c,b672419d-292f-4e59-a970-67249dfdf58b,1c89f1cc-80b1-4d39-b051-8b1317f47a7b
cbb2eb5b-1962-48ac-9823-8e425d916d3c,e02449a2-e715-4c75-9402-738d0df32077,44be5ff7-bcab-4136-9920-2a3a0b4f6831,->,cbb2eb5b-1962-48ac-9823-8e425d916d3c,c6daa512-8880-4e28-b381-d962ebd7bb15,b0f0fcfd-466f-41ce-a103-2c0f38351258
cbb2eb5b-1962-48ac-9823-8e425d916d3c,e02449a2-e715-4c75-9402-738d0df32077,44be5ff7-bcab-4136-9920-2a3a0b4f6831,->,cbb2eb5b-1962-48ac-9823-8e425d916d3c,b672419d-292f-4e59-a970-67249dfdf58b,6fafab2e-04ff-4c8d-8f7f-f96f9e94dd24
cbb2eb5b-1962-48ac-9823-8e425d916d3c,e02449a2-e715-4c75-9402-738d0df32077,44be5ff7-bcab-4136-9920-2a3a0b4f6831,->,cbb2eb5b-1962-48ac-9823-8e425d916d3c,c6daa512-8880-4e28-b381-d962ebd7bb15,b0f0fcfd-466f-41ce-a103-2c0f38351258
cbb2eb5b-1962-48ac-9823-8e425d916d3c,e02449a2-e715-4c75-9402-738d0df32077,44be5ff7-bcab-4136-9920-2a3a0b4f6831,->,cbb2eb5b-1962-48ac-9823-8e425d916d3c,b672419d-292f-4e59-a970-67249dfdf58b,381bcf10-6771-4be1-89eb-014bbb870f10
cbb2eb5b-1962-48ac-9823-8e425d916d3c,e02449a2-e715-4c75-9402-738d0df32077,44be5ff7-bcab-4136-9920-2a3a0b4f6831,->,cbb2eb5b-1962-48ac-9823-8e425d916d3c,c6daa512-8880-4e28-b381-d962ebd7bb15,b0f0fcfd-466f-41ce-a103-2c0f38351258
cbb2eb5b-1962-48ac-9823-8e425d916d3c,e02449a2-e715-4c75-9402-738d0df32077,44be5ff7-bcab-4136-9920-2a3a0b4f6831,->,cbb2eb5b-1962-48ac-9823-8e425d916d3c,b672419d-292f-4e59-a970-67249dfdf58b,71111a12-d388-4a0a-aded-64dd16f556f6
cbb2eb5b-1962-48ac-9823-8e425d916d3c,e02449a2-e715-4c75-9402-738d0df32077,44be5ff7-bcab-4136-9920-2a3a0b4f6831,->,cbb2eb5b-1962-48ac-9823-8e425d916d3c,c6daa512-8880-4e28-b381-d962ebd7bb15,b0f0fcfd-466f-41ce-a103-2c0f38351258
cbb2eb5b-1962-48ac-9823-8e425d916d3c,e02449a2-e715-4c75-9402-738d0df32077,44be5ff7-bcab-4136-9920-2a3a0b4f6831,->,cbb2eb5b-1962-48ac-9823-8e425d916d3c,b672419d-292f-4e59-a970-67249dfdf58b,061fcbe7-4845-4bc8-992d-108fc466e118
cbb2eb5b-1962-48ac-9823-8e425d916d3c,e02449a2-e715-4c75-9402-738d0df32077,44be5ff7-bcab-4136-9920-2a3a0b4f6831,->,cbb2eb5b-1962-48ac-9823-8e425d916d3c,c6daa512-8880-4e28-b381-d962ebd7bb15,b0f0fcfd-466f-41ce-a103-2c0f38351258
cbb2eb5b-1962-48ac-9823-8e425d916d3c,e02449a2-e715-4c75-9402-738d0df32077,44be5ff7-bcab-4136-9920-2a3a0b4f6831,->,cbb2eb5b-1962-48ac-9823-8e425d916d3c,b672419d-292f-4e59-a970-67249dfdf58b,59fa34cb-15ac-4159-8e48-8c5aa8be3f7b
cbb2eb5b-1962-48ac-9823-8e425d916d3c,e02449a2-e715-4c75-9402-738d0df32077,44be5ff7-bcab-4136-9920-2a3a0b4f6831,->,cbb2eb5b-1962-48ac-9823-8e425d916d3c,c6daa512-8880-4e28-b381-d962ebd7bb15,b0f0fcfd-466f-41ce-a103-2c0f38351258
cbb2eb5b-1962-48ac-9823-8e425d916d3c,e02449a2-e715-4c75-9402-738d0df32077,44be5ff7-bcab-4136-9920-2a3a0b4f6831,->,cbb2eb5b-1962-48ac-9823-8e425d916d3c,b672419d-292f-4e59-a970-67249dfdf58b,f28f5f7e-1c27-429b-b5d3-2f75a3530c6c
cbb2eb5b-1962-48ac-9823-8e425d916d3c,e02449a2-e715-4c75-9402-738d0df32077,44be5ff7-bcab-4136-9920-2a3a0b4f6831,->,cbb2eb5b-1962-48ac-9823-8e425d916d3c,org/lwjgl/opengl/GL11.java,glEnable
cbb2eb5b-1962-48ac-9823-8e425d916d3c,e02449a2-e715-4c75-9402-738d0df32077,44be5ff7-bcab-4136-9920-2a3a0b4f6831,->,cbb2eb5b-1962-48ac-9823-8e425d916d3c,org/lwjgl/opengl/GL11.java,glColor3f
cbb2eb5b-1962-48ac-9823-8e425d916d3c,e02449a2-e715-4c75-9402-738d0df32077,44be5ff7-bcab-4136-9920-2a3a0b4f6831,->,cbb2eb5b-1962-48ac-9823-8e425d916d3c,rpg/game/armor/Armor.java,render
cbb2eb5b-1962-48ac-9823-8e425d916d3c,e02449a2-e715-4c75-9402-738d0df32077,44be5ff7-bcab-4136-9920-2a3a0b4f6831,->,cbb2eb5b-1962-48ac-9823-8e425d916d3c,org/lwjgl/opengl/GL11.java,glDisable
cbb2eb5b-1962-48ac-9823-8e425d916d3c,e02449a2-e715-4c75-9402-738d0df32077,44be5ff7-bcab-4136-9920-2a3a0b4f6831,->,cbb2eb5b-1962-48ac-9823-8e425d916d3c,org/lwjgl/opengl/GL11.java,glColor3f
cbb2eb5b-1962-48ac-9823-8e425d916d3c,e02449a2-e715-4c75-9402-738d0df32077,44be5ff7-bcab-4136-9920-2a3a0b4f6831,->,cbb2eb5b-1962-48ac-9823-8e425d916d3c,org/lwjgl/opengl/GL11.java,glBegin
cbb2eb5b-1962-48ac-9823-8e425d916d3c,e02449a2-e715-4c75-9402-738d0df32077,44be5ff7-bcab-4136-9920-2a3a0b4f6831,->,cbb2eb5b-1962-48ac-9823-8e425d916d3c,org/lwjgl/opengl/GL11.java,glVertex2f
cbb2eb5b-1962-48ac-9823-8e425d916d3c,e02449a2-e715-4c75-9402-738d0df32077,44be5ff7-bcab-4136-9920-2a3a0b4f6831,->,cbb2eb5b-1962-48ac-9823-8e425d916d3c,org/lwjgl/opengl/GL11.java,glVertex2f
cbb2eb5b-1962-48ac-9823-8e425d916d3c,e02449a2-e715-4c75-9402-738d0df32077,44be5ff7-bcab-4136-9920-2a3a0b4f6831,->,cbb2eb5b-1962-48ac-9823-8e425d916d3c,org/lwjgl/opengl/GL11.java,glVertex2f
cbb2eb5b-1962-48ac-9823-8e425d916d3c,e02449a2-e715-4c75-9402-738d0df32077,44be5ff7-bcab-4136-9920-2a3a0b4f6831,->,cbb2eb5b-1962-48ac-9823-8e425d916d3c,org/lwjgl/opengl/GL11.java,glVertex2f
cbb2eb5b-1962-48ac-9823-8e425d916d3c,e02449a2-e715-4c75-9402-738d0df32077,44be5ff7-bcab-4136-9920-2a3a0b4f6831,->,cbb2eb5b-1962-48ac-9823-8e425d916d3c,org/lwjgl/opengl/GL11.java,glEnd
cbb2eb5b-1962-48ac-9823-8e425d916d3c,e02449a2-e715-4c75-9402-738d0df32077,44be5ff7-bcab-4136-9920-2a3a0b4f6831,->,cbb2eb5b-1962-48ac-9823-8e425d916d3c,org/lwjgl/opengl/GL11.java,glEnable
cbb2eb5b-1962-48ac-9823-8e425d916d3c,e02449a2-e715-4c75-9402-738d0df32077,44be5ff7-bcab-4136-9920-2a3a0b4f6831,->,cbb2eb5b-1962-48ac-9823-8e425d916d3c,java/lang/String.java,length
cbb2eb5b-1962-48ac-9823-8e425d916d3c,e02449a2-e715-4c75-9402-738d0df32077,44be5ff7-bcab-4136-9920-2a3a0b4f6831,->,cbb2eb5b-1962-48ac-9823-8e425d916d3c,d177ce1a-e305-4bd8-af86-8e633ce71dad,eb4c2561-c087-4770-9c56-fa3a2871fc2d
cbb2eb5b-1962-48ac-9823-8e425d916d3c,e02449a2-e715-4c75-9402-738d0df32077,44be5ff7-bcab-4136-9920-2a3a0b4f6831,->,cbb2eb5b-1962-48ac-9823-8e425d916d3c,java/lang/StringBuilder.java,append
cbb2eb5b-1962-48ac-9823-8e425d916d3c,e02449a2-e715-4c75-9402-738d0df32077,44be5ff7-bcab-4136-9920-2a3a0b4f6831,->,cbb2eb5b-1962-48ac-9823-8e425d916d3c,c6daa512-8880-4e28-b381-d962ebd7bb15,42f393ed-f0da-4c18-997b-ae3d89e2d756
cbb2eb5b-1962-48ac-9823-8e425d916d3c,e02449a2-e715-4c75-9402-738d0df32077,44be5ff7-bcab-4136-9920-2a3a0b4f6831,->,cbb2eb5b-1962-48ac-9823-8e425d916d3c,java/lang/StringBuilder.java,append
cbb2eb5b-1962-48ac-9823-8e425d916d3c,e02449a2-e715-4c75-9402-738d0df32077,44be5ff7-bcab-4136-9920-2a3a0b4f6831,->,cbb2eb5b-1962-48ac-9823-8e425d916d3c,java/lang/StringBuilder.java,toString
cbb2eb5b-1962-48ac-9823-8e425d916d3c,e02449a2-e715-4c75-9402-738d0df32077,44be5ff7-bcab-4136-9920-2a3a0b4f6831,->,cbb2eb5b-1962-48ac-9823-8e425d916d3c,d177ce1a-e305-4bd8-af86-8e633ce71dad,eb4c2561-c087-4770-9c56-fa3a2871fc2d
cbb2eb5b-1962-48ac-9823-8e425d916d3c,e02449a2-e715-4c75-9402-738d0df32077,44be5ff7-bcab-4136-9920-2a3a0b4f6831,->,cbb2eb5b-1962-48ac-9823-8e425d916d3c,c6daa512-8880-4e28-b381-d962ebd7bb15,2ba945ed-2e00-46fe-8273-9d314bbbb876
cbb2eb5b-1962-48ac-9823-8e425d916d3c,e02449a2-e715-4c75-9402-738d0df32077,44be5ff7-bcab-4136-9920-2a3a0b4f6831,->,cbb2eb5b-1962-48ac-9823-8e425d916d3c,46879f7e-c569-4a06-9722-b02b4f74f7ad,65e2f401-9efd-4bc3-92ec-fa17bb62c547
cbb2eb5b-1962-48ac-9823-8e425d916d3c,e02449a2-e715-4c75-9402-738d0df32077,44be5ff7-bcab-4136-9920-2a3a0b4f6831,->,cbb2eb5b-1962-48ac-9823-8e425d916d3c,8a0f5404-d388-47dd-a794-513c804a1ada,04aeec51-b90d-41cd-9362-d9c6a4bb40ae
cbb2eb5b-1962-48ac-9823-8e425d916d3c,e02449a2-e715-4c75-9402-738d0df32077,544d6f31-48e1-4015-9e71-a6a1bb909ea1,->,cbb2eb5b-1962-48ac-9823-8e425d916d3c,c6daa512-8880-4e28-b381-d962ebd7bb15,e24ae3e0-51d6-4a9e-9381-4237fba83b02
cbb2eb5b-1962-48ac-9823-8e425d916d3c,e02449a2-e715-4c75-9402-738d0df32077,544d6f31-48e1-4015-9e71-a6a1bb909ea1,->,cbb2eb5b-1962-48ac-9823-8e425d916d3c,c6daa512-8880-4e28-b381-d962ebd7bb15,f530208a-2844-482c-b146-d92fc14be719
cbb2eb5b-1962-48ac-9823-8e425d916d3c,e02449a2-e715-4c75-9402-738d0df32077,544d6f31-48e1-4015-9e71-a6a1bb909ea1,->,cbb2eb5b-1962-48ac-9823-8e425d916d3c,c6daa512-8880-4e28-b381-d962ebd7bb15,e24ae3e0-51d6-4a9e-9381-4237fba83b02
cbb2eb5b-1962-48ac-9823-8e425d916d3c,e02449a2-e715-4c75-9402-738d0df32077,544d6f31-48e1-4015-9e71-a6a1bb909ea1,->,cbb2eb5b-1962-48ac-9823-8e425d916d3c,c6daa512-8880-4e28-b381-d962ebd7bb15,e24ae3e0-51d6-4a9e-9381-4237fba83b02
cbb2eb5b-1962-48ac-9823-8e425d916d3c,e02449a2-e715-4c75-9402-738d0df32077,544d6f31-48e1-4015-9e71-a6a1bb909ea1,->,cbb2eb5b-1962-48ac-9823-8e425d916d3c,c6daa512-8880-4e28-b381-d962ebd7bb15,f530208a-2844-482c-b146-d92fc14be719
cbb2eb5b-1962-48ac-9823-8e425d916d3c,e02449a2-e715-4c75-9402-738d0df32077,544d6f31-48e1-4015-9e71-a6a1bb909ea1,->,cbb2eb5b-1962-48ac-9823-8e425d916d3c,c6daa512-8880-4e28-b381-d962ebd7bb15,f530208a-2844-482c-b146-d92fc14be719
cbb2eb5b-1962-48ac-9823-8e425d916d3c,e02449a2-e715-4c75-9402-738d0df32077,544d6f31-48e1-4015-9e71-a6a1bb909ea1,->,cbb2eb5b-1962-48ac-9823-8e425d916d3c,c6daa512-8880-4e28-b381-d962ebd7bb15,b0f0fcfd-466f-41ce-a103-2c0f38351258
cbb2eb5b-1962-48ac-9823-8e425d916d3c,e02449a2-e715-4c75-9402-738d0df32077,544d6f31-48e1-4015-9e71-a6a1bb909ea1,->,cbb2eb5b-1962-48ac-9823-8e425d916d3c,b672419d-292f-4e59-a970-67249dfdf58b,1c89f1cc-80b1-4d39-b051-8b1317f47a7b
cbb2eb5b-1962-48ac-9823-8e425d916d3c,e02449a2-e715-4c75-9402-738d0df32077,544d6f31-48e1-4015-9e71-a6a1bb909ea1,->,cbb2eb5b-1962-48ac-9823-8e425d916d3c,c6daa512-8880-4e28-b381-d962ebd7bb15,b0f0fcfd-466f-41ce-a103-2c0f38351258
cbb2eb5b-1962-48ac-9823-8e425d916d3c,e02449a2-e715-4c75-9402-738d0df32077,544d6f31-48e1-4015-9e71-a6a1bb909ea1,->,cbb2eb5b-1962-48ac-9823-8e425d916d3c,b672419d-292f-4e59-a970-67249dfdf58b,6fafab2e-04ff-4c8d-8f7f-f96f9e94dd24
cbb2eb5b-1962-48ac-9823-8e425d916d3c,e02449a2-e715-4c75-9402-738d0df32077,544d6f31-48e1-4015-9e71-a6a1bb909ea1,->,cbb2eb5b-1962-48ac-9823-8e425d916d3c,c6daa512-8880-4e28-b381-d962ebd7bb15,b0f0fcfd-466f-41ce-a103-2c0f38351258
cbb2eb5b-1962-48ac-9823-8e425d916d3c,e02449a2-e715-4c75-9402-738d0df32077,544d6f31-48e1-4015-9e71-a6a1bb909ea1,->,cbb2eb5b-1962-48ac-9823-8e425d916d3c,b672419d-292f-4e59-a970-67249dfdf58b,381bcf10-6771-4be1-89eb-014bbb870f10
cbb2eb5b-1962-48ac-9823-8e425d916d3c,e02449a2-e715-4c75-9402-738d0df32077,544d6f31-48e1-4015-9e71-a6a1bb909ea1,->,cbb2eb5b-1962-48ac-9823-8e425d916d3c,c6daa512-8880-4e28-b381-d962ebd7bb15,b0f0fcfd-466f-41ce-a103-2c0f38351258
cbb2eb5b-1962-48ac-9823-8e425d916d3c,e02449a2-e715-4c75-9402-738d0df32077,544d6f31-48e1-4015-9e71-a6a1bb909ea1,->,cbb2eb5b-1962-48ac-9823-8e425d916d3c,b672419d-292f-4e59-a970-67249dfdf58b,71111a12-d388-4a0a-aded-64dd16f556f6
cbb2eb5b-1962-48ac-9823-8e425d916d3c,e02449a2-e715-4c75-9402-738d0df32077,544d6f31-48e1-4015-9e71-a6a1bb909ea1,->,cbb2eb5b-1962-48ac-9823-8e425d916d3c,c6daa512-8880-4e28-b381-d962ebd7bb15,b0f0fcfd-466f-41ce-a103-2c0f38351258
cbb2eb5b-1962-48ac-9823-8e425d916d3c,e02449a2-e715-4c75-9402-738d0df32077,544d6f31-48e1-4015-9e71-a6a1bb909ea1,->,cbb2eb5b-1962-48ac-9823-8e425d916d3c,b672419d-292f-4e59-a970-67249dfdf58b,061fcbe7-4845-4bc8-992d-108fc466e118
cbb2eb5b-1962-48ac-9823-8e425d916d3c,e02449a2-e715-4c75-9402-738d0df32077,544d6f31-48e1-4015-9e71-a6a1bb909ea1,->,cbb2eb5b-1962-48ac-9823-8e425d916d3c,c6daa512-8880-4e28-b381-d962ebd7bb15,b0f0fcfd-466f-41ce-a103-2c0f38351258
cbb2eb5b-1962-48ac-9823-8e425d916d3c,e02449a2-e715-4c75-9402-738d0df32077,544d6f31-48e1-4015-9e71-a6a1bb909ea1,->,cbb2eb5b-1962-48ac-9823-8e425d916d3c,b672419d-292f-4e59-a970-67249dfdf58b,59fa34cb-15ac-4159-8e48-8c5aa8be3f7b
cbb2eb5b-1962-48ac-9823-8e425d916d3c,e02449a2-e715-4c75-9402-738d0df32077,544d6f31-48e1-4015-9e71-a6a1bb909ea1,->,cbb2eb5b-1962-48ac-9823-8e425d916d3c,c6daa512-8880-4e28-b381-d962ebd7bb15,b0f0fcfd-466f-41ce-a103-2c0f38351258
cbb2eb5b-1962-48ac-9823-8e425d916d3c,e02449a2-e715-4c75-9402-738d0df32077,544d6f31-48e1-4015-9e71-a6a1bb909ea1,->,cbb2eb5b-1962-48ac-9823-8e425d916d3c,b672419d-292f-4e59-a970-67249dfdf58b,f28f5f7e-1c27-429b-b5d3-2f75a3530c6c
cbb2eb5b-1962-48ac-9823-8e425d916d3c,e02449a2-e715-4c75-9402-738d0df32077,544d6f31-48e1-4015-9e71-a6a1bb909ea1,->,cbb2eb5b-1962-48ac-9823-8e425d916d3c,c6daa512-8880-4e28-b381-d962ebd7bb15,e24ae3e0-51d6-4a9e-9381-4237fba83b02
cbb2eb5b-1962-48ac-9823-8e425d916d3c,e02449a2-e715-4c75-9402-738d0df32077,544d6f31-48e1-4015-9e71-a6a1bb909ea1,->,cbb2eb5b-1962-48ac-9823-8e425d916d3c,c6daa512-8880-4e28-b381-d962ebd7bb15,e24ae3e0-51d6-4a9e-9381-4237fba83b02
cbb2eb5b-1962-48ac-9823-8e425d916d3c,e02449a2-e715-4c75-9402-738d0df32077,544d6f31-48e1-4015-9e71-a6a1bb909ea1,->,cbb2eb5b-1962-48ac-9823-8e425d916d3c,c6daa512-8880-4e28-b381-d962ebd7bb15,f530208a-2844-482c-b146-d92fc14be719
cbb2eb5b-1962-48ac-9823-8e425d916d3c,e02449a2-e715-4c75-9402-738d0df32077,544d6f31-48e1-4015-9e71-a6a1bb909ea1,->,cbb2eb5b-1962-48ac-9823-8e425d916d3c,c6daa512-8880-4e28-b381-d962ebd7bb15,f530208a-2844-482c-b146-d92fc14be719
cbb2eb5b-1962-48ac-9823-8e425d916d3c,e02449a2-e715-4c75-9402-738d0df32077,544d6f31-48e1-4015-9e71-a6a1bb909ea1,->,cbb2eb5b-1962-48ac-9823-8e425d916d3c,c6daa512-8880-4e28-b381-d962ebd7bb15,b0f0fcfd-466f-41ce-a103-2c0f38351258
cbb2eb5b-1962-48ac-9823-8e425d916d3c,e02449a2-e715-4c75-9402-738d0df32077,544d6f31-48e1-4015-9e71-a6a1bb909ea1,->,cbb2eb5b-1962-48ac-9823-8e425d916d3c,b672419d-292f-4e59-a970-67249dfdf58b,c80816fb-19aa-4c80-9b62-b09c96113ee1
cbb2eb5b-1962-48ac-9823-8e425d916d3c,e02449a2-e715-4c75-9402-738d0df32077,544d6f31-48e1-4015-9e71-a6a1bb909ea1,->,cbb2eb5b-1962-48ac-9823-8e425d916d3c,c6daa512-8880-4e28-b381-d962ebd7bb15,b0f0fcfd-466f-41ce-a103-2c0f38351258
cbb2eb5b-1962-48ac-9823-8e425d916d3c,e02449a2-e715-4c75-9402-738d0df32077,544d6f31-48e1-4015-9e71-a6a1bb909ea1,->,cbb2eb5b-1962-48ac-9823-8e425d916d3c,b672419d-292f-4e59-a970-67249dfdf58b,23ca9ca6-3cda-46e2-a5df-6d38516697b4
cbb2eb5b-1962-48ac-9823-8e425d916d3c,e02449a2-e715-4c75-9402-738d0df32077,544d6f31-48e1-4015-9e71-a6a1bb909ea1,->,cbb2eb5b-1962-48ac-9823-8e425d916d3c,c6daa512-8880-4e28-b381-d962ebd7bb15,b0f0fcfd-466f-41ce-a103-2c0f38351258
cbb2eb5b-1962-48ac-9823-8e425d916d3c,e02449a2-e715-4c75-9402-738d0df32077,544d6f31-48e1-4015-9e71-a6a1bb909ea1,->,cbb2eb5b-1962-48ac-9823-8e425d916d3c,b672419d-292f-4e59-a970-67249dfdf58b,76625eee-16cf-4aa8-88ab-4d66e767eb94
cbb2eb5b-1962-48ac-9823-8e425d916d3c,e02449a2-e715-4c75-9402-738d0df32077,544d6f31-48e1-4015-9e71-a6a1bb909ea1,->,cbb2eb5b-1962-48ac-9823-8e425d916d3c,c6daa512-8880-4e28-b381-d962ebd7bb15,b0f0fcfd-466f-41ce-a103-2c0f38351258
cbb2eb5b-1962-48ac-9823-8e425d916d3c,e02449a2-e715-4c75-9402-738d0df32077,544d6f31-48e1-4015-9e71-a6a1bb909ea1,->,cbb2eb5b-1962-48ac-9823-8e425d916d3c,b672419d-292f-4e59-a970-67249dfdf58b,c80816fb-19aa-4c80-9b62-b09c96113ee1
cbb2eb5b-1962-48ac-9823-8e425d916d3c,e02449a2-e715-4c75-9402-738d0df32077,544d6f31-48e1-4015-9e71-a6a1bb909ea1,->,cbb2eb5b-1962-48ac-9823-8e425d916d3c,c6daa512-8880-4e28-b381-d962ebd7bb15,b0f0fcfd-466f-41ce-a103-2c0f38351258
cbb2eb5b-1962-48ac-9823-8e425d916d3c,e02449a2-e715-4c75-9402-738d0df32077,544d6f31-48e1-4015-9e71-a6a1bb909ea1,->,cbb2eb5b-1962-48ac-9823-8e425d916d3c,b672419d-292f-4e59-a970-67249dfdf58b,23ca9ca6-3cda-46e2-a5df-6d38516697b4
cbb2eb5b-1962-48ac-9823-8e425d916d3c,e02449a2-e715-4c75-9402-738d0df32077,544d6f31-48e1-4015-9e71-a6a1bb909ea1,->,cbb2eb5b-1962-48ac-9823-8e425d916d3c,3b79f692-309a-4965-8e8b-48440ac3289a,d010f163-fa40-4cf7-b4df-a67f0988a458
cbb2eb5b-1962-48ac-9823-8e425d916d3c,e02449a2-e715-4c75-9402-738d0df32077,544d6f31-48e1-4015-9e71-a6a1bb909ea1,->,cbb2eb5b-1962-48ac-9823-8e425d916d3c,3b79f692-309a-4965-8e8b-48440ac3289a,4d138f36-a702-4d82-9816-3a2d0c6c84bc
cbb2eb5b-1962-48ac-9823-8e425d916d3c,e02449a2-e715-4c75-9402-738d0df32077,544d6f31-48e1-4015-9e71-a6a1bb909ea1,->,cbb2eb5b-1962-48ac-9823-8e425d916d3c,c6daa512-8880-4e28-b381-d962ebd7bb15,b0f0fcfd-466f-41ce-a103-2c0f38351258
cbb2eb5b-1962-48ac-9823-8e425d916d3c,e02449a2-e715-4c75-9402-738d0df32077,544d6f31-48e1-4015-9e71-a6a1bb909ea1,->,cbb2eb5b-1962-48ac-9823-8e425d916d3c,b672419d-292f-4e59-a970-67249dfdf58b,587bbf4d-e82b-4675-b351-c855101da671
cbb2eb5b-1962-48ac-9823-8e425d916d3c,e02449a2-e715-4c75-9402-738d0df32077,544d6f31-48e1-4015-9e71-a6a1bb909ea1,->,cbb2eb5b-1962-48ac-9823-8e425d916d3c,org/newdawn/slick/openal/Audio.java,playAsSoundEffect
cbb2eb5b-1962-48ac-9823-8e425d916d3c,0df73cfd-b47b-4313-87a4-7655478f053e,ec675d24-eb3b-4438-ae2c-3aa9011b4dc3,->,cbb2eb5b-1962-48ac-9823-8e425d916d3c,org/lwjgl/opengl/GL11.java,glDisable
cbb2eb5b-1962-48ac-9823-8e425d916d3c,0df73cfd-b47b-4313-87a4-7655478f053e,ec675d24-eb3b-4438-ae2c-3aa9011b4dc3,->,cbb2eb5b-1962-48ac-9823-8e425d916d3c,org/lwjgl/opengl/GL11.java,glColor3f
cbb2eb5b-1962-48ac-9823-8e425d916d3c,0df73cfd-b47b-4313-87a4-7655478f053e,ec675d24-eb3b-4438-ae2c-3aa9011b4dc3,->,cbb2eb5b-1962-48ac-9823-8e425d916d3c,org/lwjgl/opengl/GL11.java,glBegin
cbb2eb5b-1962-48ac-9823-8e425d916d3c,0df73cfd-b47b-4313-87a4-7655478f053e,ec675d24-eb3b-4438-ae2c-3aa9011b4dc3,->,cbb2eb5b-1962-48ac-9823-8e425d916d3c,c6daa512-8880-4e28-b381-d962ebd7bb15,e24ae3e0-51d6-4a9e-9381-4237fba83b02
cbb2eb5b-1962-48ac-9823-8e425d916d3c,0df73cfd-b47b-4313-87a4-7655478f053e,ec675d24-eb3b-4438-ae2c-3aa9011b4dc3,->,cbb2eb5b-1962-48ac-9823-8e425d916d3c,c6daa512-8880-4e28-b381-d962ebd7bb15,f530208a-2844-482c-b146-d92fc14be719
cbb2eb5b-1962-48ac-9823-8e425d916d3c,0df73cfd-b47b-4313-87a4-7655478f053e,ec675d24-eb3b-4438-ae2c-3aa9011b4dc3,->,cbb2eb5b-1962-48ac-9823-8e425d916d3c,org/lwjgl/opengl/GL11.java,glVertex2f
cbb2eb5b-1962-48ac-9823-8e425d916d3c,0df73cfd-b47b-4313-87a4-7655478f053e,ec675d24-eb3b-4438-ae2c-3aa9011b4dc3,->,cbb2eb5b-1962-48ac-9823-8e425d916d3c,c6daa512-8880-4e28-b381-d962ebd7bb15,e24ae3e0-51d6-4a9e-9381-4237fba83b02
cbb2eb5b-1962-48ac-9823-8e425d916d3c,0df73cfd-b47b-4313-87a4-7655478f053e,ec675d24-eb3b-4438-ae2c-3aa9011b4dc3,->,cbb2eb5b-1962-48ac-9823-8e425d916d3c,c6daa512-8880-4e28-b381-d962ebd7bb15,f530208a-2844-482c-b146-d92fc14be719
cbb2eb5b-1962-48ac-9823-8e425d916d3c,0df73cfd-b47b-4313-87a4-7655478f053e,ec675d24-eb3b-4438-ae2c-3aa9011b4dc3,->,cbb2eb5b-1962-48ac-9823-8e425d916d3c,org/lwjgl/opengl/GL11.java,glVertex2f
cbb2eb5b-1962-48ac-9823-8e425d916d3c,0df73cfd-b47b-4313-87a4-7655478f053e,ec675d24-eb3b-4438-ae2c-3aa9011b4dc3,->,cbb2eb5b-1962-48ac-9823-8e425d916d3c,c6daa512-8880-4e28-b381-d962ebd7bb15,e24ae3e0-51d6-4a9e-9381-4237fba83b02
cbb2eb5b-1962-48ac-9823-8e425d916d3c,0df73cfd-b47b-4313-87a4-7655478f053e,ec675d24-eb3b-4438-ae2c-3aa9011b4dc3,->,cbb2eb5b-1962-48ac-9823-8e425d916d3c,c6daa512-8880-4e28-b381-d962ebd7bb15,f530208a-2844-482c-b146-d92fc14be719
cbb2eb5b-1962-48ac-9823-8e425d916d3c,0df73cfd-b47b-4313-87a4-7655478f053e,ec675d24-eb3b-4438-ae2c-3aa9011b4dc3,->,cbb2eb5b-1962-48ac-9823-8e425d916d3c,org/lwjgl/opengl/GL11.java,glVertex2f
cbb2eb5b-1962-48ac-9823-8e425d916d3c,0df73cfd-b47b-4313-87a4-7655478f053e,ec675d24-eb3b-4438-ae2c-3aa9011b4dc3,->,cbb2eb5b-1962-48ac-9823-8e425d916d3c,c6daa512-8880-4e28-b381-d962ebd7bb15,e24ae3e0-51d6-4a9e-9381-4237fba83b02
cbb2eb5b-1962-48ac-9823-8e425d916d3c,0df73cfd-b47b-4313-87a4-7655478f053e,ec675d24-eb3b-4438-ae2c-3aa9011b4dc3,->,cbb2eb5b-1962-48ac-9823-8e425d916d3c,c6daa512-8880-4e28-b381-d962ebd7bb15,f530208a-2844-482c-b146-d92fc14be719
cbb2eb5b-1962-48ac-9823-8e425d916d3c,0df73cfd-b47b-4313-87a4-7655478f053e,ec675d24-eb3b-4438-ae2c-3aa9011b4dc3,->,cbb2eb5b-1962-48ac-9823-8e425d916d3c,org/lwjgl/opengl/GL11.java,glVertex2f
cbb2eb5b-1962-48ac-9823-8e425d916d3c,0df73cfd-b47b-4313-87a4-7655478f053e,ec675d24-eb3b-4438-ae2c-3aa9011b4dc3,->,cbb2eb5b-1962-48ac-9823-8e425d916d3c,org/lwjgl/opengl/GL11.java,glEnd
cbb2eb5b-1962-48ac-9823-8e425d916d3c,0df73cfd-b47b-4313-87a4-7655478f053e,ec675d24-eb3b-4438-ae2c-3aa9011b4dc3,->,cbb2eb5b-1962-48ac-9823-8e425d916d3c,org/lwjgl/opengl/GL11.java,glEnable
cbb2eb5b-1962-48ac-9823-8e425d916d3c,0df73cfd-b47b-4313-87a4-7655478f053e,ec675d24-eb3b-4438-ae2c-3aa9011b4dc3,->,cbb2eb5b-1962-48ac-9823-8e425d916d3c,org/lwjgl/opengl/GL11.java,glColor3f
cbb2eb5b-1962-48ac-9823-8e425d916d3c,0df73cfd-b47b-4313-87a4-7655478f053e,ec675d24-eb3b-4438-ae2c-3aa9011b4dc3,->,cbb2eb5b-1962-48ac-9823-8e425d916d3c,java/util/ArrayList.java,iterator
cbb2eb5b-1962-48ac-9823-8e425d916d3c,0df73cfd-b47b-4313-87a4-7655478f053e,ec675d24-eb3b-4438-ae2c-3aa9011b4dc3,->,cbb2eb5b-1962-48ac-9823-8e425d916d3c,java/util/Iterator.java,hasNext
cbb2eb5b-1962-48ac-9823-8e425d916d3c,0df73cfd-b47b-4313-87a4-7655478f053e,ec675d24-eb3b-4438-ae2c-3aa9011b4dc3,->,cbb2eb5b-1962-48ac-9823-8e425d916d3c,java/util/Iterator.java,next
cbb2eb5b-1962-48ac-9823-8e425d916d3c,0df73cfd-b47b-4313-87a4-7655478f053e,ec675d24-eb3b-4438-ae2c-3aa9011b4dc3,->,cbb2eb5b-1962-48ac-9823-8e425d916d3c,64c81bfb-93f6-44ae-92ba-06922c2f6485,72b09c95-08e0-41f2-be94-0bb0a284c638
cbb2eb5b-1962-48ac-9823-8e425d916d3c,0df73cfd-b47b-4313-87a4-7655478f053e,ec675d24-eb3b-4438-ae2c-3aa9011b4dc3,->,cbb2eb5b-1962-48ac-9823-8e425d916d3c,c6daa512-8880-4e28-b381-d962ebd7bb15,8143d8dd-1ef3-472f-a983-087878f5e5cd
cbb2eb5b-1962-48ac-9823-8e425d916d3c,0df73cfd-b47b-4313-87a4-7655478f053e,ec675d24-eb3b-4438-ae2c-3aa9011b4dc3,->,cbb2eb5b-1962-48ac-9823-8e425d916d3c,java/util/ArrayList.java,iterator
cbb2eb5b-1962-48ac-9823-8e425d916d3c,0df73cfd-b47b-4313-87a4-7655478f053e,ec675d24-eb3b-4438-ae2c-3aa9011b4dc3,->,cbb2eb5b-1962-48ac-9823-8e425d916d3c,java/util/Iterator.java,hasNext
cbb2eb5b-1962-48ac-9823-8e425d916d3c,0df73cfd-b47b-4313-87a4-7655478f053e,ec675d24-eb3b-4438-ae2c-3aa9011b4dc3,->,cbb2eb5b-1962-48ac-9823-8e425d916d3c,java/util/Iterator.java,next
cbb2eb5b-1962-48ac-9823-8e425d916d3c,0df73cfd-b47b-4313-87a4-7655478f053e,ec675d24-eb3b-4438-ae2c-3aa9011b4dc3,->,cbb2eb5b-1962-48ac-9823-8e425d916d3c,64c81bfb-93f6-44ae-92ba-06922c2f6485,72b09c95-08e0-41f2-be94-0bb0a284c638
cbb2eb5b-1962-48ac-9823-8e425d916d3c,0df73cfd-b47b-4313-87a4-7655478f053e,ec675d24-eb3b-4438-ae2c-3aa9011b4dc3,->,cbb2eb5b-1962-48ac-9823-8e425d916d3c,c6daa512-8880-4e28-b381-d962ebd7bb15,e24ae3e0-51d6-4a9e-9381-4237fba83b02
cbb2eb5b-1962-48ac-9823-8e425d916d3c,0df73cfd-b47b-4313-87a4-7655478f053e,ec675d24-eb3b-4438-ae2c-3aa9011b4dc3,->,cbb2eb5b-1962-48ac-9823-8e425d916d3c,c6daa512-8880-4e28-b381-d962ebd7bb15,f530208a-2844-482c-b146-d92fc14be719
cbb2eb5b-1962-48ac-9823-8e425d916d3c,0df73cfd-b47b-4313-87a4-7655478f053e,ec675d24-eb3b-4438-ae2c-3aa9011b4dc3,->,cbb2eb5b-1962-48ac-9823-8e425d916d3c,d177ce1a-e305-4bd8-af86-8e633ce71dad,0a053494-3012-40ae-b4d1-aa679050e567
cbb2eb5b-1962-48ac-9823-8e425d916d3c,0df73cfd-b47b-4313-87a4-7655478f053e,1dfb0526-e643-4f42-9d6c-fb0b75247a16,->,cbb2eb5b-1962-48ac-9823-8e425d916d3c,org/lwjgl/input/Keyboard.java,isKeyDown
cbb2eb5b-1962-48ac-9823-8e425d916d3c,0df73cfd-b47b-4313-87a4-7655478f053e,1dfb0526-e643-4f42-9d6c-fb0b75247a16,->,cbb2eb5b-1962-48ac-9823-8e425d916d3c,org/lwjgl/input/Keyboard.java,isKeyDown
cbb2eb5b-1962-48ac-9823-8e425d916d3c,0df73cfd-b47b-4313-87a4-7655478f053e,1dfb0526-e643-4f42-9d6c-fb0b75247a16,->,cbb2eb5b-1962-48ac-9823-8e425d916d3c,org/lwjgl/input/Keyboard.java,isKeyDown
cbb2eb5b-1962-48ac-9823-8e425d916d3c,0df73cfd-b47b-4313-87a4-7655478f053e,1dfb0526-e643-4f42-9d6c-fb0b75247a16,->,cbb2eb5b-1962-48ac-9823-8e425d916d3c,org/lwjgl/input/Keyboard.java,isKeyDown
cbb2eb5b-1962-48ac-9823-8e425d916d3c,0df73cfd-b47b-4313-87a4-7655478f053e,1dfb0526-e643-4f42-9d6c-fb0b75247a16,->,cbb2eb5b-1962-48ac-9823-8e425d916d3c,org/lwjgl/input/Mouse.java,next
cbb2eb5b-1962-48ac-9823-8e425d916d3c,0df73cfd-b47b-4313-87a4-7655478f053e,1dfb0526-e643-4f42-9d6c-fb0b75247a16,->,cbb2eb5b-1962-48ac-9823-8e425d916d3c,org/lwjgl/input/Mouse.java,isButtonDown
cbb2eb5b-1962-48ac-9823-8e425d916d3c,0df73cfd-b47b-4313-87a4-7655478f053e,1dfb0526-e643-4f42-9d6c-fb0b75247a16,->,cbb2eb5b-1962-48ac-9823-8e425d916d3c,org/lwjgl/input/Mouse.java,getX
cbb2eb5b-1962-48ac-9823-8e425d916d3c,0df73cfd-b47b-4313-87a4-7655478f053e,1dfb0526-e643-4f42-9d6c-fb0b75247a16,->,cbb2eb5b-1962-48ac-9823-8e425d916d3c,org/lwjgl/input/Mouse.java,getY
cbb2eb5b-1962-48ac-9823-8e425d916d3c,0df73cfd-b47b-4313-87a4-7655478f053e,1dfb0526-e643-4f42-9d6c-fb0b75247a16,->,cbb2eb5b-1962-48ac-9823-8e425d916d3c,org/lwjgl/input/Mouse.java,isButtonDown
cbb2eb5b-1962-48ac-9823-8e425d916d3c,0df73cfd-b47b-4313-87a4-7655478f053e,1dfb0526-e643-4f42-9d6c-fb0b75247a16,->,cbb2eb5b-1962-48ac-9823-8e425d916d3c,org/lwjgl/input/Mouse.java,getX
cbb2eb5b-1962-48ac-9823-8e425d916d3c,0df73cfd-b47b-4313-87a4-7655478f053e,1dfb0526-e643-4f42-9d6c-fb0b75247a16,->,cbb2eb5b-1962-48ac-9823-8e425d916d3c,org/lwjgl/input/Mouse.java,getX
cbb2eb5b-1962-48ac-9823-8e425d916d3c,0df73cfd-b47b-4313-87a4-7655478f053e,1dfb0526-e643-4f42-9d6c-fb0b75247a16,->,cbb2eb5b-1962-48ac-9823-8e425d916d3c,org/lwjgl/input/Mouse.java,getY
cbb2eb5b-1962-48ac-9823-8e425d916d3c,0df73cfd-b47b-4313-87a4-7655478f053e,1dfb0526-e643-4f42-9d6c-fb0b75247a16,->,cbb2eb5b-1962-48ac-9823-8e425d916d3c,org/lwjgl/input/Mouse.java,getY
cbb2eb5b-1962-48ac-9823-8e425d916d3c,0df73cfd-b47b-4313-87a4-7655478f053e,1dfb0526-e643-4f42-9d6c-fb0b75247a16,->,cbb2eb5b-1962-48ac-9823-8e425d916d3c,org/lwjgl/input/Mouse.java,getX
cbb2eb5b-1962-48ac-9823-8e425d916d3c,0df73cfd-b47b-4313-87a4-7655478f053e,1dfb0526-e643-4f42-9d6c-fb0b75247a16,->,cbb2eb5b-1962-48ac-9823-8e425d916d3c,org/lwjgl/input/Mouse.java,getY
cbb2eb5b-1962-48ac-9823-8e425d916d3c,d177ce1a-e305-4bd8-af86-8e633ce71dad,d609634c-e06f-494c-a19d-6e27aeffe6ff,->,cbb2eb5b-1962-48ac-9823-8e425d916d3c,org/newdawn/slick/util/ResourceLoader.java,getResourceAsStream
cbb2eb5b-1962-48ac-9823-8e425d916d3c,d177ce1a-e305-4bd8-af86-8e633ce71dad,d609634c-e06f-494c-a19d-6e27aeffe6ff,->,cbb2eb5b-1962-48ac-9823-8e425d916d3c,org/newdawn/slick/opengl/TextureLoader.java,getTexture
cbb2eb5b-1962-48ac-9823-8e425d916d3c,d177ce1a-e305-4bd8-af86-8e633ce71dad,d609634c-e06f-494c-a19d-6e27aeffe6ff,->,cbb2eb5b-1962-48ac-9823-8e425d916d3c,java/io/IOException.java,printStackTrace
cbb2eb5b-1962-48ac-9823-8e425d916d3c,d177ce1a-e305-4bd8-af86-8e633ce71dad,d609634c-e06f-494c-a19d-6e27aeffe6ff,->,cbb2eb5b-1962-48ac-9823-8e425d916d3c,org/newdawn/slick/util/ResourceLoader.java,getResourceAsStream
cbb2eb5b-1962-48ac-9823-8e425d916d3c,d177ce1a-e305-4bd8-af86-8e633ce71dad,d609634c-e06f-494c-a19d-6e27aeffe6ff,->,cbb2eb5b-1962-48ac-9823-8e425d916d3c,org/newdawn/slick/opengl/TextureLoader.java,getTexture
cbb2eb5b-1962-48ac-9823-8e425d916d3c,d177ce1a-e305-4bd8-af86-8e633ce71dad,d609634c-e06f-494c-a19d-6e27aeffe6ff,->,cbb2eb5b-1962-48ac-9823-8e425d916d3c,java/io/IOException.java,printStackTrace
cbb2eb5b-1962-48ac-9823-8e425d916d3c,d177ce1a-e305-4bd8-af86-8e633ce71dad,cfc6ac83-cb3f-4643-992f-51db4728a5f7,->,cbb2eb5b-1962-48ac-9823-8e425d916d3c,java/lang/String.java,length
cbb2eb5b-1962-48ac-9823-8e425d916d3c,d177ce1a-e305-4bd8-af86-8e633ce71dad,cfc6ac83-cb3f-4643-992f-51db4728a5f7,->,cbb2eb5b-1962-48ac-9823-8e425d916d3c,java/lang/String.java,charAt
cbb2eb5b-1962-48ac-9823-8e425d916d3c,d177ce1a-e305-4bd8-af86-8e633ce71dad,cfc6ac83-cb3f-4643-992f-51db4728a5f7,->,cbb2eb5b-1962-48ac-9823-8e425d916d3c,java/lang/String.java,indexOf
cbb2eb5b-1962-48ac-9823-8e425d916d3c,d177ce1a-e305-4bd8-af86-8e633ce71dad,cfc6ac83-cb3f-4643-992f-51db4728a5f7,->,cbb2eb5b-1962-48ac-9823-8e425d916d3c,org/lwjgl/opengl/GL11.java,glTexParameteri
cbb2eb5b-1962-48ac-9823-8e425d916d3c,d177ce1a-e305-4bd8-af86-8e633ce71dad,cfc6ac83-cb3f-4643-992f-51db4728a5f7,->,cbb2eb5b-1962-48ac-9823-8e425d916d3c,org/lwjgl/opengl/GL11.java,glTexParameteri
cbb2eb5b-1962-48ac-9823-8e425d916d3c,d177ce1a-e305-4bd8-af86-8e633ce71dad,cfc6ac83-cb3f-4643-992f-51db4728a5f7,->,cbb2eb5b-1962-48ac-9823-8e425d916d3c,org/newdawn/slick/opengl/Texture.java,getTextureID
cbb2eb5b-1962-48ac-9823-8e425d916d3c,d177ce1a-e305-4bd8-af86-8e633ce71dad,cfc6ac83-cb3f-4643-992f-51db4728a5f7,->,cbb2eb5b-1962-48ac-9823-8e425d916d3c,org/lwjgl/opengl/GL11.java,glBindTexture
cbb2eb5b-1962-48ac-9823-8e425d916d3c,d177ce1a-e305-4bd8-af86-8e633ce71dad,cfc6ac83-cb3f-4643-992f-51db4728a5f7,->,cbb2eb5b-1962-48ac-9823-8e425d916d3c,org/lwjgl/opengl/GL11.java,glColor3f
cbb2eb5b-1962-48ac-9823-8e425d916d3c,d177ce1a-e305-4bd8-af86-8e633ce71dad,cfc6ac83-cb3f-4643-992f-51db4728a5f7,->,cbb2eb5b-1962-48ac-9823-8e425d916d3c,org/lwjgl/opengl/GL11.java,glBegin
cbb2eb5b-1962-48ac-9823-8e425d916d3c,d177ce1a-e305-4bd8-af86-8e633ce71dad,cfc6ac83-cb3f-4643-992f-51db4728a5f7,->,cbb2eb5b-1962-48ac-9823-8e425d916d3c,org/lwjgl/opengl/GL11.java,glTexCoord2f
cbb2eb5b-1962-48ac-9823-8e425d916d3c,d177ce1a-e305-4bd8-af86-8e633ce71dad,cfc6ac83-cb3f-4643-992f-51db4728a5f7,->,cbb2eb5b-1962-48ac-9823-8e425d916d3c,org/lwjgl/opengl/GL11.java,glVertex2f
cbb2eb5b-1962-48ac-9823-8e425d916d3c,d177ce1a-e305-4bd8-af86-8e633ce71dad,cfc6ac83-cb3f-4643-992f-51db4728a5f7,->,cbb2eb5b-1962-48ac-9823-8e425d916d3c,org/lwjgl/opengl/GL11.java,glTexCoord2f
cbb2eb5b-1962-48ac-9823-8e425d916d3c,d177ce1a-e305-4bd8-af86-8e633ce71dad,cfc6ac83-cb3f-4643-992f-51db4728a5f7,->,cbb2eb5b-1962-48ac-9823-8e425d916d3c,org/lwjgl/opengl/GL11.java,glVertex2f
cbb2eb5b-1962-48ac-9823-8e425d916d3c,d177ce1a-e305-4bd8-af86-8e633ce71dad,cfc6ac83-cb3f-4643-992f-51db4728a5f7,->,cbb2eb5b-1962-48ac-9823-8e425d916d3c,org/lwjgl/opengl/GL11.java,glTexCoord2f
cbb2eb5b-1962-48ac-9823-8e425d916d3c,d177ce1a-e305-4bd8-af86-8e633ce71dad,cfc6ac83-cb3f-4643-992f-51db4728a5f7,->,cbb2eb5b-1962-48ac-9823-8e425d916d3c,org/lwjgl/opengl/GL11.java,glVertex2f
cbb2eb5b-1962-48ac-9823-8e425d916d3c,d177ce1a-e305-4bd8-af86-8e633ce71dad,cfc6ac83-cb3f-4643-992f-51db4728a5f7,->,cbb2eb5b-1962-48ac-9823-8e425d916d3c,org/lwjgl/opengl/GL11.java,glTexCoord2f
cbb2eb5b-1962-48ac-9823-8e425d916d3c,d177ce1a-e305-4bd8-af86-8e633ce71dad,cfc6ac83-cb3f-4643-992f-51db4728a5f7,->,cbb2eb5b-1962-48ac-9823-8e425d916d3c,org/lwjgl/opengl/GL11.java,glVertex2f
cbb2eb5b-1962-48ac-9823-8e425d916d3c,d177ce1a-e305-4bd8-af86-8e633ce71dad,cfc6ac83-cb3f-4643-992f-51db4728a5f7,->,cbb2eb5b-1962-48ac-9823-8e425d916d3c,org/lwjgl/opengl/GL11.java,glEnd
cbb2eb5b-1962-48ac-9823-8e425d916d3c,d177ce1a-e305-4bd8-af86-8e633ce71dad,eb4c2561-c087-4770-9c56-fa3a2871fc2d,->,cbb2eb5b-1962-48ac-9823-8e425d916d3c,d177ce1a-e305-4bd8-af86-8e633ce71dad,0a053494-3012-40ae-b4d1-aa679050e567
cbb2eb5b-1962-48ac-9823-8e425d916d3c,d177ce1a-e305-4bd8-af86-8e633ce71dad,0a053494-3012-40ae-b4d1-aa679050e567,->,cbb2eb5b-1962-48ac-9823-8e425d916d3c,d177ce1a-e305-4bd8-af86-8e633ce71dad,cfc6ac83-cb3f-4643-992f-51db4728a5f7
cbb2eb5b-1962-48ac-9823-8e425d916d3c,rpg/game/Game$GameState.java,values,->,cbb2eb5b-1962-48ac-9823-8e425d916d3c,rpg/game/Game$GameState.java,clone
cbb2eb5b-1962-48ac-9823-8e425d916d3c,rpg/game/Game$GameState.java,valueOf,->,cbb2eb5b-1962-48ac-9823-8e425d916d3c,java/lang/Enum.java,valueOf
cbb2eb5b-1962-48ac-9823-8e425d916d3c,46879f7e-c569-4a06-9722-b02b4f74f7ad,65e2f401-9efd-4bc3-92ec-fa17bb62c547,->,cbb2eb5b-1962-48ac-9823-8e425d916d3c,java/lang/StringBuilder.java,append
cbb2eb5b-1962-48ac-9823-8e425d916d3c,46879f7e-c569-4a06-9722-b02b4f74f7ad,65e2f401-9efd-4bc3-92ec-fa17bb62c547,->,cbb2eb5b-1962-48ac-9823-8e425d916d3c,java/lang/StringBuilder.java,append
cbb2eb5b-1962-48ac-9823-8e425d916d3c,46879f7e-c569-4a06-9722-b02b4f74f7ad,65e2f401-9efd-4bc3-92ec-fa17bb62c547,->,cbb2eb5b-1962-48ac-9823-8e425d916d3c,java/lang/StringBuilder.java,toString
cbb2eb5b-1962-48ac-9823-8e425d916d3c,46879f7e-c569-4a06-9722-b02b4f74f7ad,65e2f401-9efd-4bc3-92ec-fa17bb62c547,->,cbb2eb5b-1962-48ac-9823-8e425d916d3c,d177ce1a-e305-4bd8-af86-8e633ce71dad,eb4c2561-c087-4770-9c56-fa3a2871fc2d
cbb2eb5b-1962-48ac-9823-8e425d916d3c,46879f7e-c569-4a06-9722-b02b4f74f7ad,65e2f401-9efd-4bc3-92ec-fa17bb62c547,->,cbb2eb5b-1962-48ac-9823-8e425d916d3c,java/lang/StringBuilder.java,append
cbb2eb5b-1962-48ac-9823-8e425d916d3c,46879f7e-c569-4a06-9722-b02b4f74f7ad,65e2f401-9efd-4bc3-92ec-fa17bb62c547,->,cbb2eb5b-1962-48ac-9823-8e425d916d3c,java/lang/StringBuilder.java,append
cbb2eb5b-1962-48ac-9823-8e425d916d3c,46879f7e-c569-4a06-9722-b02b4f74f7ad,65e2f401-9efd-4bc3-92ec-fa17bb62c547,->,cbb2eb5b-1962-48ac-9823-8e425d916d3c,java/lang/StringBuilder.java,toString
cbb2eb5b-1962-48ac-9823-8e425d916d3c,46879f7e-c569-4a06-9722-b02b4f74f7ad,65e2f401-9efd-4bc3-92ec-fa17bb62c547,->,cbb2eb5b-1962-48ac-9823-8e425d916d3c,d177ce1a-e305-4bd8-af86-8e633ce71dad,eb4c2561-c087-4770-9c56-fa3a2871fc2d
cbb2eb5b-1962-48ac-9823-8e425d916d3c,46879f7e-c569-4a06-9722-b02b4f74f7ad,65e2f401-9efd-4bc3-92ec-fa17bb62c547,->,cbb2eb5b-1962-48ac-9823-8e425d916d3c,java/lang/StringBuilder.java,append
cbb2eb5b-1962-48ac-9823-8e425d916d3c,46879f7e-c569-4a06-9722-b02b4f74f7ad,65e2f401-9efd-4bc3-92ec-fa17bb62c547,->,cbb2eb5b-1962-48ac-9823-8e425d916d3c,java/lang/StringBuilder.java,append
cbb2eb5b-1962-48ac-9823-8e425d916d3c,46879f7e-c569-4a06-9722-b02b4f74f7ad,65e2f401-9efd-4bc3-92ec-fa17bb62c547,->,cbb2eb5b-1962-48ac-9823-8e425d916d3c,java/lang/StringBuilder.java,toString
cbb2eb5b-1962-48ac-9823-8e425d916d3c,46879f7e-c569-4a06-9722-b02b4f74f7ad,65e2f401-9efd-4bc3-92ec-fa17bb62c547,->,cbb2eb5b-1962-48ac-9823-8e425d916d3c,d177ce1a-e305-4bd8-af86-8e633ce71dad,eb4c2561-c087-4770-9c56-fa3a2871fc2d
cbb2eb5b-1962-48ac-9823-8e425d916d3c,46879f7e-c569-4a06-9722-b02b4f74f7ad,65e2f401-9efd-4bc3-92ec-fa17bb62c547,->,cbb2eb5b-1962-48ac-9823-8e425d916d3c,java/lang/StringBuilder.java,append
cbb2eb5b-1962-48ac-9823-8e425d916d3c,46879f7e-c569-4a06-9722-b02b4f74f7ad,65e2f401-9efd-4bc3-92ec-fa17bb62c547,->,cbb2eb5b-1962-48ac-9823-8e425d916d3c,java/lang/StringBuilder.java,append
cbb2eb5b-1962-48ac-9823-8e425d916d3c,46879f7e-c569-4a06-9722-b02b4f74f7ad,65e2f401-9efd-4bc3-92ec-fa17bb62c547,->,cbb2eb5b-1962-48ac-9823-8e425d916d3c,java/lang/StringBuilder.java,toString
cbb2eb5b-1962-48ac-9823-8e425d916d3c,46879f7e-c569-4a06-9722-b02b4f74f7ad,65e2f401-9efd-4bc3-92ec-fa17bb62c547,->,cbb2eb5b-1962-48ac-9823-8e425d916d3c,d177ce1a-e305-4bd8-af86-8e633ce71dad,eb4c2561-c087-4770-9c56-fa3a2871fc2d
cbb2eb5b-1962-48ac-9823-8e425d916d3c,46879f7e-c569-4a06-9722-b02b4f74f7ad,65e2f401-9efd-4bc3-92ec-fa17bb62c547,->,cbb2eb5b-1962-48ac-9823-8e425d916d3c,java/lang/StringBuilder.java,append
cbb2eb5b-1962-48ac-9823-8e425d916d3c,46879f7e-c569-4a06-9722-b02b4f74f7ad,65e2f401-9efd-4bc3-92ec-fa17bb62c547,->,cbb2eb5b-1962-48ac-9823-8e425d916d3c,java/lang/StringBuilder.java,append
cbb2eb5b-1962-48ac-9823-8e425d916d3c,46879f7e-c569-4a06-9722-b02b4f74f7ad,65e2f401-9efd-4bc3-92ec-fa17bb62c547,->,cbb2eb5b-1962-48ac-9823-8e425d916d3c,java/lang/StringBuilder.java,toString
cbb2eb5b-1962-48ac-9823-8e425d916d3c,46879f7e-c569-4a06-9722-b02b4f74f7ad,65e2f401-9efd-4bc3-92ec-fa17bb62c547,->,cbb2eb5b-1962-48ac-9823-8e425d916d3c,d177ce1a-e305-4bd8-af86-8e633ce71dad,eb4c2561-c087-4770-9c56-fa3a2871fc2d
cbb2eb5b-1962-48ac-9823-8e425d916d3c,46879f7e-c569-4a06-9722-b02b4f74f7ad,65e2f401-9efd-4bc3-92ec-fa17bb62c547,->,cbb2eb5b-1962-48ac-9823-8e425d916d3c,java/lang/StringBuilder.java,append
cbb2eb5b-1962-48ac-9823-8e425d916d3c,46879f7e-c569-4a06-9722-b02b4f74f7ad,65e2f401-9efd-4bc3-92ec-fa17bb62c547,->,cbb2eb5b-1962-48ac-9823-8e425d916d3c,java/lang/StringBuilder.java,append
cbb2eb5b-1962-48ac-9823-8e425d916d3c,46879f7e-c569-4a06-9722-b02b4f74f7ad,65e2f401-9efd-4bc3-92ec-fa17bb62c547,->,cbb2eb5b-1962-48ac-9823-8e425d916d3c,java/lang/StringBuilder.java,toString
cbb2eb5b-1962-48ac-9823-8e425d916d3c,46879f7e-c569-4a06-9722-b02b4f74f7ad,65e2f401-9efd-4bc3-92ec-fa17bb62c547,->,cbb2eb5b-1962-48ac-9823-8e425d916d3c,d177ce1a-e305-4bd8-af86-8e633ce71dad,eb4c2561-c087-4770-9c56-fa3a2871fc2d
cbb2eb5b-1962-48ac-9823-8e425d916d3c,46879f7e-c569-4a06-9722-b02b4f74f7ad,65e2f401-9efd-4bc3-92ec-fa17bb62c547,->,cbb2eb5b-1962-48ac-9823-8e425d916d3c,java/lang/StringBuilder.java,append
cbb2eb5b-1962-48ac-9823-8e425d916d3c,46879f7e-c569-4a06-9722-b02b4f74f7ad,65e2f401-9efd-4bc3-92ec-fa17bb62c547,->,cbb2eb5b-1962-48ac-9823-8e425d916d3c,java/lang/StringBuilder.java,append
cbb2eb5b-1962-48ac-9823-8e425d916d3c,46879f7e-c569-4a06-9722-b02b4f74f7ad,65e2f401-9efd-4bc3-92ec-fa17bb62c547,->,cbb2eb5b-1962-48ac-9823-8e425d916d3c,java/lang/StringBuilder.java,toString
cbb2eb5b-1962-48ac-9823-8e425d916d3c,46879f7e-c569-4a06-9722-b02b4f74f7ad,65e2f401-9efd-4bc3-92ec-fa17bb62c547,->,cbb2eb5b-1962-48ac-9823-8e425d916d3c,d177ce1a-e305-4bd8-af86-8e633ce71dad,eb4c2561-c087-4770-9c56-fa3a2871fc2d
cbb2eb5b-1962-48ac-9823-8e425d916d3c,46879f7e-c569-4a06-9722-b02b4f74f7ad,65e2f401-9efd-4bc3-92ec-fa17bb62c547,->,cbb2eb5b-1962-48ac-9823-8e425d916d3c,java/lang/StringBuilder.java,append
cbb2eb5b-1962-48ac-9823-8e425d916d3c,46879f7e-c569-4a06-9722-b02b4f74f7ad,65e2f401-9efd-4bc3-92ec-fa17bb62c547,->,cbb2eb5b-1962-48ac-9823-8e425d916d3c,java/lang/StringBuilder.java,append
cbb2eb5b-1962-48ac-9823-8e425d916d3c,46879f7e-c569-4a06-9722-b02b4f74f7ad,65e2f401-9efd-4bc3-92ec-fa17bb62c547,->,cbb2eb5b-1962-48ac-9823-8e425d916d3c,java/lang/StringBuilder.java,toString
cbb2eb5b-1962-48ac-9823-8e425d916d3c,46879f7e-c569-4a06-9722-b02b4f74f7ad,65e2f401-9efd-4bc3-92ec-fa17bb62c547,->,cbb2eb5b-1962-48ac-9823-8e425d916d3c,d177ce1a-e305-4bd8-af86-8e633ce71dad,eb4c2561-c087-4770-9c56-fa3a2871fc2d
cbb2eb5b-1962-48ac-9823-8e425d916d3c,46879f7e-c569-4a06-9722-b02b4f74f7ad,65e2f401-9efd-4bc3-92ec-fa17bb62c547,->,cbb2eb5b-1962-48ac-9823-8e425d916d3c,java/lang/StringBuilder.java,append
cbb2eb5b-1962-48ac-9823-8e425d916d3c,46879f7e-c569-4a06-9722-b02b4f74f7ad,65e2f401-9efd-4bc3-92ec-fa17bb62c547,->,cbb2eb5b-1962-48ac-9823-8e425d916d3c,java/lang/StringBuilder.java,append
cbb2eb5b-1962-48ac-9823-8e425d916d3c,46879f7e-c569-4a06-9722-b02b4f74f7ad,65e2f401-9efd-4bc3-92ec-fa17bb62c547,->,cbb2eb5b-1962-48ac-9823-8e425d916d3c,java/lang/StringBuilder.java,toString
cbb2eb5b-1962-48ac-9823-8e425d916d3c,46879f7e-c569-4a06-9722-b02b4f74f7ad,65e2f401-9efd-4bc3-92ec-fa17bb62c547,->,cbb2eb5b-1962-48ac-9823-8e425d916d3c,d177ce1a-e305-4bd8-af86-8e633ce71dad,eb4c2561-c087-4770-9c56-fa3a2871fc2d
cbb2eb5b-1962-48ac-9823-8e425d916d3c,088a29ed-1680-4435-bbf3-ed1981434abe,f45bd831-418b-46bb-84c6-548a5373d63a,->,cbb2eb5b-1962-48ac-9823-8e425d916d3c,java/lang/System.java,getProperties
cbb2eb5b-1962-48ac-9823-8e425d916d3c,088a29ed-1680-4435-bbf3-ed1981434abe,f45bd831-418b-46bb-84c6-548a5373d63a,->,cbb2eb5b-1962-48ac-9823-8e425d916d3c,java/util/Properties.java,getProperty
cbb2eb5b-1962-48ac-9823-8e425d916d3c,088a29ed-1680-4435-bbf3-ed1981434abe,f45bd831-418b-46bb-84c6-548a5373d63a,->,cbb2eb5b-1962-48ac-9823-8e425d916d3c,java/lang/String.java,toLowerCase
cbb2eb5b-1962-48ac-9823-8e425d916d3c,088a29ed-1680-4435-bbf3-ed1981434abe,f45bd831-418b-46bb-84c6-548a5373d63a,->,cbb2eb5b-1962-48ac-9823-8e425d916d3c,java/lang/String.java,contains
cbb2eb5b-1962-48ac-9823-8e425d916d3c,088a29ed-1680-4435-bbf3-ed1981434abe,f45bd831-418b-46bb-84c6-548a5373d63a,->,cbb2eb5b-1962-48ac-9823-8e425d916d3c,org/lwjgl/opengl/Display.java,getAvailableDisplayModes
cbb2eb5b-1962-48ac-9823-8e425d916d3c,088a29ed-1680-4435-bbf3-ed1981434abe,f45bd831-418b-46bb-84c6-548a5373d63a,->,cbb2eb5b-1962-48ac-9823-8e425d916d3c,org/lwjgl/opengl/Display.java,getDisplayMode
cbb2eb5b-1962-48ac-9823-8e425d916d3c,088a29ed-1680-4435-bbf3-ed1981434abe,f45bd831-418b-46bb-84c6-548a5373d63a,->,cbb2eb5b-1962-48ac-9823-8e425d916d3c,org/lwjgl/opengl/DisplayMode.java,getBitsPerPixel
cbb2eb5b-1962-48ac-9823-8e425d916d3c,088a29ed-1680-4435-bbf3-ed1981434abe,f45bd831-418b-46bb-84c6-548a5373d63a,->,cbb2eb5b-1962-48ac-9823-8e425d916d3c,org/lwjgl/opengl/DisplayMode.java,getBitsPerPixel
cbb2eb5b-1962-48ac-9823-8e425d916d3c,088a29ed-1680-4435-bbf3-ed1981434abe,f45bd831-418b-46bb-84c6-548a5373d63a,->,cbb2eb5b-1962-48ac-9823-8e425d916d3c,org/lwjgl/opengl/DisplayMode.java,getWidth
cbb2eb5b-1962-48ac-9823-8e425d916d3c,088a29ed-1680-4435-bbf3-ed1981434abe,f45bd831-418b-46bb-84c6-548a5373d63a,->,cbb2eb5b-1962-48ac-9823-8e425d916d3c,org/lwjgl/opengl/DisplayMode.java,getHeight
cbb2eb5b-1962-48ac-9823-8e425d916d3c,088a29ed-1680-4435-bbf3-ed1981434abe,f45bd831-418b-46bb-84c6-548a5373d63a,->,cbb2eb5b-1962-48ac-9823-8e425d916d3c,org/lwjgl/opengl/DisplayMode.java,getFrequency
cbb2eb5b-1962-48ac-9823-8e425d916d3c,088a29ed-1680-4435-bbf3-ed1981434abe,f45bd831-418b-46bb-84c6-548a5373d63a,->,cbb2eb5b-1962-48ac-9823-8e425d916d3c,org/lwjgl/opengl/DisplayMode.java,getWidth
cbb2eb5b-1962-48ac-9823-8e425d916d3c,088a29ed-1680-4435-bbf3-ed1981434abe,f45bd831-418b-46bb-84c6-548a5373d63a,->,cbb2eb5b-1962-48ac-9823-8e425d916d3c,org/lwjgl/opengl/DisplayMode.java,getHeight
cbb2eb5b-1962-48ac-9823-8e425d916d3c,088a29ed-1680-4435-bbf3-ed1981434abe,f45bd831-418b-46bb-84c6-548a5373d63a,->,cbb2eb5b-1962-48ac-9823-8e425d916d3c,org/lwjgl/opengl/DisplayMode.java,getFrequency
cbb2eb5b-1962-48ac-9823-8e425d916d3c,088a29ed-1680-4435-bbf3-ed1981434abe,f45bd831-418b-46bb-84c6-548a5373d63a,->,cbb2eb5b-1962-48ac-9823-8e425d916d3c,org/lwjgl/opengl/Display.java,setDisplayMode
cbb2eb5b-1962-48ac-9823-8e425d916d3c,088a29ed-1680-4435-bbf3-ed1981434abe,f45bd831-418b-46bb-84c6-548a5373d63a,->,cbb2eb5b-1962-48ac-9823-8e425d916d3c,org/lwjgl/opengl/Display.java,setDisplayMode
cbb2eb5b-1962-48ac-9823-8e425d916d3c,088a29ed-1680-4435-bbf3-ed1981434abe,f45bd831-418b-46bb-84c6-548a5373d63a,->,cbb2eb5b-1962-48ac-9823-8e425d916d3c,org/lwjgl/opengl/Display.java,create
cbb2eb5b-1962-48ac-9823-8e425d916d3c,088a29ed-1680-4435-bbf3-ed1981434abe,f45bd831-418b-46bb-84c6-548a5373d63a,->,cbb2eb5b-1962-48ac-9823-8e425d916d3c,org/lwjgl/LWJGLException.java,printStackTrace
cbb2eb5b-1962-48ac-9823-8e425d916d3c,088a29ed-1680-4435-bbf3-ed1981434abe,f45bd831-418b-46bb-84c6-548a5373d63a,->,cbb2eb5b-1962-48ac-9823-8e425d916d3c,org/lwjgl/opengl/GL11.java,glMatrixMode
cbb2eb5b-1962-48ac-9823-8e425d916d3c,088a29ed-1680-4435-bbf3-ed1981434abe,f45bd831-418b-46bb-84c6-548a5373d63a,->,cbb2eb5b-1962-48ac-9823-8e425d916d3c,org/lwjgl/opengl/GL11.java,glLoadIdentity
cbb2eb5b-1962-48ac-9823-8e425d916d3c,088a29ed-1680-4435-bbf3-ed1981434abe,f45bd831-418b-46bb-84c6-548a5373d63a,->,cbb2eb5b-1962-48ac-9823-8e425d916d3c,org/lwjgl/opengl/GL11.java,glOrtho
cbb2eb5b-1962-48ac-9823-8e425d916d3c,088a29ed-1680-4435-bbf3-ed1981434abe,f45bd831-418b-46bb-84c6-548a5373d63a,->,cbb2eb5b-1962-48ac-9823-8e425d916d3c,org/lwjgl/opengl/GL11.java,glMatrixMode
cbb2eb5b-1962-48ac-9823-8e425d916d3c,088a29ed-1680-4435-bbf3-ed1981434abe,f45bd831-418b-46bb-84c6-548a5373d63a,->,cbb2eb5b-1962-48ac-9823-8e425d916d3c,org/lwjgl/opengl/GL11.java,glEnable
cbb2eb5b-1962-48ac-9823-8e425d916d3c,088a29ed-1680-4435-bbf3-ed1981434abe,f45bd831-418b-46bb-84c6-548a5373d63a,->,cbb2eb5b-1962-48ac-9823-8e425d916d3c,org/lwjgl/opengl/GL11.java,glBlendFunc
cbb2eb5b-1962-48ac-9823-8e425d916d3c,088a29ed-1680-4435-bbf3-ed1981434abe,f45bd831-418b-46bb-84c6-548a5373d63a,->,cbb2eb5b-1962-48ac-9823-8e425d916d3c,d177ce1a-e305-4bd8-af86-8e633ce71dad,d609634c-e06f-494c-a19d-6e27aeffe6ff
cbb2eb5b-1962-48ac-9823-8e425d916d3c,088a29ed-1680-4435-bbf3-ed1981434abe,f45bd831-418b-46bb-84c6-548a5373d63a,->,cbb2eb5b-1962-48ac-9823-8e425d916d3c,c64e91e7-559c-4374-8574-2a80683e08bc,10d85944-2444-409a-a5f1-aca2a580eef5
cbb2eb5b-1962-48ac-9823-8e425d916d3c,088a29ed-1680-4435-bbf3-ed1981434abe,f45bd831-418b-46bb-84c6-548a5373d63a,->,cbb2eb5b-1962-48ac-9823-8e425d916d3c,64c81bfb-93f6-44ae-92ba-06922c2f6485,dd0605ac-252f-4f49-b67a-42781c7344fa
cbb2eb5b-1962-48ac-9823-8e425d916d3c,088a29ed-1680-4435-bbf3-ed1981434abe,f45bd831-418b-46bb-84c6-548a5373d63a,->,cbb2eb5b-1962-48ac-9823-8e425d916d3c,088a29ed-1680-4435-bbf3-ed1981434abe,fad12a1d-6aec-4393-af70-45bfae9d58fc
cbb2eb5b-1962-48ac-9823-8e425d916d3c,088a29ed-1680-4435-bbf3-ed1981434abe,f08dde06-06bb-4e25-a827-21dacdefa797,->,cbb2eb5b-1962-48ac-9823-8e425d916d3c,088a29ed-1680-4435-bbf3-ed1981434abe,fad12a1d-6aec-4393-af70-45bfae9d58fc
cbb2eb5b-1962-48ac-9823-8e425d916d3c,088a29ed-1680-4435-bbf3-ed1981434abe,f08dde06-06bb-4e25-a827-21dacdefa797,->,cbb2eb5b-1962-48ac-9823-8e425d916d3c,09d1dc81-a441-4811-8fea-a135fc76ab1d,139801ab-e36c-4506-b252-f9af914c4a75
cbb2eb5b-1962-48ac-9823-8e425d916d3c,088a29ed-1680-4435-bbf3-ed1981434abe,cf07beef-d89e-47f9-b5f0-7f0a84efec31,->,cbb2eb5b-1962-48ac-9823-8e425d916d3c,java/lang/System.java,nanoTime
cbb2eb5b-1962-48ac-9823-8e425d916d3c,088a29ed-1680-4435-bbf3-ed1981434abe,cf07beef-d89e-47f9-b5f0-7f0a84efec31,->,cbb2eb5b-1962-48ac-9823-8e425d916d3c,java/lang/System.java,currentTimeMillis
cbb2eb5b-1962-48ac-9823-8e425d916d3c,088a29ed-1680-4435-bbf3-ed1981434abe,cf07beef-d89e-47f9-b5f0-7f0a84efec31,->,cbb2eb5b-1962-48ac-9823-8e425d916d3c,org/lwjgl/opengl/Display.java,isCloseRequested
cbb2eb5b-1962-48ac-9823-8e425d916d3c,088a29ed-1680-4435-bbf3-ed1981434abe,cf07beef-d89e-47f9-b5f0-7f0a84efec31,->,cbb2eb5b-1962-48ac-9823-8e425d916d3c,java/lang/System.java,nanoTime
cbb2eb5b-1962-48ac-9823-8e425d916d3c,088a29ed-1680-4435-bbf3-ed1981434abe,cf07beef-d89e-47f9-b5f0-7f0a84efec31,->,cbb2eb5b-1962-48ac-9823-8e425d916d3c,088a29ed-1680-4435-bbf3-ed1981434abe,bdd2fb82-7fa1-4c8d-a61f-51b6282c9263
cbb2eb5b-1962-48ac-9823-8e425d916d3c,088a29ed-1680-4435-bbf3-ed1981434abe,cf07beef-d89e-47f9-b5f0-7f0a84efec31,->,cbb2eb5b-1962-48ac-9823-8e425d916d3c,java/lang/Thread.java,sleep
cbb2eb5b-1962-48ac-9823-8e425d916d3c,088a29ed-1680-4435-bbf3-ed1981434abe,cf07beef-d89e-47f9-b5f0-7f0a84efec31,->,cbb2eb5b-1962-48ac-9823-8e425d916d3c,java/lang/InterruptedException.java,printStackTrace
cbb2eb5b-1962-48ac-9823-8e425d916d3c,088a29ed-1680-4435-bbf3-ed1981434abe,cf07beef-d89e-47f9-b5f0-7f0a84efec31,->,cbb2eb5b-1962-48ac-9823-8e425d916d3c,088a29ed-1680-4435-bbf3-ed1981434abe,fad12a1d-6aec-4393-af70-45bfae9d58fc
cbb2eb5b-1962-48ac-9823-8e425d916d3c,088a29ed-1680-4435-bbf3-ed1981434abe,cf07beef-d89e-47f9-b5f0-7f0a84efec31,->,cbb2eb5b-1962-48ac-9823-8e425d916d3c,java/lang/System.java,currentTimeMillis
cbb2eb5b-1962-48ac-9823-8e425d916d3c,088a29ed-1680-4435-bbf3-ed1981434abe,cf07beef-d89e-47f9-b5f0-7f0a84efec31,->,cbb2eb5b-1962-48ac-9823-8e425d916d3c,org/lwjgl/openal/AL.java,destroy
cbb2eb5b-1962-48ac-9823-8e425d916d3c,088a29ed-1680-4435-bbf3-ed1981434abe,cf07beef-d89e-47f9-b5f0-7f0a84efec31,->,cbb2eb5b-1962-48ac-9823-8e425d916d3c,org/lwjgl/opengl/Display.java,destroy
cbb2eb5b-1962-48ac-9823-8e425d916d3c,088a29ed-1680-4435-bbf3-ed1981434abe,bdd2fb82-7fa1-4c8d-a61f-51b6282c9263,->,cbb2eb5b-1962-48ac-9823-8e425d916d3c,org/lwjgl/input/Keyboard.java,isKeyDown
cbb2eb5b-1962-48ac-9823-8e425d916d3c,088a29ed-1680-4435-bbf3-ed1981434abe,bdd2fb82-7fa1-4c8d-a61f-51b6282c9263,->,cbb2eb5b-1962-48ac-9823-8e425d916d3c,org/lwjgl/opengl/Display.java,isFullscreen
cbb2eb5b-1962-48ac-9823-8e425d916d3c,088a29ed-1680-4435-bbf3-ed1981434abe,bdd2fb82-7fa1-4c8d-a61f-51b6282c9263,->,cbb2eb5b-1962-48ac-9823-8e425d916d3c,org/lwjgl/opengl/Display.java,setVSyncEnabled
cbb2eb5b-1962-48ac-9823-8e425d916d3c,088a29ed-1680-4435-bbf3-ed1981434abe,bdd2fb82-7fa1-4c8d-a61f-51b6282c9263,->,cbb2eb5b-1962-48ac-9823-8e425d916d3c,org/lwjgl/opengl/Display.java,isFullscreen
cbb2eb5b-1962-48ac-9823-8e425d916d3c,088a29ed-1680-4435-bbf3-ed1981434abe,bdd2fb82-7fa1-4c8d-a61f-51b6282c9263,->,cbb2eb5b-1962-48ac-9823-8e425d916d3c,org/lwjgl/opengl/Display.java,setFullscreen
cbb2eb5b-1962-48ac-9823-8e425d916d3c,088a29ed-1680-4435-bbf3-ed1981434abe,bdd2fb82-7fa1-4c8d-a61f-51b6282c9263,->,cbb2eb5b-1962-48ac-9823-8e425d916d3c,org/lwjgl/LWJGLException.java,printStackTrace
cbb2eb5b-1962-48ac-9823-8e425d916d3c,088a29ed-1680-4435-bbf3-ed1981434abe,bdd2fb82-7fa1-4c8d-a61f-51b6282c9263,->,cbb2eb5b-1962-48ac-9823-8e425d916d3c,rpg/game/Game$GameState.java,ordinal
cbb2eb5b-1962-48ac-9823-8e425d916d3c,088a29ed-1680-4435-bbf3-ed1981434abe,bdd2fb82-7fa1-4c8d-a61f-51b6282c9263,->,cbb2eb5b-1962-48ac-9823-8e425d916d3c,12b8de78-7940-47a7-b3c6-5defc77ab2e3,8e2dc2ef-85c6-4159-84d8-e839f2ce1632
cbb2eb5b-1962-48ac-9823-8e425d916d3c,088a29ed-1680-4435-bbf3-ed1981434abe,bdd2fb82-7fa1-4c8d-a61f-51b6282c9263,->,cbb2eb5b-1962-48ac-9823-8e425d916d3c,b8a381a8-5110-484f-903a-70b344972390,c47b86cf-0482-4e1f-994d-9f0f0fe55351
cbb2eb5b-1962-48ac-9823-8e425d916d3c,088a29ed-1680-4435-bbf3-ed1981434abe,bdd2fb82-7fa1-4c8d-a61f-51b6282c9263,->,cbb2eb5b-1962-48ac-9823-8e425d916d3c,e7aeee31-dbc8-4d1e-985d-fbfe90906bd9,da80ea4e-f734-44fa-9e13-5eadd06d7e45
cbb2eb5b-1962-48ac-9823-8e425d916d3c,088a29ed-1680-4435-bbf3-ed1981434abe,bdd2fb82-7fa1-4c8d-a61f-51b6282c9263,->,cbb2eb5b-1962-48ac-9823-8e425d916d3c,6b4b3b81-caf3-47aa-ae82-bdff2bd0633a,14e810d7-db4e-46c4-b77c-f546ed94b04b
cbb2eb5b-1962-48ac-9823-8e425d916d3c,088a29ed-1680-4435-bbf3-ed1981434abe,bdd2fb82-7fa1-4c8d-a61f-51b6282c9263,->,cbb2eb5b-1962-48ac-9823-8e425d916d3c,09d1dc81-a441-4811-8fea-a135fc76ab1d,3b35b3c6-0edf-44cc-a189-8cfe74a3200a
cbb2eb5b-1962-48ac-9823-8e425d916d3c,088a29ed-1680-4435-bbf3-ed1981434abe,bdd2fb82-7fa1-4c8d-a61f-51b6282c9263,->,cbb2eb5b-1962-48ac-9823-8e425d916d3c,c64e91e7-559c-4374-8574-2a80683e08bc,5da059cb-4e58-4fb3-8455-efbeef1e06b2
cbb2eb5b-1962-48ac-9823-8e425d916d3c,088a29ed-1680-4435-bbf3-ed1981434abe,bdd2fb82-7fa1-4c8d-a61f-51b6282c9263,->,cbb2eb5b-1962-48ac-9823-8e425d916d3c,09d1dc81-a441-4811-8fea-a135fc76ab1d,9ecf1bbc-d0dc-459f-b3cb-e7e0ac0969ce
cbb2eb5b-1962-48ac-9823-8e425d916d3c,088a29ed-1680-4435-bbf3-ed1981434abe,bdd2fb82-7fa1-4c8d-a61f-51b6282c9263,->,cbb2eb5b-1962-48ac-9823-8e425d916d3c,c6daa512-8880-4e28-b381-d962ebd7bb15,acb2a4b0-3c0d-4425-a3fe-ed1995cb489c
cbb2eb5b-1962-48ac-9823-8e425d916d3c,088a29ed-1680-4435-bbf3-ed1981434abe,bdd2fb82-7fa1-4c8d-a61f-51b6282c9263,->,cbb2eb5b-1962-48ac-9823-8e425d916d3c,2a73a00e-fea6-42f9-a76a-1761e9b302d6,69145f3f-bf21-4f64-a773-0e4f549e49c6
cbb2eb5b-1962-48ac-9823-8e425d916d3c,088a29ed-1680-4435-bbf3-ed1981434abe,fad12a1d-6aec-4393-af70-45bfae9d58fc,->,cbb2eb5b-1962-48ac-9823-8e425d916d3c,org/lwjgl/opengl/GL11.java,glClear
cbb2eb5b-1962-48ac-9823-8e425d916d3c,088a29ed-1680-4435-bbf3-ed1981434abe,fad12a1d-6aec-4393-af70-45bfae9d58fc,->,cbb2eb5b-1962-48ac-9823-8e425d916d3c,rpg/game/Game$GameState.java,ordinal
cbb2eb5b-1962-48ac-9823-8e425d916d3c,088a29ed-1680-4435-bbf3-ed1981434abe,fad12a1d-6aec-4393-af70-45bfae9d58fc,->,cbb2eb5b-1962-48ac-9823-8e425d916d3c,12b8de78-7940-47a7-b3c6-5defc77ab2e3,81d935da-7450-4dae-be56-7bf37c669d5f
cbb2eb5b-1962-48ac-9823-8e425d916d3c,088a29ed-1680-4435-bbf3-ed1981434abe,fad12a1d-6aec-4393-af70-45bfae9d58fc,->,cbb2eb5b-1962-48ac-9823-8e425d916d3c,b8a381a8-5110-484f-903a-70b344972390,5959f533-77c9-4199-b655-355db5e6f4ce
cbb2eb5b-1962-48ac-9823-8e425d916d3c,088a29ed-1680-4435-bbf3-ed1981434abe,fad12a1d-6aec-4393-af70-45bfae9d58fc,->,cbb2eb5b-1962-48ac-9823-8e425d916d3c,e7aeee31-dbc8-4d1e-985d-fbfe90906bd9,5fcd270e-d815-4a7b-853c-cc5203895cfb
cbb2eb5b-1962-48ac-9823-8e425d916d3c,088a29ed-1680-4435-bbf3-ed1981434abe,fad12a1d-6aec-4393-af70-45bfae9d58fc,->,cbb2eb5b-1962-48ac-9823-8e425d916d3c,6b4b3b81-caf3-47aa-ae82-bdff2bd0633a,5dc70374-bf84-4206-abd3-fc8fe31422d3
cbb2eb5b-1962-48ac-9823-8e425d916d3c,088a29ed-1680-4435-bbf3-ed1981434abe,fad12a1d-6aec-4393-af70-45bfae9d58fc,->,cbb2eb5b-1962-48ac-9823-8e425d916d3c,09d1dc81-a441-4811-8fea-a135fc76ab1d,3b35b3c6-0edf-44cc-a189-8cfe74a3200a
cbb2eb5b-1962-48ac-9823-8e425d916d3c,088a29ed-1680-4435-bbf3-ed1981434abe,fad12a1d-6aec-4393-af70-45bfae9d58fc,->,cbb2eb5b-1962-48ac-9823-8e425d916d3c,org/lwjgl/opengl/GL11.java,glDisable
cbb2eb5b-1962-48ac-9823-8e425d916d3c,088a29ed-1680-4435-bbf3-ed1981434abe,fad12a1d-6aec-4393-af70-45bfae9d58fc,->,cbb2eb5b-1962-48ac-9823-8e425d916d3c,org/lwjgl/opengl/GL11.java,glColor3f
cbb2eb5b-1962-48ac-9823-8e425d916d3c,088a29ed-1680-4435-bbf3-ed1981434abe,fad12a1d-6aec-4393-af70-45bfae9d58fc,->,cbb2eb5b-1962-48ac-9823-8e425d916d3c,org/lwjgl/opengl/GL11.java,glBegin
cbb2eb5b-1962-48ac-9823-8e425d916d3c,088a29ed-1680-4435-bbf3-ed1981434abe,fad12a1d-6aec-4393-af70-45bfae9d58fc,->,cbb2eb5b-1962-48ac-9823-8e425d916d3c,org/lwjgl/opengl/GL11.java,glVertex2i
cbb2eb5b-1962-48ac-9823-8e425d916d3c,088a29ed-1680-4435-bbf3-ed1981434abe,fad12a1d-6aec-4393-af70-45bfae9d58fc,->,cbb2eb5b-1962-48ac-9823-8e425d916d3c,org/lwjgl/opengl/GL11.java,glVertex2i
cbb2eb5b-1962-48ac-9823-8e425d916d3c,088a29ed-1680-4435-bbf3-ed1981434abe,fad12a1d-6aec-4393-af70-45bfae9d58fc,->,cbb2eb5b-1962-48ac-9823-8e425d916d3c,org/lwjgl/opengl/GL11.java,glVertex2i
cbb2eb5b-1962-48ac-9823-8e425d916d3c,088a29ed-1680-4435-bbf3-ed1981434abe,fad12a1d-6aec-4393-af70-45bfae9d58fc,->,cbb2eb5b-1962-48ac-9823-8e425d916d3c,org/lwjgl/opengl/GL11.java,glVertex2i
cbb2eb5b-1962-48ac-9823-8e425d916d3c,088a29ed-1680-4435-bbf3-ed1981434abe,fad12a1d-6aec-4393-af70-45bfae9d58fc,->,cbb2eb5b-1962-48ac-9823-8e425d916d3c,org/lwjgl/opengl/GL11.java,glEnd
cbb2eb5b-1962-48ac-9823-8e425d916d3c,088a29ed-1680-4435-bbf3-ed1981434abe,fad12a1d-6aec-4393-af70-45bfae9d58fc,->,cbb2eb5b-1962-48ac-9823-8e425d916d3c,org/lwjgl/opengl/GL11.java,glEnable
cbb2eb5b-1962-48ac-9823-8e425d916d3c,088a29ed-1680-4435-bbf3-ed1981434abe,fad12a1d-6aec-4393-af70-45bfae9d58fc,->,cbb2eb5b-1962-48ac-9823-8e425d916d3c,java/lang/String.java,length
cbb2eb5b-1962-48ac-9823-8e425d916d3c,088a29ed-1680-4435-bbf3-ed1981434abe,fad12a1d-6aec-4393-af70-45bfae9d58fc,->,cbb2eb5b-1962-48ac-9823-8e425d916d3c,d177ce1a-e305-4bd8-af86-8e633ce71dad,0a053494-3012-40ae-b4d1-aa679050e567
cbb2eb5b-1962-48ac-9823-8e425d916d3c,088a29ed-1680-4435-bbf3-ed1981434abe,fad12a1d-6aec-4393-af70-45bfae9d58fc,->,cbb2eb5b-1962-48ac-9823-8e425d916d3c,2a73a00e-fea6-42f9-a76a-1761e9b302d6,400ca8f9-cd7b-44d7-ac98-6cadb7c7dddb
cbb2eb5b-1962-48ac-9823-8e425d916d3c,088a29ed-1680-4435-bbf3-ed1981434abe,fad12a1d-6aec-4393-af70-45bfae9d58fc,->,cbb2eb5b-1962-48ac-9823-8e425d916d3c,09d1dc81-a441-4811-8fea-a135fc76ab1d,9bcd26b5-feb0-4f09-ac4b-4438f6b74a16
cbb2eb5b-1962-48ac-9823-8e425d916d3c,088a29ed-1680-4435-bbf3-ed1981434abe,fad12a1d-6aec-4393-af70-45bfae9d58fc,->,cbb2eb5b-1962-48ac-9823-8e425d916d3c,09d1dc81-a441-4811-8fea-a135fc76ab1d,dd40aa5c-1965-456e-98ea-347b5f96adb0
cbb2eb5b-1962-48ac-9823-8e425d916d3c,088a29ed-1680-4435-bbf3-ed1981434abe,fad12a1d-6aec-4393-af70-45bfae9d58fc,->,cbb2eb5b-1962-48ac-9823-8e425d916d3c,c6daa512-8880-4e28-b381-d962ebd7bb15,0049bd03-80c6-4ef0-b440-f043b4a11d21
cbb2eb5b-1962-48ac-9823-8e425d916d3c,088a29ed-1680-4435-bbf3-ed1981434abe,fad12a1d-6aec-4393-af70-45bfae9d58fc,->,cbb2eb5b-1962-48ac-9823-8e425d916d3c,09d1dc81-a441-4811-8fea-a135fc76ab1d,b5510a37-3156-44c3-8d15-6318e52f9bdc
cbb2eb5b-1962-48ac-9823-8e425d916d3c,088a29ed-1680-4435-bbf3-ed1981434abe,fad12a1d-6aec-4393-af70-45bfae9d58fc,->,cbb2eb5b-1962-48ac-9823-8e425d916d3c,09d1dc81-a441-4811-8fea-a135fc76ab1d,9a259720-32a0-43f4-a542-8dc1674bf9fe
cbb2eb5b-1962-48ac-9823-8e425d916d3c,088a29ed-1680-4435-bbf3-ed1981434abe,fad12a1d-6aec-4393-af70-45bfae9d58fc,->,cbb2eb5b-1962-48ac-9823-8e425d916d3c,2a73a00e-fea6-42f9-a76a-1761e9b302d6,9aae48a2-f0cc-4c1a-8dfd-a7faea32135c
cbb2eb5b-1962-48ac-9823-8e425d916d3c,088a29ed-1680-4435-bbf3-ed1981434abe,fad12a1d-6aec-4393-af70-45bfae9d58fc,->,cbb2eb5b-1962-48ac-9823-8e425d916d3c,0df73cfd-b47b-4313-87a4-7655478f053e,ec675d24-eb3b-4438-ae2c-3aa9011b4dc3
cbb2eb5b-1962-48ac-9823-8e425d916d3c,088a29ed-1680-4435-bbf3-ed1981434abe,fad12a1d-6aec-4393-af70-45bfae9d58fc,->,cbb2eb5b-1962-48ac-9823-8e425d916d3c,org/lwjgl/opengl/Display.java,update
cbb2eb5b-1962-48ac-9823-8e425d916d3c,c64e91e7-559c-4374-8574-2a80683e08bc,10d85944-2444-409a-a5f1-aca2a580eef5,->,cbb2eb5b-1962-48ac-9823-8e425d916d3c,org/newdawn/slick/util/ResourceLoader.java,getResourceAsStream
cbb2eb5b-1962-48ac-9823-8e425d916d3c,c64e91e7-559c-4374-8574-2a80683e08bc,10d85944-2444-409a-a5f1-aca2a580eef5,->,cbb2eb5b-1962-48ac-9823-8e425d916d3c,org/newdawn/slick/openal/AudioLoader.java,getAudio
cbb2eb5b-1962-48ac-9823-8e425d916d3c,c64e91e7-559c-4374-8574-2a80683e08bc,10d85944-2444-409a-a5f1-aca2a580eef5,->,cbb2eb5b-1962-48ac-9823-8e425d916d3c,org/newdawn/slick/util/ResourceLoader.java,getResourceAsStream
cbb2eb5b-1962-48ac-9823-8e425d916d3c,c64e91e7-559c-4374-8574-2a80683e08bc,10d85944-2444-409a-a5f1-aca2a580eef5,->,cbb2eb5b-1962-48ac-9823-8e425d916d3c,org/newdawn/slick/openal/AudioLoader.java,getAudio
cbb2eb5b-1962-48ac-9823-8e425d916d3c,c64e91e7-559c-4374-8574-2a80683e08bc,10d85944-2444-409a-a5f1-aca2a580eef5,->,cbb2eb5b-1962-48ac-9823-8e425d916d3c,org/newdawn/slick/util/ResourceLoader.java,getResourceAsStream
cbb2eb5b-1962-48ac-9823-8e425d916d3c,c64e91e7-559c-4374-8574-2a80683e08bc,10d85944-2444-409a-a5f1-aca2a580eef5,->,cbb2eb5b-1962-48ac-9823-8e425d916d3c,org/newdawn/slick/openal/AudioLoader.java,getAudio
cbb2eb5b-1962-48ac-9823-8e425d916d3c,c64e91e7-559c-4374-8574-2a80683e08bc,10d85944-2444-409a-a5f1-aca2a580eef5,->,cbb2eb5b-1962-48ac-9823-8e425d916d3c,org/newdawn/slick/util/ResourceLoader.java,getResourceAsStream
cbb2eb5b-1962-48ac-9823-8e425d916d3c,c64e91e7-559c-4374-8574-2a80683e08bc,10d85944-2444-409a-a5f1-aca2a580eef5,->,cbb2eb5b-1962-48ac-9823-8e425d916d3c,org/newdawn/slick/openal/AudioLoader.java,getAudio
cbb2eb5b-1962-48ac-9823-8e425d916d3c,c64e91e7-559c-4374-8574-2a80683e08bc,10d85944-2444-409a-a5f1-aca2a580eef5,->,cbb2eb5b-1962-48ac-9823-8e425d916d3c,org/newdawn/slick/util/ResourceLoader.java,getResourceAsStream
cbb2eb5b-1962-48ac-9823-8e425d916d3c,c64e91e7-559c-4374-8574-2a80683e08bc,10d85944-2444-409a-a5f1-aca2a580eef5,->,cbb2eb5b-1962-48ac-9823-8e425d916d3c,org/newdawn/slick/openal/AudioLoader.java,getAudio
cbb2eb5b-1962-48ac-9823-8e425d916d3c,c64e91e7-559c-4374-8574-2a80683e08bc,10d85944-2444-409a-a5f1-aca2a580eef5,->,cbb2eb5b-1962-48ac-9823-8e425d916d3c,org/newdawn/slick/util/ResourceLoader.java,getResourceAsStream
cbb2eb5b-1962-48ac-9823-8e425d916d3c,c64e91e7-559c-4374-8574-2a80683e08bc,10d85944-2444-409a-a5f1-aca2a580eef5,->,cbb2eb5b-1962-48ac-9823-8e425d916d3c,org/newdawn/slick/openal/AudioLoader.java,getAudio
cbb2eb5b-1962-48ac-9823-8e425d916d3c,c64e91e7-559c-4374-8574-2a80683e08bc,10d85944-2444-409a-a5f1-aca2a580eef5,->,cbb2eb5b-1962-48ac-9823-8e425d916d3c,java/lang/Exception.java,printStackTrace
cbb2eb5b-1962-48ac-9823-8e425d916d3c,c64e91e7-559c-4374-8574-2a80683e08bc,85089b98-22a1-4830-994d-8c5c00828f3c,->,cbb2eb5b-1962-48ac-9823-8e425d916d3c,org/newdawn/slick/Music.java,loop
cbb2eb5b-1962-48ac-9823-8e425d916d3c,c64e91e7-559c-4374-8574-2a80683e08bc,5da059cb-4e58-4fb3-8455-efbeef1e06b2,->,cbb2eb5b-1962-48ac-9823-8e425d916d3c,org/newdawn/slick/Music.java,playing
cbb2eb5b-1962-48ac-9823-8e425d916d3c,c64e91e7-559c-4374-8574-2a80683e08bc,5da059cb-4e58-4fb3-8455-efbeef1e06b2,->,cbb2eb5b-1962-48ac-9823-8e425d916d3c,org/newdawn/slick/Music.java,loop
cbb2eb5b-1962-48ac-9823-8e425d916d3c,c64e91e7-559c-4374-8574-2a80683e08bc,5da059cb-4e58-4fb3-8455-efbeef1e06b2,->,cbb2eb5b-1962-48ac-9823-8e425d916d3c,org/newdawn/slick/Music.java,play
cbb2eb5b-1962-48ac-9823-8e425d916d3c,c64e91e7-559c-4374-8574-2a80683e08bc,5da059cb-4e58-4fb3-8455-efbeef1e06b2,->,cbb2eb5b-1962-48ac-9823-8e425d916d3c,org/newdawn/slick/Music.java,playing
cbb2eb5b-1962-48ac-9823-8e425d916d3c,c64e91e7-559c-4374-8574-2a80683e08bc,5da059cb-4e58-4fb3-8455-efbeef1e06b2,->,cbb2eb5b-1962-48ac-9823-8e425d916d3c,org/newdawn/slick/Music.java,getVolume
cbb2eb5b-1962-48ac-9823-8e425d916d3c,c64e91e7-559c-4374-8574-2a80683e08bc,5da059cb-4e58-4fb3-8455-efbeef1e06b2,->,cbb2eb5b-1962-48ac-9823-8e425d916d3c,org/newdawn/slick/Music.java,getVolume
cbb2eb5b-1962-48ac-9823-8e425d916d3c,c64e91e7-559c-4374-8574-2a80683e08bc,5da059cb-4e58-4fb3-8455-efbeef1e06b2,->,cbb2eb5b-1962-48ac-9823-8e425d916d3c,org/newdawn/slick/Music.java,setVolume
cbb2eb5b-1962-48ac-9823-8e425d916d3c,2683ed0a-7aee-413f-a62a-47d86748b947,a18629fc-ee03-4bf3-9b1a-af45e4ee2d96,->,cbb2eb5b-1962-48ac-9823-8e425d916d3c,c6daa512-8880-4e28-b381-d962ebd7bb15,a591e455-4746-4f22-b11d-4be50099ee0c
cbb2eb5b-1962-48ac-9823-8e425d916d3c,2683ed0a-7aee-413f-a62a-47d86748b947,a18629fc-ee03-4bf3-9b1a-af45e4ee2d96,->,cbb2eb5b-1962-48ac-9823-8e425d916d3c,rpg/game/items/ManaPotion.java,destroy
cbb2eb5b-1962-48ac-9823-8e425d916d3c,2fff9fc0-39a9-4bac-bf5e-f17ecc1414c7,50235e4d-4ab2-47dc-b193-342eda72a6ef,->,cbb2eb5b-1962-48ac-9823-8e425d916d3c,c6daa512-8880-4e28-b381-d962ebd7bb15,d1423fc6-b848-441f-b8d2-fe62ef467bc1
cbb2eb5b-1962-48ac-9823-8e425d916d3c,2fff9fc0-39a9-4bac-bf5e-f17ecc1414c7,50235e4d-4ab2-47dc-b193-342eda72a6ef,->,cbb2eb5b-1962-48ac-9823-8e425d916d3c,rpg/game/items/HealthPotion.java,destroy
cbb2eb5b-1962-48ac-9823-8e425d916d3c,rpg/game/items/Item$1.java,<clinit>,->,cbb2eb5b-1962-48ac-9823-8e425d916d3c,rpg/game/items/Item$ItemObject.java,values
cbb2eb5b-1962-48ac-9823-8e425d916d3c,rpg/game/items/Item$1.java,<clinit>,->,cbb2eb5b-1962-48ac-9823-8e425d916d3c,rpg/game/items/Item$ItemObject.java,ordinal
cbb2eb5b-1962-48ac-9823-8e425d916d3c,rpg/game/items/Item$1.java,<clinit>,->,cbb2eb5b-1962-48ac-9823-8e425d916d3c,rpg/game/items/Item$ItemObject.java,ordinal
cbb2eb5b-1962-48ac-9823-8e425d916d3c,rpg/game/items/Item$ItemObject.java,values,->,cbb2eb5b-1962-48ac-9823-8e425d916d3c,rpg/game/items/Item$ItemObject.java,clone
cbb2eb5b-1962-48ac-9823-8e425d916d3c,rpg/game/items/Item$ItemObject.java,valueOf,->,cbb2eb5b-1962-48ac-9823-8e425d916d3c,java/lang/Enum.java,valueOf
cbb2eb5b-1962-48ac-9823-8e425d916d3c,rpg/game/items/Item$Tier.java,values,->,cbb2eb5b-1962-48ac-9823-8e425d916d3c,rpg/game/items/Item$Tier.java,clone
cbb2eb5b-1962-48ac-9823-8e425d916d3c,rpg/game/items/Item$Tier.java,valueOf,->,cbb2eb5b-1962-48ac-9823-8e425d916d3c,java/lang/Enum.java,valueOf
cbb2eb5b-1962-48ac-9823-8e425d916d3c,77c0f95d-a4ee-4892-9b9f-3920e28b6b18,e0925361-7543-4b5b-9761-372212b4fb12,->,cbb2eb5b-1962-48ac-9823-8e425d916d3c,rpg/game/items/Item$ItemObject.java,ordinal
cbb2eb5b-1962-48ac-9823-8e425d916d3c,77c0f95d-a4ee-4892-9b9f-3920e28b6b18,7faa9310-49a3-4f73-8c77-015c456bc8f7,->,cbb2eb5b-1962-48ac-9823-8e425d916d3c,org/newdawn/slick/opengl/Texture.java,bind
cbb2eb5b-1962-48ac-9823-8e425d916d3c,77c0f95d-a4ee-4892-9b9f-3920e28b6b18,7faa9310-49a3-4f73-8c77-015c456bc8f7,->,cbb2eb5b-1962-48ac-9823-8e425d916d3c,org/newdawn/slick/opengl/Texture.java,getTextureID
cbb2eb5b-1962-48ac-9823-8e425d916d3c,77c0f95d-a4ee-4892-9b9f-3920e28b6b18,7faa9310-49a3-4f73-8c77-015c456bc8f7,->,cbb2eb5b-1962-48ac-9823-8e425d916d3c,org/lwjgl/opengl/GL11.java,glBindTexture
cbb2eb5b-1962-48ac-9823-8e425d916d3c,77c0f95d-a4ee-4892-9b9f-3920e28b6b18,7faa9310-49a3-4f73-8c77-015c456bc8f7,->,cbb2eb5b-1962-48ac-9823-8e425d916d3c,org/lwjgl/opengl/GL11.java,glBegin
cbb2eb5b-1962-48ac-9823-8e425d916d3c,77c0f95d-a4ee-4892-9b9f-3920e28b6b18,7faa9310-49a3-4f73-8c77-015c456bc8f7,->,cbb2eb5b-1962-48ac-9823-8e425d916d3c,org/lwjgl/opengl/GL11.java,glTexCoord2f
cbb2eb5b-1962-48ac-9823-8e425d916d3c,77c0f95d-a4ee-4892-9b9f-3920e28b6b18,7faa9310-49a3-4f73-8c77-015c456bc8f7,->,cbb2eb5b-1962-48ac-9823-8e425d916d3c,org/lwjgl/opengl/GL11.java,glVertex2f
cbb2eb5b-1962-48ac-9823-8e425d916d3c,77c0f95d-a4ee-4892-9b9f-3920e28b6b18,7faa9310-49a3-4f73-8c77-015c456bc8f7,->,cbb2eb5b-1962-48ac-9823-8e425d916d3c,org/lwjgl/opengl/GL11.java,glTexCoord2f
cbb2eb5b-1962-48ac-9823-8e425d916d3c,77c0f95d-a4ee-4892-9b9f-3920e28b6b18,7faa9310-49a3-4f73-8c77-015c456bc8f7,->,cbb2eb5b-1962-48ac-9823-8e425d916d3c,org/lwjgl/opengl/GL11.java,glVertex2f
cbb2eb5b-1962-48ac-9823-8e425d916d3c,77c0f95d-a4ee-4892-9b9f-3920e28b6b18,7faa9310-49a3-4f73-8c77-015c456bc8f7,->,cbb2eb5b-1962-48ac-9823-8e425d916d3c,org/lwjgl/opengl/GL11.java,glTexCoord2f
cbb2eb5b-1962-48ac-9823-8e425d916d3c,77c0f95d-a4ee-4892-9b9f-3920e28b6b18,7faa9310-49a3-4f73-8c77-015c456bc8f7,->,cbb2eb5b-1962-48ac-9823-8e425d916d3c,org/lwjgl/opengl/GL11.java,glVertex2f
cbb2eb5b-1962-48ac-9823-8e425d916d3c,77c0f95d-a4ee-4892-9b9f-3920e28b6b18,7faa9310-49a3-4f73-8c77-015c456bc8f7,->,cbb2eb5b-1962-48ac-9823-8e425d916d3c,org/lwjgl/opengl/GL11.java,glTexCoord2f
cbb2eb5b-1962-48ac-9823-8e425d916d3c,77c0f95d-a4ee-4892-9b9f-3920e28b6b18,7faa9310-49a3-4f73-8c77-015c456bc8f7,->,cbb2eb5b-1962-48ac-9823-8e425d916d3c,org/lwjgl/opengl/GL11.java,glVertex2f
cbb2eb5b-1962-48ac-9823-8e425d916d3c,77c0f95d-a4ee-4892-9b9f-3920e28b6b18,7faa9310-49a3-4f73-8c77-015c456bc8f7,->,cbb2eb5b-1962-48ac-9823-8e425d916d3c,org/lwjgl/opengl/GL11.java,glEnd
cbb2eb5b-1962-48ac-9823-8e425d916d3c,77c0f95d-a4ee-4892-9b9f-3920e28b6b18,b9c33bc0-fb9f-44ae-9348-4d3b45445930,->,cbb2eb5b-1962-48ac-9823-8e425d916d3c,org/newdawn/slick/util/ResourceLoader.java,getResourceAsStream
cbb2eb5b-1962-48ac-9823-8e425d916d3c,77c0f95d-a4ee-4892-9b9f-3920e28b6b18,b9c33bc0-fb9f-44ae-9348-4d3b45445930,->,cbb2eb5b-1962-48ac-9823-8e425d916d3c,org/newdawn/slick/opengl/TextureLoader.java,getTexture
cbb2eb5b-1962-48ac-9823-8e425d916d3c,77c0f95d-a4ee-4892-9b9f-3920e28b6b18,b9c33bc0-fb9f-44ae-9348-4d3b45445930,->,cbb2eb5b-1962-48ac-9823-8e425d916d3c,java/io/IOException.java,printStackTrace
cbb2eb5b-1962-48ac-9823-8e425d916d3c,77c0f95d-a4ee-4892-9b9f-3920e28b6b18,229865a3-49c3-48e7-9690-237ccdf33944,->,cbb2eb5b-1962-48ac-9823-8e425d916d3c,3b79f692-309a-4965-8e8b-48440ac3289a,"a2ce3f46-bb48-4abf-8cf9-1550458903f2,fd38a742-fc69-493a-a95f-2527b82248a6"
cbb2eb5b-1962-48ac-9823-8e425d916d3c,9c2cdfb1-1494-4ed7-a6f6-8ffe692c95ef,63f6ef8c-33f2-49d4-8c9c-c114cf7f91fe,->,cbb2eb5b-1962-48ac-9823-8e425d916d3c,java/util/ArrayList.java,isEmpty
cbb2eb5b-1962-48ac-9823-8e425d916d3c,9c2cdfb1-1494-4ed7-a6f6-8ffe692c95ef,63f6ef8c-33f2-49d4-8c9c-c114cf7f91fe,->,cbb2eb5b-1962-48ac-9823-8e425d916d3c,9c2cdfb1-1494-4ed7-a6f6-8ffe692c95ef,bfaae74d-1354-41cc-b10e-5fdae9b716fe
cbb2eb5b-1962-48ac-9823-8e425d916d3c,9c2cdfb1-1494-4ed7-a6f6-8ffe692c95ef,63f6ef8c-33f2-49d4-8c9c-c114cf7f91fe,->,cbb2eb5b-1962-48ac-9823-8e425d916d3c,rpg/game/objects/Chest.java,setTexture
cbb2eb5b-1962-48ac-9823-8e425d916d3c,9c2cdfb1-1494-4ed7-a6f6-8ffe692c95ef,63f6ef8c-33f2-49d4-8c9c-c114cf7f91fe,->,cbb2eb5b-1962-48ac-9823-8e425d916d3c,rpg/game/objects/Chest.java,setTexture
cbb2eb5b-1962-48ac-9823-8e425d916d3c,9c2cdfb1-1494-4ed7-a6f6-8ffe692c95ef,63f6ef8c-33f2-49d4-8c9c-c114cf7f91fe,->,cbb2eb5b-1962-48ac-9823-8e425d916d3c,9c2cdfb1-1494-4ed7-a6f6-8ffe692c95ef,bfaae74d-1354-41cc-b10e-5fdae9b716fe
cbb2eb5b-1962-48ac-9823-8e425d916d3c,9c2cdfb1-1494-4ed7-a6f6-8ffe692c95ef,bfaae74d-1354-41cc-b10e-5fdae9b716fe,->,cbb2eb5b-1962-48ac-9823-8e425d916d3c,java/util/ArrayList.java,size
cbb2eb5b-1962-48ac-9823-8e425d916d3c,9c2cdfb1-1494-4ed7-a6f6-8ffe692c95ef,bfaae74d-1354-41cc-b10e-5fdae9b716fe,->,cbb2eb5b-1962-48ac-9823-8e425d916d3c,2a73a00e-fea6-42f9-a76a-1761e9b302d6,c262c805-70df-411e-b71d-9e40f7bda51c
cbb2eb5b-1962-48ac-9823-8e425d916d3c,a540b7c2-e18c-4a67-8197-acc8c26d3c6f,8a2057fe-8d56-41d9-9a61-1a327787322a,->,cbb2eb5b-1962-48ac-9823-8e425d916d3c,org/newdawn/slick/Color.java,bind
cbb2eb5b-1962-48ac-9823-8e425d916d3c,a540b7c2-e18c-4a67-8197-acc8c26d3c6f,8a2057fe-8d56-41d9-9a61-1a327787322a,->,cbb2eb5b-1962-48ac-9823-8e425d916d3c,org/newdawn/slick/opengl/Texture.java,bind
cbb2eb5b-1962-48ac-9823-8e425d916d3c,a540b7c2-e18c-4a67-8197-acc8c26d3c6f,8a2057fe-8d56-41d9-9a61-1a327787322a,->,cbb2eb5b-1962-48ac-9823-8e425d916d3c,org/newdawn/slick/opengl/Texture.java,getTextureID
cbb2eb5b-1962-48ac-9823-8e425d916d3c,a540b7c2-e18c-4a67-8197-acc8c26d3c6f,8a2057fe-8d56-41d9-9a61-1a327787322a,->,cbb2eb5b-1962-48ac-9823-8e425d916d3c,org/lwjgl/opengl/GL11.java,glBindTexture
cbb2eb5b-1962-48ac-9823-8e425d916d3c,a540b7c2-e18c-4a67-8197-acc8c26d3c6f,8a2057fe-8d56-41d9-9a61-1a327787322a,->,cbb2eb5b-1962-48ac-9823-8e425d916d3c,org/lwjgl/opengl/GL11.java,glBegin
cbb2eb5b-1962-48ac-9823-8e425d916d3c,a540b7c2-e18c-4a67-8197-acc8c26d3c6f,8a2057fe-8d56-41d9-9a61-1a327787322a,->,cbb2eb5b-1962-48ac-9823-8e425d916d3c,org/lwjgl/opengl/GL11.java,glTexCoord2f
cbb2eb5b-1962-48ac-9823-8e425d916d3c,a540b7c2-e18c-4a67-8197-acc8c26d3c6f,8a2057fe-8d56-41d9-9a61-1a327787322a,->,cbb2eb5b-1962-48ac-9823-8e425d916d3c,org/lwjgl/opengl/GL11.java,glVertex2f
cbb2eb5b-1962-48ac-9823-8e425d916d3c,a540b7c2-e18c-4a67-8197-acc8c26d3c6f,8a2057fe-8d56-41d9-9a61-1a327787322a,->,cbb2eb5b-1962-48ac-9823-8e425d916d3c,org/lwjgl/opengl/GL11.java,glTexCoord2f
cbb2eb5b-1962-48ac-9823-8e425d916d3c,a540b7c2-e18c-4a67-8197-acc8c26d3c6f,8a2057fe-8d56-41d9-9a61-1a327787322a,->,cbb2eb5b-1962-48ac-9823-8e425d916d3c,org/lwjgl/opengl/GL11.java,glVertex2f
cbb2eb5b-1962-48ac-9823-8e425d916d3c,a540b7c2-e18c-4a67-8197-acc8c26d3c6f,8a2057fe-8d56-41d9-9a61-1a327787322a,->,cbb2eb5b-1962-48ac-9823-8e425d916d3c,org/lwjgl/opengl/GL11.java,glTexCoord2f
cbb2eb5b-1962-48ac-9823-8e425d916d3c,a540b7c2-e18c-4a67-8197-acc8c26d3c6f,8a2057fe-8d56-41d9-9a61-1a327787322a,->,cbb2eb5b-1962-48ac-9823-8e425d916d3c,org/lwjgl/opengl/GL11.java,glVertex2f
cbb2eb5b-1962-48ac-9823-8e425d916d3c,a540b7c2-e18c-4a67-8197-acc8c26d3c6f,8a2057fe-8d56-41d9-9a61-1a327787322a,->,cbb2eb5b-1962-48ac-9823-8e425d916d3c,org/lwjgl/opengl/GL11.java,glTexCoord2f
cbb2eb5b-1962-48ac-9823-8e425d916d3c,a540b7c2-e18c-4a67-8197-acc8c26d3c6f,8a2057fe-8d56-41d9-9a61-1a327787322a,->,cbb2eb5b-1962-48ac-9823-8e425d916d3c,org/lwjgl/opengl/GL11.java,glVertex2f
cbb2eb5b-1962-48ac-9823-8e425d916d3c,a540b7c2-e18c-4a67-8197-acc8c26d3c6f,8a2057fe-8d56-41d9-9a61-1a327787322a,->,cbb2eb5b-1962-48ac-9823-8e425d916d3c,org/lwjgl/opengl/GL11.java,glEnd
cbb2eb5b-1962-48ac-9823-8e425d916d3c,a540b7c2-e18c-4a67-8197-acc8c26d3c6f,b2ffa321-b011-45ed-90a7-4a50706e5eca,->,cbb2eb5b-1962-48ac-9823-8e425d916d3c,org/newdawn/slick/util/ResourceLoader.java,getResourceAsStream
cbb2eb5b-1962-48ac-9823-8e425d916d3c,a540b7c2-e18c-4a67-8197-acc8c26d3c6f,b2ffa321-b011-45ed-90a7-4a50706e5eca,->,cbb2eb5b-1962-48ac-9823-8e425d916d3c,org/newdawn/slick/opengl/TextureLoader.java,getTexture
cbb2eb5b-1962-48ac-9823-8e425d916d3c,a540b7c2-e18c-4a67-8197-acc8c26d3c6f,b2ffa321-b011-45ed-90a7-4a50706e5eca,->,cbb2eb5b-1962-48ac-9823-8e425d916d3c,java/io/IOException.java,printStackTrace
cbb2eb5b-1962-48ac-9823-8e425d916d3c,fe297c3e-1f36-4dee-8b6c-f89f82e07645,b80d2a7f-8f33-49d7-9534-b9b64896290d,->,cbb2eb5b-1962-48ac-9823-8e425d916d3c,java/util/ArrayList.java,iterator
cbb2eb5b-1962-48ac-9823-8e425d916d3c,fe297c3e-1f36-4dee-8b6c-f89f82e07645,b80d2a7f-8f33-49d7-9534-b9b64896290d,->,cbb2eb5b-1962-48ac-9823-8e425d916d3c,java/util/Iterator.java,hasNext
cbb2eb5b-1962-48ac-9823-8e425d916d3c,fe297c3e-1f36-4dee-8b6c-f89f82e07645,b80d2a7f-8f33-49d7-9534-b9b64896290d,->,cbb2eb5b-1962-48ac-9823-8e425d916d3c,java/util/Iterator.java,next
cbb2eb5b-1962-48ac-9823-8e425d916d3c,fe297c3e-1f36-4dee-8b6c-f89f82e07645,b80d2a7f-8f33-49d7-9534-b9b64896290d,->,cbb2eb5b-1962-48ac-9823-8e425d916d3c,java/lang/Object.java,getClass
cbb2eb5b-1962-48ac-9823-8e425d916d3c,fe297c3e-1f36-4dee-8b6c-f89f82e07645,b80d2a7f-8f33-49d7-9534-b9b64896290d,->,cbb2eb5b-1962-48ac-9823-8e425d916d3c,java/lang/Object.java,getClass
cbb2eb5b-1962-48ac-9823-8e425d916d3c,fe297c3e-1f36-4dee-8b6c-f89f82e07645,b80d2a7f-8f33-49d7-9534-b9b64896290d,->,cbb2eb5b-1962-48ac-9823-8e425d916d3c,fe297c3e-1f36-4dee-8b6c-f89f82e07645,0b0be1ef-9f8c-4e82-8c52-854253d2c828
cbb2eb5b-1962-48ac-9823-8e425d916d3c,fe297c3e-1f36-4dee-8b6c-f89f82e07645,b80d2a7f-8f33-49d7-9534-b9b64896290d,->,cbb2eb5b-1962-48ac-9823-8e425d916d3c,rpg/game/objects/Portal.java,getX
cbb2eb5b-1962-48ac-9823-8e425d916d3c,fe297c3e-1f36-4dee-8b6c-f89f82e07645,b80d2a7f-8f33-49d7-9534-b9b64896290d,->,cbb2eb5b-1962-48ac-9823-8e425d916d3c,rpg/game/objects/Portal.java,getY
cbb2eb5b-1962-48ac-9823-8e425d916d3c,fe297c3e-1f36-4dee-8b6c-f89f82e07645,b80d2a7f-8f33-49d7-9534-b9b64896290d,->,cbb2eb5b-1962-48ac-9823-8e425d916d3c,c6daa512-8880-4e28-b381-d962ebd7bb15,30cb7765-2f9a-415d-a4ac-8f718630c1c0
cbb2eb5b-1962-48ac-9823-8e425d916d3c,64c81bfb-93f6-44ae-92ba-06922c2f6485,8c82b8e2-df6a-43f9-ad39-8ea856efcff5,->,cbb2eb5b-1962-48ac-9823-8e425d916d3c,org/newdawn/slick/Color.java,bind
cbb2eb5b-1962-48ac-9823-8e425d916d3c,64c81bfb-93f6-44ae-92ba-06922c2f6485,8c82b8e2-df6a-43f9-ad39-8ea856efcff5,->,cbb2eb5b-1962-48ac-9823-8e425d916d3c,a540b7c2-e18c-4a67-8197-acc8c26d3c6f,e6998c1a-56b0-4303-a0b6-dfb06ace73bb
cbb2eb5b-1962-48ac-9823-8e425d916d3c,64c81bfb-93f6-44ae-92ba-06922c2f6485,8c82b8e2-df6a-43f9-ad39-8ea856efcff5,->,cbb2eb5b-1962-48ac-9823-8e425d916d3c,org/newdawn/slick/opengl/Texture.java,bind
cbb2eb5b-1962-48ac-9823-8e425d916d3c,64c81bfb-93f6-44ae-92ba-06922c2f6485,8c82b8e2-df6a-43f9-ad39-8ea856efcff5,->,cbb2eb5b-1962-48ac-9823-8e425d916d3c,java/lang/Math.java,toRadians
cbb2eb5b-1962-48ac-9823-8e425d916d3c,64c81bfb-93f6-44ae-92ba-06922c2f6485,8c82b8e2-df6a-43f9-ad39-8ea856efcff5,->,cbb2eb5b-1962-48ac-9823-8e425d916d3c,org/newdawn/slick/opengl/Texture.java,getImageWidth
cbb2eb5b-1962-48ac-9823-8e425d916d3c,64c81bfb-93f6-44ae-92ba-06922c2f6485,8c82b8e2-df6a-43f9-ad39-8ea856efcff5,->,cbb2eb5b-1962-48ac-9823-8e425d916d3c,org/newdawn/slick/opengl/Texture.java,getImageHeight
cbb2eb5b-1962-48ac-9823-8e425d916d3c,64c81bfb-93f6-44ae-92ba-06922c2f6485,8c82b8e2-df6a-43f9-ad39-8ea856efcff5,->,cbb2eb5b-1962-48ac-9823-8e425d916d3c,org/newdawn/slick/opengl/Texture.java,getImageWidth
cbb2eb5b-1962-48ac-9823-8e425d916d3c,64c81bfb-93f6-44ae-92ba-06922c2f6485,8c82b8e2-df6a-43f9-ad39-8ea856efcff5,->,cbb2eb5b-1962-48ac-9823-8e425d916d3c,org/newdawn/slick/opengl/Texture.java,getImageWidth
cbb2eb5b-1962-48ac-9823-8e425d916d3c,64c81bfb-93f6-44ae-92ba-06922c2f6485,8c82b8e2-df6a-43f9-ad39-8ea856efcff5,->,cbb2eb5b-1962-48ac-9823-8e425d916d3c,org/newdawn/slick/opengl/Texture.java,getImageHeight
cbb2eb5b-1962-48ac-9823-8e425d916d3c,64c81bfb-93f6-44ae-92ba-06922c2f6485,8c82b8e2-df6a-43f9-ad39-8ea856efcff5,->,cbb2eb5b-1962-48ac-9823-8e425d916d3c,org/newdawn/slick/opengl/Texture.java,getImageHeight
cbb2eb5b-1962-48ac-9823-8e425d916d3c,64c81bfb-93f6-44ae-92ba-06922c2f6485,8c82b8e2-df6a-43f9-ad39-8ea856efcff5,->,cbb2eb5b-1962-48ac-9823-8e425d916d3c,64c81bfb-93f6-44ae-92ba-06922c2f6485,bfaeee2e-bdc1-473e-ad75-3ca70b5d5486
cbb2eb5b-1962-48ac-9823-8e425d916d3c,64c81bfb-93f6-44ae-92ba-06922c2f6485,8c82b8e2-df6a-43f9-ad39-8ea856efcff5,->,cbb2eb5b-1962-48ac-9823-8e425d916d3c,64c81bfb-93f6-44ae-92ba-06922c2f6485,bfaeee2e-bdc1-473e-ad75-3ca70b5d5486
cbb2eb5b-1962-48ac-9823-8e425d916d3c,64c81bfb-93f6-44ae-92ba-06922c2f6485,8c82b8e2-df6a-43f9-ad39-8ea856efcff5,->,cbb2eb5b-1962-48ac-9823-8e425d916d3c,64c81bfb-93f6-44ae-92ba-06922c2f6485,bfaeee2e-bdc1-473e-ad75-3ca70b5d5486
cbb2eb5b-1962-48ac-9823-8e425d916d3c,64c81bfb-93f6-44ae-92ba-06922c2f6485,8c82b8e2-df6a-43f9-ad39-8ea856efcff5,->,cbb2eb5b-1962-48ac-9823-8e425d916d3c,64c81bfb-93f6-44ae-92ba-06922c2f6485,bfaeee2e-bdc1-473e-ad75-3ca70b5d5486
cbb2eb5b-1962-48ac-9823-8e425d916d3c,64c81bfb-93f6-44ae-92ba-06922c2f6485,8c82b8e2-df6a-43f9-ad39-8ea856efcff5,->,cbb2eb5b-1962-48ac-9823-8e425d916d3c,org/lwjgl/opengl/GL11.java,glBegin
cbb2eb5b-1962-48ac-9823-8e425d916d3c,64c81bfb-93f6-44ae-92ba-06922c2f6485,8c82b8e2-df6a-43f9-ad39-8ea856efcff5,->,cbb2eb5b-1962-48ac-9823-8e425d916d3c,org/lwjgl/opengl/GL11.java,glTexCoord2f
cbb2eb5b-1962-48ac-9823-8e425d916d3c,64c81bfb-93f6-44ae-92ba-06922c2f6485,8c82b8e2-df6a-43f9-ad39-8ea856efcff5,->,cbb2eb5b-1962-48ac-9823-8e425d916d3c,java/awt/Point.java,getX
cbb2eb5b-1962-48ac-9823-8e425d916d3c,64c81bfb-93f6-44ae-92ba-06922c2f6485,8c82b8e2-df6a-43f9-ad39-8ea856efcff5,->,cbb2eb5b-1962-48ac-9823-8e425d916d3c,java/awt/Point.java,getY
cbb2eb5b-1962-48ac-9823-8e425d916d3c,64c81bfb-93f6-44ae-92ba-06922c2f6485,8c82b8e2-df6a-43f9-ad39-8ea856efcff5,->,cbb2eb5b-1962-48ac-9823-8e425d916d3c,org/lwjgl/opengl/GL11.java,glVertex2d
cbb2eb5b-1962-48ac-9823-8e425d916d3c,64c81bfb-93f6-44ae-92ba-06922c2f6485,8c82b8e2-df6a-43f9-ad39-8ea856efcff5,->,cbb2eb5b-1962-48ac-9823-8e425d916d3c,org/lwjgl/opengl/GL11.java,glTexCoord2f
cbb2eb5b-1962-48ac-9823-8e425d916d3c,64c81bfb-93f6-44ae-92ba-06922c2f6485,8c82b8e2-df6a-43f9-ad39-8ea856efcff5,->,cbb2eb5b-1962-48ac-9823-8e425d916d3c,java/awt/Point.java,getX
cbb2eb5b-1962-48ac-9823-8e425d916d3c,64c81bfb-93f6-44ae-92ba-06922c2f6485,8c82b8e2-df6a-43f9-ad39-8ea856efcff5,->,cbb2eb5b-1962-48ac-9823-8e425d916d3c,java/awt/Point.java,getY
cbb2eb5b-1962-48ac-9823-8e425d916d3c,64c81bfb-93f6-44ae-92ba-06922c2f6485,8c82b8e2-df6a-43f9-ad39-8ea856efcff5,->,cbb2eb5b-1962-48ac-9823-8e425d916d3c,org/lwjgl/opengl/GL11.java,glVertex2d
cbb2eb5b-1962-48ac-9823-8e425d916d3c,64c81bfb-93f6-44ae-92ba-06922c2f6485,8c82b8e2-df6a-43f9-ad39-8ea856efcff5,->,cbb2eb5b-1962-48ac-9823-8e425d916d3c,org/lwjgl/opengl/GL11.java,glTexCoord2f
cbb2eb5b-1962-48ac-9823-8e425d916d3c,64c81bfb-93f6-44ae-92ba-06922c2f6485,8c82b8e2-df6a-43f9-ad39-8ea856efcff5,->,cbb2eb5b-1962-48ac-9823-8e425d916d3c,java/awt/Point.java,getX
cbb2eb5b-1962-48ac-9823-8e425d916d3c,64c81bfb-93f6-44ae-92ba-06922c2f6485,8c82b8e2-df6a-43f9-ad39-8ea856efcff5,->,cbb2eb5b-1962-48ac-9823-8e425d916d3c,java/awt/Point.java,getY
cbb2eb5b-1962-48ac-9823-8e425d916d3c,64c81bfb-93f6-44ae-92ba-06922c2f6485,8c82b8e2-df6a-43f9-ad39-8ea856efcff5,->,cbb2eb5b-1962-48ac-9823-8e425d916d3c,org/lwjgl/opengl/GL11.java,glVertex2d
cbb2eb5b-1962-48ac-9823-8e425d916d3c,64c81bfb-93f6-44ae-92ba-06922c2f6485,8c82b8e2-df6a-43f9-ad39-8ea856efcff5,->,cbb2eb5b-1962-48ac-9823-8e425d916d3c,org/lwjgl/opengl/GL11.java,glTexCoord2f
cbb2eb5b-1962-48ac-9823-8e425d916d3c,64c81bfb-93f6-44ae-92ba-06922c2f6485,8c82b8e2-df6a-43f9-ad39-8ea856efcff5,->,cbb2eb5b-1962-48ac-9823-8e425d916d3c,java/awt/Point.java,getX
cbb2eb5b-1962-48ac-9823-8e425d916d3c,64c81bfb-93f6-44ae-92ba-06922c2f6485,8c82b8e2-df6a-43f9-ad39-8ea856efcff5,->,cbb2eb5b-1962-48ac-9823-8e425d916d3c,java/awt/Point.java,getY
cbb2eb5b-1962-48ac-9823-8e425d916d3c,64c81bfb-93f6-44ae-92ba-06922c2f6485,8c82b8e2-df6a-43f9-ad39-8ea856efcff5,->,cbb2eb5b-1962-48ac-9823-8e425d916d3c,org/lwjgl/opengl/GL11.java,glVertex2d
cbb2eb5b-1962-48ac-9823-8e425d916d3c,64c81bfb-93f6-44ae-92ba-06922c2f6485,8c82b8e2-df6a-43f9-ad39-8ea856efcff5,->,cbb2eb5b-1962-48ac-9823-8e425d916d3c,org/lwjgl/opengl/GL11.java,glEnd
cbb2eb5b-1962-48ac-9823-8e425d916d3c,64c81bfb-93f6-44ae-92ba-06922c2f6485,bfaeee2e-bdc1-473e-ad75-3ca70b5d5486,->,cbb2eb5b-1962-48ac-9823-8e425d916d3c,java/awt/Point.java,getX
cbb2eb5b-1962-48ac-9823-8e425d916d3c,64c81bfb-93f6-44ae-92ba-06922c2f6485,bfaeee2e-bdc1-473e-ad75-3ca70b5d5486,->,cbb2eb5b-1962-48ac-9823-8e425d916d3c,java/awt/Point.java,getX
cbb2eb5b-1962-48ac-9823-8e425d916d3c,64c81bfb-93f6-44ae-92ba-06922c2f6485,bfaeee2e-bdc1-473e-ad75-3ca70b5d5486,->,cbb2eb5b-1962-48ac-9823-8e425d916d3c,java/awt/Point.java,getY
cbb2eb5b-1962-48ac-9823-8e425d916d3c,64c81bfb-93f6-44ae-92ba-06922c2f6485,bfaeee2e-bdc1-473e-ad75-3ca70b5d5486,->,cbb2eb5b-1962-48ac-9823-8e425d916d3c,java/awt/Point.java,getY
cbb2eb5b-1962-48ac-9823-8e425d916d3c,64c81bfb-93f6-44ae-92ba-06922c2f6485,bfaeee2e-bdc1-473e-ad75-3ca70b5d5486,->,cbb2eb5b-1962-48ac-9823-8e425d916d3c,java/lang/Math.java,cos
cbb2eb5b-1962-48ac-9823-8e425d916d3c,64c81bfb-93f6-44ae-92ba-06922c2f6485,bfaeee2e-bdc1-473e-ad75-3ca70b5d5486,->,cbb2eb5b-1962-48ac-9823-8e425d916d3c,java/lang/Math.java,sin
cbb2eb5b-1962-48ac-9823-8e425d916d3c,64c81bfb-93f6-44ae-92ba-06922c2f6485,bfaeee2e-bdc1-473e-ad75-3ca70b5d5486,->,cbb2eb5b-1962-48ac-9823-8e425d916d3c,java/lang/Math.java,sin
cbb2eb5b-1962-48ac-9823-8e425d916d3c,64c81bfb-93f6-44ae-92ba-06922c2f6485,bfaeee2e-bdc1-473e-ad75-3ca70b5d5486,->,cbb2eb5b-1962-48ac-9823-8e425d916d3c,java/lang/Math.java,cos
cbb2eb5b-1962-48ac-9823-8e425d916d3c,64c81bfb-93f6-44ae-92ba-06922c2f6485,bfaeee2e-bdc1-473e-ad75-3ca70b5d5486,->,cbb2eb5b-1962-48ac-9823-8e425d916d3c,java/awt/Point.java,getX
cbb2eb5b-1962-48ac-9823-8e425d916d3c,64c81bfb-93f6-44ae-92ba-06922c2f6485,bfaeee2e-bdc1-473e-ad75-3ca70b5d5486,->,cbb2eb5b-1962-48ac-9823-8e425d916d3c,java/awt/Point.java,getY
cbb2eb5b-1962-48ac-9823-8e425d916d3c,64c81bfb-93f6-44ae-92ba-06922c2f6485,bfaeee2e-bdc1-473e-ad75-3ca70b5d5486,->,cbb2eb5b-1962-48ac-9823-8e425d916d3c,java/awt/Point.java,setLocation
cbb2eb5b-1962-48ac-9823-8e425d916d3c,64c81bfb-93f6-44ae-92ba-06922c2f6485,72b09c95-08e0-41f2-be94-0bb0a284c638,->,cbb2eb5b-1962-48ac-9823-8e425d916d3c,a540b7c2-e18c-4a67-8197-acc8c26d3c6f,e6998c1a-56b0-4303-a0b6-dfb06ace73bb
cbb2eb5b-1962-48ac-9823-8e425d916d3c,64c81bfb-93f6-44ae-92ba-06922c2f6485,72b09c95-08e0-41f2-be94-0bb0a284c638,->,cbb2eb5b-1962-48ac-9823-8e425d916d3c,org/newdawn/slick/opengl/Texture.java,bind
cbb2eb5b-1962-48ac-9823-8e425d916d3c,64c81bfb-93f6-44ae-92ba-06922c2f6485,72b09c95-08e0-41f2-be94-0bb0a284c638,->,cbb2eb5b-1962-48ac-9823-8e425d916d3c,org/lwjgl/opengl/GL11.java,glBegin
cbb2eb5b-1962-48ac-9823-8e425d916d3c,64c81bfb-93f6-44ae-92ba-06922c2f6485,72b09c95-08e0-41f2-be94-0bb0a284c638,->,cbb2eb5b-1962-48ac-9823-8e425d916d3c,org/lwjgl/opengl/GL11.java,glTexCoord2f
cbb2eb5b-1962-48ac-9823-8e425d916d3c,64c81bfb-93f6-44ae-92ba-06922c2f6485,72b09c95-08e0-41f2-be94-0bb0a284c638,->,cbb2eb5b-1962-48ac-9823-8e425d916d3c,c6daa512-8880-4e28-b381-d962ebd7bb15,e24ae3e0-51d6-4a9e-9381-4237fba83b02
cbb2eb5b-1962-48ac-9823-8e425d916d3c,64c81bfb-93f6-44ae-92ba-06922c2f6485,72b09c95-08e0-41f2-be94-0bb0a284c638,->,cbb2eb5b-1962-48ac-9823-8e425d916d3c,c6daa512-8880-4e28-b381-d962ebd7bb15,f530208a-2844-482c-b146-d92fc14be719
cbb2eb5b-1962-48ac-9823-8e425d916d3c,64c81bfb-93f6-44ae-92ba-06922c2f6485,72b09c95-08e0-41f2-be94-0bb0a284c638,->,cbb2eb5b-1962-48ac-9823-8e425d916d3c,org/lwjgl/opengl/GL11.java,glVertex2f
cbb2eb5b-1962-48ac-9823-8e425d916d3c,64c81bfb-93f6-44ae-92ba-06922c2f6485,72b09c95-08e0-41f2-be94-0bb0a284c638,->,cbb2eb5b-1962-48ac-9823-8e425d916d3c,org/lwjgl/opengl/GL11.java,glTexCoord2f
cbb2eb5b-1962-48ac-9823-8e425d916d3c,64c81bfb-93f6-44ae-92ba-06922c2f6485,72b09c95-08e0-41f2-be94-0bb0a284c638,->,cbb2eb5b-1962-48ac-9823-8e425d916d3c,org/newdawn/slick/opengl/Texture.java,getImageWidth
cbb2eb5b-1962-48ac-9823-8e425d916d3c,64c81bfb-93f6-44ae-92ba-06922c2f6485,72b09c95-08e0-41f2-be94-0bb0a284c638,->,cbb2eb5b-1962-48ac-9823-8e425d916d3c,c6daa512-8880-4e28-b381-d962ebd7bb15,e24ae3e0-51d6-4a9e-9381-4237fba83b02
cbb2eb5b-1962-48ac-9823-8e425d916d3c,64c81bfb-93f6-44ae-92ba-06922c2f6485,72b09c95-08e0-41f2-be94-0bb0a284c638,->,cbb2eb5b-1962-48ac-9823-8e425d916d3c,c6daa512-8880-4e28-b381-d962ebd7bb15,f530208a-2844-482c-b146-d92fc14be719
cbb2eb5b-1962-48ac-9823-8e425d916d3c,64c81bfb-93f6-44ae-92ba-06922c2f6485,72b09c95-08e0-41f2-be94-0bb0a284c638,->,cbb2eb5b-1962-48ac-9823-8e425d916d3c,org/lwjgl/opengl/GL11.java,glVertex2f
cbb2eb5b-1962-48ac-9823-8e425d916d3c,64c81bfb-93f6-44ae-92ba-06922c2f6485,72b09c95-08e0-41f2-be94-0bb0a284c638,->,cbb2eb5b-1962-48ac-9823-8e425d916d3c,org/lwjgl/opengl/GL11.java,glTexCoord2f
cbb2eb5b-1962-48ac-9823-8e425d916d3c,64c81bfb-93f6-44ae-92ba-06922c2f6485,72b09c95-08e0-41f2-be94-0bb0a284c638,->,cbb2eb5b-1962-48ac-9823-8e425d916d3c,org/newdawn/slick/opengl/Texture.java,getImageWidth
cbb2eb5b-1962-48ac-9823-8e425d916d3c,64c81bfb-93f6-44ae-92ba-06922c2f6485,72b09c95-08e0-41f2-be94-0bb0a284c638,->,cbb2eb5b-1962-48ac-9823-8e425d916d3c,c6daa512-8880-4e28-b381-d962ebd7bb15,e24ae3e0-51d6-4a9e-9381-4237fba83b02
cbb2eb5b-1962-48ac-9823-8e425d916d3c,64c81bfb-93f6-44ae-92ba-06922c2f6485,72b09c95-08e0-41f2-be94-0bb0a284c638,->,cbb2eb5b-1962-48ac-9823-8e425d916d3c,org/newdawn/slick/opengl/Texture.java,getImageHeight
cbb2eb5b-1962-48ac-9823-8e425d916d3c,64c81bfb-93f6-44ae-92ba-06922c2f6485,72b09c95-08e0-41f2-be94-0bb0a284c638,->,cbb2eb5b-1962-48ac-9823-8e425d916d3c,c6daa512-8880-4e28-b381-d962ebd7bb15,f530208a-2844-482c-b146-d92fc14be719
cbb2eb5b-1962-48ac-9823-8e425d916d3c,64c81bfb-93f6-44ae-92ba-06922c2f6485,72b09c95-08e0-41f2-be94-0bb0a284c638,->,cbb2eb5b-1962-48ac-9823-8e425d916d3c,org/lwjgl/opengl/GL11.java,glVertex2f
cbb2eb5b-1962-48ac-9823-8e425d916d3c,64c81bfb-93f6-44ae-92ba-06922c2f6485,72b09c95-08e0-41f2-be94-0bb0a284c638,->,cbb2eb5b-1962-48ac-9823-8e425d916d3c,org/lwjgl/opengl/GL11.java,glTexCoord2f
cbb2eb5b-1962-48ac-9823-8e425d916d3c,64c81bfb-93f6-44ae-92ba-06922c2f6485,72b09c95-08e0-41f2-be94-0bb0a284c638,->,cbb2eb5b-1962-48ac-9823-8e425d916d3c,c6daa512-8880-4e28-b381-d962ebd7bb15,e24ae3e0-51d6-4a9e-9381-4237fba83b02
cbb2eb5b-1962-48ac-9823-8e425d916d3c,64c81bfb-93f6-44ae-92ba-06922c2f6485,72b09c95-08e0-41f2-be94-0bb0a284c638,->,cbb2eb5b-1962-48ac-9823-8e425d916d3c,org/newdawn/slick/opengl/Texture.java,getImageHeight
cbb2eb5b-1962-48ac-9823-8e425d916d3c,64c81bfb-93f6-44ae-92ba-06922c2f6485,72b09c95-08e0-41f2-be94-0bb0a284c638,->,cbb2eb5b-1962-48ac-9823-8e425d916d3c,c6daa512-8880-4e28-b381-d962ebd7bb15,f530208a-2844-482c-b146-d92fc14be719
cbb2eb5b-1962-48ac-9823-8e425d916d3c,64c81bfb-93f6-44ae-92ba-06922c2f6485,72b09c95-08e0-41f2-be94-0bb0a284c638,->,cbb2eb5b-1962-48ac-9823-8e425d916d3c,org/lwjgl/opengl/GL11.java,glVertex2f
cbb2eb5b-1962-48ac-9823-8e425d916d3c,64c81bfb-93f6-44ae-92ba-06922c2f6485,72b09c95-08e0-41f2-be94-0bb0a284c638,->,cbb2eb5b-1962-48ac-9823-8e425d916d3c,org/lwjgl/opengl/GL11.java,glEnd
cbb2eb5b-1962-48ac-9823-8e425d916d3c,64c81bfb-93f6-44ae-92ba-06922c2f6485,49f29744-1468-41aa-82d8-eb81f40049b1,->,cbb2eb5b-1962-48ac-9823-8e425d916d3c,org/newdawn/slick/util/ResourceLoader.java,getResourceAsStream
cbb2eb5b-1962-48ac-9823-8e425d916d3c,64c81bfb-93f6-44ae-92ba-06922c2f6485,49f29744-1468-41aa-82d8-eb81f40049b1,->,cbb2eb5b-1962-48ac-9823-8e425d916d3c,org/newdawn/slick/opengl/TextureLoader.java,getTexture
cbb2eb5b-1962-48ac-9823-8e425d916d3c,64c81bfb-93f6-44ae-92ba-06922c2f6485,49f29744-1468-41aa-82d8-eb81f40049b1,->,cbb2eb5b-1962-48ac-9823-8e425d916d3c,java/io/IOException.java,printStackTrace
cbb2eb5b-1962-48ac-9823-8e425d916d3c,881da16e-8cdd-41e8-b0a2-6628c532d73d,ae58cba9-6257-46d2-b34e-a78babf2fbf6,->,cbb2eb5b-1962-48ac-9823-8e425d916d3c,881da16e-8cdd-41e8-b0a2-6628c532d73d,589591bf-5c84-459e-a50a-6b3ff5e46c6d
cbb2eb5b-1962-48ac-9823-8e425d916d3c,881da16e-8cdd-41e8-b0a2-6628c532d73d,ae58cba9-6257-46d2-b34e-a78babf2fbf6,->,cbb2eb5b-1962-48ac-9823-8e425d916d3c,881da16e-8cdd-41e8-b0a2-6628c532d73d,b83f97d2-069b-406c-8546-1e3a271d07a9
cbb2eb5b-1962-48ac-9823-8e425d916d3c,881da16e-8cdd-41e8-b0a2-6628c532d73d,ae58cba9-6257-46d2-b34e-a78babf2fbf6,->,cbb2eb5b-1962-48ac-9823-8e425d916d3c,881da16e-8cdd-41e8-b0a2-6628c532d73d,8f527566-e6cf-4a2e-a98d-e67fd6e629c2
cbb2eb5b-1962-48ac-9823-8e425d916d3c,881da16e-8cdd-41e8-b0a2-6628c532d73d,ae58cba9-6257-46d2-b34e-a78babf2fbf6,->,cbb2eb5b-1962-48ac-9823-8e425d916d3c,881da16e-8cdd-41e8-b0a2-6628c532d73d,d3d6feb4-e304-48e7-83df-e17ca80a0ee4
cbb2eb5b-1962-48ac-9823-8e425d916d3c,09d1dc81-a441-4811-8fea-a135fc76ab1d,13277596-e939-4d77-af9f-0d7cae062741,->,cbb2eb5b-1962-48ac-9823-8e425d916d3c,881da16e-8cdd-41e8-b0a2-6628c532d73d,55e68226-6f4e-428c-8a7b-a3c55bd25728
cbb2eb5b-1962-48ac-9823-8e425d916d3c,09d1dc81-a441-4811-8fea-a135fc76ab1d,13277596-e939-4d77-af9f-0d7cae062741,->,cbb2eb5b-1962-48ac-9823-8e425d916d3c,881da16e-8cdd-41e8-b0a2-6628c532d73d,bcc9897b-f2d9-4da5-8985-cfbb48bd92b0
cbb2eb5b-1962-48ac-9823-8e425d916d3c,09d1dc81-a441-4811-8fea-a135fc76ab1d,13277596-e939-4d77-af9f-0d7cae062741,->,cbb2eb5b-1962-48ac-9823-8e425d916d3c,881da16e-8cdd-41e8-b0a2-6628c532d73d,505b7054-8c38-4e99-828d-22b844abb973
cbb2eb5b-1962-48ac-9823-8e425d916d3c,09d1dc81-a441-4811-8fea-a135fc76ab1d,13277596-e939-4d77-af9f-0d7cae062741,->,cbb2eb5b-1962-48ac-9823-8e425d916d3c,881da16e-8cdd-41e8-b0a2-6628c532d73d,0b904d2e-80fa-4bbd-b34d-c01af5355d63
cbb2eb5b-1962-48ac-9823-8e425d916d3c,09d1dc81-a441-4811-8fea-a135fc76ab1d,13277596-e939-4d77-af9f-0d7cae062741,->,cbb2eb5b-1962-48ac-9823-8e425d916d3c,881da16e-8cdd-41e8-b0a2-6628c532d73d,d3d6feb4-e304-48e7-83df-e17ca80a0ee4
cbb2eb5b-1962-48ac-9823-8e425d916d3c,09d1dc81-a441-4811-8fea-a135fc76ab1d,13277596-e939-4d77-af9f-0d7cae062741,->,cbb2eb5b-1962-48ac-9823-8e425d916d3c,881da16e-8cdd-41e8-b0a2-6628c532d73d,55e68226-6f4e-428c-8a7b-a3c55bd25728
cbb2eb5b-1962-48ac-9823-8e425d916d3c,09d1dc81-a441-4811-8fea-a135fc76ab1d,13277596-e939-4d77-af9f-0d7cae062741,->,cbb2eb5b-1962-48ac-9823-8e425d916d3c,881da16e-8cdd-41e8-b0a2-6628c532d73d,55e68226-6f4e-428c-8a7b-a3c55bd25728
cbb2eb5b-1962-48ac-9823-8e425d916d3c,09d1dc81-a441-4811-8fea-a135fc76ab1d,625748eb-272a-4667-9b89-1d80ebe47c09,->,cbb2eb5b-1962-48ac-9823-8e425d916d3c,881da16e-8cdd-41e8-b0a2-6628c532d73d,bcc9897b-f2d9-4da5-8985-cfbb48bd92b0
cbb2eb5b-1962-48ac-9823-8e425d916d3c,09d1dc81-a441-4811-8fea-a135fc76ab1d,625748eb-272a-4667-9b89-1d80ebe47c09,->,cbb2eb5b-1962-48ac-9823-8e425d916d3c,881da16e-8cdd-41e8-b0a2-6628c532d73d,505b7054-8c38-4e99-828d-22b844abb973
cbb2eb5b-1962-48ac-9823-8e425d916d3c,09d1dc81-a441-4811-8fea-a135fc76ab1d,625748eb-272a-4667-9b89-1d80ebe47c09,->,cbb2eb5b-1962-48ac-9823-8e425d916d3c,881da16e-8cdd-41e8-b0a2-6628c532d73d,0b904d2e-80fa-4bbd-b34d-c01af5355d63
cbb2eb5b-1962-48ac-9823-8e425d916d3c,09d1dc81-a441-4811-8fea-a135fc76ab1d,625748eb-272a-4667-9b89-1d80ebe47c09,->,cbb2eb5b-1962-48ac-9823-8e425d916d3c,881da16e-8cdd-41e8-b0a2-6628c532d73d,b83f97d2-069b-406c-8546-1e3a271d07a9
cbb2eb5b-1962-48ac-9823-8e425d916d3c,09d1dc81-a441-4811-8fea-a135fc76ab1d,625748eb-272a-4667-9b89-1d80ebe47c09,->,cbb2eb5b-1962-48ac-9823-8e425d916d3c,881da16e-8cdd-41e8-b0a2-6628c532d73d,8f527566-e6cf-4a2e-a98d-e67fd6e629c2
cbb2eb5b-1962-48ac-9823-8e425d916d3c,09d1dc81-a441-4811-8fea-a135fc76ab1d,625748eb-272a-4667-9b89-1d80ebe47c09,->,cbb2eb5b-1962-48ac-9823-8e425d916d3c,845d8316-2c19-4e9a-82ae-1043b7dc327d,90668ea9-d9af-4418-9935-d6c1aeac4f3e
cbb2eb5b-1962-48ac-9823-8e425d916d3c,09d1dc81-a441-4811-8fea-a135fc76ab1d,d928e0fb-58e6-4102-8aad-b72e9d90a9ce,->,cbb2eb5b-1962-48ac-9823-8e425d916d3c,a540b7c2-e18c-4a67-8197-acc8c26d3c6f,902a71dc-6845-4408-86aa-d57f94a5b30b
cbb2eb5b-1962-48ac-9823-8e425d916d3c,09d1dc81-a441-4811-8fea-a135fc76ab1d,d928e0fb-58e6-4102-8aad-b72e9d90a9ce,->,cbb2eb5b-1962-48ac-9823-8e425d916d3c,881da16e-8cdd-41e8-b0a2-6628c532d73d,ae58cba9-6257-46d2-b34e-a78babf2fbf6
cbb2eb5b-1962-48ac-9823-8e425d916d3c,09d1dc81-a441-4811-8fea-a135fc76ab1d,9ecf1bbc-d0dc-459f-b3cb-e7e0ac0969ce,->,cbb2eb5b-1962-48ac-9823-8e425d916d3c,java/util/ArrayList.java,iterator
cbb2eb5b-1962-48ac-9823-8e425d916d3c,09d1dc81-a441-4811-8fea-a135fc76ab1d,9ecf1bbc-d0dc-459f-b3cb-e7e0ac0969ce,->,cbb2eb5b-1962-48ac-9823-8e425d916d3c,java/util/Iterator.java,hasNext
cbb2eb5b-1962-48ac-9823-8e425d916d3c,09d1dc81-a441-4811-8fea-a135fc76ab1d,9ecf1bbc-d0dc-459f-b3cb-e7e0ac0969ce,->,cbb2eb5b-1962-48ac-9823-8e425d916d3c,java/util/Iterator.java,next
cbb2eb5b-1962-48ac-9823-8e425d916d3c,09d1dc81-a441-4811-8fea-a135fc76ab1d,9ecf1bbc-d0dc-459f-b3cb-e7e0ac0969ce,->,cbb2eb5b-1962-48ac-9823-8e425d916d3c,64c81bfb-93f6-44ae-92ba-06922c2f6485,5643c2dc-a35e-4b26-a005-5603834908aa
cbb2eb5b-1962-48ac-9823-8e425d916d3c,09d1dc81-a441-4811-8fea-a135fc76ab1d,9ecf1bbc-d0dc-459f-b3cb-e7e0ac0969ce,->,cbb2eb5b-1962-48ac-9823-8e425d916d3c,c6daa512-8880-4e28-b381-d962ebd7bb15,e24ae3e0-51d6-4a9e-9381-4237fba83b02
cbb2eb5b-1962-48ac-9823-8e425d916d3c,09d1dc81-a441-4811-8fea-a135fc76ab1d,9ecf1bbc-d0dc-459f-b3cb-e7e0ac0969ce,->,cbb2eb5b-1962-48ac-9823-8e425d916d3c,64c81bfb-93f6-44ae-92ba-06922c2f6485,5643c2dc-a35e-4b26-a005-5603834908aa
cbb2eb5b-1962-48ac-9823-8e425d916d3c,09d1dc81-a441-4811-8fea-a135fc76ab1d,9ecf1bbc-d0dc-459f-b3cb-e7e0ac0969ce,->,cbb2eb5b-1962-48ac-9823-8e425d916d3c,c6daa512-8880-4e28-b381-d962ebd7bb15,e24ae3e0-51d6-4a9e-9381-4237fba83b02
cbb2eb5b-1962-48ac-9823-8e425d916d3c,09d1dc81-a441-4811-8fea-a135fc76ab1d,9ecf1bbc-d0dc-459f-b3cb-e7e0ac0969ce,->,cbb2eb5b-1962-48ac-9823-8e425d916d3c,64c81bfb-93f6-44ae-92ba-06922c2f6485,1123f2cd-562f-43c9-a56c-2c44a7dd25f9
cbb2eb5b-1962-48ac-9823-8e425d916d3c,09d1dc81-a441-4811-8fea-a135fc76ab1d,9ecf1bbc-d0dc-459f-b3cb-e7e0ac0969ce,->,cbb2eb5b-1962-48ac-9823-8e425d916d3c,c6daa512-8880-4e28-b381-d962ebd7bb15,f530208a-2844-482c-b146-d92fc14be719
cbb2eb5b-1962-48ac-9823-8e425d916d3c,09d1dc81-a441-4811-8fea-a135fc76ab1d,9ecf1bbc-d0dc-459f-b3cb-e7e0ac0969ce,->,cbb2eb5b-1962-48ac-9823-8e425d916d3c,64c81bfb-93f6-44ae-92ba-06922c2f6485,1123f2cd-562f-43c9-a56c-2c44a7dd25f9
cbb2eb5b-1962-48ac-9823-8e425d916d3c,09d1dc81-a441-4811-8fea-a135fc76ab1d,9ecf1bbc-d0dc-459f-b3cb-e7e0ac0969ce,->,cbb2eb5b-1962-48ac-9823-8e425d916d3c,c6daa512-8880-4e28-b381-d962ebd7bb15,f530208a-2844-482c-b146-d92fc14be719
cbb2eb5b-1962-48ac-9823-8e425d916d3c,09d1dc81-a441-4811-8fea-a135fc76ab1d,9ecf1bbc-d0dc-459f-b3cb-e7e0ac0969ce,->,cbb2eb5b-1962-48ac-9823-8e425d916d3c,64c81bfb-93f6-44ae-92ba-06922c2f6485,a57996c5-9e9b-419e-9737-27fd2362b563
cbb2eb5b-1962-48ac-9823-8e425d916d3c,09d1dc81-a441-4811-8fea-a135fc76ab1d,9ecf1bbc-d0dc-459f-b3cb-e7e0ac0969ce,->,cbb2eb5b-1962-48ac-9823-8e425d916d3c,java/util/ArrayList.java,iterator
cbb2eb5b-1962-48ac-9823-8e425d916d3c,09d1dc81-a441-4811-8fea-a135fc76ab1d,9ecf1bbc-d0dc-459f-b3cb-e7e0ac0969ce,->,cbb2eb5b-1962-48ac-9823-8e425d916d3c,java/util/Iterator.java,hasNext
cbb2eb5b-1962-48ac-9823-8e425d916d3c,09d1dc81-a441-4811-8fea-a135fc76ab1d,9ecf1bbc-d0dc-459f-b3cb-e7e0ac0969ce,->,cbb2eb5b-1962-48ac-9823-8e425d916d3c,java/util/Iterator.java,next
cbb2eb5b-1962-48ac-9823-8e425d916d3c,09d1dc81-a441-4811-8fea-a135fc76ab1d,9ecf1bbc-d0dc-459f-b3cb-e7e0ac0969ce,->,cbb2eb5b-1962-48ac-9823-8e425d916d3c,64c81bfb-93f6-44ae-92ba-06922c2f6485,5643c2dc-a35e-4b26-a005-5603834908aa
cbb2eb5b-1962-48ac-9823-8e425d916d3c,09d1dc81-a441-4811-8fea-a135fc76ab1d,9ecf1bbc-d0dc-459f-b3cb-e7e0ac0969ce,->,cbb2eb5b-1962-48ac-9823-8e425d916d3c,c6daa512-8880-4e28-b381-d962ebd7bb15,e24ae3e0-51d6-4a9e-9381-4237fba83b02
cbb2eb5b-1962-48ac-9823-8e425d916d3c,09d1dc81-a441-4811-8fea-a135fc76ab1d,9ecf1bbc-d0dc-459f-b3cb-e7e0ac0969ce,->,cbb2eb5b-1962-48ac-9823-8e425d916d3c,64c81bfb-93f6-44ae-92ba-06922c2f6485,5643c2dc-a35e-4b26-a005-5603834908aa
cbb2eb5b-1962-48ac-9823-8e425d916d3c,09d1dc81-a441-4811-8fea-a135fc76ab1d,9ecf1bbc-d0dc-459f-b3cb-e7e0ac0969ce,->,cbb2eb5b-1962-48ac-9823-8e425d916d3c,c6daa512-8880-4e28-b381-d962ebd7bb15,e24ae3e0-51d6-4a9e-9381-4237fba83b02
cbb2eb5b-1962-48ac-9823-8e425d916d3c,09d1dc81-a441-4811-8fea-a135fc76ab1d,9ecf1bbc-d0dc-459f-b3cb-e7e0ac0969ce,->,cbb2eb5b-1962-48ac-9823-8e425d916d3c,64c81bfb-93f6-44ae-92ba-06922c2f6485,1123f2cd-562f-43c9-a56c-2c44a7dd25f9
cbb2eb5b-1962-48ac-9823-8e425d916d3c,09d1dc81-a441-4811-8fea-a135fc76ab1d,9ecf1bbc-d0dc-459f-b3cb-e7e0ac0969ce,->,cbb2eb5b-1962-48ac-9823-8e425d916d3c,c6daa512-8880-4e28-b381-d962ebd7bb15,f530208a-2844-482c-b146-d92fc14be719
cbb2eb5b-1962-48ac-9823-8e425d916d3c,09d1dc81-a441-4811-8fea-a135fc76ab1d,9ecf1bbc-d0dc-459f-b3cb-e7e0ac0969ce,->,cbb2eb5b-1962-48ac-9823-8e425d916d3c,64c81bfb-93f6-44ae-92ba-06922c2f6485,1123f2cd-562f-43c9-a56c-2c44a7dd25f9
cbb2eb5b-1962-48ac-9823-8e425d916d3c,09d1dc81-a441-4811-8fea-a135fc76ab1d,9ecf1bbc-d0dc-459f-b3cb-e7e0ac0969ce,->,cbb2eb5b-1962-48ac-9823-8e425d916d3c,c6daa512-8880-4e28-b381-d962ebd7bb15,f530208a-2844-482c-b146-d92fc14be719
cbb2eb5b-1962-48ac-9823-8e425d916d3c,09d1dc81-a441-4811-8fea-a135fc76ab1d,9ecf1bbc-d0dc-459f-b3cb-e7e0ac0969ce,->,cbb2eb5b-1962-48ac-9823-8e425d916d3c,64c81bfb-93f6-44ae-92ba-06922c2f6485,a57996c5-9e9b-419e-9737-27fd2362b563
cbb2eb5b-1962-48ac-9823-8e425d916d3c,09d1dc81-a441-4811-8fea-a135fc76ab1d,9ecf1bbc-d0dc-459f-b3cb-e7e0ac0969ce,->,cbb2eb5b-1962-48ac-9823-8e425d916d3c,java/util/ArrayList.java,iterator
cbb2eb5b-1962-48ac-9823-8e425d916d3c,09d1dc81-a441-4811-8fea-a135fc76ab1d,9ecf1bbc-d0dc-459f-b3cb-e7e0ac0969ce,->,cbb2eb5b-1962-48ac-9823-8e425d916d3c,java/util/Iterator.java,hasNext
cbb2eb5b-1962-48ac-9823-8e425d916d3c,09d1dc81-a441-4811-8fea-a135fc76ab1d,9ecf1bbc-d0dc-459f-b3cb-e7e0ac0969ce,->,cbb2eb5b-1962-48ac-9823-8e425d916d3c,java/util/Iterator.java,next
cbb2eb5b-1962-48ac-9823-8e425d916d3c,09d1dc81-a441-4811-8fea-a135fc76ab1d,9ecf1bbc-d0dc-459f-b3cb-e7e0ac0969ce,->,cbb2eb5b-1962-48ac-9823-8e425d916d3c,java/util/ArrayList.java,iterator
cbb2eb5b-1962-48ac-9823-8e425d916d3c,09d1dc81-a441-4811-8fea-a135fc76ab1d,9ecf1bbc-d0dc-459f-b3cb-e7e0ac0969ce,->,cbb2eb5b-1962-48ac-9823-8e425d916d3c,java/util/Iterator.java,hasNext
cbb2eb5b-1962-48ac-9823-8e425d916d3c,09d1dc81-a441-4811-8fea-a135fc76ab1d,9ecf1bbc-d0dc-459f-b3cb-e7e0ac0969ce,->,cbb2eb5b-1962-48ac-9823-8e425d916d3c,java/util/Iterator.java,next
cbb2eb5b-1962-48ac-9823-8e425d916d3c,09d1dc81-a441-4811-8fea-a135fc76ab1d,9ecf1bbc-d0dc-459f-b3cb-e7e0ac0969ce,->,cbb2eb5b-1962-48ac-9823-8e425d916d3c,64c81bfb-93f6-44ae-92ba-06922c2f6485,5643c2dc-a35e-4b26-a005-5603834908aa
cbb2eb5b-1962-48ac-9823-8e425d916d3c,09d1dc81-a441-4811-8fea-a135fc76ab1d,9ecf1bbc-d0dc-459f-b3cb-e7e0ac0969ce,->,cbb2eb5b-1962-48ac-9823-8e425d916d3c,c6daa512-8880-4e28-b381-d962ebd7bb15,e24ae3e0-51d6-4a9e-9381-4237fba83b02
cbb2eb5b-1962-48ac-9823-8e425d916d3c,09d1dc81-a441-4811-8fea-a135fc76ab1d,9ecf1bbc-d0dc-459f-b3cb-e7e0ac0969ce,->,cbb2eb5b-1962-48ac-9823-8e425d916d3c,64c81bfb-93f6-44ae-92ba-06922c2f6485,5643c2dc-a35e-4b26-a005-5603834908aa
cbb2eb5b-1962-48ac-9823-8e425d916d3c,09d1dc81-a441-4811-8fea-a135fc76ab1d,9ecf1bbc-d0dc-459f-b3cb-e7e0ac0969ce,->,cbb2eb5b-1962-48ac-9823-8e425d916d3c,c6daa512-8880-4e28-b381-d962ebd7bb15,e24ae3e0-51d6-4a9e-9381-4237fba83b02
cbb2eb5b-1962-48ac-9823-8e425d916d3c,09d1dc81-a441-4811-8fea-a135fc76ab1d,9ecf1bbc-d0dc-459f-b3cb-e7e0ac0969ce,->,cbb2eb5b-1962-48ac-9823-8e425d916d3c,64c81bfb-93f6-44ae-92ba-06922c2f6485,1123f2cd-562f-43c9-a56c-2c44a7dd25f9
cbb2eb5b-1962-48ac-9823-8e425d916d3c,09d1dc81-a441-4811-8fea-a135fc76ab1d,9ecf1bbc-d0dc-459f-b3cb-e7e0ac0969ce,->,cbb2eb5b-1962-48ac-9823-8e425d916d3c,c6daa512-8880-4e28-b381-d962ebd7bb15,f530208a-2844-482c-b146-d92fc14be719
cbb2eb5b-1962-48ac-9823-8e425d916d3c,09d1dc81-a441-4811-8fea-a135fc76ab1d,9ecf1bbc-d0dc-459f-b3cb-e7e0ac0969ce,->,cbb2eb5b-1962-48ac-9823-8e425d916d3c,64c81bfb-93f6-44ae-92ba-06922c2f6485,1123f2cd-562f-43c9-a56c-2c44a7dd25f9
cbb2eb5b-1962-48ac-9823-8e425d916d3c,09d1dc81-a441-4811-8fea-a135fc76ab1d,9ecf1bbc-d0dc-459f-b3cb-e7e0ac0969ce,->,cbb2eb5b-1962-48ac-9823-8e425d916d3c,c6daa512-8880-4e28-b381-d962ebd7bb15,f530208a-2844-482c-b146-d92fc14be719
cbb2eb5b-1962-48ac-9823-8e425d916d3c,09d1dc81-a441-4811-8fea-a135fc76ab1d,9ecf1bbc-d0dc-459f-b3cb-e7e0ac0969ce,->,cbb2eb5b-1962-48ac-9823-8e425d916d3c,64c81bfb-93f6-44ae-92ba-06922c2f6485,a57996c5-9e9b-419e-9737-27fd2362b563
cbb2eb5b-1962-48ac-9823-8e425d916d3c,09d1dc81-a441-4811-8fea-a135fc76ab1d,9ecf1bbc-d0dc-459f-b3cb-e7e0ac0969ce,->,cbb2eb5b-1962-48ac-9823-8e425d916d3c,64c81bfb-93f6-44ae-92ba-06922c2f6485,47d1fc1f-e5da-44e2-9f36-fa8853771b65
cbb2eb5b-1962-48ac-9823-8e425d916d3c,09d1dc81-a441-4811-8fea-a135fc76ab1d,9ecf1bbc-d0dc-459f-b3cb-e7e0ac0969ce,->,cbb2eb5b-1962-48ac-9823-8e425d916d3c,java/util/Iterator.java,remove
cbb2eb5b-1962-48ac-9823-8e425d916d3c,09d1dc81-a441-4811-8fea-a135fc76ab1d,5ce463bc-7749-4ee4-b8b8-5d37bda1b9da,->,cbb2eb5b-1962-48ac-9823-8e425d916d3c,java/util/ArrayList.java,iterator
cbb2eb5b-1962-48ac-9823-8e425d916d3c,09d1dc81-a441-4811-8fea-a135fc76ab1d,5ce463bc-7749-4ee4-b8b8-5d37bda1b9da,->,cbb2eb5b-1962-48ac-9823-8e425d916d3c,java/util/Iterator.java,hasNext
cbb2eb5b-1962-48ac-9823-8e425d916d3c,09d1dc81-a441-4811-8fea-a135fc76ab1d,5ce463bc-7749-4ee4-b8b8-5d37bda1b9da,->,cbb2eb5b-1962-48ac-9823-8e425d916d3c,java/util/Iterator.java,next
cbb2eb5b-1962-48ac-9823-8e425d916d3c,09d1dc81-a441-4811-8fea-a135fc76ab1d,5ce463bc-7749-4ee4-b8b8-5d37bda1b9da,->,cbb2eb5b-1962-48ac-9823-8e425d916d3c,64c81bfb-93f6-44ae-92ba-06922c2f6485,8c82b8e2-df6a-43f9-ad39-8ea856efcff5
cbb2eb5b-1962-48ac-9823-8e425d916d3c,09d1dc81-a441-4811-8fea-a135fc76ab1d,dd40aa5c-1965-456e-98ea-347b5f96adb0,->,cbb2eb5b-1962-48ac-9823-8e425d916d3c,java/util/ArrayList.java,iterator
cbb2eb5b-1962-48ac-9823-8e425d916d3c,09d1dc81-a441-4811-8fea-a135fc76ab1d,dd40aa5c-1965-456e-98ea-347b5f96adb0,->,cbb2eb5b-1962-48ac-9823-8e425d916d3c,java/util/Iterator.java,hasNext
cbb2eb5b-1962-48ac-9823-8e425d916d3c,09d1dc81-a441-4811-8fea-a135fc76ab1d,dd40aa5c-1965-456e-98ea-347b5f96adb0,->,cbb2eb5b-1962-48ac-9823-8e425d916d3c,java/util/Iterator.java,next
cbb2eb5b-1962-48ac-9823-8e425d916d3c,09d1dc81-a441-4811-8fea-a135fc76ab1d,dd40aa5c-1965-456e-98ea-347b5f96adb0,->,cbb2eb5b-1962-48ac-9823-8e425d916d3c,java/util/ArrayList.java,iterator
cbb2eb5b-1962-48ac-9823-8e425d916d3c,09d1dc81-a441-4811-8fea-a135fc76ab1d,dd40aa5c-1965-456e-98ea-347b5f96adb0,->,cbb2eb5b-1962-48ac-9823-8e425d916d3c,java/util/Iterator.java,hasNext
cbb2eb5b-1962-48ac-9823-8e425d916d3c,09d1dc81-a441-4811-8fea-a135fc76ab1d,dd40aa5c-1965-456e-98ea-347b5f96adb0,->,cbb2eb5b-1962-48ac-9823-8e425d916d3c,java/util/Iterator.java,next
cbb2eb5b-1962-48ac-9823-8e425d916d3c,09d1dc81-a441-4811-8fea-a135fc76ab1d,dd40aa5c-1965-456e-98ea-347b5f96adb0,->,cbb2eb5b-1962-48ac-9823-8e425d916d3c,64c81bfb-93f6-44ae-92ba-06922c2f6485,8c82b8e2-df6a-43f9-ad39-8ea856efcff5
cbb2eb5b-1962-48ac-9823-8e425d916d3c,09d1dc81-a441-4811-8fea-a135fc76ab1d,b5510a37-3156-44c3-8d15-6318e52f9bdc,->,cbb2eb5b-1962-48ac-9823-8e425d916d3c,java/util/ArrayList.java,iterator
cbb2eb5b-1962-48ac-9823-8e425d916d3c,09d1dc81-a441-4811-8fea-a135fc76ab1d,b5510a37-3156-44c3-8d15-6318e52f9bdc,->,cbb2eb5b-1962-48ac-9823-8e425d916d3c,java/util/Iterator.java,hasNext
cbb2eb5b-1962-48ac-9823-8e425d916d3c,09d1dc81-a441-4811-8fea-a135fc76ab1d,b5510a37-3156-44c3-8d15-6318e52f9bdc,->,cbb2eb5b-1962-48ac-9823-8e425d916d3c,java/util/Iterator.java,next
cbb2eb5b-1962-48ac-9823-8e425d916d3c,09d1dc81-a441-4811-8fea-a135fc76ab1d,b5510a37-3156-44c3-8d15-6318e52f9bdc,->,cbb2eb5b-1962-48ac-9823-8e425d916d3c,64c81bfb-93f6-44ae-92ba-06922c2f6485,8c82b8e2-df6a-43f9-ad39-8ea856efcff5
cbb2eb5b-1962-48ac-9823-8e425d916d3c,09d1dc81-a441-4811-8fea-a135fc76ab1d,9a259720-32a0-43f4-a542-8dc1674bf9fe,->,cbb2eb5b-1962-48ac-9823-8e425d916d3c,java/util/ArrayList.java,iterator
cbb2eb5b-1962-48ac-9823-8e425d916d3c,09d1dc81-a441-4811-8fea-a135fc76ab1d,9a259720-32a0-43f4-a542-8dc1674bf9fe,->,cbb2eb5b-1962-48ac-9823-8e425d916d3c,java/util/Iterator.java,hasNext
cbb2eb5b-1962-48ac-9823-8e425d916d3c,09d1dc81-a441-4811-8fea-a135fc76ab1d,9a259720-32a0-43f4-a542-8dc1674bf9fe,->,cbb2eb5b-1962-48ac-9823-8e425d916d3c,java/util/Iterator.java,next
cbb2eb5b-1962-48ac-9823-8e425d916d3c,09d1dc81-a441-4811-8fea-a135fc76ab1d,9a259720-32a0-43f4-a542-8dc1674bf9fe,->,cbb2eb5b-1962-48ac-9823-8e425d916d3c,64c81bfb-93f6-44ae-92ba-06922c2f6485,8c82b8e2-df6a-43f9-ad39-8ea856efcff5
cbb2eb5b-1962-48ac-9823-8e425d916d3c,09d1dc81-a441-4811-8fea-a135fc76ab1d,139801ab-e36c-4506-b252-f9af914c4a75,->,cbb2eb5b-1962-48ac-9823-8e425d916d3c,javax/imageio/ImageIO.java,read
cbb2eb5b-1962-48ac-9823-8e425d916d3c,09d1dc81-a441-4811-8fea-a135fc76ab1d,139801ab-e36c-4506-b252-f9af914c4a75,->,cbb2eb5b-1962-48ac-9823-8e425d916d3c,09d1dc81-a441-4811-8fea-a135fc76ab1d,fb433e30-d890-4acc-9a8e-fb6894803639
cbb2eb5b-1962-48ac-9823-8e425d916d3c,09d1dc81-a441-4811-8fea-a135fc76ab1d,139801ab-e36c-4506-b252-f9af914c4a75,->,cbb2eb5b-1962-48ac-9823-8e425d916d3c,java/io/IOException.java,printStackTrace
cbb2eb5b-1962-48ac-9823-8e425d916d3c,09d1dc81-a441-4811-8fea-a135fc76ab1d,fb433e30-d890-4acc-9a8e-fb6894803639,->,cbb2eb5b-1962-48ac-9823-8e425d916d3c,java/awt/image/BufferedImage.java,getWidth
cbb2eb5b-1962-48ac-9823-8e425d916d3c,09d1dc81-a441-4811-8fea-a135fc76ab1d,fb433e30-d890-4acc-9a8e-fb6894803639,->,cbb2eb5b-1962-48ac-9823-8e425d916d3c,java/awt/image/BufferedImage.java,getHeight
cbb2eb5b-1962-48ac-9823-8e425d916d3c,09d1dc81-a441-4811-8fea-a135fc76ab1d,fb433e30-d890-4acc-9a8e-fb6894803639,->,cbb2eb5b-1962-48ac-9823-8e425d916d3c,java/util/ArrayList.java,add
cbb2eb5b-1962-48ac-9823-8e425d916d3c,09d1dc81-a441-4811-8fea-a135fc76ab1d,fb433e30-d890-4acc-9a8e-fb6894803639,->,cbb2eb5b-1962-48ac-9823-8e425d916d3c,java/awt/image/BufferedImage.java,getRGB
cbb2eb5b-1962-48ac-9823-8e425d916d3c,09d1dc81-a441-4811-8fea-a135fc76ab1d,fb433e30-d890-4acc-9a8e-fb6894803639,->,cbb2eb5b-1962-48ac-9823-8e425d916d3c,09d1dc81-a441-4811-8fea-a135fc76ab1d,d928e0fb-58e6-4102-8aad-b72e9d90a9ce
cbb2eb5b-1962-48ac-9823-8e425d916d3c,09d1dc81-a441-4811-8fea-a135fc76ab1d,fb433e30-d890-4acc-9a8e-fb6894803639,->,cbb2eb5b-1962-48ac-9823-8e425d916d3c,09d1dc81-a441-4811-8fea-a135fc76ab1d,13277596-e939-4d77-af9f-0d7cae062741
cbb2eb5b-1962-48ac-9823-8e425d916d3c,09d1dc81-a441-4811-8fea-a135fc76ab1d,fb433e30-d890-4acc-9a8e-fb6894803639,->,cbb2eb5b-1962-48ac-9823-8e425d916d3c,09d1dc81-a441-4811-8fea-a135fc76ab1d,625748eb-272a-4667-9b89-1d80ebe47c09
cbb2eb5b-1962-48ac-9823-8e425d916d3c,09d1dc81-a441-4811-8fea-a135fc76ab1d,fb433e30-d890-4acc-9a8e-fb6894803639,->,cbb2eb5b-1962-48ac-9823-8e425d916d3c,64c81bfb-93f6-44ae-92ba-06922c2f6485,dd0605ac-252f-4f49-b67a-42781c7344fa
cbb2eb5b-1962-48ac-9823-8e425d916d3c,09d1dc81-a441-4811-8fea-a135fc76ab1d,fb433e30-d890-4acc-9a8e-fb6894803639,->,cbb2eb5b-1962-48ac-9823-8e425d916d3c,64c81bfb-93f6-44ae-92ba-06922c2f6485,4fdadb77-7af6-4f7a-9a57-d0f0f3c7d275
cbb2eb5b-1962-48ac-9823-8e425d916d3c,09d1dc81-a441-4811-8fea-a135fc76ab1d,fb433e30-d890-4acc-9a8e-fb6894803639,->,cbb2eb5b-1962-48ac-9823-8e425d916d3c,java/util/ArrayList.java,add
cbb2eb5b-1962-48ac-9823-8e425d916d3c,09d1dc81-a441-4811-8fea-a135fc76ab1d,fb433e30-d890-4acc-9a8e-fb6894803639,->,cbb2eb5b-1962-48ac-9823-8e425d916d3c,64c81bfb-93f6-44ae-92ba-06922c2f6485,4fdadb77-7af6-4f7a-9a57-d0f0f3c7d275
cbb2eb5b-1962-48ac-9823-8e425d916d3c,09d1dc81-a441-4811-8fea-a135fc76ab1d,fb433e30-d890-4acc-9a8e-fb6894803639,->,cbb2eb5b-1962-48ac-9823-8e425d916d3c,java/util/ArrayList.java,add
cbb2eb5b-1962-48ac-9823-8e425d916d3c,09d1dc81-a441-4811-8fea-a135fc76ab1d,fb433e30-d890-4acc-9a8e-fb6894803639,->,cbb2eb5b-1962-48ac-9823-8e425d916d3c,java/util/ArrayList.java,add
cbb2eb5b-1962-48ac-9823-8e425d916d3c,09d1dc81-a441-4811-8fea-a135fc76ab1d,9bcd26b5-feb0-4f09-ac4b-4438f6b74a16,->,cbb2eb5b-1962-48ac-9823-8e425d916d3c,c6daa512-8880-4e28-b381-d962ebd7bb15,e24ae3e0-51d6-4a9e-9381-4237fba83b02
cbb2eb5b-1962-48ac-9823-8e425d916d3c,09d1dc81-a441-4811-8fea-a135fc76ab1d,9bcd26b5-feb0-4f09-ac4b-4438f6b74a16,->,cbb2eb5b-1962-48ac-9823-8e425d916d3c,c6daa512-8880-4e28-b381-d962ebd7bb15,f530208a-2844-482c-b146-d92fc14be719
cbb2eb5b-1962-48ac-9823-8e425d916d3c,09d1dc81-a441-4811-8fea-a135fc76ab1d,9bcd26b5-feb0-4f09-ac4b-4438f6b74a16,->,cbb2eb5b-1962-48ac-9823-8e425d916d3c,java/util/ArrayList.java,get
cbb2eb5b-1962-48ac-9823-8e425d916d3c,09d1dc81-a441-4811-8fea-a135fc76ab1d,9bcd26b5-feb0-4f09-ac4b-4438f6b74a16,->,cbb2eb5b-1962-48ac-9823-8e425d916d3c,64c81bfb-93f6-44ae-92ba-06922c2f6485,8c82b8e2-df6a-43f9-ad39-8ea856efcff5
cbb2eb5b-1962-48ac-9823-8e425d916d3c,09d1dc81-a441-4811-8fea-a135fc76ab1d,9bcd26b5-feb0-4f09-ac4b-4438f6b74a16,->,cbb2eb5b-1962-48ac-9823-8e425d916d3c,java/util/ArrayList.java,equals
cbb2eb5b-1962-48ac-9823-8e425d916d3c,09d1dc81-a441-4811-8fea-a135fc76ab1d,9bcd26b5-feb0-4f09-ac4b-4438f6b74a16,->,cbb2eb5b-1962-48ac-9823-8e425d916d3c,java/util/ArrayList.java,size
cbb2eb5b-1962-48ac-9823-8e425d916d3c,09d1dc81-a441-4811-8fea-a135fc76ab1d,9bcd26b5-feb0-4f09-ac4b-4438f6b74a16,->,cbb2eb5b-1962-48ac-9823-8e425d916d3c,java/util/ArrayList.java,get
cbb2eb5b-1962-48ac-9823-8e425d916d3c,09d1dc81-a441-4811-8fea-a135fc76ab1d,9bcd26b5-feb0-4f09-ac4b-4438f6b74a16,->,cbb2eb5b-1962-48ac-9823-8e425d916d3c,64c81bfb-93f6-44ae-92ba-06922c2f6485,8c82b8e2-df6a-43f9-ad39-8ea856efcff5
cbb2eb5b-1962-48ac-9823-8e425d916d3c,09d1dc81-a441-4811-8fea-a135fc76ab1d,b522109a-146c-4926-a464-934a52f0f806,->,cbb2eb5b-1962-48ac-9823-8e425d916d3c,c6daa512-8880-4e28-b381-d962ebd7bb15,e24ae3e0-51d6-4a9e-9381-4237fba83b02
cbb2eb5b-1962-48ac-9823-8e425d916d3c,09d1dc81-a441-4811-8fea-a135fc76ab1d,b522109a-146c-4926-a464-934a52f0f806,->,cbb2eb5b-1962-48ac-9823-8e425d916d3c,c6daa512-8880-4e28-b381-d962ebd7bb15,f530208a-2844-482c-b146-d92fc14be719
cbb2eb5b-1962-48ac-9823-8e425d916d3c,09d1dc81-a441-4811-8fea-a135fc76ab1d,b522109a-146c-4926-a464-934a52f0f806,->,cbb2eb5b-1962-48ac-9823-8e425d916d3c,java/util/ArrayList.java,get
cbb2eb5b-1962-48ac-9823-8e425d916d3c,09d1dc81-a441-4811-8fea-a135fc76ab1d,b522109a-146c-4926-a464-934a52f0f806,->,cbb2eb5b-1962-48ac-9823-8e425d916d3c,64c81bfb-93f6-44ae-92ba-06922c2f6485,a57996c5-9e9b-419e-9737-27fd2362b563
cbb2eb5b-1962-48ac-9823-8e425d916d3c,09d1dc81-a441-4811-8fea-a135fc76ab1d,308c381a-8b01-4f31-acfa-b4d6ee04d290,->,cbb2eb5b-1962-48ac-9823-8e425d916d3c,java/util/ArrayList.java,get
cbb2eb5b-1962-48ac-9823-8e425d916d3c,09d1dc81-a441-4811-8fea-a135fc76ab1d,308c381a-8b01-4f31-acfa-b4d6ee04d290,->,cbb2eb5b-1962-48ac-9823-8e425d916d3c,java/util/ArrayList.java,add
