caller_project_id,caller_class_id,caller_method_id,CALL_DIRECTION,callee_project_id,callee_class_id,callee_method_id
d8d7340a-335e-40c7-8ea1-a9109ae7273c,2483f602-9adf-46e2-855d-84edf4e32ca0,165a39c8-3a37-4545-b5c6-a32aaae6e97b,->,d8d7340a-335e-40c7-8ea1-a9109ae7273c,e16b4e8e-45aa-4ee1-b273-1b53bcd368ea,f7663745-3f1e-4e41-89a0-b261989fb2b8
d8d7340a-335e-40c7-8ea1-a9109ae7273c,954aa31f-9be1-4ba2-851a-189e2662ab4c,e5300ca8-69eb-45ae-9f22-b46eef009000,->,d8d7340a-335e-40c7-8ea1-a9109ae7273c,8bf28f75-6175-422a-927b-3752d34526f3,fdf672ae-ce7d-44cb-b017-0657b2a57271
d8d7340a-335e-40c7-8ea1-a9109ae7273c,69d1a381-8af2-469c-8a48-ffcebf48b4f3,ec19036b-67a8-44b1-bc84-ec97d5a2b57e,->,d8d7340a-335e-40c7-8ea1-a9109ae7273c,8bf28f75-6175-422a-927b-3752d34526f3,fdf672ae-ce7d-44cb-b017-0657b2a57271
d8d7340a-335e-40c7-8ea1-a9109ae7273c,01f4daeb-f9d4-4a48-8a0e-7976f18a75b9,438100d4-509f-4bb0-b103-e2af8207d850,->,d8d7340a-335e-40c7-8ea1-a9109ae7273c,8bf28f75-6175-422a-927b-3752d34526f3,f7ce4200-fb67-4c44-8ef5-9b69e4942d97
d8d7340a-335e-40c7-8ea1-a9109ae7273c,99e6326e-bb54-4683-9b43-58e74b0efef4,e9307c12-dd4f-497c-802a-be0b0983c7e9,->,d8d7340a-335e-40c7-8ea1-a9109ae7273c,8bf28f75-6175-422a-927b-3752d34526f3,52a11772-b079-4492-9aa4-cf5a99ed9a21
d8d7340a-335e-40c7-8ea1-a9109ae7273c,d332c7da-2a54-4a45-a934-f8196c97b20e,f068ef75-274a-4027-85cd-779a85f7e9f1,->,d8d7340a-335e-40c7-8ea1-a9109ae7273c,8bf28f75-6175-422a-927b-3752d34526f3,d3f17f4f-91ba-4df1-94a9-913df4f6a1a8
d8d7340a-335e-40c7-8ea1-a9109ae7273c,8bf28f75-6175-422a-927b-3752d34526f3,279d4c3d-c2e2-456b-b41c-22cec6a965c9,->,d8d7340a-335e-40c7-8ea1-a9109ae7273c,f7dc8d66-9844-4560-8088-760292bf9c44,948cef47-02ad-429a-94ce-b9de081be2df
d8d7340a-335e-40c7-8ea1-a9109ae7273c,8bf28f75-6175-422a-927b-3752d34526f3,279d4c3d-c2e2-456b-b41c-22cec6a965c9,->,d8d7340a-335e-40c7-8ea1-a9109ae7273c,f7dc8d66-9844-4560-8088-760292bf9c44,5e185b0f-ad83-4114-858f-6471da0fccc7
d8d7340a-335e-40c7-8ea1-a9109ae7273c,8bf28f75-6175-422a-927b-3752d34526f3,279d4c3d-c2e2-456b-b41c-22cec6a965c9,->,d8d7340a-335e-40c7-8ea1-a9109ae7273c,881acaa6-8dc1-4f71-a447-a5fa36a0943e,c24f1f6b-e7f9-4484-bf36-63caaa36932f
d8d7340a-335e-40c7-8ea1-a9109ae7273c,8bf28f75-6175-422a-927b-3752d34526f3,279d4c3d-c2e2-456b-b41c-22cec6a965c9,->,d8d7340a-335e-40c7-8ea1-a9109ae7273c,java/lang/Thread.java,start
d8d7340a-335e-40c7-8ea1-a9109ae7273c,8bf28f75-6175-422a-927b-3752d34526f3,f7ce4200-fb67-4c44-8ef5-9b69e4942d97,->,d8d7340a-335e-40c7-8ea1-a9109ae7273c,java/lang/Thread.java,stop
d8d7340a-335e-40c7-8ea1-a9109ae7273c,8bf28f75-6175-422a-927b-3752d34526f3,f7ce4200-fb67-4c44-8ef5-9b69e4942d97,->,d8d7340a-335e-40c7-8ea1-a9109ae7273c,8bf28f75-6175-422a-927b-3752d34526f3,279d4c3d-c2e2-456b-b41c-22cec6a965c9
d8d7340a-335e-40c7-8ea1-a9109ae7273c,8bf28f75-6175-422a-927b-3752d34526f3,d3f17f4f-91ba-4df1-94a9-913df4f6a1a8,->,d8d7340a-335e-40c7-8ea1-a9109ae7273c,java/lang/System.java,exit
d8d7340a-335e-40c7-8ea1-a9109ae7273c,8bf28f75-6175-422a-927b-3752d34526f3,52a11772-b079-4492-9aa4-cf5a99ed9a21,->,d8d7340a-335e-40c7-8ea1-a9109ae7273c,881acaa6-8dc1-4f71-a447-a5fa36a0943e,c3356388-3834-47b9-99c3-a2759dccd1d8
d8d7340a-335e-40c7-8ea1-a9109ae7273c,8bf28f75-6175-422a-927b-3752d34526f3,fdf672ae-ce7d-44cb-b017-0657b2a57271,->,d8d7340a-335e-40c7-8ea1-a9109ae7273c,8bf28f75-6175-422a-927b-3752d34526f3,279d4c3d-c2e2-456b-b41c-22cec6a965c9
d8d7340a-335e-40c7-8ea1-a9109ae7273c,8bf28f75-6175-422a-927b-3752d34526f3,fdf672ae-ce7d-44cb-b017-0657b2a57271,->,d8d7340a-335e-40c7-8ea1-a9109ae7273c,f7dc8d66-9844-4560-8088-760292bf9c44,6b5727ae-be61-492d-ad55-a18f1ab33dce
d8d7340a-335e-40c7-8ea1-a9109ae7273c,8bf28f75-6175-422a-927b-3752d34526f3,cdaf86eb-2e7b-4628-9899-63a363b089c5,->,d8d7340a-335e-40c7-8ea1-a9109ae7273c,8bf28f75-6175-422a-927b-3752d34526f3,279d4c3d-c2e2-456b-b41c-22cec6a965c9
d8d7340a-335e-40c7-8ea1-a9109ae7273c,solitaire/presentation/PSabot$SabotDragSourceMotionListener.java,dragMouseMoved,->,d8d7340a-335e-40c7-8ea1-a9109ae7273c,solitaire/presentation/PSabot.java,access$600
d8d7340a-335e-40c7-8ea1-a9109ae7273c,solitaire/presentation/PSabot$SabotDragSourceMotionListener.java,dragMouseMoved,->,d8d7340a-335e-40c7-8ea1-a9109ae7273c,java/awt/dnd/DragSourceDragEvent.java,getX
d8d7340a-335e-40c7-8ea1-a9109ae7273c,solitaire/presentation/PSabot$SabotDragSourceMotionListener.java,dragMouseMoved,->,d8d7340a-335e-40c7-8ea1-a9109ae7273c,solitaire/presentation/PSabot.java,access$600
d8d7340a-335e-40c7-8ea1-a9109ae7273c,solitaire/presentation/PSabot$SabotDragSourceMotionListener.java,dragMouseMoved,->,d8d7340a-335e-40c7-8ea1-a9109ae7273c,javax/swing/JWindow.java,getWidth
d8d7340a-335e-40c7-8ea1-a9109ae7273c,solitaire/presentation/PSabot$SabotDragSourceMotionListener.java,dragMouseMoved,->,d8d7340a-335e-40c7-8ea1-a9109ae7273c,java/awt/dnd/DragSourceDragEvent.java,getY
d8d7340a-335e-40c7-8ea1-a9109ae7273c,solitaire/presentation/PSabot$SabotDragSourceMotionListener.java,dragMouseMoved,->,d8d7340a-335e-40c7-8ea1-a9109ae7273c,javax/swing/JWindow.java,setLocation
d8d7340a-335e-40c7-8ea1-a9109ae7273c,solitaire/presentation/PSabot$SabotDragSourceMotionListener.java,dragMouseMoved,->,d8d7340a-335e-40c7-8ea1-a9109ae7273c,solitaire/presentation/PSabot.java,access$600
d8d7340a-335e-40c7-8ea1-a9109ae7273c,solitaire/presentation/PSabot$SabotDragSourceMotionListener.java,dragMouseMoved,->,d8d7340a-335e-40c7-8ea1-a9109ae7273c,javax/swing/JWindow.java,setVisible
d8d7340a-335e-40c7-8ea1-a9109ae7273c,solitaire/presentation/PTasDeCartes$TasDropTargetListener.java,dragEnter,->,d8d7340a-335e-40c7-8ea1-a9109ae7273c,java/awt/dnd/DropTargetDragEvent.java,getTransferable
d8d7340a-335e-40c7-8ea1-a9109ae7273c,solitaire/presentation/PTasDeCartes$TasDropTargetListener.java,dragEnter,->,d8d7340a-335e-40c7-8ea1-a9109ae7273c,java/lang/Object.java,getClass
d8d7340a-335e-40c7-8ea1-a9109ae7273c,solitaire/presentation/PTasDeCartes$TasDropTargetListener.java,dragEnter,->,d8d7340a-335e-40c7-8ea1-a9109ae7273c,java/awt/datatransfer/Transferable.java,getTransferData
d8d7340a-335e-40c7-8ea1-a9109ae7273c,solitaire/presentation/PTasDeCartes$TasDropTargetListener.java,dragEnter,->,d8d7340a-335e-40c7-8ea1-a9109ae7273c,813b386f-801f-4851-b25c-5696f4d3f13c,1e3f5dae-2bfc-4c23-81d1-c12d76bcf61a
d8d7340a-335e-40c7-8ea1-a9109ae7273c,solitaire/presentation/PTasDeCartes$TasDropTargetListener.java,dragEnter,->,d8d7340a-335e-40c7-8ea1-a9109ae7273c,solitaire/controle/ICTas.java,p2cDragEnter
d8d7340a-335e-40c7-8ea1-a9109ae7273c,solitaire/presentation/PTasDeCartes$TasDropTargetListener.java,dragEnter,->,d8d7340a-335e-40c7-8ea1-a9109ae7273c,java/lang/StringBuilder.java,append
d8d7340a-335e-40c7-8ea1-a9109ae7273c,solitaire/presentation/PTasDeCartes$TasDropTargetListener.java,dragEnter,->,d8d7340a-335e-40c7-8ea1-a9109ae7273c,java/awt/datatransfer/UnsupportedFlavorException.java,getMessage
d8d7340a-335e-40c7-8ea1-a9109ae7273c,solitaire/presentation/PTasDeCartes$TasDropTargetListener.java,dragEnter,->,d8d7340a-335e-40c7-8ea1-a9109ae7273c,java/lang/StringBuilder.java,append
d8d7340a-335e-40c7-8ea1-a9109ae7273c,solitaire/presentation/PTasDeCartes$TasDropTargetListener.java,dragEnter,->,d8d7340a-335e-40c7-8ea1-a9109ae7273c,java/lang/StringBuilder.java,toString
d8d7340a-335e-40c7-8ea1-a9109ae7273c,solitaire/presentation/PTasDeCartes$TasDropTargetListener.java,dragEnter,->,d8d7340a-335e-40c7-8ea1-a9109ae7273c,java/io/PrintStream.java,println
d8d7340a-335e-40c7-8ea1-a9109ae7273c,solitaire/presentation/PTasDeCartes$TasDropTargetListener.java,dragEnter,->,d8d7340a-335e-40c7-8ea1-a9109ae7273c,java/lang/StringBuilder.java,append
d8d7340a-335e-40c7-8ea1-a9109ae7273c,solitaire/presentation/PTasDeCartes$TasDropTargetListener.java,dragEnter,->,d8d7340a-335e-40c7-8ea1-a9109ae7273c,java/io/IOException.java,getMessage
d8d7340a-335e-40c7-8ea1-a9109ae7273c,solitaire/presentation/PTasDeCartes$TasDropTargetListener.java,dragEnter,->,d8d7340a-335e-40c7-8ea1-a9109ae7273c,java/lang/StringBuilder.java,append
d8d7340a-335e-40c7-8ea1-a9109ae7273c,solitaire/presentation/PTasDeCartes$TasDropTargetListener.java,dragEnter,->,d8d7340a-335e-40c7-8ea1-a9109ae7273c,java/lang/StringBuilder.java,toString
d8d7340a-335e-40c7-8ea1-a9109ae7273c,solitaire/presentation/PTasDeCartes$TasDropTargetListener.java,dragEnter,->,d8d7340a-335e-40c7-8ea1-a9109ae7273c,java/io/PrintStream.java,println
d8d7340a-335e-40c7-8ea1-a9109ae7273c,solitaire/presentation/PTasDeCartes$TasDropTargetListener.java,dragExit,->,d8d7340a-335e-40c7-8ea1-a9109ae7273c,813b386f-801f-4851-b25c-5696f4d3f13c,1e3f5dae-2bfc-4c23-81d1-c12d76bcf61a
d8d7340a-335e-40c7-8ea1-a9109ae7273c,solitaire/presentation/PTasDeCartes$TasDropTargetListener.java,dragExit,->,d8d7340a-335e-40c7-8ea1-a9109ae7273c,solitaire/controle/ICTas.java,p2cDragExit
d8d7340a-335e-40c7-8ea1-a9109ae7273c,solitaire/presentation/PTasDeCartes$TasDropTargetListener.java,drop,->,d8d7340a-335e-40c7-8ea1-a9109ae7273c,813b386f-801f-4851-b25c-5696f4d3f13c,1e3f5dae-2bfc-4c23-81d1-c12d76bcf61a
d8d7340a-335e-40c7-8ea1-a9109ae7273c,solitaire/presentation/PTasDeCartes$TasDropTargetListener.java,drop,->,d8d7340a-335e-40c7-8ea1-a9109ae7273c,solitaire/controle/ICTas.java,p2cDrop
d8d7340a-335e-40c7-8ea1-a9109ae7273c,d5516bd5-5221-43c5-94b2-56935460f17a,9022532f-13b5-44bb-bafa-77aea5739054,->,d8d7340a-335e-40c7-8ea1-a9109ae7273c,javax/swing/JLabel.java,setVisible
d8d7340a-335e-40c7-8ea1-a9109ae7273c,d5516bd5-5221-43c5-94b2-56935460f17a,9022532f-13b5-44bb-bafa-77aea5739054,->,d8d7340a-335e-40c7-8ea1-a9109ae7273c,javax/swing/JLabel.java,setVisible
d8d7340a-335e-40c7-8ea1-a9109ae7273c,solitaire/presentation/PCarte.java,<clinit>,->,d8d7340a-335e-40c7-8ea1-a9109ae7273c,java/lang/ClassLoader.java,getSystemResource
d8d7340a-335e-40c7-8ea1-a9109ae7273c,solitaire/presentation/PCarte.java,<clinit>,->,d8d7340a-335e-40c7-8ea1-a9109ae7273c,javax/swing/ImageIcon.java,getIconWidth
d8d7340a-335e-40c7-8ea1-a9109ae7273c,solitaire/presentation/PCarte.java,<clinit>,->,d8d7340a-335e-40c7-8ea1-a9109ae7273c,javax/swing/ImageIcon.java,getIconHeight
d8d7340a-335e-40c7-8ea1-a9109ae7273c,solitaire/presentation/PTasAlterne$TasAlterneeDragGestureListener.java,dragGestureRecognized,->,d8d7340a-335e-40c7-8ea1-a9109ae7273c,solitaire/presentation/PTasAlterne.java,access$502
d8d7340a-335e-40c7-8ea1-a9109ae7273c,solitaire/presentation/PTasAlterne$TasAlterneeDragGestureListener.java,dragGestureRecognized,->,d8d7340a-335e-40c7-8ea1-a9109ae7273c,java/awt/dnd/DragGestureEvent.java,getComponent
d8d7340a-335e-40c7-8ea1-a9109ae7273c,solitaire/presentation/PTasAlterne$TasAlterneeDragGestureListener.java,dragGestureRecognized,->,d8d7340a-335e-40c7-8ea1-a9109ae7273c,java/awt/dnd/DragGestureEvent.java,getDragOrigin
d8d7340a-335e-40c7-8ea1-a9109ae7273c,solitaire/presentation/PTasAlterne$TasAlterneeDragGestureListener.java,dragGestureRecognized,->,d8d7340a-335e-40c7-8ea1-a9109ae7273c,solitaire/presentation/PTasDeCartes.java,getComponentAt
d8d7340a-335e-40c7-8ea1-a9109ae7273c,solitaire/presentation/PTasAlterne$TasAlterneeDragGestureListener.java,dragGestureRecognized,->,d8d7340a-335e-40c7-8ea1-a9109ae7273c,java/lang/Object.java,getClass
d8d7340a-335e-40c7-8ea1-a9109ae7273c,solitaire/presentation/PTasAlterne$TasAlterneeDragGestureListener.java,dragGestureRecognized,->,d8d7340a-335e-40c7-8ea1-a9109ae7273c,java/lang/Class.java,toString
d8d7340a-335e-40c7-8ea1-a9109ae7273c,solitaire/presentation/PTasAlterne$TasAlterneeDragGestureListener.java,dragGestureRecognized,->,d8d7340a-335e-40c7-8ea1-a9109ae7273c,java/lang/String.java,contains
d8d7340a-335e-40c7-8ea1-a9109ae7273c,solitaire/presentation/PTasAlterne$TasAlterneeDragGestureListener.java,dragGestureRecognized,->,d8d7340a-335e-40c7-8ea1-a9109ae7273c,java/awt/dnd/DragGestureEvent.java,getDragOrigin
d8d7340a-335e-40c7-8ea1-a9109ae7273c,solitaire/presentation/PTasAlterne$TasAlterneeDragGestureListener.java,dragGestureRecognized,->,d8d7340a-335e-40c7-8ea1-a9109ae7273c,solitaire/presentation/PTasDeCartes.java,getComponentAt
d8d7340a-335e-40c7-8ea1-a9109ae7273c,solitaire/presentation/PTasAlterne$TasAlterneeDragGestureListener.java,dragGestureRecognized,->,d8d7340a-335e-40c7-8ea1-a9109ae7273c,d5516bd5-5221-43c5-94b2-56935460f17a,3a19d4aa-4fe7-47f2-a48a-8bd3d4ab1325
d8d7340a-335e-40c7-8ea1-a9109ae7273c,solitaire/presentation/PTasAlterne$TasAlterneeDragGestureListener.java,dragGestureRecognized,->,d8d7340a-335e-40c7-8ea1-a9109ae7273c,bc65c696-c590-4fcd-906d-a31c913c0a6f,bac41958-5099-429e-98f2-cc38aca79d44
d8d7340a-335e-40c7-8ea1-a9109ae7273c,solitaire/presentation/PTasAlterne$TasAlterneeDragSourceMotionListener.java,dragMouseMoved,->,d8d7340a-335e-40c7-8ea1-a9109ae7273c,solitaire/presentation/PTasAlterne.java,access$400
d8d7340a-335e-40c7-8ea1-a9109ae7273c,solitaire/presentation/PTasAlterne$TasAlterneeDragSourceMotionListener.java,dragMouseMoved,->,d8d7340a-335e-40c7-8ea1-a9109ae7273c,java/awt/dnd/DragSourceDragEvent.java,getX
d8d7340a-335e-40c7-8ea1-a9109ae7273c,solitaire/presentation/PTasAlterne$TasAlterneeDragSourceMotionListener.java,dragMouseMoved,->,d8d7340a-335e-40c7-8ea1-a9109ae7273c,solitaire/presentation/PTasAlterne.java,access$400
d8d7340a-335e-40c7-8ea1-a9109ae7273c,solitaire/presentation/PTasAlterne$TasAlterneeDragSourceMotionListener.java,dragMouseMoved,->,d8d7340a-335e-40c7-8ea1-a9109ae7273c,javax/swing/JWindow.java,getWidth
d8d7340a-335e-40c7-8ea1-a9109ae7273c,solitaire/presentation/PTasAlterne$TasAlterneeDragSourceMotionListener.java,dragMouseMoved,->,d8d7340a-335e-40c7-8ea1-a9109ae7273c,java/awt/dnd/DragSourceDragEvent.java,getY
d8d7340a-335e-40c7-8ea1-a9109ae7273c,solitaire/presentation/PTasAlterne$TasAlterneeDragSourceMotionListener.java,dragMouseMoved,->,d8d7340a-335e-40c7-8ea1-a9109ae7273c,javax/swing/JWindow.java,setLocation
d8d7340a-335e-40c7-8ea1-a9109ae7273c,solitaire/presentation/PTasAlterne$TasAlterneeDragSourceMotionListener.java,dragMouseMoved,->,d8d7340a-335e-40c7-8ea1-a9109ae7273c,solitaire/presentation/PTasAlterne.java,access$400
d8d7340a-335e-40c7-8ea1-a9109ae7273c,solitaire/presentation/PTasAlterne$TasAlterneeDragSourceMotionListener.java,dragMouseMoved,->,d8d7340a-335e-40c7-8ea1-a9109ae7273c,javax/swing/JWindow.java,setVisible
d8d7340a-335e-40c7-8ea1-a9109ae7273c,64e8da7a-504e-43b2-a55e-b8216a21ebb6,4b5d3080-f730-4ab0-b669-9d43bb76e9f7,->,d8d7340a-335e-40c7-8ea1-a9109ae7273c,813b386f-801f-4851-b25c-5696f4d3f13c,aca85f2d-d62b-4108-ac1f-63221860a410
d8d7340a-335e-40c7-8ea1-a9109ae7273c,64e8da7a-504e-43b2-a55e-b8216a21ebb6,4b5d3080-f730-4ab0-b669-9d43bb76e9f7,->,d8d7340a-335e-40c7-8ea1-a9109ae7273c,solitaire/presentation/PTasAlterne.java,setDxDy
d8d7340a-335e-40c7-8ea1-a9109ae7273c,64e8da7a-504e-43b2-a55e-b8216a21ebb6,4b5d3080-f730-4ab0-b669-9d43bb76e9f7,->,d8d7340a-335e-40c7-8ea1-a9109ae7273c,solitaire/presentation/PTasAlterne.java,setOpaque
d8d7340a-335e-40c7-8ea1-a9109ae7273c,64e8da7a-504e-43b2-a55e-b8216a21ebb6,4b5d3080-f730-4ab0-b669-9d43bb76e9f7,->,d8d7340a-335e-40c7-8ea1-a9109ae7273c,solitaire/presentation/PColonne.java,setLayout
d8d7340a-335e-40c7-8ea1-a9109ae7273c,64e8da7a-504e-43b2-a55e-b8216a21ebb6,4b5d3080-f730-4ab0-b669-9d43bb76e9f7,->,d8d7340a-335e-40c7-8ea1-a9109ae7273c,solitaire/presentation/PColonne.java,setOpaque
d8d7340a-335e-40c7-8ea1-a9109ae7273c,64e8da7a-504e-43b2-a55e-b8216a21ebb6,4b5d3080-f730-4ab0-b669-9d43bb76e9f7,->,d8d7340a-335e-40c7-8ea1-a9109ae7273c,solitaire/presentation/PColonne.java,add
d8d7340a-335e-40c7-8ea1-a9109ae7273c,64e8da7a-504e-43b2-a55e-b8216a21ebb6,4b5d3080-f730-4ab0-b669-9d43bb76e9f7,->,d8d7340a-335e-40c7-8ea1-a9109ae7273c,solitaire/presentation/PColonne.java,add
d8d7340a-335e-40c7-8ea1-a9109ae7273c,64e8da7a-504e-43b2-a55e-b8216a21ebb6,c326d137-5ca0-49ef-86c2-bed9ef165564,->,d8d7340a-335e-40c7-8ea1-a9109ae7273c,e9264971-ead2-4d28-8723-7f4e14273971,cc105e3c-417d-49b3-ab50-e7a62e3c4a0b
d8d7340a-335e-40c7-8ea1-a9109ae7273c,64e8da7a-504e-43b2-a55e-b8216a21ebb6,c326d137-5ca0-49ef-86c2-bed9ef165564,->,d8d7340a-335e-40c7-8ea1-a9109ae7273c,solitaire/controle/CColonne.java,getNombre
d8d7340a-335e-40c7-8ea1-a9109ae7273c,64e8da7a-504e-43b2-a55e-b8216a21ebb6,c326d137-5ca0-49ef-86c2-bed9ef165564,->,d8d7340a-335e-40c7-8ea1-a9109ae7273c,solitaire/presentation/PTasAlterne.java,setLocation
d8d7340a-335e-40c7-8ea1-a9109ae7273c,64e8da7a-504e-43b2-a55e-b8216a21ebb6,c326d137-5ca0-49ef-86c2-bed9ef165564,->,d8d7340a-335e-40c7-8ea1-a9109ae7273c,solitaire/presentation/PColonne.java,setSize
d8d7340a-335e-40c7-8ea1-a9109ae7273c,64e8da7a-504e-43b2-a55e-b8216a21ebb6,c326d137-5ca0-49ef-86c2-bed9ef165564,->,d8d7340a-335e-40c7-8ea1-a9109ae7273c,solitaire/presentation/PColonne.java,setPreferredSize
d8d7340a-335e-40c7-8ea1-a9109ae7273c,64e8da7a-504e-43b2-a55e-b8216a21ebb6,c326d137-5ca0-49ef-86c2-bed9ef165564,->,d8d7340a-335e-40c7-8ea1-a9109ae7273c,solitaire/presentation/PColonne.java,repaint
d8d7340a-335e-40c7-8ea1-a9109ae7273c,solitaire/presentation/PSabot$SabotDragSourceListener.java,dragDropEnd,->,d8d7340a-335e-40c7-8ea1-a9109ae7273c,java/awt/dnd/DragSourceDropEvent.java,getDropSuccess
d8d7340a-335e-40c7-8ea1-a9109ae7273c,solitaire/presentation/PSabot$SabotDragSourceListener.java,dragDropEnd,->,d8d7340a-335e-40c7-8ea1-a9109ae7273c,solitaire/presentation/PSabot.java,access$400
d8d7340a-335e-40c7-8ea1-a9109ae7273c,solitaire/presentation/PSabot$SabotDragSourceListener.java,dragDropEnd,->,d8d7340a-335e-40c7-8ea1-a9109ae7273c,solitaire/presentation/PSabot.java,access$500
d8d7340a-335e-40c7-8ea1-a9109ae7273c,solitaire/presentation/PSabot$SabotDragSourceListener.java,dragDropEnd,->,d8d7340a-335e-40c7-8ea1-a9109ae7273c,813b386f-801f-4851-b25c-5696f4d3f13c,1e3f5dae-2bfc-4c23-81d1-c12d76bcf61a
d8d7340a-335e-40c7-8ea1-a9109ae7273c,solitaire/presentation/PSabot$SabotDragSourceListener.java,dragDropEnd,->,d8d7340a-335e-40c7-8ea1-a9109ae7273c,a6ceaea8-90ca-49eb-a8cd-9d3f80794d1a,affc2f03-d055-416a-97f1-bfed9fe36823
d8d7340a-335e-40c7-8ea1-a9109ae7273c,solitaire/presentation/PSabot$SabotDragSourceListener.java,dragDropEnd,->,d8d7340a-335e-40c7-8ea1-a9109ae7273c,solitaire/presentation/PSabot.java,access$600
d8d7340a-335e-40c7-8ea1-a9109ae7273c,solitaire/presentation/PSabot$SabotDragSourceListener.java,dragDropEnd,->,d8d7340a-335e-40c7-8ea1-a9109ae7273c,solitaire/presentation/PSabot.java,access$500
d8d7340a-335e-40c7-8ea1-a9109ae7273c,solitaire/presentation/PSabot$SabotDragSourceListener.java,dragDropEnd,->,d8d7340a-335e-40c7-8ea1-a9109ae7273c,javax/swing/JWindow.java,remove
d8d7340a-335e-40c7-8ea1-a9109ae7273c,solitaire/presentation/PSabot$SabotDragSourceListener.java,dragDropEnd,->,d8d7340a-335e-40c7-8ea1-a9109ae7273c,solitaire/presentation/PSabot.java,access$600
d8d7340a-335e-40c7-8ea1-a9109ae7273c,solitaire/presentation/PSabot$SabotDragSourceListener.java,dragDropEnd,->,d8d7340a-335e-40c7-8ea1-a9109ae7273c,javax/swing/JWindow.java,setVisible
d8d7340a-335e-40c7-8ea1-a9109ae7273c,af680a58-7c3a-46f9-a31d-e9fcd1f265f0,b611ae58-d07f-4c0b-879e-02ece8ddbcd2,->,d8d7340a-335e-40c7-8ea1-a9109ae7273c,solitaire/presentation/PSabot.java,setLayout
d8d7340a-335e-40c7-8ea1-a9109ae7273c,af680a58-7c3a-46f9-a31d-e9fcd1f265f0,b611ae58-d07f-4c0b-879e-02ece8ddbcd2,->,d8d7340a-335e-40c7-8ea1-a9109ae7273c,solitaire/presentation/PSabot.java,setOpaque
d8d7340a-335e-40c7-8ea1-a9109ae7273c,af680a58-7c3a-46f9-a31d-e9fcd1f265f0,b611ae58-d07f-4c0b-879e-02ece8ddbcd2,->,d8d7340a-335e-40c7-8ea1-a9109ae7273c,solitaire/presentation/PSabot.java,setBorder
d8d7340a-335e-40c7-8ea1-a9109ae7273c,af680a58-7c3a-46f9-a31d-e9fcd1f265f0,b611ae58-d07f-4c0b-879e-02ece8ddbcd2,->,d8d7340a-335e-40c7-8ea1-a9109ae7273c,813b386f-801f-4851-b25c-5696f4d3f13c,aca85f2d-d62b-4108-ac1f-63221860a410
d8d7340a-335e-40c7-8ea1-a9109ae7273c,af680a58-7c3a-46f9-a31d-e9fcd1f265f0,b611ae58-d07f-4c0b-879e-02ece8ddbcd2,->,d8d7340a-335e-40c7-8ea1-a9109ae7273c,813b386f-801f-4851-b25c-5696f4d3f13c,aca85f2d-d62b-4108-ac1f-63221860a410
d8d7340a-335e-40c7-8ea1-a9109ae7273c,af680a58-7c3a-46f9-a31d-e9fcd1f265f0,b611ae58-d07f-4c0b-879e-02ece8ddbcd2,->,d8d7340a-335e-40c7-8ea1-a9109ae7273c,solitaire/presentation/PSabot.java,add
d8d7340a-335e-40c7-8ea1-a9109ae7273c,af680a58-7c3a-46f9-a31d-e9fcd1f265f0,b611ae58-d07f-4c0b-879e-02ece8ddbcd2,->,d8d7340a-335e-40c7-8ea1-a9109ae7273c,solitaire/presentation/PSabot.java,add
d8d7340a-335e-40c7-8ea1-a9109ae7273c,af680a58-7c3a-46f9-a31d-e9fcd1f265f0,b611ae58-d07f-4c0b-879e-02ece8ddbcd2,->,d8d7340a-335e-40c7-8ea1-a9109ae7273c,solitaire/presentation/PSabot.java,setSize
d8d7340a-335e-40c7-8ea1-a9109ae7273c,af680a58-7c3a-46f9-a31d-e9fcd1f265f0,b611ae58-d07f-4c0b-879e-02ece8ddbcd2,->,d8d7340a-335e-40c7-8ea1-a9109ae7273c,solitaire/presentation/PSabot.java,setPreferredSize
d8d7340a-335e-40c7-8ea1-a9109ae7273c,af680a58-7c3a-46f9-a31d-e9fcd1f265f0,b611ae58-d07f-4c0b-879e-02ece8ddbcd2,->,d8d7340a-335e-40c7-8ea1-a9109ae7273c,solitaire/presentation/PTasDeCartes.java,addMouseListener
d8d7340a-335e-40c7-8ea1-a9109ae7273c,af680a58-7c3a-46f9-a31d-e9fcd1f265f0,a46029fa-ac0d-476d-8cdd-3a49ccd1a3a0,->,d8d7340a-335e-40c7-8ea1-a9109ae7273c,java/awt/dnd/DragSource.java,createDefaultDragGestureRecognizer
d8d7340a-335e-40c7-8ea1-a9109ae7273c,af680a58-7c3a-46f9-a31d-e9fcd1f265f0,a46029fa-ac0d-476d-8cdd-3a49ccd1a3a0,->,d8d7340a-335e-40c7-8ea1-a9109ae7273c,java/awt/dnd/DragSource.java,addDragSourceMotionListener
d8d7340a-335e-40c7-8ea1-a9109ae7273c,af680a58-7c3a-46f9-a31d-e9fcd1f265f0,5f5a82f0-4493-44b4-b4f1-0b8d59ba13fc,->,d8d7340a-335e-40c7-8ea1-a9109ae7273c,solitaire/presentation/PTasDeCartes.java,getWidth
d8d7340a-335e-40c7-8ea1-a9109ae7273c,af680a58-7c3a-46f9-a31d-e9fcd1f265f0,5f5a82f0-4493-44b4-b4f1-0b8d59ba13fc,->,d8d7340a-335e-40c7-8ea1-a9109ae7273c,solitaire/presentation/PTasDeCartes.java,getWidth
d8d7340a-335e-40c7-8ea1-a9109ae7273c,af680a58-7c3a-46f9-a31d-e9fcd1f265f0,5f5a82f0-4493-44b4-b4f1-0b8d59ba13fc,->,d8d7340a-335e-40c7-8ea1-a9109ae7273c,solitaire/presentation/PSabot.java,getHeight
d8d7340a-335e-40c7-8ea1-a9109ae7273c,af680a58-7c3a-46f9-a31d-e9fcd1f265f0,5f5a82f0-4493-44b4-b4f1-0b8d59ba13fc,->,d8d7340a-335e-40c7-8ea1-a9109ae7273c,solitaire/presentation/PSabot.java,setSize
d8d7340a-335e-40c7-8ea1-a9109ae7273c,af680a58-7c3a-46f9-a31d-e9fcd1f265f0,5f5a82f0-4493-44b4-b4f1-0b8d59ba13fc,->,d8d7340a-335e-40c7-8ea1-a9109ae7273c,solitaire/presentation/PSabot.java,setPreferredSize
d8d7340a-335e-40c7-8ea1-a9109ae7273c,af680a58-7c3a-46f9-a31d-e9fcd1f265f0,5f5a82f0-4493-44b4-b4f1-0b8d59ba13fc,->,d8d7340a-335e-40c7-8ea1-a9109ae7273c,solitaire/presentation/PSabot.java,validate
d8d7340a-335e-40c7-8ea1-a9109ae7273c,af680a58-7c3a-46f9-a31d-e9fcd1f265f0,5f5a82f0-4493-44b4-b4f1-0b8d59ba13fc,->,d8d7340a-335e-40c7-8ea1-a9109ae7273c,solitaire/presentation/PSabot.java,repaint
d8d7340a-335e-40c7-8ea1-a9109ae7273c,af680a58-7c3a-46f9-a31d-e9fcd1f265f0,6f326b25-e052-4fcd-902b-d165b18e21f4,->,d8d7340a-335e-40c7-8ea1-a9109ae7273c,solitaire/presentation/PSabot.java,getRootPane
d8d7340a-335e-40c7-8ea1-a9109ae7273c,af680a58-7c3a-46f9-a31d-e9fcd1f265f0,6f326b25-e052-4fcd-902b-d165b18e21f4,->,d8d7340a-335e-40c7-8ea1-a9109ae7273c,javax/swing/JRootPane.java,getParent
d8d7340a-335e-40c7-8ea1-a9109ae7273c,af680a58-7c3a-46f9-a31d-e9fcd1f265f0,6f326b25-e052-4fcd-902b-d165b18e21f4,->,d8d7340a-335e-40c7-8ea1-a9109ae7273c,javax/swing/JWindow.java,add
d8d7340a-335e-40c7-8ea1-a9109ae7273c,af680a58-7c3a-46f9-a31d-e9fcd1f265f0,6f326b25-e052-4fcd-902b-d165b18e21f4,->,d8d7340a-335e-40c7-8ea1-a9109ae7273c,javax/swing/JWindow.java,pack
d8d7340a-335e-40c7-8ea1-a9109ae7273c,af680a58-7c3a-46f9-a31d-e9fcd1f265f0,6f326b25-e052-4fcd-902b-d165b18e21f4,->,d8d7340a-335e-40c7-8ea1-a9109ae7273c,java/awt/Cursor.java,getPredefinedCursor
d8d7340a-335e-40c7-8ea1-a9109ae7273c,af680a58-7c3a-46f9-a31d-e9fcd1f265f0,6f326b25-e052-4fcd-902b-d165b18e21f4,->,d8d7340a-335e-40c7-8ea1-a9109ae7273c,java/awt/dnd/DragSource.java,startDrag
d8d7340a-335e-40c7-8ea1-a9109ae7273c,dd0a4c57-0f2f-49e8-a00f-03e003b684c3,b9367f25-6817-49f6-8714-6df8831dfc99,->,d8d7340a-335e-40c7-8ea1-a9109ae7273c,java/lang/StringBuilder.java,append
d8d7340a-335e-40c7-8ea1-a9109ae7273c,dd0a4c57-0f2f-49e8-a00f-03e003b684c3,b9367f25-6817-49f6-8714-6df8831dfc99,->,d8d7340a-335e-40c7-8ea1-a9109ae7273c,2d6ddde6-81ee-4e56-a5ac-2446f1107f40,536068e6-d9e9-451f-bb34-997df64b79c3
d8d7340a-335e-40c7-8ea1-a9109ae7273c,dd0a4c57-0f2f-49e8-a00f-03e003b684c3,b9367f25-6817-49f6-8714-6df8831dfc99,->,d8d7340a-335e-40c7-8ea1-a9109ae7273c,java/lang/StringBuilder.java,append
d8d7340a-335e-40c7-8ea1-a9109ae7273c,dd0a4c57-0f2f-49e8-a00f-03e003b684c3,b9367f25-6817-49f6-8714-6df8831dfc99,->,d8d7340a-335e-40c7-8ea1-a9109ae7273c,java/lang/StringBuilder.java,append
d8d7340a-335e-40c7-8ea1-a9109ae7273c,dd0a4c57-0f2f-49e8-a00f-03e003b684c3,b9367f25-6817-49f6-8714-6df8831dfc99,->,d8d7340a-335e-40c7-8ea1-a9109ae7273c,java/lang/StringBuilder.java,toString
d8d7340a-335e-40c7-8ea1-a9109ae7273c,dd0a4c57-0f2f-49e8-a00f-03e003b684c3,b9367f25-6817-49f6-8714-6df8831dfc99,->,d8d7340a-335e-40c7-8ea1-a9109ae7273c,javax/swing/ImageIcon.java,getImage
d8d7340a-335e-40c7-8ea1-a9109ae7273c,dd0a4c57-0f2f-49e8-a00f-03e003b684c3,b9367f25-6817-49f6-8714-6df8831dfc99,->,d8d7340a-335e-40c7-8ea1-a9109ae7273c,solitaire/presentation/PTasColore.java,setPreferredSize
d8d7340a-335e-40c7-8ea1-a9109ae7273c,dd0a4c57-0f2f-49e8-a00f-03e003b684c3,b9367f25-6817-49f6-8714-6df8831dfc99,->,d8d7340a-335e-40c7-8ea1-a9109ae7273c,solitaire/presentation/PTasColore.java,setMinimumSize
d8d7340a-335e-40c7-8ea1-a9109ae7273c,dd0a4c57-0f2f-49e8-a00f-03e003b684c3,b9367f25-6817-49f6-8714-6df8831dfc99,->,d8d7340a-335e-40c7-8ea1-a9109ae7273c,solitaire/presentation/PTasColore.java,setMaximumSize
d8d7340a-335e-40c7-8ea1-a9109ae7273c,dd0a4c57-0f2f-49e8-a00f-03e003b684c3,b9367f25-6817-49f6-8714-6df8831dfc99,->,d8d7340a-335e-40c7-8ea1-a9109ae7273c,solitaire/presentation/PTasColore.java,setSize
d8d7340a-335e-40c7-8ea1-a9109ae7273c,dd0a4c57-0f2f-49e8-a00f-03e003b684c3,b9367f25-6817-49f6-8714-6df8831dfc99,->,d8d7340a-335e-40c7-8ea1-a9109ae7273c,solitaire/presentation/PTasColore.java,setLayout
d8d7340a-335e-40c7-8ea1-a9109ae7273c,dd0a4c57-0f2f-49e8-a00f-03e003b684c3,c6a2452b-f4ab-48e7-ba53-dbe246df6563,->,d8d7340a-335e-40c7-8ea1-a9109ae7273c,solitaire/presentation/PTasColore.java,setDropTargetActive
d8d7340a-335e-40c7-8ea1-a9109ae7273c,dd0a4c57-0f2f-49e8-a00f-03e003b684c3,c6a2452b-f4ab-48e7-ba53-dbe246df6563,->,d8d7340a-335e-40c7-8ea1-a9109ae7273c,java/awt/dnd/DragSource.java,createDefaultDragGestureRecognizer
d8d7340a-335e-40c7-8ea1-a9109ae7273c,dd0a4c57-0f2f-49e8-a00f-03e003b684c3,c6a2452b-f4ab-48e7-ba53-dbe246df6563,->,d8d7340a-335e-40c7-8ea1-a9109ae7273c,java/awt/dnd/DragSource.java,addDragSourceMotionListener
d8d7340a-335e-40c7-8ea1-a9109ae7273c,dd0a4c57-0f2f-49e8-a00f-03e003b684c3,28ca7e8b-4414-4367-a925-ccedc7f452d7,->,d8d7340a-335e-40c7-8ea1-a9109ae7273c,solitaire/presentation/PTasColore.java,getRootPane
d8d7340a-335e-40c7-8ea1-a9109ae7273c,dd0a4c57-0f2f-49e8-a00f-03e003b684c3,28ca7e8b-4414-4367-a925-ccedc7f452d7,->,d8d7340a-335e-40c7-8ea1-a9109ae7273c,javax/swing/JRootPane.java,getParent
d8d7340a-335e-40c7-8ea1-a9109ae7273c,dd0a4c57-0f2f-49e8-a00f-03e003b684c3,28ca7e8b-4414-4367-a925-ccedc7f452d7,->,d8d7340a-335e-40c7-8ea1-a9109ae7273c,javax/swing/JWindow.java,add
d8d7340a-335e-40c7-8ea1-a9109ae7273c,dd0a4c57-0f2f-49e8-a00f-03e003b684c3,28ca7e8b-4414-4367-a925-ccedc7f452d7,->,d8d7340a-335e-40c7-8ea1-a9109ae7273c,javax/swing/JWindow.java,pack
d8d7340a-335e-40c7-8ea1-a9109ae7273c,dd0a4c57-0f2f-49e8-a00f-03e003b684c3,28ca7e8b-4414-4367-a925-ccedc7f452d7,->,d8d7340a-335e-40c7-8ea1-a9109ae7273c,java/awt/Cursor.java,getPredefinedCursor
d8d7340a-335e-40c7-8ea1-a9109ae7273c,dd0a4c57-0f2f-49e8-a00f-03e003b684c3,28ca7e8b-4414-4367-a925-ccedc7f452d7,->,d8d7340a-335e-40c7-8ea1-a9109ae7273c,java/awt/dnd/DragSource.java,startDrag
d8d7340a-335e-40c7-8ea1-a9109ae7273c,dd0a4c57-0f2f-49e8-a00f-03e003b684c3,f4c8ae90-14eb-4885-845e-824d0b2f1b64,->,d8d7340a-335e-40c7-8ea1-a9109ae7273c,813b386f-801f-4851-b25c-5696f4d3f13c,50977949-d8fb-4c1c-86ee-e8fbcb479988
d8d7340a-335e-40c7-8ea1-a9109ae7273c,dd0a4c57-0f2f-49e8-a00f-03e003b684c3,f4c8ae90-14eb-4885-845e-824d0b2f1b64,->,d8d7340a-335e-40c7-8ea1-a9109ae7273c,solitaire/presentation/PTasColore.java,remove
d8d7340a-335e-40c7-8ea1-a9109ae7273c,dd0a4c57-0f2f-49e8-a00f-03e003b684c3,f4c8ae90-14eb-4885-845e-824d0b2f1b64,->,d8d7340a-335e-40c7-8ea1-a9109ae7273c,solitaire/presentation/PTasColore.java,remove
d8d7340a-335e-40c7-8ea1-a9109ae7273c,dd0a4c57-0f2f-49e8-a00f-03e003b684c3,f4c8ae90-14eb-4885-845e-824d0b2f1b64,->,d8d7340a-335e-40c7-8ea1-a9109ae7273c,solitaire/presentation/PTasColore.java,repaint
d8d7340a-335e-40c7-8ea1-a9109ae7273c,dd0a4c57-0f2f-49e8-a00f-03e003b684c3,896d3017-66e9-4ea7-bc0d-3081a0bcefcd,->,d8d7340a-335e-40c7-8ea1-a9109ae7273c,813b386f-801f-4851-b25c-5696f4d3f13c,fe5c1fb4-86b0-4628-9a28-9c35fd586a69
d8d7340a-335e-40c7-8ea1-a9109ae7273c,dd0a4c57-0f2f-49e8-a00f-03e003b684c3,896d3017-66e9-4ea7-bc0d-3081a0bcefcd,->,d8d7340a-335e-40c7-8ea1-a9109ae7273c,solitaire/presentation/PTasColore.java,remove
d8d7340a-335e-40c7-8ea1-a9109ae7273c,dd0a4c57-0f2f-49e8-a00f-03e003b684c3,896d3017-66e9-4ea7-bc0d-3081a0bcefcd,->,d8d7340a-335e-40c7-8ea1-a9109ae7273c,solitaire/presentation/PTasColore.java,remove
d8d7340a-335e-40c7-8ea1-a9109ae7273c,dd0a4c57-0f2f-49e8-a00f-03e003b684c3,896d3017-66e9-4ea7-bc0d-3081a0bcefcd,->,d8d7340a-335e-40c7-8ea1-a9109ae7273c,solitaire/presentation/PTasColore.java,repaint
d8d7340a-335e-40c7-8ea1-a9109ae7273c,dd0a4c57-0f2f-49e8-a00f-03e003b684c3,1c732dcd-7334-4710-b751-f1cf9038a411,->,d8d7340a-335e-40c7-8ea1-a9109ae7273c,813b386f-801f-4851-b25c-5696f4d3f13c,73db4715-a551-4058-8a89-c6f28d450636
d8d7340a-335e-40c7-8ea1-a9109ae7273c,dd0a4c57-0f2f-49e8-a00f-03e003b684c3,1c732dcd-7334-4710-b751-f1cf9038a411,->,d8d7340a-335e-40c7-8ea1-a9109ae7273c,solitaire/presentation/PTasColore.java,getController
d8d7340a-335e-40c7-8ea1-a9109ae7273c,dd0a4c57-0f2f-49e8-a00f-03e003b684c3,1c732dcd-7334-4710-b751-f1cf9038a411,->,d8d7340a-335e-40c7-8ea1-a9109ae7273c,solitaire/controle/ICTas.java,isVide
d8d7340a-335e-40c7-8ea1-a9109ae7273c,dd0a4c57-0f2f-49e8-a00f-03e003b684c3,1c732dcd-7334-4710-b751-f1cf9038a411,->,d8d7340a-335e-40c7-8ea1-a9109ae7273c,solitaire/presentation/PTasColore.java,add
d8d7340a-335e-40c7-8ea1-a9109ae7273c,dd0a4c57-0f2f-49e8-a00f-03e003b684c3,1c732dcd-7334-4710-b751-f1cf9038a411,->,d8d7340a-335e-40c7-8ea1-a9109ae7273c,solitaire/presentation/PTasColore.java,repaint
d8d7340a-335e-40c7-8ea1-a9109ae7273c,dd0a4c57-0f2f-49e8-a00f-03e003b684c3,c36f9773-d499-4b81-bbba-ed9e983225a7,->,d8d7340a-335e-40c7-8ea1-a9109ae7273c,813b386f-801f-4851-b25c-5696f4d3f13c,e18041f9-5db6-4207-af9b-008a049dfba7
d8d7340a-335e-40c7-8ea1-a9109ae7273c,dd0a4c57-0f2f-49e8-a00f-03e003b684c3,c36f9773-d499-4b81-bbba-ed9e983225a7,->,d8d7340a-335e-40c7-8ea1-a9109ae7273c,solitaire/presentation/PTasColore.java,getController
d8d7340a-335e-40c7-8ea1-a9109ae7273c,dd0a4c57-0f2f-49e8-a00f-03e003b684c3,c36f9773-d499-4b81-bbba-ed9e983225a7,->,d8d7340a-335e-40c7-8ea1-a9109ae7273c,solitaire/controle/ICTas.java,isVide
d8d7340a-335e-40c7-8ea1-a9109ae7273c,dd0a4c57-0f2f-49e8-a00f-03e003b684c3,c36f9773-d499-4b81-bbba-ed9e983225a7,->,d8d7340a-335e-40c7-8ea1-a9109ae7273c,solitaire/presentation/PTasColore.java,add
d8d7340a-335e-40c7-8ea1-a9109ae7273c,dd0a4c57-0f2f-49e8-a00f-03e003b684c3,c36f9773-d499-4b81-bbba-ed9e983225a7,->,d8d7340a-335e-40c7-8ea1-a9109ae7273c,solitaire/presentation/PTasColore.java,repaint
d8d7340a-335e-40c7-8ea1-a9109ae7273c,dd0a4c57-0f2f-49e8-a00f-03e003b684c3,c8cc2827-a719-4427-b57d-da05958d88aa,->,d8d7340a-335e-40c7-8ea1-a9109ae7273c,813b386f-801f-4851-b25c-5696f4d3f13c,7ca09f49-1168-4e74-8b7d-71bb7dbc60da
d8d7340a-335e-40c7-8ea1-a9109ae7273c,dd0a4c57-0f2f-49e8-a00f-03e003b684c3,c8cc2827-a719-4427-b57d-da05958d88aa,->,d8d7340a-335e-40c7-8ea1-a9109ae7273c,solitaire/presentation/PTasColore.java,remove
d8d7340a-335e-40c7-8ea1-a9109ae7273c,dd0a4c57-0f2f-49e8-a00f-03e003b684c3,c8cc2827-a719-4427-b57d-da05958d88aa,->,d8d7340a-335e-40c7-8ea1-a9109ae7273c,solitaire/presentation/PTasColore.java,remove
d8d7340a-335e-40c7-8ea1-a9109ae7273c,dd0a4c57-0f2f-49e8-a00f-03e003b684c3,c8cc2827-a719-4427-b57d-da05958d88aa,->,d8d7340a-335e-40c7-8ea1-a9109ae7273c,solitaire/presentation/PTasColore.java,repaint
d8d7340a-335e-40c7-8ea1-a9109ae7273c,dd0a4c57-0f2f-49e8-a00f-03e003b684c3,cc6ef8ef-694e-47e5-ad55-e8dfb4abe698,->,d8d7340a-335e-40c7-8ea1-a9109ae7273c,java/awt/Graphics.java,drawImage
d8d7340a-335e-40c7-8ea1-a9109ae7273c,5ea6ae7d-cfb7-4d71-9066-61f2efa22116,b81cb0be-7b40-49ca-ad2b-6cfe903ae68b,->,d8d7340a-335e-40c7-8ea1-a9109ae7273c,solitaire/presentation/PSolitaire.java,setLayout
d8d7340a-335e-40c7-8ea1-a9109ae7273c,5ea6ae7d-cfb7-4d71-9066-61f2efa22116,b81cb0be-7b40-49ca-ad2b-6cfe903ae68b,->,d8d7340a-335e-40c7-8ea1-a9109ae7273c,solitaire/presentation/PSolitaire.java,setBackground
d8d7340a-335e-40c7-8ea1-a9109ae7273c,5ea6ae7d-cfb7-4d71-9066-61f2efa22116,b81cb0be-7b40-49ca-ad2b-6cfe903ae68b,->,d8d7340a-335e-40c7-8ea1-a9109ae7273c,javax/swing/JPanel.java,setOpaque
d8d7340a-335e-40c7-8ea1-a9109ae7273c,5ea6ae7d-cfb7-4d71-9066-61f2efa22116,b81cb0be-7b40-49ca-ad2b-6cfe903ae68b,->,d8d7340a-335e-40c7-8ea1-a9109ae7273c,javax/swing/JPanel.java,add
d8d7340a-335e-40c7-8ea1-a9109ae7273c,5ea6ae7d-cfb7-4d71-9066-61f2efa22116,b81cb0be-7b40-49ca-ad2b-6cfe903ae68b,->,d8d7340a-335e-40c7-8ea1-a9109ae7273c,javax/swing/JPanel.java,setOpaque
d8d7340a-335e-40c7-8ea1-a9109ae7273c,5ea6ae7d-cfb7-4d71-9066-61f2efa22116,b81cb0be-7b40-49ca-ad2b-6cfe903ae68b,->,d8d7340a-335e-40c7-8ea1-a9109ae7273c,solitaire/presentation/PSolitaire.java,add
d8d7340a-335e-40c7-8ea1-a9109ae7273c,5ea6ae7d-cfb7-4d71-9066-61f2efa22116,b81cb0be-7b40-49ca-ad2b-6cfe903ae68b,->,d8d7340a-335e-40c7-8ea1-a9109ae7273c,javax/swing/JPanel.java,setOpaque
d8d7340a-335e-40c7-8ea1-a9109ae7273c,5ea6ae7d-cfb7-4d71-9066-61f2efa22116,b81cb0be-7b40-49ca-ad2b-6cfe903ae68b,->,d8d7340a-335e-40c7-8ea1-a9109ae7273c,javax/swing/BorderFactory.java,createEmptyBorder
d8d7340a-335e-40c7-8ea1-a9109ae7273c,5ea6ae7d-cfb7-4d71-9066-61f2efa22116,b81cb0be-7b40-49ca-ad2b-6cfe903ae68b,->,d8d7340a-335e-40c7-8ea1-a9109ae7273c,javax/swing/JPanel.java,setBorder
d8d7340a-335e-40c7-8ea1-a9109ae7273c,5ea6ae7d-cfb7-4d71-9066-61f2efa22116,b81cb0be-7b40-49ca-ad2b-6cfe903ae68b,->,d8d7340a-335e-40c7-8ea1-a9109ae7273c,solitaire/presentation/PSolitaire.java,add
d8d7340a-335e-40c7-8ea1-a9109ae7273c,5ea6ae7d-cfb7-4d71-9066-61f2efa22116,bf8d38b7-7cc5-440e-9d54-9bd9cc840ac7,->,d8d7340a-335e-40c7-8ea1-a9109ae7273c,javax/swing/JPanel.java,add
d8d7340a-335e-40c7-8ea1-a9109ae7273c,5ea6ae7d-cfb7-4d71-9066-61f2efa22116,2eb17f96-f18c-4584-9d89-2ff1826ac9f8,->,d8d7340a-335e-40c7-8ea1-a9109ae7273c,javax/swing/JPanel.java,add
d8d7340a-335e-40c7-8ea1-a9109ae7273c,5ea6ae7d-cfb7-4d71-9066-61f2efa22116,e4b0bb5f-4850-4400-87a9-422833c93898,->,d8d7340a-335e-40c7-8ea1-a9109ae7273c,javax/swing/JPanel.java,add
d8d7340a-335e-40c7-8ea1-a9109ae7273c,813b386f-801f-4851-b25c-5696f4d3f13c,54802d85-735b-440b-ab51-1fc67351cfc4,->,d8d7340a-335e-40c7-8ea1-a9109ae7273c,javax/swing/JPanel.java,setSize
d8d7340a-335e-40c7-8ea1-a9109ae7273c,813b386f-801f-4851-b25c-5696f4d3f13c,54802d85-735b-440b-ab51-1fc67351cfc4,->,d8d7340a-335e-40c7-8ea1-a9109ae7273c,javax/swing/JPanel.java,setSize
d8d7340a-335e-40c7-8ea1-a9109ae7273c,813b386f-801f-4851-b25c-5696f4d3f13c,54802d85-735b-440b-ab51-1fc67351cfc4,->,d8d7340a-335e-40c7-8ea1-a9109ae7273c,javax/swing/JPanel.java,setBackground
d8d7340a-335e-40c7-8ea1-a9109ae7273c,813b386f-801f-4851-b25c-5696f4d3f13c,54802d85-735b-440b-ab51-1fc67351cfc4,->,d8d7340a-335e-40c7-8ea1-a9109ae7273c,javax/swing/JPanel.java,setBackground
d8d7340a-335e-40c7-8ea1-a9109ae7273c,813b386f-801f-4851-b25c-5696f4d3f13c,54802d85-735b-440b-ab51-1fc67351cfc4,->,d8d7340a-335e-40c7-8ea1-a9109ae7273c,solitaire/presentation/PTasDeCartes.java,setSize
d8d7340a-335e-40c7-8ea1-a9109ae7273c,813b386f-801f-4851-b25c-5696f4d3f13c,54802d85-735b-440b-ab51-1fc67351cfc4,->,d8d7340a-335e-40c7-8ea1-a9109ae7273c,solitaire/presentation/PTasDeCartes.java,setPreferredSize
d8d7340a-335e-40c7-8ea1-a9109ae7273c,813b386f-801f-4851-b25c-5696f4d3f13c,54802d85-735b-440b-ab51-1fc67351cfc4,->,d8d7340a-335e-40c7-8ea1-a9109ae7273c,solitaire/presentation/PTasDeCartes.java,setLayout
d8d7340a-335e-40c7-8ea1-a9109ae7273c,813b386f-801f-4851-b25c-5696f4d3f13c,54802d85-735b-440b-ab51-1fc67351cfc4,->,d8d7340a-335e-40c7-8ea1-a9109ae7273c,solitaire/presentation/PTasDeCartes.java,setBackground
d8d7340a-335e-40c7-8ea1-a9109ae7273c,813b386f-801f-4851-b25c-5696f4d3f13c,f5fdd081-5d5a-4d7b-b30d-a5b0dab38e05,->,d8d7340a-335e-40c7-8ea1-a9109ae7273c,813b386f-801f-4851-b25c-5696f4d3f13c,8e3b3b52-d846-4946-a62c-76352fff1845
d8d7340a-335e-40c7-8ea1-a9109ae7273c,813b386f-801f-4851-b25c-5696f4d3f13c,88dbc7c2-dc79-4148-ace1-76b8f236b504,->,d8d7340a-335e-40c7-8ea1-a9109ae7273c,174d196e-1cbf-485d-b46c-0cabad295d8b,95e0d439-e652-4438-a93e-c0b38e88b4da
d8d7340a-335e-40c7-8ea1-a9109ae7273c,813b386f-801f-4851-b25c-5696f4d3f13c,88dbc7c2-dc79-4148-ace1-76b8f236b504,->,d8d7340a-335e-40c7-8ea1-a9109ae7273c,174d196e-1cbf-485d-b46c-0cabad295d8b,95e0d439-e652-4438-a93e-c0b38e88b4da
d8d7340a-335e-40c7-8ea1-a9109ae7273c,813b386f-801f-4851-b25c-5696f4d3f13c,88dbc7c2-dc79-4148-ace1-76b8f236b504,->,d8d7340a-335e-40c7-8ea1-a9109ae7273c,solitaire/presentation/PTasDeCartes.java,setSize
d8d7340a-335e-40c7-8ea1-a9109ae7273c,813b386f-801f-4851-b25c-5696f4d3f13c,88dbc7c2-dc79-4148-ace1-76b8f236b504,->,d8d7340a-335e-40c7-8ea1-a9109ae7273c,solitaire/presentation/PTasDeCartes.java,setPreferredSize
d8d7340a-335e-40c7-8ea1-a9109ae7273c,813b386f-801f-4851-b25c-5696f4d3f13c,88dbc7c2-dc79-4148-ace1-76b8f236b504,->,d8d7340a-335e-40c7-8ea1-a9109ae7273c,javax/swing/JPanel.java,setSize
d8d7340a-335e-40c7-8ea1-a9109ae7273c,813b386f-801f-4851-b25c-5696f4d3f13c,88dbc7c2-dc79-4148-ace1-76b8f236b504,->,d8d7340a-335e-40c7-8ea1-a9109ae7273c,javax/swing/JPanel.java,setPreferredSize
d8d7340a-335e-40c7-8ea1-a9109ae7273c,813b386f-801f-4851-b25c-5696f4d3f13c,88dbc7c2-dc79-4148-ace1-76b8f236b504,->,d8d7340a-335e-40c7-8ea1-a9109ae7273c,javax/swing/JPanel.java,setSize
d8d7340a-335e-40c7-8ea1-a9109ae7273c,813b386f-801f-4851-b25c-5696f4d3f13c,88dbc7c2-dc79-4148-ace1-76b8f236b504,->,d8d7340a-335e-40c7-8ea1-a9109ae7273c,javax/swing/JPanel.java,setPreferredSize
d8d7340a-335e-40c7-8ea1-a9109ae7273c,813b386f-801f-4851-b25c-5696f4d3f13c,88dbc7c2-dc79-4148-ace1-76b8f236b504,->,d8d7340a-335e-40c7-8ea1-a9109ae7273c,174d196e-1cbf-485d-b46c-0cabad295d8b,95e0d439-e652-4438-a93e-c0b38e88b4da
d8d7340a-335e-40c7-8ea1-a9109ae7273c,813b386f-801f-4851-b25c-5696f4d3f13c,88dbc7c2-dc79-4148-ace1-76b8f236b504,->,d8d7340a-335e-40c7-8ea1-a9109ae7273c,solitaire/presentation/PTasDeCartes.java,add
d8d7340a-335e-40c7-8ea1-a9109ae7273c,813b386f-801f-4851-b25c-5696f4d3f13c,88dbc7c2-dc79-4148-ace1-76b8f236b504,->,d8d7340a-335e-40c7-8ea1-a9109ae7273c,solitaire/presentation/PCarte.java,setLocation
d8d7340a-335e-40c7-8ea1-a9109ae7273c,813b386f-801f-4851-b25c-5696f4d3f13c,88dbc7c2-dc79-4148-ace1-76b8f236b504,->,d8d7340a-335e-40c7-8ea1-a9109ae7273c,solitaire/presentation/PTasDeCartes.java,validate
d8d7340a-335e-40c7-8ea1-a9109ae7273c,813b386f-801f-4851-b25c-5696f4d3f13c,88dbc7c2-dc79-4148-ace1-76b8f236b504,->,d8d7340a-335e-40c7-8ea1-a9109ae7273c,solitaire/presentation/PTasDeCartes.java,repaint
d8d7340a-335e-40c7-8ea1-a9109ae7273c,813b386f-801f-4851-b25c-5696f4d3f13c,13ef5dd1-414d-4769-acb9-3137f952fe2f,->,d8d7340a-335e-40c7-8ea1-a9109ae7273c,solitaire/presentation/PTasDeCartes.java,remove
d8d7340a-335e-40c7-8ea1-a9109ae7273c,813b386f-801f-4851-b25c-5696f4d3f13c,13ef5dd1-414d-4769-acb9-3137f952fe2f,->,d8d7340a-335e-40c7-8ea1-a9109ae7273c,174d196e-1cbf-485d-b46c-0cabad295d8b,95e0d439-e652-4438-a93e-c0b38e88b4da
d8d7340a-335e-40c7-8ea1-a9109ae7273c,813b386f-801f-4851-b25c-5696f4d3f13c,13ef5dd1-414d-4769-acb9-3137f952fe2f,->,d8d7340a-335e-40c7-8ea1-a9109ae7273c,solitaire/presentation/PTasDeCartes.java,getWidth
d8d7340a-335e-40c7-8ea1-a9109ae7273c,813b386f-801f-4851-b25c-5696f4d3f13c,13ef5dd1-414d-4769-acb9-3137f952fe2f,->,d8d7340a-335e-40c7-8ea1-a9109ae7273c,solitaire/presentation/PTasDeCartes.java,getHeight
d8d7340a-335e-40c7-8ea1-a9109ae7273c,813b386f-801f-4851-b25c-5696f4d3f13c,13ef5dd1-414d-4769-acb9-3137f952fe2f,->,d8d7340a-335e-40c7-8ea1-a9109ae7273c,solitaire/presentation/PTasDeCartes.java,setSize
d8d7340a-335e-40c7-8ea1-a9109ae7273c,813b386f-801f-4851-b25c-5696f4d3f13c,13ef5dd1-414d-4769-acb9-3137f952fe2f,->,d8d7340a-335e-40c7-8ea1-a9109ae7273c,solitaire/presentation/PTasDeCartes.java,setPreferredSize
d8d7340a-335e-40c7-8ea1-a9109ae7273c,813b386f-801f-4851-b25c-5696f4d3f13c,13ef5dd1-414d-4769-acb9-3137f952fe2f,->,d8d7340a-335e-40c7-8ea1-a9109ae7273c,javax/swing/JPanel.java,setSize
d8d7340a-335e-40c7-8ea1-a9109ae7273c,813b386f-801f-4851-b25c-5696f4d3f13c,13ef5dd1-414d-4769-acb9-3137f952fe2f,->,d8d7340a-335e-40c7-8ea1-a9109ae7273c,javax/swing/JPanel.java,setPreferredSize
d8d7340a-335e-40c7-8ea1-a9109ae7273c,813b386f-801f-4851-b25c-5696f4d3f13c,13ef5dd1-414d-4769-acb9-3137f952fe2f,->,d8d7340a-335e-40c7-8ea1-a9109ae7273c,javax/swing/JPanel.java,setSize
d8d7340a-335e-40c7-8ea1-a9109ae7273c,813b386f-801f-4851-b25c-5696f4d3f13c,13ef5dd1-414d-4769-acb9-3137f952fe2f,->,d8d7340a-335e-40c7-8ea1-a9109ae7273c,javax/swing/JPanel.java,setPreferredSize
d8d7340a-335e-40c7-8ea1-a9109ae7273c,813b386f-801f-4851-b25c-5696f4d3f13c,13ef5dd1-414d-4769-acb9-3137f952fe2f,->,d8d7340a-335e-40c7-8ea1-a9109ae7273c,solitaire/presentation/PTasDeCartes.java,validate
d8d7340a-335e-40c7-8ea1-a9109ae7273c,813b386f-801f-4851-b25c-5696f4d3f13c,13ef5dd1-414d-4769-acb9-3137f952fe2f,->,d8d7340a-335e-40c7-8ea1-a9109ae7273c,solitaire/presentation/PTasDeCartes.java,repaint
d8d7340a-335e-40c7-8ea1-a9109ae7273c,813b386f-801f-4851-b25c-5696f4d3f13c,50977949-d8fb-4c1c-86ee-e8fbcb479988,->,d8d7340a-335e-40c7-8ea1-a9109ae7273c,java/awt/dnd/DropTargetDropEvent.java,dropComplete
d8d7340a-335e-40c7-8ea1-a9109ae7273c,813b386f-801f-4851-b25c-5696f4d3f13c,50977949-d8fb-4c1c-86ee-e8fbcb479988,->,d8d7340a-335e-40c7-8ea1-a9109ae7273c,solitaire/presentation/PTasDeCartes.java,repaint
d8d7340a-335e-40c7-8ea1-a9109ae7273c,813b386f-801f-4851-b25c-5696f4d3f13c,fe5c1fb4-86b0-4628-9a28-9c35fd586a69,->,d8d7340a-335e-40c7-8ea1-a9109ae7273c,solitaire/presentation/PTasDeCartes.java,repaint
d8d7340a-335e-40c7-8ea1-a9109ae7273c,813b386f-801f-4851-b25c-5696f4d3f13c,8e3b3b52-d846-4946-a62c-76352fff1845,->,d8d7340a-335e-40c7-8ea1-a9109ae7273c,java/awt/dnd/DropTarget.java,setActive
d8d7340a-335e-40c7-8ea1-a9109ae7273c,solitaire/presentation/PSabot$SabotDragGestureListener.java,dragGestureRecognized,->,d8d7340a-335e-40c7-8ea1-a9109ae7273c,solitaire/presentation/PSabot.java,access$702
d8d7340a-335e-40c7-8ea1-a9109ae7273c,solitaire/presentation/PSabot$SabotDragGestureListener.java,dragGestureRecognized,->,d8d7340a-335e-40c7-8ea1-a9109ae7273c,java/awt/dnd/DragGestureEvent.java,getComponent
d8d7340a-335e-40c7-8ea1-a9109ae7273c,solitaire/presentation/PSabot$SabotDragGestureListener.java,dragGestureRecognized,->,d8d7340a-335e-40c7-8ea1-a9109ae7273c,java/awt/dnd/DragGestureEvent.java,getDragOrigin
d8d7340a-335e-40c7-8ea1-a9109ae7273c,solitaire/presentation/PSabot$SabotDragGestureListener.java,dragGestureRecognized,->,d8d7340a-335e-40c7-8ea1-a9109ae7273c,solitaire/presentation/PTasDeCartes.java,getComponentAt
d8d7340a-335e-40c7-8ea1-a9109ae7273c,solitaire/presentation/PSabot$SabotDragGestureListener.java,dragGestureRecognized,->,d8d7340a-335e-40c7-8ea1-a9109ae7273c,java/lang/Object.java,getClass
d8d7340a-335e-40c7-8ea1-a9109ae7273c,solitaire/presentation/PSabot$SabotDragGestureListener.java,dragGestureRecognized,->,d8d7340a-335e-40c7-8ea1-a9109ae7273c,java/lang/Class.java,toString
d8d7340a-335e-40c7-8ea1-a9109ae7273c,solitaire/presentation/PSabot$SabotDragGestureListener.java,dragGestureRecognized,->,d8d7340a-335e-40c7-8ea1-a9109ae7273c,java/lang/String.java,contains
d8d7340a-335e-40c7-8ea1-a9109ae7273c,solitaire/presentation/PSabot$SabotDragGestureListener.java,dragGestureRecognized,->,d8d7340a-335e-40c7-8ea1-a9109ae7273c,java/awt/dnd/DragGestureEvent.java,getDragOrigin
d8d7340a-335e-40c7-8ea1-a9109ae7273c,solitaire/presentation/PSabot$SabotDragGestureListener.java,dragGestureRecognized,->,d8d7340a-335e-40c7-8ea1-a9109ae7273c,solitaire/presentation/PTasDeCartes.java,getComponentAt
d8d7340a-335e-40c7-8ea1-a9109ae7273c,solitaire/presentation/PSabot$SabotDragGestureListener.java,dragGestureRecognized,->,d8d7340a-335e-40c7-8ea1-a9109ae7273c,solitaire/presentation/PSabot.java,access$400
d8d7340a-335e-40c7-8ea1-a9109ae7273c,solitaire/presentation/PSabot$SabotDragGestureListener.java,dragGestureRecognized,->,d8d7340a-335e-40c7-8ea1-a9109ae7273c,d5516bd5-5221-43c5-94b2-56935460f17a,3a19d4aa-4fe7-47f2-a48a-8bd3d4ab1325
d8d7340a-335e-40c7-8ea1-a9109ae7273c,solitaire/presentation/PSabot$SabotDragGestureListener.java,dragGestureRecognized,->,d8d7340a-335e-40c7-8ea1-a9109ae7273c,a6ceaea8-90ca-49eb-a8cd-9d3f80794d1a,84c0e770-b898-4ded-b1ab-a0f41e2cfeb4
d8d7340a-335e-40c7-8ea1-a9109ae7273c,0bc029df-1b28-4db3-886a-6c3754bdb249,2ac7440b-ef2b-4885-acf2-a6a919d3dbca,->,d8d7340a-335e-40c7-8ea1-a9109ae7273c,solitaire/presentation/PTasAlterne.java,setLayout
d8d7340a-335e-40c7-8ea1-a9109ae7273c,0bc029df-1b28-4db3-886a-6c3754bdb249,1ef0e164-f8de-429f-8e03-af39e8f13001,->,d8d7340a-335e-40c7-8ea1-a9109ae7273c,java/awt/dnd/DragSource.java,createDefaultDragGestureRecognizer
d8d7340a-335e-40c7-8ea1-a9109ae7273c,0bc029df-1b28-4db3-886a-6c3754bdb249,1ef0e164-f8de-429f-8e03-af39e8f13001,->,d8d7340a-335e-40c7-8ea1-a9109ae7273c,java/awt/dnd/DragSource.java,addDragSourceMotionListener
d8d7340a-335e-40c7-8ea1-a9109ae7273c,0bc029df-1b28-4db3-886a-6c3754bdb249,1ef0e164-f8de-429f-8e03-af39e8f13001,->,d8d7340a-335e-40c7-8ea1-a9109ae7273c,solitaire/presentation/PTasAlterne.java,setDropTargetActive
d8d7340a-335e-40c7-8ea1-a9109ae7273c,0bc029df-1b28-4db3-886a-6c3754bdb249,bc24b1a7-377f-4203-93c3-af26e990d5ae,->,d8d7340a-335e-40c7-8ea1-a9109ae7273c,813b386f-801f-4851-b25c-5696f4d3f13c,88dbc7c2-dc79-4148-ace1-76b8f236b504
d8d7340a-335e-40c7-8ea1-a9109ae7273c,0bc029df-1b28-4db3-886a-6c3754bdb249,a8f958e1-4d65-471e-9098-795f2d24b99e,->,d8d7340a-335e-40c7-8ea1-a9109ae7273c,813b386f-801f-4851-b25c-5696f4d3f13c,13ef5dd1-414d-4769-acb9-3137f952fe2f
d8d7340a-335e-40c7-8ea1-a9109ae7273c,0bc029df-1b28-4db3-886a-6c3754bdb249,d2572ffc-613f-4099-b1e4-17e2d5dbb4a3,->,d8d7340a-335e-40c7-8ea1-a9109ae7273c,813b386f-801f-4851-b25c-5696f4d3f13c,50977949-d8fb-4c1c-86ee-e8fbcb479988
d8d7340a-335e-40c7-8ea1-a9109ae7273c,0bc029df-1b28-4db3-886a-6c3754bdb249,d2572ffc-613f-4099-b1e4-17e2d5dbb4a3,->,d8d7340a-335e-40c7-8ea1-a9109ae7273c,solitaire/presentation/PTasAlterne.java,remove
d8d7340a-335e-40c7-8ea1-a9109ae7273c,0bc029df-1b28-4db3-886a-6c3754bdb249,d2572ffc-613f-4099-b1e4-17e2d5dbb4a3,->,d8d7340a-335e-40c7-8ea1-a9109ae7273c,solitaire/presentation/PTasAlterne.java,remove
d8d7340a-335e-40c7-8ea1-a9109ae7273c,0bc029df-1b28-4db3-886a-6c3754bdb249,d2572ffc-613f-4099-b1e4-17e2d5dbb4a3,->,d8d7340a-335e-40c7-8ea1-a9109ae7273c,solitaire/presentation/PTasAlterne.java,repaint
d8d7340a-335e-40c7-8ea1-a9109ae7273c,0bc029df-1b28-4db3-886a-6c3754bdb249,8e0e97ad-7113-4402-b9c5-76a6773584ab,->,d8d7340a-335e-40c7-8ea1-a9109ae7273c,813b386f-801f-4851-b25c-5696f4d3f13c,fe5c1fb4-86b0-4628-9a28-9c35fd586a69
d8d7340a-335e-40c7-8ea1-a9109ae7273c,0bc029df-1b28-4db3-886a-6c3754bdb249,8e0e97ad-7113-4402-b9c5-76a6773584ab,->,d8d7340a-335e-40c7-8ea1-a9109ae7273c,solitaire/presentation/PTasAlterne.java,remove
d8d7340a-335e-40c7-8ea1-a9109ae7273c,0bc029df-1b28-4db3-886a-6c3754bdb249,8e0e97ad-7113-4402-b9c5-76a6773584ab,->,d8d7340a-335e-40c7-8ea1-a9109ae7273c,solitaire/presentation/PTasAlterne.java,remove
d8d7340a-335e-40c7-8ea1-a9109ae7273c,0bc029df-1b28-4db3-886a-6c3754bdb249,8e0e97ad-7113-4402-b9c5-76a6773584ab,->,d8d7340a-335e-40c7-8ea1-a9109ae7273c,solitaire/presentation/PTasAlterne.java,repaint
d8d7340a-335e-40c7-8ea1-a9109ae7273c,0bc029df-1b28-4db3-886a-6c3754bdb249,95922abd-499f-4300-b9b1-9d68e92cce6e,->,d8d7340a-335e-40c7-8ea1-a9109ae7273c,813b386f-801f-4851-b25c-5696f4d3f13c,73db4715-a551-4058-8a89-c6f28d450636
d8d7340a-335e-40c7-8ea1-a9109ae7273c,0bc029df-1b28-4db3-886a-6c3754bdb249,95922abd-499f-4300-b9b1-9d68e92cce6e,->,d8d7340a-335e-40c7-8ea1-a9109ae7273c,solitaire/presentation/PTasAlterne.java,getController
d8d7340a-335e-40c7-8ea1-a9109ae7273c,0bc029df-1b28-4db3-886a-6c3754bdb249,95922abd-499f-4300-b9b1-9d68e92cce6e,->,d8d7340a-335e-40c7-8ea1-a9109ae7273c,solitaire/controle/ICTas.java,isVide
d8d7340a-335e-40c7-8ea1-a9109ae7273c,0bc029df-1b28-4db3-886a-6c3754bdb249,95922abd-499f-4300-b9b1-9d68e92cce6e,->,d8d7340a-335e-40c7-8ea1-a9109ae7273c,solitaire/presentation/PTasAlterne.java,add
d8d7340a-335e-40c7-8ea1-a9109ae7273c,0bc029df-1b28-4db3-886a-6c3754bdb249,95922abd-499f-4300-b9b1-9d68e92cce6e,->,d8d7340a-335e-40c7-8ea1-a9109ae7273c,solitaire/presentation/PTasAlterne.java,repaint
d8d7340a-335e-40c7-8ea1-a9109ae7273c,0bc029df-1b28-4db3-886a-6c3754bdb249,0585e3db-d9bb-4c57-acfb-5ec76ec5d2be,->,d8d7340a-335e-40c7-8ea1-a9109ae7273c,813b386f-801f-4851-b25c-5696f4d3f13c,e18041f9-5db6-4207-af9b-008a049dfba7
d8d7340a-335e-40c7-8ea1-a9109ae7273c,0bc029df-1b28-4db3-886a-6c3754bdb249,0585e3db-d9bb-4c57-acfb-5ec76ec5d2be,->,d8d7340a-335e-40c7-8ea1-a9109ae7273c,solitaire/presentation/PTasAlterne.java,getController
d8d7340a-335e-40c7-8ea1-a9109ae7273c,0bc029df-1b28-4db3-886a-6c3754bdb249,0585e3db-d9bb-4c57-acfb-5ec76ec5d2be,->,d8d7340a-335e-40c7-8ea1-a9109ae7273c,solitaire/controle/ICTas.java,isVide
d8d7340a-335e-40c7-8ea1-a9109ae7273c,0bc029df-1b28-4db3-886a-6c3754bdb249,0585e3db-d9bb-4c57-acfb-5ec76ec5d2be,->,d8d7340a-335e-40c7-8ea1-a9109ae7273c,solitaire/presentation/PTasAlterne.java,add
d8d7340a-335e-40c7-8ea1-a9109ae7273c,0bc029df-1b28-4db3-886a-6c3754bdb249,0585e3db-d9bb-4c57-acfb-5ec76ec5d2be,->,d8d7340a-335e-40c7-8ea1-a9109ae7273c,solitaire/presentation/PTasAlterne.java,repaint
d8d7340a-335e-40c7-8ea1-a9109ae7273c,0bc029df-1b28-4db3-886a-6c3754bdb249,e381be80-41e8-4461-b1b8-18e56a95e7d6,->,d8d7340a-335e-40c7-8ea1-a9109ae7273c,813b386f-801f-4851-b25c-5696f4d3f13c,7ca09f49-1168-4e74-8b7d-71bb7dbc60da
d8d7340a-335e-40c7-8ea1-a9109ae7273c,0bc029df-1b28-4db3-886a-6c3754bdb249,e381be80-41e8-4461-b1b8-18e56a95e7d6,->,d8d7340a-335e-40c7-8ea1-a9109ae7273c,solitaire/presentation/PTasAlterne.java,remove
d8d7340a-335e-40c7-8ea1-a9109ae7273c,0bc029df-1b28-4db3-886a-6c3754bdb249,e381be80-41e8-4461-b1b8-18e56a95e7d6,->,d8d7340a-335e-40c7-8ea1-a9109ae7273c,solitaire/presentation/PTasAlterne.java,remove
d8d7340a-335e-40c7-8ea1-a9109ae7273c,0bc029df-1b28-4db3-886a-6c3754bdb249,e381be80-41e8-4461-b1b8-18e56a95e7d6,->,d8d7340a-335e-40c7-8ea1-a9109ae7273c,solitaire/presentation/PTasAlterne.java,repaint
d8d7340a-335e-40c7-8ea1-a9109ae7273c,0bc029df-1b28-4db3-886a-6c3754bdb249,e9c0bfe2-a4f3-4db5-a826-dfc8a57d4203,->,d8d7340a-335e-40c7-8ea1-a9109ae7273c,813b386f-801f-4851-b25c-5696f4d3f13c,8e3b3b52-d846-4946-a62c-76352fff1845
d8d7340a-335e-40c7-8ea1-a9109ae7273c,0bc029df-1b28-4db3-886a-6c3754bdb249,e9c0bfe2-a4f3-4db5-a826-dfc8a57d4203,->,d8d7340a-335e-40c7-8ea1-a9109ae7273c,solitaire/presentation/PTasAlterne.java,getRootPane
d8d7340a-335e-40c7-8ea1-a9109ae7273c,0bc029df-1b28-4db3-886a-6c3754bdb249,e9c0bfe2-a4f3-4db5-a826-dfc8a57d4203,->,d8d7340a-335e-40c7-8ea1-a9109ae7273c,javax/swing/JRootPane.java,getParent
d8d7340a-335e-40c7-8ea1-a9109ae7273c,0bc029df-1b28-4db3-886a-6c3754bdb249,e9c0bfe2-a4f3-4db5-a826-dfc8a57d4203,->,d8d7340a-335e-40c7-8ea1-a9109ae7273c,javax/swing/JWindow.java,add
d8d7340a-335e-40c7-8ea1-a9109ae7273c,0bc029df-1b28-4db3-886a-6c3754bdb249,e9c0bfe2-a4f3-4db5-a826-dfc8a57d4203,->,d8d7340a-335e-40c7-8ea1-a9109ae7273c,javax/swing/JWindow.java,pack
d8d7340a-335e-40c7-8ea1-a9109ae7273c,0bc029df-1b28-4db3-886a-6c3754bdb249,e9c0bfe2-a4f3-4db5-a826-dfc8a57d4203,->,d8d7340a-335e-40c7-8ea1-a9109ae7273c,java/awt/Cursor.java,getPredefinedCursor
d8d7340a-335e-40c7-8ea1-a9109ae7273c,0bc029df-1b28-4db3-886a-6c3754bdb249,e9c0bfe2-a4f3-4db5-a826-dfc8a57d4203,->,d8d7340a-335e-40c7-8ea1-a9109ae7273c,java/awt/dnd/DragSource.java,startDrag
d8d7340a-335e-40c7-8ea1-a9109ae7273c,solitaire/presentation/PTasAlterne$TasAlterneeDragSourceListener.java,dragDropEnd,->,d8d7340a-335e-40c7-8ea1-a9109ae7273c,java/awt/dnd/DragSourceDropEvent.java,getDropSuccess
d8d7340a-335e-40c7-8ea1-a9109ae7273c,solitaire/presentation/PTasAlterne$TasAlterneeDragSourceListener.java,dragDropEnd,->,d8d7340a-335e-40c7-8ea1-a9109ae7273c,solitaire/presentation/PTasAlterne.java,access$300
d8d7340a-335e-40c7-8ea1-a9109ae7273c,solitaire/presentation/PTasAlterne$TasAlterneeDragSourceListener.java,dragDropEnd,->,d8d7340a-335e-40c7-8ea1-a9109ae7273c,813b386f-801f-4851-b25c-5696f4d3f13c,1e3f5dae-2bfc-4c23-81d1-c12d76bcf61a
d8d7340a-335e-40c7-8ea1-a9109ae7273c,solitaire/presentation/PTasAlterne$TasAlterneeDragSourceListener.java,dragDropEnd,->,d8d7340a-335e-40c7-8ea1-a9109ae7273c,bc65c696-c590-4fcd-906d-a31c913c0a6f,021de2fa-fbab-4288-91b5-d310f6605d13
d8d7340a-335e-40c7-8ea1-a9109ae7273c,solitaire/presentation/PTasAlterne$TasAlterneeDragSourceListener.java,dragDropEnd,->,d8d7340a-335e-40c7-8ea1-a9109ae7273c,solitaire/presentation/PTasAlterne.java,access$300
d8d7340a-335e-40c7-8ea1-a9109ae7273c,solitaire/presentation/PTasAlterne$TasAlterneeDragSourceListener.java,dragDropEnd,->,d8d7340a-335e-40c7-8ea1-a9109ae7273c,813b386f-801f-4851-b25c-5696f4d3f13c,1e3f5dae-2bfc-4c23-81d1-c12d76bcf61a
d8d7340a-335e-40c7-8ea1-a9109ae7273c,solitaire/presentation/PTasAlterne$TasAlterneeDragSourceListener.java,dragDropEnd,->,d8d7340a-335e-40c7-8ea1-a9109ae7273c,bc65c696-c590-4fcd-906d-a31c913c0a6f,1459f7a6-4564-4e23-9f46-118aaffd61ab
d8d7340a-335e-40c7-8ea1-a9109ae7273c,solitaire/presentation/PTasAlterne$TasAlterneeDragSourceListener.java,dragDropEnd,->,d8d7340a-335e-40c7-8ea1-a9109ae7273c,solitaire/presentation/PTasAlterne.java,access$400
d8d7340a-335e-40c7-8ea1-a9109ae7273c,solitaire/presentation/PTasAlterne$TasAlterneeDragSourceListener.java,dragDropEnd,->,d8d7340a-335e-40c7-8ea1-a9109ae7273c,solitaire/presentation/PTasAlterne.java,access$300
d8d7340a-335e-40c7-8ea1-a9109ae7273c,solitaire/presentation/PTasAlterne$TasAlterneeDragSourceListener.java,dragDropEnd,->,d8d7340a-335e-40c7-8ea1-a9109ae7273c,javax/swing/JWindow.java,remove
d8d7340a-335e-40c7-8ea1-a9109ae7273c,solitaire/presentation/PTasAlterne$TasAlterneeDragSourceListener.java,dragDropEnd,->,d8d7340a-335e-40c7-8ea1-a9109ae7273c,solitaire/presentation/PTasAlterne.java,access$400
d8d7340a-335e-40c7-8ea1-a9109ae7273c,solitaire/presentation/PTasAlterne$TasAlterneeDragSourceListener.java,dragDropEnd,->,d8d7340a-335e-40c7-8ea1-a9109ae7273c,javax/swing/JWindow.java,setVisible
d8d7340a-335e-40c7-8ea1-a9109ae7273c,solitaire/presentation/PTasColore$TasColoreDragGestureListener.java,dragGestureRecognized,->,d8d7340a-335e-40c7-8ea1-a9109ae7273c,solitaire/presentation/PTasColore.java,access$502
d8d7340a-335e-40c7-8ea1-a9109ae7273c,solitaire/presentation/PTasColore$TasColoreDragGestureListener.java,dragGestureRecognized,->,d8d7340a-335e-40c7-8ea1-a9109ae7273c,java/awt/dnd/DragGestureEvent.java,getComponent
d8d7340a-335e-40c7-8ea1-a9109ae7273c,solitaire/presentation/PTasColore$TasColoreDragGestureListener.java,dragGestureRecognized,->,d8d7340a-335e-40c7-8ea1-a9109ae7273c,java/awt/dnd/DragGestureEvent.java,getDragOrigin
d8d7340a-335e-40c7-8ea1-a9109ae7273c,solitaire/presentation/PTasColore$TasColoreDragGestureListener.java,dragGestureRecognized,->,d8d7340a-335e-40c7-8ea1-a9109ae7273c,solitaire/presentation/PTasDeCartes.java,getComponentAt
d8d7340a-335e-40c7-8ea1-a9109ae7273c,solitaire/presentation/PTasColore$TasColoreDragGestureListener.java,dragGestureRecognized,->,d8d7340a-335e-40c7-8ea1-a9109ae7273c,java/lang/Object.java,getClass
d8d7340a-335e-40c7-8ea1-a9109ae7273c,solitaire/presentation/PTasColore$TasColoreDragGestureListener.java,dragGestureRecognized,->,d8d7340a-335e-40c7-8ea1-a9109ae7273c,java/lang/Class.java,toString
d8d7340a-335e-40c7-8ea1-a9109ae7273c,solitaire/presentation/PTasColore$TasColoreDragGestureListener.java,dragGestureRecognized,->,d8d7340a-335e-40c7-8ea1-a9109ae7273c,java/lang/String.java,contains
d8d7340a-335e-40c7-8ea1-a9109ae7273c,solitaire/presentation/PTasColore$TasColoreDragGestureListener.java,dragGestureRecognized,->,d8d7340a-335e-40c7-8ea1-a9109ae7273c,java/awt/dnd/DragGestureEvent.java,getDragOrigin
d8d7340a-335e-40c7-8ea1-a9109ae7273c,solitaire/presentation/PTasColore$TasColoreDragGestureListener.java,dragGestureRecognized,->,d8d7340a-335e-40c7-8ea1-a9109ae7273c,solitaire/presentation/PTasDeCartes.java,getComponentAt
d8d7340a-335e-40c7-8ea1-a9109ae7273c,solitaire/presentation/PTasColore$TasColoreDragGestureListener.java,dragGestureRecognized,->,d8d7340a-335e-40c7-8ea1-a9109ae7273c,d5516bd5-5221-43c5-94b2-56935460f17a,3a19d4aa-4fe7-47f2-a48a-8bd3d4ab1325
d8d7340a-335e-40c7-8ea1-a9109ae7273c,solitaire/presentation/PTasColore$TasColoreDragGestureListener.java,dragGestureRecognized,->,d8d7340a-335e-40c7-8ea1-a9109ae7273c,38f79285-42fb-46b4-a03a-a86660449dce,ef98e5ae-61fb-44df-a907-c94e4a6986fe
d8d7340a-335e-40c7-8ea1-a9109ae7273c,solitaire/presentation/PTasColore$TasColoreDragSourceListener.java,dragDropEnd,->,d8d7340a-335e-40c7-8ea1-a9109ae7273c,java/awt/dnd/DragSourceDropEvent.java,getDropSuccess
d8d7340a-335e-40c7-8ea1-a9109ae7273c,solitaire/presentation/PTasColore$TasColoreDragSourceListener.java,dragDropEnd,->,d8d7340a-335e-40c7-8ea1-a9109ae7273c,solitaire/presentation/PTasColore.java,access$300
d8d7340a-335e-40c7-8ea1-a9109ae7273c,solitaire/presentation/PTasColore$TasColoreDragSourceListener.java,dragDropEnd,->,d8d7340a-335e-40c7-8ea1-a9109ae7273c,813b386f-801f-4851-b25c-5696f4d3f13c,1e3f5dae-2bfc-4c23-81d1-c12d76bcf61a
d8d7340a-335e-40c7-8ea1-a9109ae7273c,solitaire/presentation/PTasColore$TasColoreDragSourceListener.java,dragDropEnd,->,d8d7340a-335e-40c7-8ea1-a9109ae7273c,38f79285-42fb-46b4-a03a-a86660449dce,af822213-74d2-4d62-8450-701cb92e88f6
d8d7340a-335e-40c7-8ea1-a9109ae7273c,solitaire/presentation/PTasColore$TasColoreDragSourceListener.java,dragDropEnd,->,d8d7340a-335e-40c7-8ea1-a9109ae7273c,solitaire/presentation/PTasColore.java,access$400
d8d7340a-335e-40c7-8ea1-a9109ae7273c,solitaire/presentation/PTasColore$TasColoreDragSourceListener.java,dragDropEnd,->,d8d7340a-335e-40c7-8ea1-a9109ae7273c,solitaire/presentation/PTasColore.java,access$300
d8d7340a-335e-40c7-8ea1-a9109ae7273c,solitaire/presentation/PTasColore$TasColoreDragSourceListener.java,dragDropEnd,->,d8d7340a-335e-40c7-8ea1-a9109ae7273c,javax/swing/JWindow.java,remove
d8d7340a-335e-40c7-8ea1-a9109ae7273c,solitaire/presentation/PTasColore$TasColoreDragSourceListener.java,dragDropEnd,->,d8d7340a-335e-40c7-8ea1-a9109ae7273c,solitaire/presentation/PTasColore.java,access$400
d8d7340a-335e-40c7-8ea1-a9109ae7273c,solitaire/presentation/PTasColore$TasColoreDragSourceListener.java,dragDropEnd,->,d8d7340a-335e-40c7-8ea1-a9109ae7273c,javax/swing/JWindow.java,setVisible
d8d7340a-335e-40c7-8ea1-a9109ae7273c,solitaire/presentation/PSabot$RetournerCarteListener.java,mouseReleased,->,d8d7340a-335e-40c7-8ea1-a9109ae7273c,solitaire/presentation/PSabot.java,access$400
d8d7340a-335e-40c7-8ea1-a9109ae7273c,solitaire/presentation/PSabot$RetournerCarteListener.java,mouseReleased,->,d8d7340a-335e-40c7-8ea1-a9109ae7273c,a6ceaea8-90ca-49eb-a8cd-9d3f80794d1a,9df6c667-2ccb-4b4e-8aab-a6a62374cf1e
d8d7340a-335e-40c7-8ea1-a9109ae7273c,solitaire/presentation/PTasColore$TasColoreDragSourceMotionListener.java,dragMouseMoved,->,d8d7340a-335e-40c7-8ea1-a9109ae7273c,solitaire/presentation/PTasColore.java,access$400
d8d7340a-335e-40c7-8ea1-a9109ae7273c,solitaire/presentation/PTasColore$TasColoreDragSourceMotionListener.java,dragMouseMoved,->,d8d7340a-335e-40c7-8ea1-a9109ae7273c,java/awt/dnd/DragSourceDragEvent.java,getX
d8d7340a-335e-40c7-8ea1-a9109ae7273c,solitaire/presentation/PTasColore$TasColoreDragSourceMotionListener.java,dragMouseMoved,->,d8d7340a-335e-40c7-8ea1-a9109ae7273c,solitaire/presentation/PTasColore.java,access$400
d8d7340a-335e-40c7-8ea1-a9109ae7273c,solitaire/presentation/PTasColore$TasColoreDragSourceMotionListener.java,dragMouseMoved,->,d8d7340a-335e-40c7-8ea1-a9109ae7273c,javax/swing/JWindow.java,getWidth
d8d7340a-335e-40c7-8ea1-a9109ae7273c,solitaire/presentation/PTasColore$TasColoreDragSourceMotionListener.java,dragMouseMoved,->,d8d7340a-335e-40c7-8ea1-a9109ae7273c,java/awt/dnd/DragSourceDragEvent.java,getY
d8d7340a-335e-40c7-8ea1-a9109ae7273c,solitaire/presentation/PTasColore$TasColoreDragSourceMotionListener.java,dragMouseMoved,->,d8d7340a-335e-40c7-8ea1-a9109ae7273c,javax/swing/JWindow.java,setLocation
d8d7340a-335e-40c7-8ea1-a9109ae7273c,solitaire/presentation/PTasColore$TasColoreDragSourceMotionListener.java,dragMouseMoved,->,d8d7340a-335e-40c7-8ea1-a9109ae7273c,solitaire/presentation/PTasColore.java,access$400
d8d7340a-335e-40c7-8ea1-a9109ae7273c,solitaire/presentation/PTasColore$TasColoreDragSourceMotionListener.java,dragMouseMoved,->,d8d7340a-335e-40c7-8ea1-a9109ae7273c,javax/swing/JWindow.java,setVisible
d8d7340a-335e-40c7-8ea1-a9109ae7273c,a6ceaea8-90ca-49eb-a8cd-9d3f80794d1a,0c811c9b-631f-4615-bc6b-9cb0ef812069,->,d8d7340a-335e-40c7-8ea1-a9109ae7273c,solitaire/controle/CSabot.java,isVide
d8d7340a-335e-40c7-8ea1-a9109ae7273c,a6ceaea8-90ca-49eb-a8cd-9d3f80794d1a,0c811c9b-631f-4615-bc6b-9cb0ef812069,->,d8d7340a-335e-40c7-8ea1-a9109ae7273c,solitaire/application/Sabot.java,depiler
d8d7340a-335e-40c7-8ea1-a9109ae7273c,a6ceaea8-90ca-49eb-a8cd-9d3f80794d1a,428b2e57-c074-44a7-a743-3644eb5b73b4,->,d8d7340a-335e-40c7-8ea1-a9109ae7273c,solitaire/controle/CSabot.java,isRetournable
d8d7340a-335e-40c7-8ea1-a9109ae7273c,a6ceaea8-90ca-49eb-a8cd-9d3f80794d1a,428b2e57-c074-44a7-a743-3644eb5b73b4,->,d8d7340a-335e-40c7-8ea1-a9109ae7273c,solitaire/application/Sabot.java,retourner
d8d7340a-335e-40c7-8ea1-a9109ae7273c,a6ceaea8-90ca-49eb-a8cd-9d3f80794d1a,428b2e57-c074-44a7-a743-3644eb5b73b4,->,d8d7340a-335e-40c7-8ea1-a9109ae7273c,af680a58-7c3a-46f9-a31d-e9fcd1f265f0,5f5a82f0-4493-44b4-b4f1-0b8d59ba13fc
d8d7340a-335e-40c7-8ea1-a9109ae7273c,a6ceaea8-90ca-49eb-a8cd-9d3f80794d1a,b5858c73-3039-4f2c-9ab3-cced50b2df0f,->,d8d7340a-335e-40c7-8ea1-a9109ae7273c,solitaire/controle/CSabot.java,isCarteRetournable
d8d7340a-335e-40c7-8ea1-a9109ae7273c,a6ceaea8-90ca-49eb-a8cd-9d3f80794d1a,b5858c73-3039-4f2c-9ab3-cced50b2df0f,->,d8d7340a-335e-40c7-8ea1-a9109ae7273c,solitaire/application/Sabot.java,retournerCarte
d8d7340a-335e-40c7-8ea1-a9109ae7273c,a6ceaea8-90ca-49eb-a8cd-9d3f80794d1a,b5858c73-3039-4f2c-9ab3-cced50b2df0f,->,d8d7340a-335e-40c7-8ea1-a9109ae7273c,af680a58-7c3a-46f9-a31d-e9fcd1f265f0,5f5a82f0-4493-44b4-b4f1-0b8d59ba13fc
d8d7340a-335e-40c7-8ea1-a9109ae7273c,a6ceaea8-90ca-49eb-a8cd-9d3f80794d1a,9df6c667-2ccb-4b4e-8aab-a6a62374cf1e,->,d8d7340a-335e-40c7-8ea1-a9109ae7273c,solitaire/controle/CSabot.java,isRetournable
d8d7340a-335e-40c7-8ea1-a9109ae7273c,a6ceaea8-90ca-49eb-a8cd-9d3f80794d1a,9df6c667-2ccb-4b4e-8aab-a6a62374cf1e,->,d8d7340a-335e-40c7-8ea1-a9109ae7273c,a6ceaea8-90ca-49eb-a8cd-9d3f80794d1a,428b2e57-c074-44a7-a743-3644eb5b73b4
d8d7340a-335e-40c7-8ea1-a9109ae7273c,a6ceaea8-90ca-49eb-a8cd-9d3f80794d1a,9df6c667-2ccb-4b4e-8aab-a6a62374cf1e,->,d8d7340a-335e-40c7-8ea1-a9109ae7273c,a6ceaea8-90ca-49eb-a8cd-9d3f80794d1a,b5858c73-3039-4f2c-9ab3-cced50b2df0f
d8d7340a-335e-40c7-8ea1-a9109ae7273c,a6ceaea8-90ca-49eb-a8cd-9d3f80794d1a,9df6c667-2ccb-4b4e-8aab-a6a62374cf1e,->,d8d7340a-335e-40c7-8ea1-a9109ae7273c,java/lang/StringBuilder.java,append
d8d7340a-335e-40c7-8ea1-a9109ae7273c,a6ceaea8-90ca-49eb-a8cd-9d3f80794d1a,9df6c667-2ccb-4b4e-8aab-a6a62374cf1e,->,d8d7340a-335e-40c7-8ea1-a9109ae7273c,java/lang/Exception.java,getMessage
d8d7340a-335e-40c7-8ea1-a9109ae7273c,a6ceaea8-90ca-49eb-a8cd-9d3f80794d1a,9df6c667-2ccb-4b4e-8aab-a6a62374cf1e,->,d8d7340a-335e-40c7-8ea1-a9109ae7273c,java/lang/StringBuilder.java,append
d8d7340a-335e-40c7-8ea1-a9109ae7273c,a6ceaea8-90ca-49eb-a8cd-9d3f80794d1a,9df6c667-2ccb-4b4e-8aab-a6a62374cf1e,->,d8d7340a-335e-40c7-8ea1-a9109ae7273c,java/lang/StringBuilder.java,toString
d8d7340a-335e-40c7-8ea1-a9109ae7273c,a6ceaea8-90ca-49eb-a8cd-9d3f80794d1a,9df6c667-2ccb-4b4e-8aab-a6a62374cf1e,->,d8d7340a-335e-40c7-8ea1-a9109ae7273c,java/io/PrintStream.java,println
d8d7340a-335e-40c7-8ea1-a9109ae7273c,a6ceaea8-90ca-49eb-a8cd-9d3f80794d1a,84c0e770-b898-4ded-b1ab-a0f41e2cfeb4,->,d8d7340a-335e-40c7-8ea1-a9109ae7273c,solitaire/controle/CSabot.java,getSommet
d8d7340a-335e-40c7-8ea1-a9109ae7273c,a6ceaea8-90ca-49eb-a8cd-9d3f80794d1a,84c0e770-b898-4ded-b1ab-a0f41e2cfeb4,->,d8d7340a-335e-40c7-8ea1-a9109ae7273c,a6ceaea8-90ca-49eb-a8cd-9d3f80794d1a,0c811c9b-631f-4615-bc6b-9cb0ef812069
d8d7340a-335e-40c7-8ea1-a9109ae7273c,a6ceaea8-90ca-49eb-a8cd-9d3f80794d1a,84c0e770-b898-4ded-b1ab-a0f41e2cfeb4,->,d8d7340a-335e-40c7-8ea1-a9109ae7273c,8e4d80d6-0ac6-4f46-ad95-027ead881522,e5441167-c8ec-41cc-b2ef-0ed4024ce1f2
d8d7340a-335e-40c7-8ea1-a9109ae7273c,a6ceaea8-90ca-49eb-a8cd-9d3f80794d1a,84c0e770-b898-4ded-b1ab-a0f41e2cfeb4,->,d8d7340a-335e-40c7-8ea1-a9109ae7273c,8e4d80d6-0ac6-4f46-ad95-027ead881522,30fb1ed8-3c1c-463c-b9f1-753f621af708
d8d7340a-335e-40c7-8ea1-a9109ae7273c,a6ceaea8-90ca-49eb-a8cd-9d3f80794d1a,84c0e770-b898-4ded-b1ab-a0f41e2cfeb4,->,d8d7340a-335e-40c7-8ea1-a9109ae7273c,af680a58-7c3a-46f9-a31d-e9fcd1f265f0,6f326b25-e052-4fcd-902b-d165b18e21f4
d8d7340a-335e-40c7-8ea1-a9109ae7273c,a6ceaea8-90ca-49eb-a8cd-9d3f80794d1a,84c0e770-b898-4ded-b1ab-a0f41e2cfeb4,->,d8d7340a-335e-40c7-8ea1-a9109ae7273c,java/lang/StringBuilder.java,append
d8d7340a-335e-40c7-8ea1-a9109ae7273c,a6ceaea8-90ca-49eb-a8cd-9d3f80794d1a,84c0e770-b898-4ded-b1ab-a0f41e2cfeb4,->,d8d7340a-335e-40c7-8ea1-a9109ae7273c,java/lang/Exception.java,getMessage
d8d7340a-335e-40c7-8ea1-a9109ae7273c,a6ceaea8-90ca-49eb-a8cd-9d3f80794d1a,84c0e770-b898-4ded-b1ab-a0f41e2cfeb4,->,d8d7340a-335e-40c7-8ea1-a9109ae7273c,java/lang/StringBuilder.java,append
d8d7340a-335e-40c7-8ea1-a9109ae7273c,a6ceaea8-90ca-49eb-a8cd-9d3f80794d1a,84c0e770-b898-4ded-b1ab-a0f41e2cfeb4,->,d8d7340a-335e-40c7-8ea1-a9109ae7273c,java/lang/StringBuilder.java,toString
d8d7340a-335e-40c7-8ea1-a9109ae7273c,a6ceaea8-90ca-49eb-a8cd-9d3f80794d1a,84c0e770-b898-4ded-b1ab-a0f41e2cfeb4,->,d8d7340a-335e-40c7-8ea1-a9109ae7273c,java/io/PrintStream.java,println
d8d7340a-335e-40c7-8ea1-a9109ae7273c,a6ceaea8-90ca-49eb-a8cd-9d3f80794d1a,affc2f03-d055-416a-97f1-bfed9fe36823,->,d8d7340a-335e-40c7-8ea1-a9109ae7273c,solitaire/controle/ICTas.java,getSommet
d8d7340a-335e-40c7-8ea1-a9109ae7273c,a6ceaea8-90ca-49eb-a8cd-9d3f80794d1a,affc2f03-d055-416a-97f1-bfed9fe36823,->,d8d7340a-335e-40c7-8ea1-a9109ae7273c,8e4d80d6-0ac6-4f46-ad95-027ead881522,e5441167-c8ec-41cc-b2ef-0ed4024ce1f2
d8d7340a-335e-40c7-8ea1-a9109ae7273c,a6ceaea8-90ca-49eb-a8cd-9d3f80794d1a,affc2f03-d055-416a-97f1-bfed9fe36823,->,d8d7340a-335e-40c7-8ea1-a9109ae7273c,java/lang/Exception.java,printStackTrace
d8d7340a-335e-40c7-8ea1-a9109ae7273c,a6ceaea8-90ca-49eb-a8cd-9d3f80794d1a,cbdd57b3-47d2-4d5d-85bf-67e1ee9fbd5a,->,d8d7340a-335e-40c7-8ea1-a9109ae7273c,9f136e1a-231c-43ca-9ae1-feb11be7abfe,6aa069b0-69b9-4b37-9496-aaed38b8ab5c
d8d7340a-335e-40c7-8ea1-a9109ae7273c,a6ceaea8-90ca-49eb-a8cd-9d3f80794d1a,cbdd57b3-47d2-4d5d-85bf-67e1ee9fbd5a,->,d8d7340a-335e-40c7-8ea1-a9109ae7273c,9f136e1a-231c-43ca-9ae1-feb11be7abfe,33fc90e5-b6a5-4a84-a9e6-1fec681194e0
d8d7340a-335e-40c7-8ea1-a9109ae7273c,a6ceaea8-90ca-49eb-a8cd-9d3f80794d1a,cbdd57b3-47d2-4d5d-85bf-67e1ee9fbd5a,->,d8d7340a-335e-40c7-8ea1-a9109ae7273c,9f136e1a-231c-43ca-9ae1-feb11be7abfe,7f71da4d-ba69-48f6-979b-3375812834bf
d8d7340a-335e-40c7-8ea1-a9109ae7273c,a6ceaea8-90ca-49eb-a8cd-9d3f80794d1a,cbdd57b3-47d2-4d5d-85bf-67e1ee9fbd5a,->,d8d7340a-335e-40c7-8ea1-a9109ae7273c,solitaire/application/TasDeCartes.java,empiler
d8d7340a-335e-40c7-8ea1-a9109ae7273c,a6ceaea8-90ca-49eb-a8cd-9d3f80794d1a,cbdd57b3-47d2-4d5d-85bf-67e1ee9fbd5a,->,d8d7340a-335e-40c7-8ea1-a9109ae7273c,9f136e1a-231c-43ca-9ae1-feb11be7abfe,7f71da4d-ba69-48f6-979b-3375812834bf
d8d7340a-335e-40c7-8ea1-a9109ae7273c,a6ceaea8-90ca-49eb-a8cd-9d3f80794d1a,cbdd57b3-47d2-4d5d-85bf-67e1ee9fbd5a,->,d8d7340a-335e-40c7-8ea1-a9109ae7273c,solitaire/application/TasDeCartes.java,empiler
d8d7340a-335e-40c7-8ea1-a9109ae7273c,a6ceaea8-90ca-49eb-a8cd-9d3f80794d1a,cbdd57b3-47d2-4d5d-85bf-67e1ee9fbd5a,->,d8d7340a-335e-40c7-8ea1-a9109ae7273c,9f136e1a-231c-43ca-9ae1-feb11be7abfe,7f71da4d-ba69-48f6-979b-3375812834bf
d8d7340a-335e-40c7-8ea1-a9109ae7273c,a6ceaea8-90ca-49eb-a8cd-9d3f80794d1a,cbdd57b3-47d2-4d5d-85bf-67e1ee9fbd5a,->,d8d7340a-335e-40c7-8ea1-a9109ae7273c,solitaire/application/TasDeCartes.java,empiler
d8d7340a-335e-40c7-8ea1-a9109ae7273c,a6ceaea8-90ca-49eb-a8cd-9d3f80794d1a,cbdd57b3-47d2-4d5d-85bf-67e1ee9fbd5a,->,d8d7340a-335e-40c7-8ea1-a9109ae7273c,9f136e1a-231c-43ca-9ae1-feb11be7abfe,7f71da4d-ba69-48f6-979b-3375812834bf
d8d7340a-335e-40c7-8ea1-a9109ae7273c,a6ceaea8-90ca-49eb-a8cd-9d3f80794d1a,cbdd57b3-47d2-4d5d-85bf-67e1ee9fbd5a,->,d8d7340a-335e-40c7-8ea1-a9109ae7273c,solitaire/application/TasDeCartes.java,empiler
d8d7340a-335e-40c7-8ea1-a9109ae7273c,a6ceaea8-90ca-49eb-a8cd-9d3f80794d1a,cbdd57b3-47d2-4d5d-85bf-67e1ee9fbd5a,->,d8d7340a-335e-40c7-8ea1-a9109ae7273c,9f136e1a-231c-43ca-9ae1-feb11be7abfe,7f71da4d-ba69-48f6-979b-3375812834bf
d8d7340a-335e-40c7-8ea1-a9109ae7273c,a6ceaea8-90ca-49eb-a8cd-9d3f80794d1a,cbdd57b3-47d2-4d5d-85bf-67e1ee9fbd5a,->,d8d7340a-335e-40c7-8ea1-a9109ae7273c,solitaire/application/TasDeCartes.java,empiler
d8d7340a-335e-40c7-8ea1-a9109ae7273c,a6ceaea8-90ca-49eb-a8cd-9d3f80794d1a,cbdd57b3-47d2-4d5d-85bf-67e1ee9fbd5a,->,d8d7340a-335e-40c7-8ea1-a9109ae7273c,solitaire/controle/CSabot.java,setReserve
d8d7340a-335e-40c7-8ea1-a9109ae7273c,a6ceaea8-90ca-49eb-a8cd-9d3f80794d1a,cbdd57b3-47d2-4d5d-85bf-67e1ee9fbd5a,->,d8d7340a-335e-40c7-8ea1-a9109ae7273c,javax/swing/JFrame.java,getContentPane
d8d7340a-335e-40c7-8ea1-a9109ae7273c,a6ceaea8-90ca-49eb-a8cd-9d3f80794d1a,cbdd57b3-47d2-4d5d-85bf-67e1ee9fbd5a,->,d8d7340a-335e-40c7-8ea1-a9109ae7273c,a6ceaea8-90ca-49eb-a8cd-9d3f80794d1a,7dd6a858-37d1-4589-8244-92ef76e65645
d8d7340a-335e-40c7-8ea1-a9109ae7273c,a6ceaea8-90ca-49eb-a8cd-9d3f80794d1a,cbdd57b3-47d2-4d5d-85bf-67e1ee9fbd5a,->,d8d7340a-335e-40c7-8ea1-a9109ae7273c,java/awt/Container.java,add
d8d7340a-335e-40c7-8ea1-a9109ae7273c,a6ceaea8-90ca-49eb-a8cd-9d3f80794d1a,cbdd57b3-47d2-4d5d-85bf-67e1ee9fbd5a,->,d8d7340a-335e-40c7-8ea1-a9109ae7273c,javax/swing/JFrame.java,setSize
d8d7340a-335e-40c7-8ea1-a9109ae7273c,a6ceaea8-90ca-49eb-a8cd-9d3f80794d1a,cbdd57b3-47d2-4d5d-85bf-67e1ee9fbd5a,->,d8d7340a-335e-40c7-8ea1-a9109ae7273c,javax/swing/JFrame.java,setPreferredSize
d8d7340a-335e-40c7-8ea1-a9109ae7273c,a6ceaea8-90ca-49eb-a8cd-9d3f80794d1a,cbdd57b3-47d2-4d5d-85bf-67e1ee9fbd5a,->,d8d7340a-335e-40c7-8ea1-a9109ae7273c,javax/swing/JFrame.java,setVisible
d8d7340a-335e-40c7-8ea1-a9109ae7273c,a6ceaea8-90ca-49eb-a8cd-9d3f80794d1a,cbdd57b3-47d2-4d5d-85bf-67e1ee9fbd5a,->,d8d7340a-335e-40c7-8ea1-a9109ae7273c,javax/swing/JFrame.java,setDefaultCloseOperation
d8d7340a-335e-40c7-8ea1-a9109ae7273c,9f136e1a-231c-43ca-9ae1-feb11be7abfe,02243fd9-916a-4c2e-ad48-e53803858e31,->,d8d7340a-335e-40c7-8ea1-a9109ae7273c,solitaire/application/Usine.java,newDoubleTas
d8d7340a-335e-40c7-8ea1-a9109ae7273c,f7dc8d66-9844-4560-8088-760292bf9c44,948cef47-02ad-429a-94ce-b9de081be2df,->,d8d7340a-335e-40c7-8ea1-a9109ae7273c,solitaire/application/Solitaire.java,initialiser
d8d7340a-335e-40c7-8ea1-a9109ae7273c,f7dc8d66-9844-4560-8088-760292bf9c44,948cef47-02ad-429a-94ce-b9de081be2df,->,d8d7340a-335e-40c7-8ea1-a9109ae7273c,a6ceaea8-90ca-49eb-a8cd-9d3f80794d1a,7dd6a858-37d1-4589-8244-92ef76e65645
d8d7340a-335e-40c7-8ea1-a9109ae7273c,f7dc8d66-9844-4560-8088-760292bf9c44,948cef47-02ad-429a-94ce-b9de081be2df,->,d8d7340a-335e-40c7-8ea1-a9109ae7273c,5ea6ae7d-cfb7-4d71-9066-61f2efa22116,bf8d38b7-7cc5-440e-9d54-9bd9cc840ac7
d8d7340a-335e-40c7-8ea1-a9109ae7273c,f7dc8d66-9844-4560-8088-760292bf9c44,948cef47-02ad-429a-94ce-b9de081be2df,->,d8d7340a-335e-40c7-8ea1-a9109ae7273c,38f79285-42fb-46b4-a03a-a86660449dce,d75fc295-6cea-4b5c-a044-5a23d5fd9d22
d8d7340a-335e-40c7-8ea1-a9109ae7273c,f7dc8d66-9844-4560-8088-760292bf9c44,948cef47-02ad-429a-94ce-b9de081be2df,->,d8d7340a-335e-40c7-8ea1-a9109ae7273c,5ea6ae7d-cfb7-4d71-9066-61f2efa22116,2eb17f96-f18c-4584-9d89-2ff1826ac9f8
d8d7340a-335e-40c7-8ea1-a9109ae7273c,f7dc8d66-9844-4560-8088-760292bf9c44,948cef47-02ad-429a-94ce-b9de081be2df,->,d8d7340a-335e-40c7-8ea1-a9109ae7273c,e9264971-ead2-4d28-8723-7f4e14273971,840f51d6-7b9a-450d-a1b6-15fddcd36ba6
d8d7340a-335e-40c7-8ea1-a9109ae7273c,f7dc8d66-9844-4560-8088-760292bf9c44,948cef47-02ad-429a-94ce-b9de081be2df,->,d8d7340a-335e-40c7-8ea1-a9109ae7273c,5ea6ae7d-cfb7-4d71-9066-61f2efa22116,e4b0bb5f-4850-4400-87a9-422833c93898
d8d7340a-335e-40c7-8ea1-a9109ae7273c,f7dc8d66-9844-4560-8088-760292bf9c44,478f5db7-3085-460b-a8b4-161399b44a25,->,d8d7340a-335e-40c7-8ea1-a9109ae7273c,f7dc8d66-9844-4560-8088-760292bf9c44,948cef47-02ad-429a-94ce-b9de081be2df
d8d7340a-335e-40c7-8ea1-a9109ae7273c,f7dc8d66-9844-4560-8088-760292bf9c44,478f5db7-3085-460b-a8b4-161399b44a25,->,d8d7340a-335e-40c7-8ea1-a9109ae7273c,javax/swing/JFrame.java,getContentPane
d8d7340a-335e-40c7-8ea1-a9109ae7273c,f7dc8d66-9844-4560-8088-760292bf9c44,478f5db7-3085-460b-a8b4-161399b44a25,->,d8d7340a-335e-40c7-8ea1-a9109ae7273c,f7dc8d66-9844-4560-8088-760292bf9c44,5e185b0f-ad83-4114-858f-6471da0fccc7
d8d7340a-335e-40c7-8ea1-a9109ae7273c,f7dc8d66-9844-4560-8088-760292bf9c44,478f5db7-3085-460b-a8b4-161399b44a25,->,d8d7340a-335e-40c7-8ea1-a9109ae7273c,java/awt/Container.java,add
d8d7340a-335e-40c7-8ea1-a9109ae7273c,f7dc8d66-9844-4560-8088-760292bf9c44,478f5db7-3085-460b-a8b4-161399b44a25,->,d8d7340a-335e-40c7-8ea1-a9109ae7273c,javax/swing/JFrame.java,setDefaultCloseOperation
d8d7340a-335e-40c7-8ea1-a9109ae7273c,f7dc8d66-9844-4560-8088-760292bf9c44,478f5db7-3085-460b-a8b4-161399b44a25,->,d8d7340a-335e-40c7-8ea1-a9109ae7273c,f7dc8d66-9844-4560-8088-760292bf9c44,5e185b0f-ad83-4114-858f-6471da0fccc7
d8d7340a-335e-40c7-8ea1-a9109ae7273c,f7dc8d66-9844-4560-8088-760292bf9c44,478f5db7-3085-460b-a8b4-161399b44a25,->,d8d7340a-335e-40c7-8ea1-a9109ae7273c,5ea6ae7d-cfb7-4d71-9066-61f2efa22116,8d3a916f-4a90-428b-b5a8-65398c04670a
d8d7340a-335e-40c7-8ea1-a9109ae7273c,f7dc8d66-9844-4560-8088-760292bf9c44,478f5db7-3085-460b-a8b4-161399b44a25,->,d8d7340a-335e-40c7-8ea1-a9109ae7273c,javax/swing/JFrame.java,setJMenuBar
d8d7340a-335e-40c7-8ea1-a9109ae7273c,f7dc8d66-9844-4560-8088-760292bf9c44,478f5db7-3085-460b-a8b4-161399b44a25,->,d8d7340a-335e-40c7-8ea1-a9109ae7273c,javax/swing/JFrame.java,setMinimumSize
d8d7340a-335e-40c7-8ea1-a9109ae7273c,f7dc8d66-9844-4560-8088-760292bf9c44,478f5db7-3085-460b-a8b4-161399b44a25,->,d8d7340a-335e-40c7-8ea1-a9109ae7273c,javax/swing/JFrame.java,setSize
d8d7340a-335e-40c7-8ea1-a9109ae7273c,f7dc8d66-9844-4560-8088-760292bf9c44,478f5db7-3085-460b-a8b4-161399b44a25,->,d8d7340a-335e-40c7-8ea1-a9109ae7273c,javax/swing/JFrame.java,setVisible
d8d7340a-335e-40c7-8ea1-a9109ae7273c,f7dc8d66-9844-4560-8088-760292bf9c44,478f5db7-3085-460b-a8b4-161399b44a25,->,d8d7340a-335e-40c7-8ea1-a9109ae7273c,javax/swing/JFrame.java,getParent
d8d7340a-335e-40c7-8ea1-a9109ae7273c,f7dc8d66-9844-4560-8088-760292bf9c44,478f5db7-3085-460b-a8b4-161399b44a25,->,d8d7340a-335e-40c7-8ea1-a9109ae7273c,javax/swing/JFrame.java,setLocationRelativeTo
d8d7340a-335e-40c7-8ea1-a9109ae7273c,f7dc8d66-9844-4560-8088-760292bf9c44,478f5db7-3085-460b-a8b4-161399b44a25,->,d8d7340a-335e-40c7-8ea1-a9109ae7273c,solitaire/controle/CSolitaire.java,run
d8d7340a-335e-40c7-8ea1-a9109ae7273c,e9264971-ead2-4d28-8723-7f4e14273971,3b8d464f-c19d-41f7-aecb-f941d4631562,->,d8d7340a-335e-40c7-8ea1-a9109ae7273c,solitaire/controle/CColonne.java,isCarteRetournable
d8d7340a-335e-40c7-8ea1-a9109ae7273c,e9264971-ead2-4d28-8723-7f4e14273971,3b8d464f-c19d-41f7-aecb-f941d4631562,->,d8d7340a-335e-40c7-8ea1-a9109ae7273c,solitaire/application/Colonne.java,retournerCarte
d8d7340a-335e-40c7-8ea1-a9109ae7273c,e9264971-ead2-4d28-8723-7f4e14273971,3b8d464f-c19d-41f7-aecb-f941d4631562,->,d8d7340a-335e-40c7-8ea1-a9109ae7273c,64e8da7a-504e-43b2-a55e-b8216a21ebb6,c326d137-5ca0-49ef-86c2-bed9ef165564
d8d7340a-335e-40c7-8ea1-a9109ae7273c,e9264971-ead2-4d28-8723-7f4e14273971,3b8d464f-c19d-41f7-aecb-f941d4631562,->,d8d7340a-335e-40c7-8ea1-a9109ae7273c,java/lang/StringBuilder.java,append
d8d7340a-335e-40c7-8ea1-a9109ae7273c,e9264971-ead2-4d28-8723-7f4e14273971,3b8d464f-c19d-41f7-aecb-f941d4631562,->,d8d7340a-335e-40c7-8ea1-a9109ae7273c,java/lang/Exception.java,getMessage
d8d7340a-335e-40c7-8ea1-a9109ae7273c,e9264971-ead2-4d28-8723-7f4e14273971,3b8d464f-c19d-41f7-aecb-f941d4631562,->,d8d7340a-335e-40c7-8ea1-a9109ae7273c,java/lang/StringBuilder.java,append
d8d7340a-335e-40c7-8ea1-a9109ae7273c,e9264971-ead2-4d28-8723-7f4e14273971,3b8d464f-c19d-41f7-aecb-f941d4631562,->,d8d7340a-335e-40c7-8ea1-a9109ae7273c,java/lang/StringBuilder.java,toString
d8d7340a-335e-40c7-8ea1-a9109ae7273c,e9264971-ead2-4d28-8723-7f4e14273971,3b8d464f-c19d-41f7-aecb-f941d4631562,->,d8d7340a-335e-40c7-8ea1-a9109ae7273c,java/io/PrintStream.java,println
d8d7340a-335e-40c7-8ea1-a9109ae7273c,e9264971-ead2-4d28-8723-7f4e14273971,"e13ae155-19e3-4cab-ae6f-713ee89ba2fa,9f37bfb4-afc9-46d5-a766-0426fc18e4fc",->,d8d7340a-335e-40c7-8ea1-a9109ae7273c,solitaire/controle/CColonne.java,isEmpilable
d8d7340a-335e-40c7-8ea1-a9109ae7273c,e9264971-ead2-4d28-8723-7f4e14273971,"e13ae155-19e3-4cab-ae6f-713ee89ba2fa,9f37bfb4-afc9-46d5-a766-0426fc18e4fc",->,d8d7340a-335e-40c7-8ea1-a9109ae7273c,solitaire/application/Colonne.java,empiler
d8d7340a-335e-40c7-8ea1-a9109ae7273c,e9264971-ead2-4d28-8723-7f4e14273971,"e13ae155-19e3-4cab-ae6f-713ee89ba2fa,9f37bfb4-afc9-46d5-a766-0426fc18e4fc",->,d8d7340a-335e-40c7-8ea1-a9109ae7273c,64e8da7a-504e-43b2-a55e-b8216a21ebb6,c326d137-5ca0-49ef-86c2-bed9ef165564
d8d7340a-335e-40c7-8ea1-a9109ae7273c,e9264971-ead2-4d28-8723-7f4e14273971,"e13ae155-19e3-4cab-ae6f-713ee89ba2fa,9f37bfb4-afc9-46d5-a766-0426fc18e4fc",->,d8d7340a-335e-40c7-8ea1-a9109ae7273c,solitaire/controle/CColonne.java,isEmpilable
d8d7340a-335e-40c7-8ea1-a9109ae7273c,e9264971-ead2-4d28-8723-7f4e14273971,"e13ae155-19e3-4cab-ae6f-713ee89ba2fa,9f37bfb4-afc9-46d5-a766-0426fc18e4fc",->,d8d7340a-335e-40c7-8ea1-a9109ae7273c,solitaire/application/Colonne.java,empiler
d8d7340a-335e-40c7-8ea1-a9109ae7273c,e9264971-ead2-4d28-8723-7f4e14273971,"e13ae155-19e3-4cab-ae6f-713ee89ba2fa,9f37bfb4-afc9-46d5-a766-0426fc18e4fc",->,d8d7340a-335e-40c7-8ea1-a9109ae7273c,64e8da7a-504e-43b2-a55e-b8216a21ebb6,c326d137-5ca0-49ef-86c2-bed9ef165564
d8d7340a-335e-40c7-8ea1-a9109ae7273c,e9264971-ead2-4d28-8723-7f4e14273971,50cfec82-9a70-4412-86a5-dc6465bf2a0a,->,d8d7340a-335e-40c7-8ea1-a9109ae7273c,solitaire/controle/CColonne.java,isEmpilable
d8d7340a-335e-40c7-8ea1-a9109ae7273c,e9264971-ead2-4d28-8723-7f4e14273971,50cfec82-9a70-4412-86a5-dc6465bf2a0a,->,d8d7340a-335e-40c7-8ea1-a9109ae7273c,solitaire/application/Colonne.java,empiler
d8d7340a-335e-40c7-8ea1-a9109ae7273c,e9264971-ead2-4d28-8723-7f4e14273971,50cfec82-9a70-4412-86a5-dc6465bf2a0a,->,d8d7340a-335e-40c7-8ea1-a9109ae7273c,64e8da7a-504e-43b2-a55e-b8216a21ebb6,c326d137-5ca0-49ef-86c2-bed9ef165564
d8d7340a-335e-40c7-8ea1-a9109ae7273c,e9264971-ead2-4d28-8723-7f4e14273971,76356a82-7c8d-480f-b35a-6a515d8c4aa4,->,d8d7340a-335e-40c7-8ea1-a9109ae7273c,solitaire/controle/CColonne.java,isVide
d8d7340a-335e-40c7-8ea1-a9109ae7273c,e9264971-ead2-4d28-8723-7f4e14273971,76356a82-7c8d-480f-b35a-6a515d8c4aa4,->,d8d7340a-335e-40c7-8ea1-a9109ae7273c,solitaire/application/Colonne.java,depiler
d8d7340a-335e-40c7-8ea1-a9109ae7273c,e9264971-ead2-4d28-8723-7f4e14273971,76356a82-7c8d-480f-b35a-6a515d8c4aa4,->,d8d7340a-335e-40c7-8ea1-a9109ae7273c,java/lang/StringBuilder.java,append
d8d7340a-335e-40c7-8ea1-a9109ae7273c,e9264971-ead2-4d28-8723-7f4e14273971,76356a82-7c8d-480f-b35a-6a515d8c4aa4,->,d8d7340a-335e-40c7-8ea1-a9109ae7273c,java/lang/Exception.java,getMessage
d8d7340a-335e-40c7-8ea1-a9109ae7273c,e9264971-ead2-4d28-8723-7f4e14273971,76356a82-7c8d-480f-b35a-6a515d8c4aa4,->,d8d7340a-335e-40c7-8ea1-a9109ae7273c,java/lang/StringBuilder.java,append
d8d7340a-335e-40c7-8ea1-a9109ae7273c,e9264971-ead2-4d28-8723-7f4e14273971,76356a82-7c8d-480f-b35a-6a515d8c4aa4,->,d8d7340a-335e-40c7-8ea1-a9109ae7273c,java/lang/StringBuilder.java,toString
d8d7340a-335e-40c7-8ea1-a9109ae7273c,e9264971-ead2-4d28-8723-7f4e14273971,76356a82-7c8d-480f-b35a-6a515d8c4aa4,->,d8d7340a-335e-40c7-8ea1-a9109ae7273c,java/io/PrintStream.java,println
d8d7340a-335e-40c7-8ea1-a9109ae7273c,e9264971-ead2-4d28-8723-7f4e14273971,2c6e0ca7-02a4-4f09-b41d-c986441415e0,->,d8d7340a-335e-40c7-8ea1-a9109ae7273c,solitaire/application/Colonne.java,setReserve
d8d7340a-335e-40c7-8ea1-a9109ae7273c,e9264971-ead2-4d28-8723-7f4e14273971,2c6e0ca7-02a4-4f09-b41d-c986441415e0,->,d8d7340a-335e-40c7-8ea1-a9109ae7273c,64e8da7a-504e-43b2-a55e-b8216a21ebb6,c326d137-5ca0-49ef-86c2-bed9ef165564
d8d7340a-335e-40c7-8ea1-a9109ae7273c,e9264971-ead2-4d28-8723-7f4e14273971,4bda60c0-a158-4e02-b515-8c4d29268dfb,->,d8d7340a-335e-40c7-8ea1-a9109ae7273c,e9264971-ead2-4d28-8723-7f4e14273971,3b8d464f-c19d-41f7-aecb-f941d4631562
d8d7340a-335e-40c7-8ea1-a9109ae7273c,e9264971-ead2-4d28-8723-7f4e14273971,2aff05fa-7bca-4c75-b44c-829641a9eb50,->,d8d7340a-335e-40c7-8ea1-a9109ae7273c,e9264971-ead2-4d28-8723-7f4e14273971,3b8d464f-c19d-41f7-aecb-f941d4631562
d8d7340a-335e-40c7-8ea1-a9109ae7273c,e9264971-ead2-4d28-8723-7f4e14273971,cc105e3c-417d-49b3-ab50-e7a62e3c4a0b,->,d8d7340a-335e-40c7-8ea1-a9109ae7273c,solitaire/controle/CTasDeCartes.java,getNombre
d8d7340a-335e-40c7-8ea1-a9109ae7273c,e9264971-ead2-4d28-8723-7f4e14273971,4a4d4034-2fbb-4c55-b3af-0b37c8416a8e,->,d8d7340a-335e-40c7-8ea1-a9109ae7273c,9f136e1a-231c-43ca-9ae1-feb11be7abfe,07b8c106-7259-464f-a84d-75e0e11eb14a
d8d7340a-335e-40c7-8ea1-a9109ae7273c,e9264971-ead2-4d28-8723-7f4e14273971,4a4d4034-2fbb-4c55-b3af-0b37c8416a8e,->,d8d7340a-335e-40c7-8ea1-a9109ae7273c,9f136e1a-231c-43ca-9ae1-feb11be7abfe,33fc90e5-b6a5-4a84-a9e6-1fec681194e0
d8d7340a-335e-40c7-8ea1-a9109ae7273c,e9264971-ead2-4d28-8723-7f4e14273971,4a4d4034-2fbb-4c55-b3af-0b37c8416a8e,->,d8d7340a-335e-40c7-8ea1-a9109ae7273c,8e4d80d6-0ac6-4f46-ad95-027ead881522,30fb1ed8-3c1c-463c-b9f1-753f621af708
d8d7340a-335e-40c7-8ea1-a9109ae7273c,e9264971-ead2-4d28-8723-7f4e14273971,4a4d4034-2fbb-4c55-b3af-0b37c8416a8e,->,d8d7340a-335e-40c7-8ea1-a9109ae7273c,813b386f-801f-4851-b25c-5696f4d3f13c,aca85f2d-d62b-4108-ac1f-63221860a410
d8d7340a-335e-40c7-8ea1-a9109ae7273c,e9264971-ead2-4d28-8723-7f4e14273971,4a4d4034-2fbb-4c55-b3af-0b37c8416a8e,->,d8d7340a-335e-40c7-8ea1-a9109ae7273c,9f136e1a-231c-43ca-9ae1-feb11be7abfe,7f71da4d-ba69-48f6-979b-3375812834bf
d8d7340a-335e-40c7-8ea1-a9109ae7273c,e9264971-ead2-4d28-8723-7f4e14273971,4a4d4034-2fbb-4c55-b3af-0b37c8416a8e,->,d8d7340a-335e-40c7-8ea1-a9109ae7273c,8e4d80d6-0ac6-4f46-ad95-027ead881522,e5441167-c8ec-41cc-b2ef-0ed4024ce1f2
d8d7340a-335e-40c7-8ea1-a9109ae7273c,e9264971-ead2-4d28-8723-7f4e14273971,4a4d4034-2fbb-4c55-b3af-0b37c8416a8e,->,d8d7340a-335e-40c7-8ea1-a9109ae7273c,9f136e1a-231c-43ca-9ae1-feb11be7abfe,7f71da4d-ba69-48f6-979b-3375812834bf
d8d7340a-335e-40c7-8ea1-a9109ae7273c,e9264971-ead2-4d28-8723-7f4e14273971,4a4d4034-2fbb-4c55-b3af-0b37c8416a8e,->,d8d7340a-335e-40c7-8ea1-a9109ae7273c,8e4d80d6-0ac6-4f46-ad95-027ead881522,e5441167-c8ec-41cc-b2ef-0ed4024ce1f2
d8d7340a-335e-40c7-8ea1-a9109ae7273c,e9264971-ead2-4d28-8723-7f4e14273971,4a4d4034-2fbb-4c55-b3af-0b37c8416a8e,->,d8d7340a-335e-40c7-8ea1-a9109ae7273c,9f136e1a-231c-43ca-9ae1-feb11be7abfe,7f71da4d-ba69-48f6-979b-3375812834bf
d8d7340a-335e-40c7-8ea1-a9109ae7273c,e9264971-ead2-4d28-8723-7f4e14273971,4a4d4034-2fbb-4c55-b3af-0b37c8416a8e,->,d8d7340a-335e-40c7-8ea1-a9109ae7273c,8e4d80d6-0ac6-4f46-ad95-027ead881522,e5441167-c8ec-41cc-b2ef-0ed4024ce1f2
d8d7340a-335e-40c7-8ea1-a9109ae7273c,e9264971-ead2-4d28-8723-7f4e14273971,4a4d4034-2fbb-4c55-b3af-0b37c8416a8e,->,d8d7340a-335e-40c7-8ea1-a9109ae7273c,9f136e1a-231c-43ca-9ae1-feb11be7abfe,7f71da4d-ba69-48f6-979b-3375812834bf
d8d7340a-335e-40c7-8ea1-a9109ae7273c,e9264971-ead2-4d28-8723-7f4e14273971,4a4d4034-2fbb-4c55-b3af-0b37c8416a8e,->,d8d7340a-335e-40c7-8ea1-a9109ae7273c,8e4d80d6-0ac6-4f46-ad95-027ead881522,e5441167-c8ec-41cc-b2ef-0ed4024ce1f2
d8d7340a-335e-40c7-8ea1-a9109ae7273c,e9264971-ead2-4d28-8723-7f4e14273971,4a4d4034-2fbb-4c55-b3af-0b37c8416a8e,->,d8d7340a-335e-40c7-8ea1-a9109ae7273c,e9264971-ead2-4d28-8723-7f4e14273971,2c6e0ca7-02a4-4f09-b41d-c986441415e0
d8d7340a-335e-40c7-8ea1-a9109ae7273c,e9264971-ead2-4d28-8723-7f4e14273971,4a4d4034-2fbb-4c55-b3af-0b37c8416a8e,->,d8d7340a-335e-40c7-8ea1-a9109ae7273c,javax/swing/JFrame.java,getContentPane
d8d7340a-335e-40c7-8ea1-a9109ae7273c,e9264971-ead2-4d28-8723-7f4e14273971,4a4d4034-2fbb-4c55-b3af-0b37c8416a8e,->,d8d7340a-335e-40c7-8ea1-a9109ae7273c,e9264971-ead2-4d28-8723-7f4e14273971,840f51d6-7b9a-450d-a1b6-15fddcd36ba6
d8d7340a-335e-40c7-8ea1-a9109ae7273c,e9264971-ead2-4d28-8723-7f4e14273971,4a4d4034-2fbb-4c55-b3af-0b37c8416a8e,->,d8d7340a-335e-40c7-8ea1-a9109ae7273c,java/awt/Container.java,add
d8d7340a-335e-40c7-8ea1-a9109ae7273c,e9264971-ead2-4d28-8723-7f4e14273971,4a4d4034-2fbb-4c55-b3af-0b37c8416a8e,->,d8d7340a-335e-40c7-8ea1-a9109ae7273c,javax/swing/JFrame.java,setSize
d8d7340a-335e-40c7-8ea1-a9109ae7273c,e9264971-ead2-4d28-8723-7f4e14273971,4a4d4034-2fbb-4c55-b3af-0b37c8416a8e,->,d8d7340a-335e-40c7-8ea1-a9109ae7273c,javax/swing/JFrame.java,setPreferredSize
d8d7340a-335e-40c7-8ea1-a9109ae7273c,e9264971-ead2-4d28-8723-7f4e14273971,4a4d4034-2fbb-4c55-b3af-0b37c8416a8e,->,d8d7340a-335e-40c7-8ea1-a9109ae7273c,javax/swing/JFrame.java,setVisible
d8d7340a-335e-40c7-8ea1-a9109ae7273c,e9264971-ead2-4d28-8723-7f4e14273971,4a4d4034-2fbb-4c55-b3af-0b37c8416a8e,->,d8d7340a-335e-40c7-8ea1-a9109ae7273c,javax/swing/JFrame.java,setDefaultCloseOperation
d8d7340a-335e-40c7-8ea1-a9109ae7273c,38f79285-42fb-46b4-a03a-a86660449dce,2089a2a1-a76b-46b4-9412-e1288188d67e,->,d8d7340a-335e-40c7-8ea1-a9109ae7273c,solitaire/controle/CTasColore.java,isEmpilable
d8d7340a-335e-40c7-8ea1-a9109ae7273c,38f79285-42fb-46b4-a03a-a86660449dce,2089a2a1-a76b-46b4-9412-e1288188d67e,->,d8d7340a-335e-40c7-8ea1-a9109ae7273c,solitaire/application/TasDeCartesColorees.java,empiler
d8d7340a-335e-40c7-8ea1-a9109ae7273c,38f79285-42fb-46b4-a03a-a86660449dce,2089a2a1-a76b-46b4-9412-e1288188d67e,->,d8d7340a-335e-40c7-8ea1-a9109ae7273c,2d6ddde6-81ee-4e56-a5ac-2446f1107f40,8663479f-b3b3-4e49-81ca-8c9c0b3cb3be
d8d7340a-335e-40c7-8ea1-a9109ae7273c,38f79285-42fb-46b4-a03a-a86660449dce,2089a2a1-a76b-46b4-9412-e1288188d67e,->,d8d7340a-335e-40c7-8ea1-a9109ae7273c,solitaire/presentation/PTasColore.java,empiler
d8d7340a-335e-40c7-8ea1-a9109ae7273c,38f79285-42fb-46b4-a03a-a86660449dce,dcaccb0a-9c98-4da6-b2ce-d43e4a545a60,->,d8d7340a-335e-40c7-8ea1-a9109ae7273c,solitaire/controle/CTasColore.java,isVide
d8d7340a-335e-40c7-8ea1-a9109ae7273c,38f79285-42fb-46b4-a03a-a86660449dce,dcaccb0a-9c98-4da6-b2ce-d43e4a545a60,->,d8d7340a-335e-40c7-8ea1-a9109ae7273c,solitaire/controle/CTasColore.java,getSommet
d8d7340a-335e-40c7-8ea1-a9109ae7273c,38f79285-42fb-46b4-a03a-a86660449dce,dcaccb0a-9c98-4da6-b2ce-d43e4a545a60,->,d8d7340a-335e-40c7-8ea1-a9109ae7273c,solitaire/application/TasDeCartesColorees.java,depiler
d8d7340a-335e-40c7-8ea1-a9109ae7273c,38f79285-42fb-46b4-a03a-a86660449dce,dcaccb0a-9c98-4da6-b2ce-d43e4a545a60,->,d8d7340a-335e-40c7-8ea1-a9109ae7273c,2d6ddde6-81ee-4e56-a5ac-2446f1107f40,8663479f-b3b3-4e49-81ca-8c9c0b3cb3be
d8d7340a-335e-40c7-8ea1-a9109ae7273c,38f79285-42fb-46b4-a03a-a86660449dce,dcaccb0a-9c98-4da6-b2ce-d43e4a545a60,->,d8d7340a-335e-40c7-8ea1-a9109ae7273c,solitaire/presentation/PTasColore.java,depiler
d8d7340a-335e-40c7-8ea1-a9109ae7273c,38f79285-42fb-46b4-a03a-a86660449dce,dcaccb0a-9c98-4da6-b2ce-d43e4a545a60,->,d8d7340a-335e-40c7-8ea1-a9109ae7273c,java/lang/StringBuilder.java,append
d8d7340a-335e-40c7-8ea1-a9109ae7273c,38f79285-42fb-46b4-a03a-a86660449dce,dcaccb0a-9c98-4da6-b2ce-d43e4a545a60,->,d8d7340a-335e-40c7-8ea1-a9109ae7273c,java/lang/Exception.java,getMessage
d8d7340a-335e-40c7-8ea1-a9109ae7273c,38f79285-42fb-46b4-a03a-a86660449dce,dcaccb0a-9c98-4da6-b2ce-d43e4a545a60,->,d8d7340a-335e-40c7-8ea1-a9109ae7273c,java/lang/StringBuilder.java,append
d8d7340a-335e-40c7-8ea1-a9109ae7273c,38f79285-42fb-46b4-a03a-a86660449dce,dcaccb0a-9c98-4da6-b2ce-d43e4a545a60,->,d8d7340a-335e-40c7-8ea1-a9109ae7273c,java/lang/StringBuilder.java,toString
d8d7340a-335e-40c7-8ea1-a9109ae7273c,38f79285-42fb-46b4-a03a-a86660449dce,dcaccb0a-9c98-4da6-b2ce-d43e4a545a60,->,d8d7340a-335e-40c7-8ea1-a9109ae7273c,java/io/PrintStream.java,println
d8d7340a-335e-40c7-8ea1-a9109ae7273c,38f79285-42fb-46b4-a03a-a86660449dce,2641a9c9-56ff-47c3-9c0b-43f3453c2030,->,d8d7340a-335e-40c7-8ea1-a9109ae7273c,174d196e-1cbf-485d-b46c-0cabad295d8b,95e0d439-e652-4438-a93e-c0b38e88b4da
d8d7340a-335e-40c7-8ea1-a9109ae7273c,38f79285-42fb-46b4-a03a-a86660449dce,2641a9c9-56ff-47c3-9c0b-43f3453c2030,->,d8d7340a-335e-40c7-8ea1-a9109ae7273c,solitaire/controle/ICTas.java,getSommet
d8d7340a-335e-40c7-8ea1-a9109ae7273c,38f79285-42fb-46b4-a03a-a86660449dce,2641a9c9-56ff-47c3-9c0b-43f3453c2030,->,d8d7340a-335e-40c7-8ea1-a9109ae7273c,solitaire/controle/CTasColore.java,isEmpilable
d8d7340a-335e-40c7-8ea1-a9109ae7273c,38f79285-42fb-46b4-a03a-a86660449dce,2641a9c9-56ff-47c3-9c0b-43f3453c2030,->,d8d7340a-335e-40c7-8ea1-a9109ae7273c,dd0a4c57-0f2f-49e8-a00f-03e003b684c3,1c732dcd-7334-4710-b751-f1cf9038a411
d8d7340a-335e-40c7-8ea1-a9109ae7273c,38f79285-42fb-46b4-a03a-a86660449dce,2641a9c9-56ff-47c3-9c0b-43f3453c2030,->,d8d7340a-335e-40c7-8ea1-a9109ae7273c,dd0a4c57-0f2f-49e8-a00f-03e003b684c3,c36f9773-d499-4b81-bbba-ed9e983225a7
d8d7340a-335e-40c7-8ea1-a9109ae7273c,38f79285-42fb-46b4-a03a-a86660449dce,2641a9c9-56ff-47c3-9c0b-43f3453c2030,->,d8d7340a-335e-40c7-8ea1-a9109ae7273c,java/lang/Exception.java,printStackTrace
d8d7340a-335e-40c7-8ea1-a9109ae7273c,38f79285-42fb-46b4-a03a-a86660449dce,2641a9c9-56ff-47c3-9c0b-43f3453c2030,->,d8d7340a-335e-40c7-8ea1-a9109ae7273c,dd0a4c57-0f2f-49e8-a00f-03e003b684c3,c36f9773-d499-4b81-bbba-ed9e983225a7
d8d7340a-335e-40c7-8ea1-a9109ae7273c,38f79285-42fb-46b4-a03a-a86660449dce,64a5a1e4-0b90-481a-a409-da2572adf733,->,d8d7340a-335e-40c7-8ea1-a9109ae7273c,dd0a4c57-0f2f-49e8-a00f-03e003b684c3,c8cc2827-a719-4427-b57d-da05958d88aa
d8d7340a-335e-40c7-8ea1-a9109ae7273c,38f79285-42fb-46b4-a03a-a86660449dce,5161fc41-be5d-48c5-b8c3-9f9e644d8744,->,d8d7340a-335e-40c7-8ea1-a9109ae7273c,174d196e-1cbf-485d-b46c-0cabad295d8b,95e0d439-e652-4438-a93e-c0b38e88b4da
d8d7340a-335e-40c7-8ea1-a9109ae7273c,38f79285-42fb-46b4-a03a-a86660449dce,5161fc41-be5d-48c5-b8c3-9f9e644d8744,->,d8d7340a-335e-40c7-8ea1-a9109ae7273c,solitaire/controle/ICTas.java,getSommet
d8d7340a-335e-40c7-8ea1-a9109ae7273c,38f79285-42fb-46b4-a03a-a86660449dce,5161fc41-be5d-48c5-b8c3-9f9e644d8744,->,d8d7340a-335e-40c7-8ea1-a9109ae7273c,solitaire/controle/CTasColore.java,isEmpilable
d8d7340a-335e-40c7-8ea1-a9109ae7273c,38f79285-42fb-46b4-a03a-a86660449dce,5161fc41-be5d-48c5-b8c3-9f9e644d8744,->,d8d7340a-335e-40c7-8ea1-a9109ae7273c,38f79285-42fb-46b4-a03a-a86660449dce,2089a2a1-a76b-46b4-9412-e1288188d67e
d8d7340a-335e-40c7-8ea1-a9109ae7273c,38f79285-42fb-46b4-a03a-a86660449dce,5161fc41-be5d-48c5-b8c3-9f9e644d8744,->,d8d7340a-335e-40c7-8ea1-a9109ae7273c,dd0a4c57-0f2f-49e8-a00f-03e003b684c3,f4c8ae90-14eb-4885-845e-824d0b2f1b64
d8d7340a-335e-40c7-8ea1-a9109ae7273c,38f79285-42fb-46b4-a03a-a86660449dce,5161fc41-be5d-48c5-b8c3-9f9e644d8744,->,d8d7340a-335e-40c7-8ea1-a9109ae7273c,dd0a4c57-0f2f-49e8-a00f-03e003b684c3,896d3017-66e9-4ea7-bc0d-3081a0bcefcd
d8d7340a-335e-40c7-8ea1-a9109ae7273c,38f79285-42fb-46b4-a03a-a86660449dce,5161fc41-be5d-48c5-b8c3-9f9e644d8744,->,d8d7340a-335e-40c7-8ea1-a9109ae7273c,java/lang/Exception.java,printStackTrace
d8d7340a-335e-40c7-8ea1-a9109ae7273c,38f79285-42fb-46b4-a03a-a86660449dce,5161fc41-be5d-48c5-b8c3-9f9e644d8744,->,d8d7340a-335e-40c7-8ea1-a9109ae7273c,dd0a4c57-0f2f-49e8-a00f-03e003b684c3,896d3017-66e9-4ea7-bc0d-3081a0bcefcd
d8d7340a-335e-40c7-8ea1-a9109ae7273c,38f79285-42fb-46b4-a03a-a86660449dce,ef98e5ae-61fb-44df-a907-c94e4a6986fe,->,d8d7340a-335e-40c7-8ea1-a9109ae7273c,solitaire/controle/CTasColore.java,getSommet
d8d7340a-335e-40c7-8ea1-a9109ae7273c,38f79285-42fb-46b4-a03a-a86660449dce,ef98e5ae-61fb-44df-a907-c94e4a6986fe,->,d8d7340a-335e-40c7-8ea1-a9109ae7273c,38f79285-42fb-46b4-a03a-a86660449dce,dcaccb0a-9c98-4da6-b2ce-d43e4a545a60
d8d7340a-335e-40c7-8ea1-a9109ae7273c,38f79285-42fb-46b4-a03a-a86660449dce,ef98e5ae-61fb-44df-a907-c94e4a6986fe,->,d8d7340a-335e-40c7-8ea1-a9109ae7273c,8e4d80d6-0ac6-4f46-ad95-027ead881522,e5441167-c8ec-41cc-b2ef-0ed4024ce1f2
d8d7340a-335e-40c7-8ea1-a9109ae7273c,38f79285-42fb-46b4-a03a-a86660449dce,ef98e5ae-61fb-44df-a907-c94e4a6986fe,->,d8d7340a-335e-40c7-8ea1-a9109ae7273c,8e4d80d6-0ac6-4f46-ad95-027ead881522,30fb1ed8-3c1c-463c-b9f1-753f621af708
d8d7340a-335e-40c7-8ea1-a9109ae7273c,38f79285-42fb-46b4-a03a-a86660449dce,ef98e5ae-61fb-44df-a907-c94e4a6986fe,->,d8d7340a-335e-40c7-8ea1-a9109ae7273c,dd0a4c57-0f2f-49e8-a00f-03e003b684c3,28ca7e8b-4414-4367-a925-ccedc7f452d7
d8d7340a-335e-40c7-8ea1-a9109ae7273c,38f79285-42fb-46b4-a03a-a86660449dce,ef98e5ae-61fb-44df-a907-c94e4a6986fe,->,d8d7340a-335e-40c7-8ea1-a9109ae7273c,java/lang/StringBuilder.java,append
d8d7340a-335e-40c7-8ea1-a9109ae7273c,38f79285-42fb-46b4-a03a-a86660449dce,ef98e5ae-61fb-44df-a907-c94e4a6986fe,->,d8d7340a-335e-40c7-8ea1-a9109ae7273c,java/lang/Exception.java,getMessage
d8d7340a-335e-40c7-8ea1-a9109ae7273c,38f79285-42fb-46b4-a03a-a86660449dce,ef98e5ae-61fb-44df-a907-c94e4a6986fe,->,d8d7340a-335e-40c7-8ea1-a9109ae7273c,java/lang/StringBuilder.java,append
d8d7340a-335e-40c7-8ea1-a9109ae7273c,38f79285-42fb-46b4-a03a-a86660449dce,ef98e5ae-61fb-44df-a907-c94e4a6986fe,->,d8d7340a-335e-40c7-8ea1-a9109ae7273c,java/lang/StringBuilder.java,toString
d8d7340a-335e-40c7-8ea1-a9109ae7273c,38f79285-42fb-46b4-a03a-a86660449dce,ef98e5ae-61fb-44df-a907-c94e4a6986fe,->,d8d7340a-335e-40c7-8ea1-a9109ae7273c,java/io/PrintStream.java,println
d8d7340a-335e-40c7-8ea1-a9109ae7273c,38f79285-42fb-46b4-a03a-a86660449dce,af822213-74d2-4d62-8450-701cb92e88f6,->,d8d7340a-335e-40c7-8ea1-a9109ae7273c,solitaire/controle/ICTas.java,getSommet
d8d7340a-335e-40c7-8ea1-a9109ae7273c,38f79285-42fb-46b4-a03a-a86660449dce,af822213-74d2-4d62-8450-701cb92e88f6,->,d8d7340a-335e-40c7-8ea1-a9109ae7273c,38f79285-42fb-46b4-a03a-a86660449dce,2089a2a1-a76b-46b4-9412-e1288188d67e
d8d7340a-335e-40c7-8ea1-a9109ae7273c,38f79285-42fb-46b4-a03a-a86660449dce,af822213-74d2-4d62-8450-701cb92e88f6,->,d8d7340a-335e-40c7-8ea1-a9109ae7273c,java/lang/Exception.java,printStackTrace
d8d7340a-335e-40c7-8ea1-a9109ae7273c,38f79285-42fb-46b4-a03a-a86660449dce,1c7c13a4-7862-43f8-bbd5-1ff92845bc9c,->,d8d7340a-335e-40c7-8ea1-a9109ae7273c,9f136e1a-231c-43ca-9ae1-feb11be7abfe,1361796d-0404-4406-a443-236ba6b2cd82
d8d7340a-335e-40c7-8ea1-a9109ae7273c,38f79285-42fb-46b4-a03a-a86660449dce,1c7c13a4-7862-43f8-bbd5-1ff92845bc9c,->,d8d7340a-335e-40c7-8ea1-a9109ae7273c,javax/swing/JFrame.java,getContentPane
d8d7340a-335e-40c7-8ea1-a9109ae7273c,38f79285-42fb-46b4-a03a-a86660449dce,1c7c13a4-7862-43f8-bbd5-1ff92845bc9c,->,d8d7340a-335e-40c7-8ea1-a9109ae7273c,38f79285-42fb-46b4-a03a-a86660449dce,d75fc295-6cea-4b5c-a044-5a23d5fd9d22
d8d7340a-335e-40c7-8ea1-a9109ae7273c,38f79285-42fb-46b4-a03a-a86660449dce,1c7c13a4-7862-43f8-bbd5-1ff92845bc9c,->,d8d7340a-335e-40c7-8ea1-a9109ae7273c,java/awt/Container.java,add
d8d7340a-335e-40c7-8ea1-a9109ae7273c,38f79285-42fb-46b4-a03a-a86660449dce,1c7c13a4-7862-43f8-bbd5-1ff92845bc9c,->,d8d7340a-335e-40c7-8ea1-a9109ae7273c,javax/swing/JFrame.java,setSize
d8d7340a-335e-40c7-8ea1-a9109ae7273c,38f79285-42fb-46b4-a03a-a86660449dce,1c7c13a4-7862-43f8-bbd5-1ff92845bc9c,->,d8d7340a-335e-40c7-8ea1-a9109ae7273c,javax/swing/JFrame.java,setPreferredSize
d8d7340a-335e-40c7-8ea1-a9109ae7273c,38f79285-42fb-46b4-a03a-a86660449dce,1c7c13a4-7862-43f8-bbd5-1ff92845bc9c,->,d8d7340a-335e-40c7-8ea1-a9109ae7273c,javax/swing/JFrame.java,getContentPane
d8d7340a-335e-40c7-8ea1-a9109ae7273c,38f79285-42fb-46b4-a03a-a86660449dce,1c7c13a4-7862-43f8-bbd5-1ff92845bc9c,->,d8d7340a-335e-40c7-8ea1-a9109ae7273c,java/awt/Container.java,setLayout
d8d7340a-335e-40c7-8ea1-a9109ae7273c,38f79285-42fb-46b4-a03a-a86660449dce,1c7c13a4-7862-43f8-bbd5-1ff92845bc9c,->,d8d7340a-335e-40c7-8ea1-a9109ae7273c,javax/swing/JFrame.java,getContentPane
d8d7340a-335e-40c7-8ea1-a9109ae7273c,38f79285-42fb-46b4-a03a-a86660449dce,1c7c13a4-7862-43f8-bbd5-1ff92845bc9c,->,d8d7340a-335e-40c7-8ea1-a9109ae7273c,java/awt/Container.java,setBackground
d8d7340a-335e-40c7-8ea1-a9109ae7273c,38f79285-42fb-46b4-a03a-a86660449dce,1c7c13a4-7862-43f8-bbd5-1ff92845bc9c,->,d8d7340a-335e-40c7-8ea1-a9109ae7273c,javax/swing/JFrame.java,setDefaultCloseOperation
d8d7340a-335e-40c7-8ea1-a9109ae7273c,38f79285-42fb-46b4-a03a-a86660449dce,1c7c13a4-7862-43f8-bbd5-1ff92845bc9c,->,d8d7340a-335e-40c7-8ea1-a9109ae7273c,javax/swing/JFrame.java,setVisible
d8d7340a-335e-40c7-8ea1-a9109ae7273c,38f79285-42fb-46b4-a03a-a86660449dce,d75fc295-6cea-4b5c-a044-5a23d5fd9d22,->,d8d7340a-335e-40c7-8ea1-a9109ae7273c,38f79285-42fb-46b4-a03a-a86660449dce,d75fc295-6cea-4b5c-a044-5a23d5fd9d22
d8d7340a-335e-40c7-8ea1-a9109ae7273c,2d6ddde6-81ee-4e56-a5ac-2446f1107f40,5f3e1595-f6ad-4a84-84ca-f4a7151d509b,->,d8d7340a-335e-40c7-8ea1-a9109ae7273c,solitaire/application/Carte.java,setFaceVisible
d8d7340a-335e-40c7-8ea1-a9109ae7273c,2d6ddde6-81ee-4e56-a5ac-2446f1107f40,5f3e1595-f6ad-4a84-84ca-f4a7151d509b,->,d8d7340a-335e-40c7-8ea1-a9109ae7273c,d5516bd5-5221-43c5-94b2-56935460f17a,9022532f-13b5-44bb-bafa-77aea5739054
d8d7340a-335e-40c7-8ea1-a9109ae7273c,2d6ddde6-81ee-4e56-a5ac-2446f1107f40,e1c13e20-1797-4566-9cb5-6a571e095eee,->,d8d7340a-335e-40c7-8ea1-a9109ae7273c,javax/swing/JFrame.java,getContentPane
d8d7340a-335e-40c7-8ea1-a9109ae7273c,2d6ddde6-81ee-4e56-a5ac-2446f1107f40,e1c13e20-1797-4566-9cb5-6a571e095eee,->,d8d7340a-335e-40c7-8ea1-a9109ae7273c,java/awt/Container.java,setLayout
d8d7340a-335e-40c7-8ea1-a9109ae7273c,2d6ddde6-81ee-4e56-a5ac-2446f1107f40,e1c13e20-1797-4566-9cb5-6a571e095eee,->,d8d7340a-335e-40c7-8ea1-a9109ae7273c,9f136e1a-231c-43ca-9ae1-feb11be7abfe,7f71da4d-ba69-48f6-979b-3375812834bf
d8d7340a-335e-40c7-8ea1-a9109ae7273c,2d6ddde6-81ee-4e56-a5ac-2446f1107f40,e1c13e20-1797-4566-9cb5-6a571e095eee,->,d8d7340a-335e-40c7-8ea1-a9109ae7273c,2d6ddde6-81ee-4e56-a5ac-2446f1107f40,8663479f-b3b3-4e49-81ca-8c9c0b3cb3be
d8d7340a-335e-40c7-8ea1-a9109ae7273c,2d6ddde6-81ee-4e56-a5ac-2446f1107f40,e1c13e20-1797-4566-9cb5-6a571e095eee,->,d8d7340a-335e-40c7-8ea1-a9109ae7273c,2d6ddde6-81ee-4e56-a5ac-2446f1107f40,5f3e1595-f6ad-4a84-84ca-f4a7151d509b
d8d7340a-335e-40c7-8ea1-a9109ae7273c,2d6ddde6-81ee-4e56-a5ac-2446f1107f40,e1c13e20-1797-4566-9cb5-6a571e095eee,->,d8d7340a-335e-40c7-8ea1-a9109ae7273c,javax/swing/JFrame.java,getContentPane
d8d7340a-335e-40c7-8ea1-a9109ae7273c,2d6ddde6-81ee-4e56-a5ac-2446f1107f40,e1c13e20-1797-4566-9cb5-6a571e095eee,->,d8d7340a-335e-40c7-8ea1-a9109ae7273c,java/awt/Container.java,add
d8d7340a-335e-40c7-8ea1-a9109ae7273c,2d6ddde6-81ee-4e56-a5ac-2446f1107f40,e1c13e20-1797-4566-9cb5-6a571e095eee,->,d8d7340a-335e-40c7-8ea1-a9109ae7273c,9f136e1a-231c-43ca-9ae1-feb11be7abfe,7f71da4d-ba69-48f6-979b-3375812834bf
d8d7340a-335e-40c7-8ea1-a9109ae7273c,2d6ddde6-81ee-4e56-a5ac-2446f1107f40,e1c13e20-1797-4566-9cb5-6a571e095eee,->,d8d7340a-335e-40c7-8ea1-a9109ae7273c,2d6ddde6-81ee-4e56-a5ac-2446f1107f40,8663479f-b3b3-4e49-81ca-8c9c0b3cb3be
d8d7340a-335e-40c7-8ea1-a9109ae7273c,2d6ddde6-81ee-4e56-a5ac-2446f1107f40,e1c13e20-1797-4566-9cb5-6a571e095eee,->,d8d7340a-335e-40c7-8ea1-a9109ae7273c,2d6ddde6-81ee-4e56-a5ac-2446f1107f40,5f3e1595-f6ad-4a84-84ca-f4a7151d509b
d8d7340a-335e-40c7-8ea1-a9109ae7273c,2d6ddde6-81ee-4e56-a5ac-2446f1107f40,e1c13e20-1797-4566-9cb5-6a571e095eee,->,d8d7340a-335e-40c7-8ea1-a9109ae7273c,javax/swing/JFrame.java,getContentPane
d8d7340a-335e-40c7-8ea1-a9109ae7273c,2d6ddde6-81ee-4e56-a5ac-2446f1107f40,e1c13e20-1797-4566-9cb5-6a571e095eee,->,d8d7340a-335e-40c7-8ea1-a9109ae7273c,java/awt/Container.java,add
d8d7340a-335e-40c7-8ea1-a9109ae7273c,2d6ddde6-81ee-4e56-a5ac-2446f1107f40,e1c13e20-1797-4566-9cb5-6a571e095eee,->,d8d7340a-335e-40c7-8ea1-a9109ae7273c,javax/swing/JFrame.java,setSize
d8d7340a-335e-40c7-8ea1-a9109ae7273c,2d6ddde6-81ee-4e56-a5ac-2446f1107f40,e1c13e20-1797-4566-9cb5-6a571e095eee,->,d8d7340a-335e-40c7-8ea1-a9109ae7273c,javax/swing/JFrame.java,setVisible
d8d7340a-335e-40c7-8ea1-a9109ae7273c,2d6ddde6-81ee-4e56-a5ac-2446f1107f40,e1c13e20-1797-4566-9cb5-6a571e095eee,->,d8d7340a-335e-40c7-8ea1-a9109ae7273c,javax/swing/JFrame.java,setDefaultCloseOperation
d8d7340a-335e-40c7-8ea1-a9109ae7273c,8e4d80d6-0ac6-4f46-ad95-027ead881522,3cdbfeaf-48f4-49d7-be32-82696d35cafd,->,d8d7340a-335e-40c7-8ea1-a9109ae7273c,solitaire/controle/CTasDeCartes.java,isVide
d8d7340a-335e-40c7-8ea1-a9109ae7273c,8e4d80d6-0ac6-4f46-ad95-027ead881522,3cdbfeaf-48f4-49d7-be32-82696d35cafd,->,d8d7340a-335e-40c7-8ea1-a9109ae7273c,solitaire/controle/CTasDeCartes.java,getSommet
d8d7340a-335e-40c7-8ea1-a9109ae7273c,8e4d80d6-0ac6-4f46-ad95-027ead881522,3cdbfeaf-48f4-49d7-be32-82696d35cafd,->,d8d7340a-335e-40c7-8ea1-a9109ae7273c,solitaire/application/TasDeCartes.java,depiler
d8d7340a-335e-40c7-8ea1-a9109ae7273c,8e4d80d6-0ac6-4f46-ad95-027ead881522,3cdbfeaf-48f4-49d7-be32-82696d35cafd,->,d8d7340a-335e-40c7-8ea1-a9109ae7273c,2d6ddde6-81ee-4e56-a5ac-2446f1107f40,8663479f-b3b3-4e49-81ca-8c9c0b3cb3be
d8d7340a-335e-40c7-8ea1-a9109ae7273c,8e4d80d6-0ac6-4f46-ad95-027ead881522,3cdbfeaf-48f4-49d7-be32-82696d35cafd,->,d8d7340a-335e-40c7-8ea1-a9109ae7273c,813b386f-801f-4851-b25c-5696f4d3f13c,13ef5dd1-414d-4769-acb9-3137f952fe2f
d8d7340a-335e-40c7-8ea1-a9109ae7273c,8e4d80d6-0ac6-4f46-ad95-027ead881522,3cdbfeaf-48f4-49d7-be32-82696d35cafd,->,d8d7340a-335e-40c7-8ea1-a9109ae7273c,java/lang/StringBuilder.java,append
d8d7340a-335e-40c7-8ea1-a9109ae7273c,8e4d80d6-0ac6-4f46-ad95-027ead881522,3cdbfeaf-48f4-49d7-be32-82696d35cafd,->,d8d7340a-335e-40c7-8ea1-a9109ae7273c,java/lang/Exception.java,getMessage
d8d7340a-335e-40c7-8ea1-a9109ae7273c,8e4d80d6-0ac6-4f46-ad95-027ead881522,3cdbfeaf-48f4-49d7-be32-82696d35cafd,->,d8d7340a-335e-40c7-8ea1-a9109ae7273c,java/lang/StringBuilder.java,append
d8d7340a-335e-40c7-8ea1-a9109ae7273c,8e4d80d6-0ac6-4f46-ad95-027ead881522,3cdbfeaf-48f4-49d7-be32-82696d35cafd,->,d8d7340a-335e-40c7-8ea1-a9109ae7273c,java/lang/StringBuilder.java,toString
d8d7340a-335e-40c7-8ea1-a9109ae7273c,8e4d80d6-0ac6-4f46-ad95-027ead881522,3cdbfeaf-48f4-49d7-be32-82696d35cafd,->,d8d7340a-335e-40c7-8ea1-a9109ae7273c,java/io/PrintStream.java,println
d8d7340a-335e-40c7-8ea1-a9109ae7273c,8e4d80d6-0ac6-4f46-ad95-027ead881522,e5441167-c8ec-41cc-b2ef-0ed4024ce1f2,->,d8d7340a-335e-40c7-8ea1-a9109ae7273c,solitaire/controle/CTasDeCartes.java,isEmpilable
d8d7340a-335e-40c7-8ea1-a9109ae7273c,8e4d80d6-0ac6-4f46-ad95-027ead881522,e5441167-c8ec-41cc-b2ef-0ed4024ce1f2,->,d8d7340a-335e-40c7-8ea1-a9109ae7273c,solitaire/application/TasDeCartes.java,empiler
d8d7340a-335e-40c7-8ea1-a9109ae7273c,8e4d80d6-0ac6-4f46-ad95-027ead881522,e5441167-c8ec-41cc-b2ef-0ed4024ce1f2,->,d8d7340a-335e-40c7-8ea1-a9109ae7273c,2d6ddde6-81ee-4e56-a5ac-2446f1107f40,8663479f-b3b3-4e49-81ca-8c9c0b3cb3be
d8d7340a-335e-40c7-8ea1-a9109ae7273c,8e4d80d6-0ac6-4f46-ad95-027ead881522,e5441167-c8ec-41cc-b2ef-0ed4024ce1f2,->,d8d7340a-335e-40c7-8ea1-a9109ae7273c,813b386f-801f-4851-b25c-5696f4d3f13c,88dbc7c2-dc79-4148-ace1-76b8f236b504
d8d7340a-335e-40c7-8ea1-a9109ae7273c,8e4d80d6-0ac6-4f46-ad95-027ead881522,89a45499-c128-4bb9-a154-f36adf2b2911,->,d8d7340a-335e-40c7-8ea1-a9109ae7273c,javax/swing/JFrame.java,getContentPane
d8d7340a-335e-40c7-8ea1-a9109ae7273c,8e4d80d6-0ac6-4f46-ad95-027ead881522,89a45499-c128-4bb9-a154-f36adf2b2911,->,d8d7340a-335e-40c7-8ea1-a9109ae7273c,java/awt/Container.java,setLayout
d8d7340a-335e-40c7-8ea1-a9109ae7273c,8e4d80d6-0ac6-4f46-ad95-027ead881522,89a45499-c128-4bb9-a154-f36adf2b2911,->,d8d7340a-335e-40c7-8ea1-a9109ae7273c,9f136e1a-231c-43ca-9ae1-feb11be7abfe,33fc90e5-b6a5-4a84-a9e6-1fec681194e0
d8d7340a-335e-40c7-8ea1-a9109ae7273c,8e4d80d6-0ac6-4f46-ad95-027ead881522,89a45499-c128-4bb9-a154-f36adf2b2911,->,d8d7340a-335e-40c7-8ea1-a9109ae7273c,8e4d80d6-0ac6-4f46-ad95-027ead881522,30fb1ed8-3c1c-463c-b9f1-753f621af708
d8d7340a-335e-40c7-8ea1-a9109ae7273c,8e4d80d6-0ac6-4f46-ad95-027ead881522,89a45499-c128-4bb9-a154-f36adf2b2911,->,d8d7340a-335e-40c7-8ea1-a9109ae7273c,9f136e1a-231c-43ca-9ae1-feb11be7abfe,7f71da4d-ba69-48f6-979b-3375812834bf
d8d7340a-335e-40c7-8ea1-a9109ae7273c,8e4d80d6-0ac6-4f46-ad95-027ead881522,89a45499-c128-4bb9-a154-f36adf2b2911,->,d8d7340a-335e-40c7-8ea1-a9109ae7273c,2d6ddde6-81ee-4e56-a5ac-2446f1107f40,5f3e1595-f6ad-4a84-84ca-f4a7151d509b
d8d7340a-335e-40c7-8ea1-a9109ae7273c,8e4d80d6-0ac6-4f46-ad95-027ead881522,89a45499-c128-4bb9-a154-f36adf2b2911,->,d8d7340a-335e-40c7-8ea1-a9109ae7273c,813b386f-801f-4851-b25c-5696f4d3f13c,aca85f2d-d62b-4108-ac1f-63221860a410
d8d7340a-335e-40c7-8ea1-a9109ae7273c,8e4d80d6-0ac6-4f46-ad95-027ead881522,89a45499-c128-4bb9-a154-f36adf2b2911,->,d8d7340a-335e-40c7-8ea1-a9109ae7273c,9f136e1a-231c-43ca-9ae1-feb11be7abfe,7f71da4d-ba69-48f6-979b-3375812834bf
d8d7340a-335e-40c7-8ea1-a9109ae7273c,8e4d80d6-0ac6-4f46-ad95-027ead881522,89a45499-c128-4bb9-a154-f36adf2b2911,->,d8d7340a-335e-40c7-8ea1-a9109ae7273c,8e4d80d6-0ac6-4f46-ad95-027ead881522,e5441167-c8ec-41cc-b2ef-0ed4024ce1f2
d8d7340a-335e-40c7-8ea1-a9109ae7273c,8e4d80d6-0ac6-4f46-ad95-027ead881522,89a45499-c128-4bb9-a154-f36adf2b2911,->,d8d7340a-335e-40c7-8ea1-a9109ae7273c,9f136e1a-231c-43ca-9ae1-feb11be7abfe,7f71da4d-ba69-48f6-979b-3375812834bf
d8d7340a-335e-40c7-8ea1-a9109ae7273c,8e4d80d6-0ac6-4f46-ad95-027ead881522,89a45499-c128-4bb9-a154-f36adf2b2911,->,d8d7340a-335e-40c7-8ea1-a9109ae7273c,8e4d80d6-0ac6-4f46-ad95-027ead881522,e5441167-c8ec-41cc-b2ef-0ed4024ce1f2
d8d7340a-335e-40c7-8ea1-a9109ae7273c,8e4d80d6-0ac6-4f46-ad95-027ead881522,89a45499-c128-4bb9-a154-f36adf2b2911,->,d8d7340a-335e-40c7-8ea1-a9109ae7273c,9f136e1a-231c-43ca-9ae1-feb11be7abfe,7f71da4d-ba69-48f6-979b-3375812834bf
d8d7340a-335e-40c7-8ea1-a9109ae7273c,8e4d80d6-0ac6-4f46-ad95-027ead881522,89a45499-c128-4bb9-a154-f36adf2b2911,->,d8d7340a-335e-40c7-8ea1-a9109ae7273c,8e4d80d6-0ac6-4f46-ad95-027ead881522,e5441167-c8ec-41cc-b2ef-0ed4024ce1f2
d8d7340a-335e-40c7-8ea1-a9109ae7273c,8e4d80d6-0ac6-4f46-ad95-027ead881522,89a45499-c128-4bb9-a154-f36adf2b2911,->,d8d7340a-335e-40c7-8ea1-a9109ae7273c,8e4d80d6-0ac6-4f46-ad95-027ead881522,e5441167-c8ec-41cc-b2ef-0ed4024ce1f2
d8d7340a-335e-40c7-8ea1-a9109ae7273c,8e4d80d6-0ac6-4f46-ad95-027ead881522,89a45499-c128-4bb9-a154-f36adf2b2911,->,d8d7340a-335e-40c7-8ea1-a9109ae7273c,solitaire/presentation/PTasDeCartes.java,setLocation
d8d7340a-335e-40c7-8ea1-a9109ae7273c,8e4d80d6-0ac6-4f46-ad95-027ead881522,89a45499-c128-4bb9-a154-f36adf2b2911,->,d8d7340a-335e-40c7-8ea1-a9109ae7273c,javax/swing/JFrame.java,getContentPane
d8d7340a-335e-40c7-8ea1-a9109ae7273c,8e4d80d6-0ac6-4f46-ad95-027ead881522,89a45499-c128-4bb9-a154-f36adf2b2911,->,d8d7340a-335e-40c7-8ea1-a9109ae7273c,java/awt/Container.java,add
d8d7340a-335e-40c7-8ea1-a9109ae7273c,8e4d80d6-0ac6-4f46-ad95-027ead881522,89a45499-c128-4bb9-a154-f36adf2b2911,->,d8d7340a-335e-40c7-8ea1-a9109ae7273c,9f136e1a-231c-43ca-9ae1-feb11be7abfe,33fc90e5-b6a5-4a84-a9e6-1fec681194e0
d8d7340a-335e-40c7-8ea1-a9109ae7273c,8e4d80d6-0ac6-4f46-ad95-027ead881522,89a45499-c128-4bb9-a154-f36adf2b2911,->,d8d7340a-335e-40c7-8ea1-a9109ae7273c,8e4d80d6-0ac6-4f46-ad95-027ead881522,30fb1ed8-3c1c-463c-b9f1-753f621af708
d8d7340a-335e-40c7-8ea1-a9109ae7273c,8e4d80d6-0ac6-4f46-ad95-027ead881522,89a45499-c128-4bb9-a154-f36adf2b2911,->,d8d7340a-335e-40c7-8ea1-a9109ae7273c,813b386f-801f-4851-b25c-5696f4d3f13c,aca85f2d-d62b-4108-ac1f-63221860a410
d8d7340a-335e-40c7-8ea1-a9109ae7273c,8e4d80d6-0ac6-4f46-ad95-027ead881522,89a45499-c128-4bb9-a154-f36adf2b2911,->,d8d7340a-335e-40c7-8ea1-a9109ae7273c,9f136e1a-231c-43ca-9ae1-feb11be7abfe,7f71da4d-ba69-48f6-979b-3375812834bf
d8d7340a-335e-40c7-8ea1-a9109ae7273c,8e4d80d6-0ac6-4f46-ad95-027ead881522,89a45499-c128-4bb9-a154-f36adf2b2911,->,d8d7340a-335e-40c7-8ea1-a9109ae7273c,9f136e1a-231c-43ca-9ae1-feb11be7abfe,7f71da4d-ba69-48f6-979b-3375812834bf
d8d7340a-335e-40c7-8ea1-a9109ae7273c,8e4d80d6-0ac6-4f46-ad95-027ead881522,89a45499-c128-4bb9-a154-f36adf2b2911,->,d8d7340a-335e-40c7-8ea1-a9109ae7273c,9f136e1a-231c-43ca-9ae1-feb11be7abfe,7f71da4d-ba69-48f6-979b-3375812834bf
d8d7340a-335e-40c7-8ea1-a9109ae7273c,8e4d80d6-0ac6-4f46-ad95-027ead881522,89a45499-c128-4bb9-a154-f36adf2b2911,->,d8d7340a-335e-40c7-8ea1-a9109ae7273c,2d6ddde6-81ee-4e56-a5ac-2446f1107f40,5f3e1595-f6ad-4a84-84ca-f4a7151d509b
d8d7340a-335e-40c7-8ea1-a9109ae7273c,8e4d80d6-0ac6-4f46-ad95-027ead881522,89a45499-c128-4bb9-a154-f36adf2b2911,->,d8d7340a-335e-40c7-8ea1-a9109ae7273c,2d6ddde6-81ee-4e56-a5ac-2446f1107f40,5f3e1595-f6ad-4a84-84ca-f4a7151d509b
d8d7340a-335e-40c7-8ea1-a9109ae7273c,8e4d80d6-0ac6-4f46-ad95-027ead881522,89a45499-c128-4bb9-a154-f36adf2b2911,->,d8d7340a-335e-40c7-8ea1-a9109ae7273c,2d6ddde6-81ee-4e56-a5ac-2446f1107f40,5f3e1595-f6ad-4a84-84ca-f4a7151d509b
d8d7340a-335e-40c7-8ea1-a9109ae7273c,8e4d80d6-0ac6-4f46-ad95-027ead881522,89a45499-c128-4bb9-a154-f36adf2b2911,->,d8d7340a-335e-40c7-8ea1-a9109ae7273c,8e4d80d6-0ac6-4f46-ad95-027ead881522,e5441167-c8ec-41cc-b2ef-0ed4024ce1f2
d8d7340a-335e-40c7-8ea1-a9109ae7273c,8e4d80d6-0ac6-4f46-ad95-027ead881522,89a45499-c128-4bb9-a154-f36adf2b2911,->,d8d7340a-335e-40c7-8ea1-a9109ae7273c,8e4d80d6-0ac6-4f46-ad95-027ead881522,e5441167-c8ec-41cc-b2ef-0ed4024ce1f2
d8d7340a-335e-40c7-8ea1-a9109ae7273c,8e4d80d6-0ac6-4f46-ad95-027ead881522,89a45499-c128-4bb9-a154-f36adf2b2911,->,d8d7340a-335e-40c7-8ea1-a9109ae7273c,8e4d80d6-0ac6-4f46-ad95-027ead881522,e5441167-c8ec-41cc-b2ef-0ed4024ce1f2
d8d7340a-335e-40c7-8ea1-a9109ae7273c,8e4d80d6-0ac6-4f46-ad95-027ead881522,89a45499-c128-4bb9-a154-f36adf2b2911,->,d8d7340a-335e-40c7-8ea1-a9109ae7273c,8e4d80d6-0ac6-4f46-ad95-027ead881522,e5441167-c8ec-41cc-b2ef-0ed4024ce1f2
d8d7340a-335e-40c7-8ea1-a9109ae7273c,8e4d80d6-0ac6-4f46-ad95-027ead881522,89a45499-c128-4bb9-a154-f36adf2b2911,->,d8d7340a-335e-40c7-8ea1-a9109ae7273c,9f136e1a-231c-43ca-9ae1-feb11be7abfe,7f71da4d-ba69-48f6-979b-3375812834bf
d8d7340a-335e-40c7-8ea1-a9109ae7273c,8e4d80d6-0ac6-4f46-ad95-027ead881522,89a45499-c128-4bb9-a154-f36adf2b2911,->,d8d7340a-335e-40c7-8ea1-a9109ae7273c,8e4d80d6-0ac6-4f46-ad95-027ead881522,e5441167-c8ec-41cc-b2ef-0ed4024ce1f2
d8d7340a-335e-40c7-8ea1-a9109ae7273c,8e4d80d6-0ac6-4f46-ad95-027ead881522,89a45499-c128-4bb9-a154-f36adf2b2911,->,d8d7340a-335e-40c7-8ea1-a9109ae7273c,8e4d80d6-0ac6-4f46-ad95-027ead881522,3cdbfeaf-48f4-49d7-be32-82696d35cafd
d8d7340a-335e-40c7-8ea1-a9109ae7273c,8e4d80d6-0ac6-4f46-ad95-027ead881522,89a45499-c128-4bb9-a154-f36adf2b2911,->,d8d7340a-335e-40c7-8ea1-a9109ae7273c,solitaire/presentation/PTasDeCartes.java,setLocation
d8d7340a-335e-40c7-8ea1-a9109ae7273c,8e4d80d6-0ac6-4f46-ad95-027ead881522,89a45499-c128-4bb9-a154-f36adf2b2911,->,d8d7340a-335e-40c7-8ea1-a9109ae7273c,javax/swing/JFrame.java,getContentPane
d8d7340a-335e-40c7-8ea1-a9109ae7273c,8e4d80d6-0ac6-4f46-ad95-027ead881522,89a45499-c128-4bb9-a154-f36adf2b2911,->,d8d7340a-335e-40c7-8ea1-a9109ae7273c,java/awt/Container.java,add
d8d7340a-335e-40c7-8ea1-a9109ae7273c,8e4d80d6-0ac6-4f46-ad95-027ead881522,89a45499-c128-4bb9-a154-f36adf2b2911,->,d8d7340a-335e-40c7-8ea1-a9109ae7273c,javax/swing/JFrame.java,setSize
d8d7340a-335e-40c7-8ea1-a9109ae7273c,8e4d80d6-0ac6-4f46-ad95-027ead881522,89a45499-c128-4bb9-a154-f36adf2b2911,->,d8d7340a-335e-40c7-8ea1-a9109ae7273c,javax/swing/JFrame.java,setPreferredSize
d8d7340a-335e-40c7-8ea1-a9109ae7273c,8e4d80d6-0ac6-4f46-ad95-027ead881522,89a45499-c128-4bb9-a154-f36adf2b2911,->,d8d7340a-335e-40c7-8ea1-a9109ae7273c,javax/swing/JFrame.java,setVisible
d8d7340a-335e-40c7-8ea1-a9109ae7273c,8e4d80d6-0ac6-4f46-ad95-027ead881522,89a45499-c128-4bb9-a154-f36adf2b2911,->,d8d7340a-335e-40c7-8ea1-a9109ae7273c,javax/swing/JFrame.java,setDefaultCloseOperation
d8d7340a-335e-40c7-8ea1-a9109ae7273c,bc65c696-c590-4fcd-906d-a31c913c0a6f,f246e3f1-90d3-40c9-b15d-9460a6bf6ec7,->,d8d7340a-335e-40c7-8ea1-a9109ae7273c,solitaire/application/TasDeCartesAlternees.java,empiler
d8d7340a-335e-40c7-8ea1-a9109ae7273c,bc65c696-c590-4fcd-906d-a31c913c0a6f,f246e3f1-90d3-40c9-b15d-9460a6bf6ec7,->,d8d7340a-335e-40c7-8ea1-a9109ae7273c,2d6ddde6-81ee-4e56-a5ac-2446f1107f40,8663479f-b3b3-4e49-81ca-8c9c0b3cb3be
d8d7340a-335e-40c7-8ea1-a9109ae7273c,bc65c696-c590-4fcd-906d-a31c913c0a6f,f246e3f1-90d3-40c9-b15d-9460a6bf6ec7,->,d8d7340a-335e-40c7-8ea1-a9109ae7273c,0bc029df-1b28-4db3-886a-6c3754bdb249,bc24b1a7-377f-4203-93c3-af26e990d5ae
d8d7340a-335e-40c7-8ea1-a9109ae7273c,bc65c696-c590-4fcd-906d-a31c913c0a6f,48c4119e-5386-4db3-abc2-7905e2bb3891,->,d8d7340a-335e-40c7-8ea1-a9109ae7273c,solitaire/controle/CTasAlterne.java,isVide
d8d7340a-335e-40c7-8ea1-a9109ae7273c,bc65c696-c590-4fcd-906d-a31c913c0a6f,48c4119e-5386-4db3-abc2-7905e2bb3891,->,d8d7340a-335e-40c7-8ea1-a9109ae7273c,solitaire/controle/CTasAlterne.java,getSommet
d8d7340a-335e-40c7-8ea1-a9109ae7273c,bc65c696-c590-4fcd-906d-a31c913c0a6f,48c4119e-5386-4db3-abc2-7905e2bb3891,->,d8d7340a-335e-40c7-8ea1-a9109ae7273c,solitaire/application/TasDeCartesAlternees.java,depiler
d8d7340a-335e-40c7-8ea1-a9109ae7273c,bc65c696-c590-4fcd-906d-a31c913c0a6f,48c4119e-5386-4db3-abc2-7905e2bb3891,->,d8d7340a-335e-40c7-8ea1-a9109ae7273c,2d6ddde6-81ee-4e56-a5ac-2446f1107f40,8663479f-b3b3-4e49-81ca-8c9c0b3cb3be
d8d7340a-335e-40c7-8ea1-a9109ae7273c,bc65c696-c590-4fcd-906d-a31c913c0a6f,48c4119e-5386-4db3-abc2-7905e2bb3891,->,d8d7340a-335e-40c7-8ea1-a9109ae7273c,0bc029df-1b28-4db3-886a-6c3754bdb249,a8f958e1-4d65-471e-9098-795f2d24b99e
d8d7340a-335e-40c7-8ea1-a9109ae7273c,bc65c696-c590-4fcd-906d-a31c913c0a6f,48c4119e-5386-4db3-abc2-7905e2bb3891,->,d8d7340a-335e-40c7-8ea1-a9109ae7273c,java/lang/StringBuilder.java,append
d8d7340a-335e-40c7-8ea1-a9109ae7273c,bc65c696-c590-4fcd-906d-a31c913c0a6f,48c4119e-5386-4db3-abc2-7905e2bb3891,->,d8d7340a-335e-40c7-8ea1-a9109ae7273c,java/lang/Exception.java,getMessage
d8d7340a-335e-40c7-8ea1-a9109ae7273c,bc65c696-c590-4fcd-906d-a31c913c0a6f,48c4119e-5386-4db3-abc2-7905e2bb3891,->,d8d7340a-335e-40c7-8ea1-a9109ae7273c,java/lang/StringBuilder.java,append
d8d7340a-335e-40c7-8ea1-a9109ae7273c,bc65c696-c590-4fcd-906d-a31c913c0a6f,48c4119e-5386-4db3-abc2-7905e2bb3891,->,d8d7340a-335e-40c7-8ea1-a9109ae7273c,java/lang/StringBuilder.java,toString
d8d7340a-335e-40c7-8ea1-a9109ae7273c,bc65c696-c590-4fcd-906d-a31c913c0a6f,48c4119e-5386-4db3-abc2-7905e2bb3891,->,d8d7340a-335e-40c7-8ea1-a9109ae7273c,java/io/PrintStream.java,println
d8d7340a-335e-40c7-8ea1-a9109ae7273c,bc65c696-c590-4fcd-906d-a31c913c0a6f,562eb967-8284-43a0-b9a5-a0eb1480ea4d,->,d8d7340a-335e-40c7-8ea1-a9109ae7273c,solitaire/controle/CTasAlterne.java,getNombre
d8d7340a-335e-40c7-8ea1-a9109ae7273c,bc65c696-c590-4fcd-906d-a31c913c0a6f,562eb967-8284-43a0-b9a5-a0eb1480ea4d,->,d8d7340a-335e-40c7-8ea1-a9109ae7273c,solitaire/controle/CTasAlterne.java,getCarte
d8d7340a-335e-40c7-8ea1-a9109ae7273c,bc65c696-c590-4fcd-906d-a31c913c0a6f,562eb967-8284-43a0-b9a5-a0eb1480ea4d,->,d8d7340a-335e-40c7-8ea1-a9109ae7273c,java/lang/Exception.java,printStackTrace
d8d7340a-335e-40c7-8ea1-a9109ae7273c,bc65c696-c590-4fcd-906d-a31c913c0a6f,71aeb022-3b19-4ccc-ad25-f09d6c79a8aa,->,d8d7340a-335e-40c7-8ea1-a9109ae7273c,solitaire/controle/CTasAlterne.java,isEmpilable
d8d7340a-335e-40c7-8ea1-a9109ae7273c,bc65c696-c590-4fcd-906d-a31c913c0a6f,71aeb022-3b19-4ccc-ad25-f09d6c79a8aa,->,d8d7340a-335e-40c7-8ea1-a9109ae7273c,0bc029df-1b28-4db3-886a-6c3754bdb249,95922abd-499f-4300-b9b1-9d68e92cce6e
d8d7340a-335e-40c7-8ea1-a9109ae7273c,bc65c696-c590-4fcd-906d-a31c913c0a6f,71aeb022-3b19-4ccc-ad25-f09d6c79a8aa,->,d8d7340a-335e-40c7-8ea1-a9109ae7273c,0bc029df-1b28-4db3-886a-6c3754bdb249,0585e3db-d9bb-4c57-acfb-5ec76ec5d2be
d8d7340a-335e-40c7-8ea1-a9109ae7273c,bc65c696-c590-4fcd-906d-a31c913c0a6f,7c940fb0-153a-49bf-a6ea-e6c0911e10c6,->,d8d7340a-335e-40c7-8ea1-a9109ae7273c,0bc029df-1b28-4db3-886a-6c3754bdb249,e381be80-41e8-4461-b1b8-18e56a95e7d6
d8d7340a-335e-40c7-8ea1-a9109ae7273c,bc65c696-c590-4fcd-906d-a31c913c0a6f,ca926541-2f4b-479b-afc5-5c844992b671,->,d8d7340a-335e-40c7-8ea1-a9109ae7273c,solitaire/controle/CTasAlterne.java,isEmpilable
d8d7340a-335e-40c7-8ea1-a9109ae7273c,bc65c696-c590-4fcd-906d-a31c913c0a6f,ca926541-2f4b-479b-afc5-5c844992b671,->,d8d7340a-335e-40c7-8ea1-a9109ae7273c,bc65c696-c590-4fcd-906d-a31c913c0a6f,f246e3f1-90d3-40c9-b15d-9460a6bf6ec7
d8d7340a-335e-40c7-8ea1-a9109ae7273c,bc65c696-c590-4fcd-906d-a31c913c0a6f,ca926541-2f4b-479b-afc5-5c844992b671,->,d8d7340a-335e-40c7-8ea1-a9109ae7273c,0bc029df-1b28-4db3-886a-6c3754bdb249,d2572ffc-613f-4099-b1e4-17e2d5dbb4a3
d8d7340a-335e-40c7-8ea1-a9109ae7273c,bc65c696-c590-4fcd-906d-a31c913c0a6f,ca926541-2f4b-479b-afc5-5c844992b671,->,d8d7340a-335e-40c7-8ea1-a9109ae7273c,0bc029df-1b28-4db3-886a-6c3754bdb249,8e0e97ad-7113-4402-b9c5-76a6773584ab
d8d7340a-335e-40c7-8ea1-a9109ae7273c,bc65c696-c590-4fcd-906d-a31c913c0a6f,ca926541-2f4b-479b-afc5-5c844992b671,->,d8d7340a-335e-40c7-8ea1-a9109ae7273c,java/lang/Exception.java,printStackTrace
d8d7340a-335e-40c7-8ea1-a9109ae7273c,bc65c696-c590-4fcd-906d-a31c913c0a6f,bac41958-5099-429e-98f2-cc38aca79d44,->,d8d7340a-335e-40c7-8ea1-a9109ae7273c,8e4d80d6-0ac6-4f46-ad95-027ead881522,30fb1ed8-3c1c-463c-b9f1-753f621af708
d8d7340a-335e-40c7-8ea1-a9109ae7273c,bc65c696-c590-4fcd-906d-a31c913c0a6f,bac41958-5099-429e-98f2-cc38aca79d44,->,d8d7340a-335e-40c7-8ea1-a9109ae7273c,813b386f-801f-4851-b25c-5696f4d3f13c,aca85f2d-d62b-4108-ac1f-63221860a410
d8d7340a-335e-40c7-8ea1-a9109ae7273c,bc65c696-c590-4fcd-906d-a31c913c0a6f,bac41958-5099-429e-98f2-cc38aca79d44,->,d8d7340a-335e-40c7-8ea1-a9109ae7273c,solitaire/controle/CTasAlterne.java,getSommet
d8d7340a-335e-40c7-8ea1-a9109ae7273c,bc65c696-c590-4fcd-906d-a31c913c0a6f,bac41958-5099-429e-98f2-cc38aca79d44,->,d8d7340a-335e-40c7-8ea1-a9109ae7273c,bc65c696-c590-4fcd-906d-a31c913c0a6f,48c4119e-5386-4db3-abc2-7905e2bb3891
d8d7340a-335e-40c7-8ea1-a9109ae7273c,bc65c696-c590-4fcd-906d-a31c913c0a6f,bac41958-5099-429e-98f2-cc38aca79d44,->,d8d7340a-335e-40c7-8ea1-a9109ae7273c,8e4d80d6-0ac6-4f46-ad95-027ead881522,e5441167-c8ec-41cc-b2ef-0ed4024ce1f2
d8d7340a-335e-40c7-8ea1-a9109ae7273c,bc65c696-c590-4fcd-906d-a31c913c0a6f,bac41958-5099-429e-98f2-cc38aca79d44,->,d8d7340a-335e-40c7-8ea1-a9109ae7273c,8e4d80d6-0ac6-4f46-ad95-027ead881522,30fb1ed8-3c1c-463c-b9f1-753f621af708
d8d7340a-335e-40c7-8ea1-a9109ae7273c,bc65c696-c590-4fcd-906d-a31c913c0a6f,bac41958-5099-429e-98f2-cc38aca79d44,->,d8d7340a-335e-40c7-8ea1-a9109ae7273c,0bc029df-1b28-4db3-886a-6c3754bdb249,e9c0bfe2-a4f3-4db5-a826-dfc8a57d4203
d8d7340a-335e-40c7-8ea1-a9109ae7273c,bc65c696-c590-4fcd-906d-a31c913c0a6f,bac41958-5099-429e-98f2-cc38aca79d44,->,d8d7340a-335e-40c7-8ea1-a9109ae7273c,bc65c696-c590-4fcd-906d-a31c913c0a6f,562eb967-8284-43a0-b9a5-a0eb1480ea4d
d8d7340a-335e-40c7-8ea1-a9109ae7273c,bc65c696-c590-4fcd-906d-a31c913c0a6f,bac41958-5099-429e-98f2-cc38aca79d44,->,d8d7340a-335e-40c7-8ea1-a9109ae7273c,solitaire/controle/CTasAlterne.java,getCarte
d8d7340a-335e-40c7-8ea1-a9109ae7273c,bc65c696-c590-4fcd-906d-a31c913c0a6f,bac41958-5099-429e-98f2-cc38aca79d44,->,d8d7340a-335e-40c7-8ea1-a9109ae7273c,8e4d80d6-0ac6-4f46-ad95-027ead881522,e5441167-c8ec-41cc-b2ef-0ed4024ce1f2
d8d7340a-335e-40c7-8ea1-a9109ae7273c,bc65c696-c590-4fcd-906d-a31c913c0a6f,bac41958-5099-429e-98f2-cc38aca79d44,->,d8d7340a-335e-40c7-8ea1-a9109ae7273c,bc65c696-c590-4fcd-906d-a31c913c0a6f,48c4119e-5386-4db3-abc2-7905e2bb3891
d8d7340a-335e-40c7-8ea1-a9109ae7273c,bc65c696-c590-4fcd-906d-a31c913c0a6f,bac41958-5099-429e-98f2-cc38aca79d44,->,d8d7340a-335e-40c7-8ea1-a9109ae7273c,8e4d80d6-0ac6-4f46-ad95-027ead881522,30fb1ed8-3c1c-463c-b9f1-753f621af708
d8d7340a-335e-40c7-8ea1-a9109ae7273c,bc65c696-c590-4fcd-906d-a31c913c0a6f,bac41958-5099-429e-98f2-cc38aca79d44,->,d8d7340a-335e-40c7-8ea1-a9109ae7273c,0bc029df-1b28-4db3-886a-6c3754bdb249,e9c0bfe2-a4f3-4db5-a826-dfc8a57d4203
d8d7340a-335e-40c7-8ea1-a9109ae7273c,bc65c696-c590-4fcd-906d-a31c913c0a6f,bac41958-5099-429e-98f2-cc38aca79d44,->,d8d7340a-335e-40c7-8ea1-a9109ae7273c,java/lang/StringBuilder.java,append
d8d7340a-335e-40c7-8ea1-a9109ae7273c,bc65c696-c590-4fcd-906d-a31c913c0a6f,bac41958-5099-429e-98f2-cc38aca79d44,->,d8d7340a-335e-40c7-8ea1-a9109ae7273c,java/lang/Exception.java,getMessage
d8d7340a-335e-40c7-8ea1-a9109ae7273c,bc65c696-c590-4fcd-906d-a31c913c0a6f,bac41958-5099-429e-98f2-cc38aca79d44,->,d8d7340a-335e-40c7-8ea1-a9109ae7273c,java/lang/StringBuilder.java,append
d8d7340a-335e-40c7-8ea1-a9109ae7273c,bc65c696-c590-4fcd-906d-a31c913c0a6f,bac41958-5099-429e-98f2-cc38aca79d44,->,d8d7340a-335e-40c7-8ea1-a9109ae7273c,java/lang/StringBuilder.java,toString
d8d7340a-335e-40c7-8ea1-a9109ae7273c,bc65c696-c590-4fcd-906d-a31c913c0a6f,bac41958-5099-429e-98f2-cc38aca79d44,->,d8d7340a-335e-40c7-8ea1-a9109ae7273c,java/io/PrintStream.java,println
d8d7340a-335e-40c7-8ea1-a9109ae7273c,bc65c696-c590-4fcd-906d-a31c913c0a6f,021de2fa-fbab-4288-91b5-d310f6605d13,->,d8d7340a-335e-40c7-8ea1-a9109ae7273c,bc65c696-c590-4fcd-906d-a31c913c0a6f,4c9cfe07-ef41-455e-a47c-01a67370027b
d8d7340a-335e-40c7-8ea1-a9109ae7273c,bc65c696-c590-4fcd-906d-a31c913c0a6f,1459f7a6-4564-4e23-9f46-118aaffd61ab,->,d8d7340a-335e-40c7-8ea1-a9109ae7273c,bc65c696-c590-4fcd-906d-a31c913c0a6f,f246e3f1-90d3-40c9-b15d-9460a6bf6ec7
d8d7340a-335e-40c7-8ea1-a9109ae7273c,bc65c696-c590-4fcd-906d-a31c913c0a6f,1459f7a6-4564-4e23-9f46-118aaffd61ab,->,d8d7340a-335e-40c7-8ea1-a9109ae7273c,java/lang/Exception.java,printStackTrace
d8d7340a-335e-40c7-8ea1-a9109ae7273c,bc65c696-c590-4fcd-906d-a31c913c0a6f,4c9cfe07-ef41-455e-a47c-01a67370027b,->,d8d7340a-335e-40c7-8ea1-a9109ae7273c,db91ac11-79d4-4a39-ae13-433038b73806,83343b7f-d261-4bf8-b2ff-6599eda746fa
d8d7340a-335e-40c7-8ea1-a9109ae7273c,bc65c696-c590-4fcd-906d-a31c913c0a6f,39be1376-a4ad-4197-b455-763d9d74ef2a,->,d8d7340a-335e-40c7-8ea1-a9109ae7273c,9f136e1a-231c-43ca-9ae1-feb11be7abfe,d198912b-d245-41ff-b2c6-f649fc6e79b4
d8d7340a-335e-40c7-8ea1-a9109ae7273c,bc65c696-c590-4fcd-906d-a31c913c0a6f,39be1376-a4ad-4197-b455-763d9d74ef2a,->,d8d7340a-335e-40c7-8ea1-a9109ae7273c,bc65c696-c590-4fcd-906d-a31c913c0a6f,6f798186-d867-466a-8ca7-4d7a6ae0b86d
d8d7340a-335e-40c7-8ea1-a9109ae7273c,bc65c696-c590-4fcd-906d-a31c913c0a6f,39be1376-a4ad-4197-b455-763d9d74ef2a,->,d8d7340a-335e-40c7-8ea1-a9109ae7273c,solitaire/presentation/PTasAlterne.java,setDxDy
d8d7340a-335e-40c7-8ea1-a9109ae7273c,bc65c696-c590-4fcd-906d-a31c913c0a6f,39be1376-a4ad-4197-b455-763d9d74ef2a,->,d8d7340a-335e-40c7-8ea1-a9109ae7273c,9f136e1a-231c-43ca-9ae1-feb11be7abfe,7f71da4d-ba69-48f6-979b-3375812834bf
d8d7340a-335e-40c7-8ea1-a9109ae7273c,bc65c696-c590-4fcd-906d-a31c913c0a6f,39be1376-a4ad-4197-b455-763d9d74ef2a,->,d8d7340a-335e-40c7-8ea1-a9109ae7273c,bc65c696-c590-4fcd-906d-a31c913c0a6f,f246e3f1-90d3-40c9-b15d-9460a6bf6ec7
d8d7340a-335e-40c7-8ea1-a9109ae7273c,bc65c696-c590-4fcd-906d-a31c913c0a6f,39be1376-a4ad-4197-b455-763d9d74ef2a,->,d8d7340a-335e-40c7-8ea1-a9109ae7273c,9f136e1a-231c-43ca-9ae1-feb11be7abfe,7f71da4d-ba69-48f6-979b-3375812834bf
d8d7340a-335e-40c7-8ea1-a9109ae7273c,bc65c696-c590-4fcd-906d-a31c913c0a6f,39be1376-a4ad-4197-b455-763d9d74ef2a,->,d8d7340a-335e-40c7-8ea1-a9109ae7273c,bc65c696-c590-4fcd-906d-a31c913c0a6f,f246e3f1-90d3-40c9-b15d-9460a6bf6ec7
d8d7340a-335e-40c7-8ea1-a9109ae7273c,bc65c696-c590-4fcd-906d-a31c913c0a6f,39be1376-a4ad-4197-b455-763d9d74ef2a,->,d8d7340a-335e-40c7-8ea1-a9109ae7273c,9f136e1a-231c-43ca-9ae1-feb11be7abfe,7f71da4d-ba69-48f6-979b-3375812834bf
d8d7340a-335e-40c7-8ea1-a9109ae7273c,bc65c696-c590-4fcd-906d-a31c913c0a6f,39be1376-a4ad-4197-b455-763d9d74ef2a,->,d8d7340a-335e-40c7-8ea1-a9109ae7273c,bc65c696-c590-4fcd-906d-a31c913c0a6f,f246e3f1-90d3-40c9-b15d-9460a6bf6ec7
d8d7340a-335e-40c7-8ea1-a9109ae7273c,bc65c696-c590-4fcd-906d-a31c913c0a6f,39be1376-a4ad-4197-b455-763d9d74ef2a,->,d8d7340a-335e-40c7-8ea1-a9109ae7273c,9f136e1a-231c-43ca-9ae1-feb11be7abfe,7f71da4d-ba69-48f6-979b-3375812834bf
d8d7340a-335e-40c7-8ea1-a9109ae7273c,bc65c696-c590-4fcd-906d-a31c913c0a6f,39be1376-a4ad-4197-b455-763d9d74ef2a,->,d8d7340a-335e-40c7-8ea1-a9109ae7273c,bc65c696-c590-4fcd-906d-a31c913c0a6f,f246e3f1-90d3-40c9-b15d-9460a6bf6ec7
d8d7340a-335e-40c7-8ea1-a9109ae7273c,bc65c696-c590-4fcd-906d-a31c913c0a6f,39be1376-a4ad-4197-b455-763d9d74ef2a,->,d8d7340a-335e-40c7-8ea1-a9109ae7273c,javax/swing/JFrame.java,getContentPane
d8d7340a-335e-40c7-8ea1-a9109ae7273c,bc65c696-c590-4fcd-906d-a31c913c0a6f,39be1376-a4ad-4197-b455-763d9d74ef2a,->,d8d7340a-335e-40c7-8ea1-a9109ae7273c,bc65c696-c590-4fcd-906d-a31c913c0a6f,6f798186-d867-466a-8ca7-4d7a6ae0b86d
d8d7340a-335e-40c7-8ea1-a9109ae7273c,bc65c696-c590-4fcd-906d-a31c913c0a6f,39be1376-a4ad-4197-b455-763d9d74ef2a,->,d8d7340a-335e-40c7-8ea1-a9109ae7273c,java/awt/Container.java,add
d8d7340a-335e-40c7-8ea1-a9109ae7273c,bc65c696-c590-4fcd-906d-a31c913c0a6f,39be1376-a4ad-4197-b455-763d9d74ef2a,->,d8d7340a-335e-40c7-8ea1-a9109ae7273c,javax/swing/JFrame.java,setSize
d8d7340a-335e-40c7-8ea1-a9109ae7273c,bc65c696-c590-4fcd-906d-a31c913c0a6f,39be1376-a4ad-4197-b455-763d9d74ef2a,->,d8d7340a-335e-40c7-8ea1-a9109ae7273c,javax/swing/JFrame.java,setPreferredSize
d8d7340a-335e-40c7-8ea1-a9109ae7273c,bc65c696-c590-4fcd-906d-a31c913c0a6f,39be1376-a4ad-4197-b455-763d9d74ef2a,->,d8d7340a-335e-40c7-8ea1-a9109ae7273c,javax/swing/JFrame.java,setVisible
d8d7340a-335e-40c7-8ea1-a9109ae7273c,bc65c696-c590-4fcd-906d-a31c913c0a6f,39be1376-a4ad-4197-b455-763d9d74ef2a,->,d8d7340a-335e-40c7-8ea1-a9109ae7273c,javax/swing/JFrame.java,setDefaultCloseOperation
d8d7340a-335e-40c7-8ea1-a9109ae7273c,bc65c696-c590-4fcd-906d-a31c913c0a6f,6f798186-d867-466a-8ca7-4d7a6ae0b86d,->,d8d7340a-335e-40c7-8ea1-a9109ae7273c,bc65c696-c590-4fcd-906d-a31c913c0a6f,6f798186-d867-466a-8ca7-4d7a6ae0b86d
d8d7340a-335e-40c7-8ea1-a9109ae7273c,881acaa6-8dc1-4f71-a447-a5fa36a0943e,42828737-a9bd-4302-9f1e-5d197dbbf0fa,->,d8d7340a-335e-40c7-8ea1-a9109ae7273c,solitaire/PSolitaireMain.java,setMinimumSize
d8d7340a-335e-40c7-8ea1-a9109ae7273c,881acaa6-8dc1-4f71-a447-a5fa36a0943e,42828737-a9bd-4302-9f1e-5d197dbbf0fa,->,d8d7340a-335e-40c7-8ea1-a9109ae7273c,solitaire/PSolitaireMain.java,setSize
d8d7340a-335e-40c7-8ea1-a9109ae7273c,881acaa6-8dc1-4f71-a447-a5fa36a0943e,42828737-a9bd-4302-9f1e-5d197dbbf0fa,->,d8d7340a-335e-40c7-8ea1-a9109ae7273c,solitaire/PSolitaireMain.java,setVisible
d8d7340a-335e-40c7-8ea1-a9109ae7273c,881acaa6-8dc1-4f71-a447-a5fa36a0943e,42828737-a9bd-4302-9f1e-5d197dbbf0fa,->,d8d7340a-335e-40c7-8ea1-a9109ae7273c,solitaire/PSolitaireMain.java,getParent
d8d7340a-335e-40c7-8ea1-a9109ae7273c,881acaa6-8dc1-4f71-a447-a5fa36a0943e,42828737-a9bd-4302-9f1e-5d197dbbf0fa,->,d8d7340a-335e-40c7-8ea1-a9109ae7273c,solitaire/PSolitaireMain.java,setLocationRelativeTo
d8d7340a-335e-40c7-8ea1-a9109ae7273c,881acaa6-8dc1-4f71-a447-a5fa36a0943e,f7ce465d-eee9-46e8-aa03-cb96207efe12,->,d8d7340a-335e-40c7-8ea1-a9109ae7273c,javax/swing/JMenu.java,add
d8d7340a-335e-40c7-8ea1-a9109ae7273c,881acaa6-8dc1-4f71-a447-a5fa36a0943e,f7ce465d-eee9-46e8-aa03-cb96207efe12,->,d8d7340a-335e-40c7-8ea1-a9109ae7273c,javax/swing/JMenuItem.java,addActionListener
d8d7340a-335e-40c7-8ea1-a9109ae7273c,881acaa6-8dc1-4f71-a447-a5fa36a0943e,f7ce465d-eee9-46e8-aa03-cb96207efe12,->,d8d7340a-335e-40c7-8ea1-a9109ae7273c,javax/swing/JMenuItem.java,addActionListener
d8d7340a-335e-40c7-8ea1-a9109ae7273c,881acaa6-8dc1-4f71-a447-a5fa36a0943e,f7ce465d-eee9-46e8-aa03-cb96207efe12,->,d8d7340a-335e-40c7-8ea1-a9109ae7273c,javax/swing/JRadioButtonMenuItem.java,addActionListener
d8d7340a-335e-40c7-8ea1-a9109ae7273c,881acaa6-8dc1-4f71-a447-a5fa36a0943e,f7ce465d-eee9-46e8-aa03-cb96207efe12,->,d8d7340a-335e-40c7-8ea1-a9109ae7273c,javax/swing/JRadioButtonMenuItem.java,addActionListener
d8d7340a-335e-40c7-8ea1-a9109ae7273c,881acaa6-8dc1-4f71-a447-a5fa36a0943e,f7ce465d-eee9-46e8-aa03-cb96207efe12,->,d8d7340a-335e-40c7-8ea1-a9109ae7273c,javax/swing/JMenuItem.java,addActionListener
d8d7340a-335e-40c7-8ea1-a9109ae7273c,881acaa6-8dc1-4f71-a447-a5fa36a0943e,f7ce465d-eee9-46e8-aa03-cb96207efe12,->,d8d7340a-335e-40c7-8ea1-a9109ae7273c,javax/swing/ButtonGroup.java,add
d8d7340a-335e-40c7-8ea1-a9109ae7273c,881acaa6-8dc1-4f71-a447-a5fa36a0943e,f7ce465d-eee9-46e8-aa03-cb96207efe12,->,d8d7340a-335e-40c7-8ea1-a9109ae7273c,javax/swing/ButtonGroup.java,add
d8d7340a-335e-40c7-8ea1-a9109ae7273c,881acaa6-8dc1-4f71-a447-a5fa36a0943e,f7ce465d-eee9-46e8-aa03-cb96207efe12,->,d8d7340a-335e-40c7-8ea1-a9109ae7273c,javax/swing/JMenu.java,add
d8d7340a-335e-40c7-8ea1-a9109ae7273c,881acaa6-8dc1-4f71-a447-a5fa36a0943e,f7ce465d-eee9-46e8-aa03-cb96207efe12,->,d8d7340a-335e-40c7-8ea1-a9109ae7273c,javax/swing/JMenu.java,add
d8d7340a-335e-40c7-8ea1-a9109ae7273c,881acaa6-8dc1-4f71-a447-a5fa36a0943e,f7ce465d-eee9-46e8-aa03-cb96207efe12,->,d8d7340a-335e-40c7-8ea1-a9109ae7273c,javax/swing/JRadioButtonMenuItem.java,setSelected
d8d7340a-335e-40c7-8ea1-a9109ae7273c,881acaa6-8dc1-4f71-a447-a5fa36a0943e,f7ce465d-eee9-46e8-aa03-cb96207efe12,->,d8d7340a-335e-40c7-8ea1-a9109ae7273c,javax/swing/JMenu.java,add
d8d7340a-335e-40c7-8ea1-a9109ae7273c,881acaa6-8dc1-4f71-a447-a5fa36a0943e,f7ce465d-eee9-46e8-aa03-cb96207efe12,->,d8d7340a-335e-40c7-8ea1-a9109ae7273c,javax/swing/JMenu.java,add
d8d7340a-335e-40c7-8ea1-a9109ae7273c,881acaa6-8dc1-4f71-a447-a5fa36a0943e,f7ce465d-eee9-46e8-aa03-cb96207efe12,->,d8d7340a-335e-40c7-8ea1-a9109ae7273c,javax/swing/JMenu.java,add
d8d7340a-335e-40c7-8ea1-a9109ae7273c,881acaa6-8dc1-4f71-a447-a5fa36a0943e,f7ce465d-eee9-46e8-aa03-cb96207efe12,->,d8d7340a-335e-40c7-8ea1-a9109ae7273c,javax/swing/JMenuBar.java,add
d8d7340a-335e-40c7-8ea1-a9109ae7273c,881acaa6-8dc1-4f71-a447-a5fa36a0943e,f7ce465d-eee9-46e8-aa03-cb96207efe12,->,d8d7340a-335e-40c7-8ea1-a9109ae7273c,javax/swing/JMenuBar.java,add
d8d7340a-335e-40c7-8ea1-a9109ae7273c,881acaa6-8dc1-4f71-a447-a5fa36a0943e,f7ce465d-eee9-46e8-aa03-cb96207efe12,->,d8d7340a-335e-40c7-8ea1-a9109ae7273c,solitaire/PSolitaireMain.java,setJMenuBar
d8d7340a-335e-40c7-8ea1-a9109ae7273c,881acaa6-8dc1-4f71-a447-a5fa36a0943e,c24f1f6b-e7f9-4484-bf36-63caaa36932f,->,d8d7340a-335e-40c7-8ea1-a9109ae7273c,solitaire/PSolitaireMain.java,setContentPane
d8d7340a-335e-40c7-8ea1-a9109ae7273c,881acaa6-8dc1-4f71-a447-a5fa36a0943e,c24f1f6b-e7f9-4484-bf36-63caaa36932f,->,d8d7340a-335e-40c7-8ea1-a9109ae7273c,solitaire/PSolitaireMain.java,validate
d8d7340a-335e-40c7-8ea1-a9109ae7273c,881acaa6-8dc1-4f71-a447-a5fa36a0943e,c24f1f6b-e7f9-4484-bf36-63caaa36932f,->,d8d7340a-335e-40c7-8ea1-a9109ae7273c,solitaire/PSolitaireMain.java,repaint
