caller_project_id,caller_class_id,caller_method_id,CALL_DIRECTION,callee_project_id,callee_class_id,callee_method_id
e4019c80-4d28-4208-93ad-b68760aa61ab,com/taobao/TestMain$1.java,actionPerformed,->,e4019c80-4d28-4208-93ad-b68760aa61ab,com/taobao/TestMain.java,access$000
e4019c80-4d28-4208-93ad-b68760aa61ab,com/taobao/TestMain$1.java,actionPerformed,->,e4019c80-4d28-4208-93ad-b68760aa61ab,com/taobao/TestMain$MyThread.java,start
e4019c80-4d28-4208-93ad-b68760aa61ab,com/taobao/Entrance$1.java,actionPerformed,->,e4019c80-4d28-4208-93ad-b68760aa61ab,com/taobao/Entrance.java,access$100
e4019c80-4d28-4208-93ad-b68760aa61ab,com/taobao/Entrance$1.java,actionPerformed,->,e4019c80-4d28-4208-93ad-b68760aa61ab,com/taobao/Entrance.java,access$000
e4019c80-4d28-4208-93ad-b68760aa61ab,com/taobao/Entrance$1.java,actionPerformed,->,e4019c80-4d28-4208-93ad-b68760aa61ab,java/awt/CardLayout.java,previous
e4019c80-4d28-4208-93ad-b68760aa61ab,2d1e6ca6-b020-4ae7-881c-35bdabf319fb,929c086f-d4e3-43a4-b2c5-4b83c83608e0,->,e4019c80-4d28-4208-93ad-b68760aa61ab,java/util/List.java,iterator
e4019c80-4d28-4208-93ad-b68760aa61ab,2d1e6ca6-b020-4ae7-881c-35bdabf319fb,929c086f-d4e3-43a4-b2c5-4b83c83608e0,->,e4019c80-4d28-4208-93ad-b68760aa61ab,java/util/Iterator.java,hasNext
e4019c80-4d28-4208-93ad-b68760aa61ab,2d1e6ca6-b020-4ae7-881c-35bdabf319fb,929c086f-d4e3-43a4-b2c5-4b83c83608e0,->,e4019c80-4d28-4208-93ad-b68760aa61ab,java/util/Iterator.java,next
e4019c80-4d28-4208-93ad-b68760aa61ab,2d1e6ca6-b020-4ae7-881c-35bdabf319fb,929c086f-d4e3-43a4-b2c5-4b83c83608e0,->,e4019c80-4d28-4208-93ad-b68760aa61ab,com/taobao/controller/LintScanner$Issue.java,getId
e4019c80-4d28-4208-93ad-b68760aa61ab,2d1e6ca6-b020-4ae7-881c-35bdabf319fb,929c086f-d4e3-43a4-b2c5-4b83c83608e0,->,e4019c80-4d28-4208-93ad-b68760aa61ab,java/lang/String.java,equals
e4019c80-4d28-4208-93ad-b68760aa61ab,2d1e6ca6-b020-4ae7-881c-35bdabf319fb,929c086f-d4e3-43a4-b2c5-4b83c83608e0,->,e4019c80-4d28-4208-93ad-b68760aa61ab,com/taobao/controller/LintScanner$Issue.java,getLocation
e4019c80-4d28-4208-93ad-b68760aa61ab,2d1e6ca6-b020-4ae7-881c-35bdabf319fb,929c086f-d4e3-43a4-b2c5-4b83c83608e0,->,e4019c80-4d28-4208-93ad-b68760aa61ab,java/lang/String.java,endsWith
e4019c80-4d28-4208-93ad-b68760aa61ab,2d1e6ca6-b020-4ae7-881c-35bdabf319fb,929c086f-d4e3-43a4-b2c5-4b83c83608e0,->,e4019c80-4d28-4208-93ad-b68760aa61ab,java/io/File.java,getAbsolutePath
e4019c80-4d28-4208-93ad-b68760aa61ab,2d1e6ca6-b020-4ae7-881c-35bdabf319fb,929c086f-d4e3-43a4-b2c5-4b83c83608e0,->,e4019c80-4d28-4208-93ad-b68760aa61ab,java/lang/StringBuilder.java,append
e4019c80-4d28-4208-93ad-b68760aa61ab,2d1e6ca6-b020-4ae7-881c-35bdabf319fb,929c086f-d4e3-43a4-b2c5-4b83c83608e0,->,e4019c80-4d28-4208-93ad-b68760aa61ab,java/lang/StringBuilder.java,append
e4019c80-4d28-4208-93ad-b68760aa61ab,2d1e6ca6-b020-4ae7-881c-35bdabf319fb,929c086f-d4e3-43a4-b2c5-4b83c83608e0,->,e4019c80-4d28-4208-93ad-b68760aa61ab,com/taobao/controller/LintScanner$Issue.java,getLocation
e4019c80-4d28-4208-93ad-b68760aa61ab,2d1e6ca6-b020-4ae7-881c-35bdabf319fb,929c086f-d4e3-43a4-b2c5-4b83c83608e0,->,e4019c80-4d28-4208-93ad-b68760aa61ab,java/lang/String.java,replace
e4019c80-4d28-4208-93ad-b68760aa61ab,2d1e6ca6-b020-4ae7-881c-35bdabf319fb,929c086f-d4e3-43a4-b2c5-4b83c83608e0,->,e4019c80-4d28-4208-93ad-b68760aa61ab,java/lang/StringBuilder.java,append
e4019c80-4d28-4208-93ad-b68760aa61ab,2d1e6ca6-b020-4ae7-881c-35bdabf319fb,929c086f-d4e3-43a4-b2c5-4b83c83608e0,->,e4019c80-4d28-4208-93ad-b68760aa61ab,java/lang/StringBuilder.java,toString
e4019c80-4d28-4208-93ad-b68760aa61ab,2d1e6ca6-b020-4ae7-881c-35bdabf319fb,929c086f-d4e3-43a4-b2c5-4b83c83608e0,->,e4019c80-4d28-4208-93ad-b68760aa61ab,java/io/File.java,exists
e4019c80-4d28-4208-93ad-b68760aa61ab,2d1e6ca6-b020-4ae7-881c-35bdabf319fb,929c086f-d4e3-43a4-b2c5-4b83c83608e0,->,e4019c80-4d28-4208-93ad-b68760aa61ab,java/io/File.java,getAbsolutePath
e4019c80-4d28-4208-93ad-b68760aa61ab,2d1e6ca6-b020-4ae7-881c-35bdabf319fb,929c086f-d4e3-43a4-b2c5-4b83c83608e0,->,e4019c80-4d28-4208-93ad-b68760aa61ab,java/lang/StringBuilder.java,append
e4019c80-4d28-4208-93ad-b68760aa61ab,2d1e6ca6-b020-4ae7-881c-35bdabf319fb,929c086f-d4e3-43a4-b2c5-4b83c83608e0,->,e4019c80-4d28-4208-93ad-b68760aa61ab,java/lang/StringBuilder.java,append
e4019c80-4d28-4208-93ad-b68760aa61ab,2d1e6ca6-b020-4ae7-881c-35bdabf319fb,929c086f-d4e3-43a4-b2c5-4b83c83608e0,->,e4019c80-4d28-4208-93ad-b68760aa61ab,com/taobao/controller/LintScanner$Issue.java,getLocation
e4019c80-4d28-4208-93ad-b68760aa61ab,2d1e6ca6-b020-4ae7-881c-35bdabf319fb,929c086f-d4e3-43a4-b2c5-4b83c83608e0,->,e4019c80-4d28-4208-93ad-b68760aa61ab,java/lang/StringBuilder.java,append
e4019c80-4d28-4208-93ad-b68760aa61ab,2d1e6ca6-b020-4ae7-881c-35bdabf319fb,929c086f-d4e3-43a4-b2c5-4b83c83608e0,->,e4019c80-4d28-4208-93ad-b68760aa61ab,java/lang/StringBuilder.java,toString
e4019c80-4d28-4208-93ad-b68760aa61ab,2d1e6ca6-b020-4ae7-881c-35bdabf319fb,929c086f-d4e3-43a4-b2c5-4b83c83608e0,->,e4019c80-4d28-4208-93ad-b68760aa61ab,7d35a787-4492-43a2-b5f5-4d792b5ce681,e44ac472-e92e-4a3c-b299-e3dbac2713b6
e4019c80-4d28-4208-93ad-b68760aa61ab,2d1e6ca6-b020-4ae7-881c-35bdabf319fb,929c086f-d4e3-43a4-b2c5-4b83c83608e0,->,e4019c80-4d28-4208-93ad-b68760aa61ab,java/lang/StringBuilder.java,append
e4019c80-4d28-4208-93ad-b68760aa61ab,2d1e6ca6-b020-4ae7-881c-35bdabf319fb,929c086f-d4e3-43a4-b2c5-4b83c83608e0,->,e4019c80-4d28-4208-93ad-b68760aa61ab,com/taobao/controller/LintScanner$Issue.java,getLocation
e4019c80-4d28-4208-93ad-b68760aa61ab,2d1e6ca6-b020-4ae7-881c-35bdabf319fb,929c086f-d4e3-43a4-b2c5-4b83c83608e0,->,e4019c80-4d28-4208-93ad-b68760aa61ab,java/lang/StringBuilder.java,append
e4019c80-4d28-4208-93ad-b68760aa61ab,2d1e6ca6-b020-4ae7-881c-35bdabf319fb,929c086f-d4e3-43a4-b2c5-4b83c83608e0,->,e4019c80-4d28-4208-93ad-b68760aa61ab,java/lang/StringBuilder.java,append
e4019c80-4d28-4208-93ad-b68760aa61ab,2d1e6ca6-b020-4ae7-881c-35bdabf319fb,929c086f-d4e3-43a4-b2c5-4b83c83608e0,->,e4019c80-4d28-4208-93ad-b68760aa61ab,java/lang/StringBuilder.java,toString
e4019c80-4d28-4208-93ad-b68760aa61ab,2d1e6ca6-b020-4ae7-881c-35bdabf319fb,929c086f-d4e3-43a4-b2c5-4b83c83608e0,->,e4019c80-4d28-4208-93ad-b68760aa61ab,javax/swing/JTextArea.java,append
e4019c80-4d28-4208-93ad-b68760aa61ab,2d1e6ca6-b020-4ae7-881c-35bdabf319fb,929c086f-d4e3-43a4-b2c5-4b83c83608e0,->,e4019c80-4d28-4208-93ad-b68760aa61ab,javax/swing/JTextArea.java,getBounds
e4019c80-4d28-4208-93ad-b68760aa61ab,2d1e6ca6-b020-4ae7-881c-35bdabf319fb,929c086f-d4e3-43a4-b2c5-4b83c83608e0,->,e4019c80-4d28-4208-93ad-b68760aa61ab,javax/swing/JTextArea.java,paintImmediately
e4019c80-4d28-4208-93ad-b68760aa61ab,2d1e6ca6-b020-4ae7-881c-35bdabf319fb,929c086f-d4e3-43a4-b2c5-4b83c83608e0,->,e4019c80-4d28-4208-93ad-b68760aa61ab,com/taobao/controller/LintScanner$Issue.java,getLocation
e4019c80-4d28-4208-93ad-b68760aa61ab,2d1e6ca6-b020-4ae7-881c-35bdabf319fb,929c086f-d4e3-43a4-b2c5-4b83c83608e0,->,e4019c80-4d28-4208-93ad-b68760aa61ab,java/lang/String.java,endsWith
e4019c80-4d28-4208-93ad-b68760aa61ab,2d1e6ca6-b020-4ae7-881c-35bdabf319fb,929c086f-d4e3-43a4-b2c5-4b83c83608e0,->,e4019c80-4d28-4208-93ad-b68760aa61ab,com/taobao/controller/LintScanner$Issue.java,getColumn
e4019c80-4d28-4208-93ad-b68760aa61ab,2d1e6ca6-b020-4ae7-881c-35bdabf319fb,929c086f-d4e3-43a4-b2c5-4b83c83608e0,->,e4019c80-4d28-4208-93ad-b68760aa61ab,com/taobao/controller/LintScanner$Issue.java,getColumn
e4019c80-4d28-4208-93ad-b68760aa61ab,2d1e6ca6-b020-4ae7-881c-35bdabf319fb,929c086f-d4e3-43a4-b2c5-4b83c83608e0,->,e4019c80-4d28-4208-93ad-b68760aa61ab,java/lang/String.java,length
e4019c80-4d28-4208-93ad-b68760aa61ab,2d1e6ca6-b020-4ae7-881c-35bdabf319fb,929c086f-d4e3-43a4-b2c5-4b83c83608e0,->,e4019c80-4d28-4208-93ad-b68760aa61ab,java/io/File.java,getAbsolutePath
e4019c80-4d28-4208-93ad-b68760aa61ab,2d1e6ca6-b020-4ae7-881c-35bdabf319fb,929c086f-d4e3-43a4-b2c5-4b83c83608e0,->,e4019c80-4d28-4208-93ad-b68760aa61ab,java/lang/StringBuilder.java,append
e4019c80-4d28-4208-93ad-b68760aa61ab,2d1e6ca6-b020-4ae7-881c-35bdabf319fb,929c086f-d4e3-43a4-b2c5-4b83c83608e0,->,e4019c80-4d28-4208-93ad-b68760aa61ab,java/lang/StringBuilder.java,append
e4019c80-4d28-4208-93ad-b68760aa61ab,2d1e6ca6-b020-4ae7-881c-35bdabf319fb,929c086f-d4e3-43a4-b2c5-4b83c83608e0,->,e4019c80-4d28-4208-93ad-b68760aa61ab,com/taobao/controller/LintScanner$Issue.java,getLocation
e4019c80-4d28-4208-93ad-b68760aa61ab,2d1e6ca6-b020-4ae7-881c-35bdabf319fb,929c086f-d4e3-43a4-b2c5-4b83c83608e0,->,e4019c80-4d28-4208-93ad-b68760aa61ab,java/lang/String.java,replace
e4019c80-4d28-4208-93ad-b68760aa61ab,2d1e6ca6-b020-4ae7-881c-35bdabf319fb,929c086f-d4e3-43a4-b2c5-4b83c83608e0,->,e4019c80-4d28-4208-93ad-b68760aa61ab,java/lang/StringBuilder.java,append
e4019c80-4d28-4208-93ad-b68760aa61ab,2d1e6ca6-b020-4ae7-881c-35bdabf319fb,929c086f-d4e3-43a4-b2c5-4b83c83608e0,->,e4019c80-4d28-4208-93ad-b68760aa61ab,java/lang/StringBuilder.java,toString
e4019c80-4d28-4208-93ad-b68760aa61ab,2d1e6ca6-b020-4ae7-881c-35bdabf319fb,929c086f-d4e3-43a4-b2c5-4b83c83608e0,->,e4019c80-4d28-4208-93ad-b68760aa61ab,java/io/File.java,exists
e4019c80-4d28-4208-93ad-b68760aa61ab,2d1e6ca6-b020-4ae7-881c-35bdabf319fb,929c086f-d4e3-43a4-b2c5-4b83c83608e0,->,e4019c80-4d28-4208-93ad-b68760aa61ab,java/io/File.java,getAbsolutePath
e4019c80-4d28-4208-93ad-b68760aa61ab,2d1e6ca6-b020-4ae7-881c-35bdabf319fb,929c086f-d4e3-43a4-b2c5-4b83c83608e0,->,e4019c80-4d28-4208-93ad-b68760aa61ab,java/lang/StringBuilder.java,append
e4019c80-4d28-4208-93ad-b68760aa61ab,2d1e6ca6-b020-4ae7-881c-35bdabf319fb,929c086f-d4e3-43a4-b2c5-4b83c83608e0,->,e4019c80-4d28-4208-93ad-b68760aa61ab,java/lang/StringBuilder.java,append
e4019c80-4d28-4208-93ad-b68760aa61ab,2d1e6ca6-b020-4ae7-881c-35bdabf319fb,929c086f-d4e3-43a4-b2c5-4b83c83608e0,->,e4019c80-4d28-4208-93ad-b68760aa61ab,com/taobao/controller/LintScanner$Issue.java,getLocation
e4019c80-4d28-4208-93ad-b68760aa61ab,2d1e6ca6-b020-4ae7-881c-35bdabf319fb,929c086f-d4e3-43a4-b2c5-4b83c83608e0,->,e4019c80-4d28-4208-93ad-b68760aa61ab,java/lang/StringBuilder.java,append
e4019c80-4d28-4208-93ad-b68760aa61ab,2d1e6ca6-b020-4ae7-881c-35bdabf319fb,929c086f-d4e3-43a4-b2c5-4b83c83608e0,->,e4019c80-4d28-4208-93ad-b68760aa61ab,java/lang/StringBuilder.java,toString
e4019c80-4d28-4208-93ad-b68760aa61ab,2d1e6ca6-b020-4ae7-881c-35bdabf319fb,929c086f-d4e3-43a4-b2c5-4b83c83608e0,->,e4019c80-4d28-4208-93ad-b68760aa61ab,7d35a787-4492-43a2-b5f5-4d792b5ce681,e44ac472-e92e-4a3c-b299-e3dbac2713b6
e4019c80-4d28-4208-93ad-b68760aa61ab,2d1e6ca6-b020-4ae7-881c-35bdabf319fb,929c086f-d4e3-43a4-b2c5-4b83c83608e0,->,e4019c80-4d28-4208-93ad-b68760aa61ab,java/lang/StringBuilder.java,append
e4019c80-4d28-4208-93ad-b68760aa61ab,2d1e6ca6-b020-4ae7-881c-35bdabf319fb,929c086f-d4e3-43a4-b2c5-4b83c83608e0,->,e4019c80-4d28-4208-93ad-b68760aa61ab,com/taobao/controller/LintScanner$Issue.java,getLocation
e4019c80-4d28-4208-93ad-b68760aa61ab,2d1e6ca6-b020-4ae7-881c-35bdabf319fb,929c086f-d4e3-43a4-b2c5-4b83c83608e0,->,e4019c80-4d28-4208-93ad-b68760aa61ab,java/lang/StringBuilder.java,append
e4019c80-4d28-4208-93ad-b68760aa61ab,2d1e6ca6-b020-4ae7-881c-35bdabf319fb,929c086f-d4e3-43a4-b2c5-4b83c83608e0,->,e4019c80-4d28-4208-93ad-b68760aa61ab,java/lang/StringBuilder.java,append
e4019c80-4d28-4208-93ad-b68760aa61ab,2d1e6ca6-b020-4ae7-881c-35bdabf319fb,929c086f-d4e3-43a4-b2c5-4b83c83608e0,->,e4019c80-4d28-4208-93ad-b68760aa61ab,java/lang/StringBuilder.java,toString
e4019c80-4d28-4208-93ad-b68760aa61ab,2d1e6ca6-b020-4ae7-881c-35bdabf319fb,929c086f-d4e3-43a4-b2c5-4b83c83608e0,->,e4019c80-4d28-4208-93ad-b68760aa61ab,javax/swing/JTextArea.java,append
e4019c80-4d28-4208-93ad-b68760aa61ab,2d1e6ca6-b020-4ae7-881c-35bdabf319fb,929c086f-d4e3-43a4-b2c5-4b83c83608e0,->,e4019c80-4d28-4208-93ad-b68760aa61ab,javax/swing/JTextArea.java,getBounds
e4019c80-4d28-4208-93ad-b68760aa61ab,2d1e6ca6-b020-4ae7-881c-35bdabf319fb,929c086f-d4e3-43a4-b2c5-4b83c83608e0,->,e4019c80-4d28-4208-93ad-b68760aa61ab,javax/swing/JTextArea.java,paintImmediately
e4019c80-4d28-4208-93ad-b68760aa61ab,2d1e6ca6-b020-4ae7-881c-35bdabf319fb,ddec5ea0-b2f2-455f-b53a-ebbb941bcf19,->,e4019c80-4d28-4208-93ad-b68760aa61ab,org/jdom2/input/SAXBuilder.java,build
e4019c80-4d28-4208-93ad-b68760aa61ab,2d1e6ca6-b020-4ae7-881c-35bdabf319fb,ddec5ea0-b2f2-455f-b53a-ebbb941bcf19,->,e4019c80-4d28-4208-93ad-b68760aa61ab,org/jdom2/Document.java,getRootElement
e4019c80-4d28-4208-93ad-b68760aa61ab,2d1e6ca6-b020-4ae7-881c-35bdabf319fb,ddec5ea0-b2f2-455f-b53a-ebbb941bcf19,->,e4019c80-4d28-4208-93ad-b68760aa61ab,org/jdom2/Element.java,getChildren
e4019c80-4d28-4208-93ad-b68760aa61ab,2d1e6ca6-b020-4ae7-881c-35bdabf319fb,ddec5ea0-b2f2-455f-b53a-ebbb941bcf19,->,e4019c80-4d28-4208-93ad-b68760aa61ab,java/util/List.java,size
e4019c80-4d28-4208-93ad-b68760aa61ab,2d1e6ca6-b020-4ae7-881c-35bdabf319fb,ddec5ea0-b2f2-455f-b53a-ebbb941bcf19,->,e4019c80-4d28-4208-93ad-b68760aa61ab,java/util/List.java,get
e4019c80-4d28-4208-93ad-b68760aa61ab,2d1e6ca6-b020-4ae7-881c-35bdabf319fb,ddec5ea0-b2f2-455f-b53a-ebbb941bcf19,->,e4019c80-4d28-4208-93ad-b68760aa61ab,org/jdom2/Element.java,getAttributeValue
e4019c80-4d28-4208-93ad-b68760aa61ab,2d1e6ca6-b020-4ae7-881c-35bdabf319fb,ddec5ea0-b2f2-455f-b53a-ebbb941bcf19,->,e4019c80-4d28-4208-93ad-b68760aa61ab,com/taobao/controller/LintScanner$Issue.java,setId
e4019c80-4d28-4208-93ad-b68760aa61ab,2d1e6ca6-b020-4ae7-881c-35bdabf319fb,ddec5ea0-b2f2-455f-b53a-ebbb941bcf19,->,e4019c80-4d28-4208-93ad-b68760aa61ab,org/jdom2/Element.java,getChild
e4019c80-4d28-4208-93ad-b68760aa61ab,2d1e6ca6-b020-4ae7-881c-35bdabf319fb,ddec5ea0-b2f2-455f-b53a-ebbb941bcf19,->,e4019c80-4d28-4208-93ad-b68760aa61ab,org/jdom2/Element.java,getChild
e4019c80-4d28-4208-93ad-b68760aa61ab,2d1e6ca6-b020-4ae7-881c-35bdabf319fb,ddec5ea0-b2f2-455f-b53a-ebbb941bcf19,->,e4019c80-4d28-4208-93ad-b68760aa61ab,org/jdom2/Element.java,getAttributeValue
e4019c80-4d28-4208-93ad-b68760aa61ab,2d1e6ca6-b020-4ae7-881c-35bdabf319fb,ddec5ea0-b2f2-455f-b53a-ebbb941bcf19,->,e4019c80-4d28-4208-93ad-b68760aa61ab,com/taobao/controller/LintScanner$Issue.java,setLocation
e4019c80-4d28-4208-93ad-b68760aa61ab,2d1e6ca6-b020-4ae7-881c-35bdabf319fb,ddec5ea0-b2f2-455f-b53a-ebbb941bcf19,->,e4019c80-4d28-4208-93ad-b68760aa61ab,org/jdom2/Element.java,getChild
e4019c80-4d28-4208-93ad-b68760aa61ab,2d1e6ca6-b020-4ae7-881c-35bdabf319fb,ddec5ea0-b2f2-455f-b53a-ebbb941bcf19,->,e4019c80-4d28-4208-93ad-b68760aa61ab,org/jdom2/Element.java,getAttributeValue
e4019c80-4d28-4208-93ad-b68760aa61ab,2d1e6ca6-b020-4ae7-881c-35bdabf319fb,ddec5ea0-b2f2-455f-b53a-ebbb941bcf19,->,e4019c80-4d28-4208-93ad-b68760aa61ab,com/taobao/controller/LintScanner$Issue.java,setColumn
e4019c80-4d28-4208-93ad-b68760aa61ab,2d1e6ca6-b020-4ae7-881c-35bdabf319fb,ddec5ea0-b2f2-455f-b53a-ebbb941bcf19,->,e4019c80-4d28-4208-93ad-b68760aa61ab,org/jdom2/Element.java,getChild
e4019c80-4d28-4208-93ad-b68760aa61ab,2d1e6ca6-b020-4ae7-881c-35bdabf319fb,ddec5ea0-b2f2-455f-b53a-ebbb941bcf19,->,e4019c80-4d28-4208-93ad-b68760aa61ab,org/jdom2/Element.java,getAttributeValue
e4019c80-4d28-4208-93ad-b68760aa61ab,2d1e6ca6-b020-4ae7-881c-35bdabf319fb,ddec5ea0-b2f2-455f-b53a-ebbb941bcf19,->,e4019c80-4d28-4208-93ad-b68760aa61ab,com/taobao/controller/LintScanner$Issue.java,setLine
e4019c80-4d28-4208-93ad-b68760aa61ab,2d1e6ca6-b020-4ae7-881c-35bdabf319fb,ddec5ea0-b2f2-455f-b53a-ebbb941bcf19,->,e4019c80-4d28-4208-93ad-b68760aa61ab,org/jdom2/Element.java,getChild
e4019c80-4d28-4208-93ad-b68760aa61ab,2d1e6ca6-b020-4ae7-881c-35bdabf319fb,ddec5ea0-b2f2-455f-b53a-ebbb941bcf19,->,e4019c80-4d28-4208-93ad-b68760aa61ab,org/jdom2/Element.java,getAttributeValue
e4019c80-4d28-4208-93ad-b68760aa61ab,2d1e6ca6-b020-4ae7-881c-35bdabf319fb,ddec5ea0-b2f2-455f-b53a-ebbb941bcf19,->,e4019c80-4d28-4208-93ad-b68760aa61ab,com/taobao/controller/LintScanner$Issue.java,setName
e4019c80-4d28-4208-93ad-b68760aa61ab,2d1e6ca6-b020-4ae7-881c-35bdabf319fb,ddec5ea0-b2f2-455f-b53a-ebbb941bcf19,->,e4019c80-4d28-4208-93ad-b68760aa61ab,com/taobao/controller/LintScanner$Issue.java,getLocation
e4019c80-4d28-4208-93ad-b68760aa61ab,2d1e6ca6-b020-4ae7-881c-35bdabf319fb,ddec5ea0-b2f2-455f-b53a-ebbb941bcf19,->,e4019c80-4d28-4208-93ad-b68760aa61ab,java/lang/String.java,contains
e4019c80-4d28-4208-93ad-b68760aa61ab,2d1e6ca6-b020-4ae7-881c-35bdabf319fb,ddec5ea0-b2f2-455f-b53a-ebbb941bcf19,->,e4019c80-4d28-4208-93ad-b68760aa61ab,java/lang/StringBuilder.java,append
e4019c80-4d28-4208-93ad-b68760aa61ab,2d1e6ca6-b020-4ae7-881c-35bdabf319fb,ddec5ea0-b2f2-455f-b53a-ebbb941bcf19,->,e4019c80-4d28-4208-93ad-b68760aa61ab,com/taobao/controller/LintScanner$Issue.java,getLocation
e4019c80-4d28-4208-93ad-b68760aa61ab,2d1e6ca6-b020-4ae7-881c-35bdabf319fb,ddec5ea0-b2f2-455f-b53a-ebbb941bcf19,->,e4019c80-4d28-4208-93ad-b68760aa61ab,java/lang/StringBuilder.java,append
e4019c80-4d28-4208-93ad-b68760aa61ab,2d1e6ca6-b020-4ae7-881c-35bdabf319fb,ddec5ea0-b2f2-455f-b53a-ebbb941bcf19,->,e4019c80-4d28-4208-93ad-b68760aa61ab,java/lang/StringBuilder.java,toString
e4019c80-4d28-4208-93ad-b68760aa61ab,2d1e6ca6-b020-4ae7-881c-35bdabf319fb,ddec5ea0-b2f2-455f-b53a-ebbb941bcf19,->,e4019c80-4d28-4208-93ad-b68760aa61ab,java/io/PrintStream.java,println
e4019c80-4d28-4208-93ad-b68760aa61ab,2d1e6ca6-b020-4ae7-881c-35bdabf319fb,ddec5ea0-b2f2-455f-b53a-ebbb941bcf19,->,e4019c80-4d28-4208-93ad-b68760aa61ab,java/util/List.java,add
e4019c80-4d28-4208-93ad-b68760aa61ab,2d1e6ca6-b020-4ae7-881c-35bdabf319fb,ddec5ea0-b2f2-455f-b53a-ebbb941bcf19,->,e4019c80-4d28-4208-93ad-b68760aa61ab,java/io/IOException.java,getMessage
e4019c80-4d28-4208-93ad-b68760aa61ab,2d1e6ca6-b020-4ae7-881c-35bdabf319fb,ddec5ea0-b2f2-455f-b53a-ebbb941bcf19,->,e4019c80-4d28-4208-93ad-b68760aa61ab,java/io/PrintStream.java,println
e4019c80-4d28-4208-93ad-b68760aa61ab,2d1e6ca6-b020-4ae7-881c-35bdabf319fb,ddec5ea0-b2f2-455f-b53a-ebbb941bcf19,->,e4019c80-4d28-4208-93ad-b68760aa61ab,org/jdom2/JDOMException.java,getMessage
e4019c80-4d28-4208-93ad-b68760aa61ab,2d1e6ca6-b020-4ae7-881c-35bdabf319fb,ddec5ea0-b2f2-455f-b53a-ebbb941bcf19,->,e4019c80-4d28-4208-93ad-b68760aa61ab,java/io/PrintStream.java,println
e4019c80-4d28-4208-93ad-b68760aa61ab,2d1e6ca6-b020-4ae7-881c-35bdabf319fb,fc205755-0cde-433f-b35c-968f798a2343,->,e4019c80-4d28-4208-93ad-b68760aa61ab,java/util/concurrent/Executors.java,newSingleThreadExecutor
e4019c80-4d28-4208-93ad-b68760aa61ab,2d1e6ca6-b020-4ae7-881c-35bdabf319fb,fc205755-0cde-433f-b35c-968f798a2343,->,e4019c80-4d28-4208-93ad-b68760aa61ab,java/util/concurrent/ExecutorService.java,execute
e4019c80-4d28-4208-93ad-b68760aa61ab,com/taobao/controller/LintScanner$1.java,call,->,e4019c80-4d28-4208-93ad-b68760aa61ab,java/lang/Runtime.java,getRuntime
e4019c80-4d28-4208-93ad-b68760aa61ab,com/taobao/controller/LintScanner$1.java,call,->,e4019c80-4d28-4208-93ad-b68760aa61ab,java/lang/Runtime.java,exec
e4019c80-4d28-4208-93ad-b68760aa61ab,com/taobao/controller/LintScanner$1.java,call,->,e4019c80-4d28-4208-93ad-b68760aa61ab,java/lang/Process.java,getInputStream
e4019c80-4d28-4208-93ad-b68760aa61ab,com/taobao/controller/LintScanner$1.java,call,->,e4019c80-4d28-4208-93ad-b68760aa61ab,java/nio/charset/Charset.java,forName
e4019c80-4d28-4208-93ad-b68760aa61ab,com/taobao/controller/LintScanner$1.java,call,->,e4019c80-4d28-4208-93ad-b68760aa61ab,java/lang/Process.java,getInputStream
e4019c80-4d28-4208-93ad-b68760aa61ab,com/taobao/controller/LintScanner$1.java,call,->,e4019c80-4d28-4208-93ad-b68760aa61ab,java/nio/charset/Charset.java,forName
e4019c80-4d28-4208-93ad-b68760aa61ab,com/taobao/controller/LintScanner$1.java,call,->,e4019c80-4d28-4208-93ad-b68760aa61ab,com/taobao/controller/LintScanner.java,access$000
e4019c80-4d28-4208-93ad-b68760aa61ab,com/taobao/controller/LintScanner$1.java,call,->,e4019c80-4d28-4208-93ad-b68760aa61ab,javax/swing/JTextArea.java,append
e4019c80-4d28-4208-93ad-b68760aa61ab,com/taobao/controller/LintScanner$1.java,call,->,e4019c80-4d28-4208-93ad-b68760aa61ab,com/taobao/controller/LintScanner.java,access$000
e4019c80-4d28-4208-93ad-b68760aa61ab,com/taobao/controller/LintScanner$1.java,call,->,e4019c80-4d28-4208-93ad-b68760aa61ab,com/taobao/controller/LintScanner.java,access$000
e4019c80-4d28-4208-93ad-b68760aa61ab,com/taobao/controller/LintScanner$1.java,call,->,e4019c80-4d28-4208-93ad-b68760aa61ab,javax/swing/JTextArea.java,getBounds
e4019c80-4d28-4208-93ad-b68760aa61ab,com/taobao/controller/LintScanner$1.java,call,->,e4019c80-4d28-4208-93ad-b68760aa61ab,javax/swing/JTextArea.java,paintImmediately
e4019c80-4d28-4208-93ad-b68760aa61ab,com/taobao/controller/LintScanner$1.java,call,->,e4019c80-4d28-4208-93ad-b68760aa61ab,java/io/BufferedReader.java,readLine
e4019c80-4d28-4208-93ad-b68760aa61ab,com/taobao/controller/LintScanner$1.java,call,->,e4019c80-4d28-4208-93ad-b68760aa61ab,com/taobao/controller/LintScanner.java,access$000
e4019c80-4d28-4208-93ad-b68760aa61ab,com/taobao/controller/LintScanner$1.java,call,->,e4019c80-4d28-4208-93ad-b68760aa61ab,javax/swing/JTextArea.java,append
e4019c80-4d28-4208-93ad-b68760aa61ab,com/taobao/controller/LintScanner$1.java,call,->,e4019c80-4d28-4208-93ad-b68760aa61ab,com/taobao/controller/LintScanner.java,access$000
e4019c80-4d28-4208-93ad-b68760aa61ab,com/taobao/controller/LintScanner$1.java,call,->,e4019c80-4d28-4208-93ad-b68760aa61ab,com/taobao/controller/LintScanner.java,access$000
e4019c80-4d28-4208-93ad-b68760aa61ab,com/taobao/controller/LintScanner$1.java,call,->,e4019c80-4d28-4208-93ad-b68760aa61ab,javax/swing/JTextArea.java,getBounds
e4019c80-4d28-4208-93ad-b68760aa61ab,com/taobao/controller/LintScanner$1.java,call,->,e4019c80-4d28-4208-93ad-b68760aa61ab,javax/swing/JTextArea.java,paintImmediately
e4019c80-4d28-4208-93ad-b68760aa61ab,com/taobao/controller/LintScanner$1.java,call,->,e4019c80-4d28-4208-93ad-b68760aa61ab,com/taobao/controller/LintScanner.java,access$000
e4019c80-4d28-4208-93ad-b68760aa61ab,com/taobao/controller/LintScanner$1.java,call,->,e4019c80-4d28-4208-93ad-b68760aa61ab,javax/swing/JTextArea.java,append
e4019c80-4d28-4208-93ad-b68760aa61ab,com/taobao/controller/LintScanner$1.java,call,->,e4019c80-4d28-4208-93ad-b68760aa61ab,com/taobao/controller/LintScanner.java,access$000
e4019c80-4d28-4208-93ad-b68760aa61ab,com/taobao/controller/LintScanner$1.java,call,->,e4019c80-4d28-4208-93ad-b68760aa61ab,com/taobao/controller/LintScanner.java,access$000
e4019c80-4d28-4208-93ad-b68760aa61ab,com/taobao/controller/LintScanner$1.java,call,->,e4019c80-4d28-4208-93ad-b68760aa61ab,javax/swing/JTextArea.java,getBounds
e4019c80-4d28-4208-93ad-b68760aa61ab,com/taobao/controller/LintScanner$1.java,call,->,e4019c80-4d28-4208-93ad-b68760aa61ab,javax/swing/JTextArea.java,paintImmediately
e4019c80-4d28-4208-93ad-b68760aa61ab,com/taobao/controller/LintScanner$1.java,call,->,e4019c80-4d28-4208-93ad-b68760aa61ab,java/io/BufferedReader.java,readLine
e4019c80-4d28-4208-93ad-b68760aa61ab,com/taobao/controller/LintScanner$1.java,call,->,e4019c80-4d28-4208-93ad-b68760aa61ab,java/io/PrintStream.java,println
e4019c80-4d28-4208-93ad-b68760aa61ab,com/taobao/controller/LintScanner$1.java,call,->,e4019c80-4d28-4208-93ad-b68760aa61ab,java/lang/Process.java,destroy
e4019c80-4d28-4208-93ad-b68760aa61ab,com/taobao/controller/LintScanner$1.java,call,->,e4019c80-4d28-4208-93ad-b68760aa61ab,java/util/concurrent/ExecutorService.java,shutdown
e4019c80-4d28-4208-93ad-b68760aa61ab,com/taobao/controller/LintScanner$1.java,call,->,e4019c80-4d28-4208-93ad-b68760aa61ab,com/taobao/controller/LintScanner$1.java,call
e4019c80-4d28-4208-93ad-b68760aa61ab,7d35a787-4492-43a2-b5f5-4d792b5ce681,01095a83-8167-442c-b6b2-eb28b8888284,->,e4019c80-4d28-4208-93ad-b68760aa61ab,java/io/File.java,exists
e4019c80-4d28-4208-93ad-b68760aa61ab,7d35a787-4492-43a2-b5f5-4d792b5ce681,01095a83-8167-442c-b6b2-eb28b8888284,->,e4019c80-4d28-4208-93ad-b68760aa61ab,java/io/File.java,mkdirs
e4019c80-4d28-4208-93ad-b68760aa61ab,7d35a787-4492-43a2-b5f5-4d792b5ce681,0efc8e99-06e3-4d65-8062-d1efbad10d1e,->,e4019c80-4d28-4208-93ad-b68760aa61ab,java/io/File.java,exists
e4019c80-4d28-4208-93ad-b68760aa61ab,7d35a787-4492-43a2-b5f5-4d792b5ce681,0efc8e99-06e3-4d65-8062-d1efbad10d1e,->,e4019c80-4d28-4208-93ad-b68760aa61ab,java/io/File.java,delete
e4019c80-4d28-4208-93ad-b68760aa61ab,7d35a787-4492-43a2-b5f5-4d792b5ce681,e44ac472-e92e-4a3c-b299-e3dbac2713b6,->,e4019c80-4d28-4208-93ad-b68760aa61ab,java/io/File.java,getPath
e4019c80-4d28-4208-93ad-b68760aa61ab,7d35a787-4492-43a2-b5f5-4d792b5ce681,e44ac472-e92e-4a3c-b299-e3dbac2713b6,->,e4019c80-4d28-4208-93ad-b68760aa61ab,java/lang/String.java,split
e4019c80-4d28-4208-93ad-b68760aa61ab,7d35a787-4492-43a2-b5f5-4d792b5ce681,e44ac472-e92e-4a3c-b299-e3dbac2713b6,->,e4019c80-4d28-4208-93ad-b68760aa61ab,java/lang/StringBuilder.java,append
e4019c80-4d28-4208-93ad-b68760aa61ab,7d35a787-4492-43a2-b5f5-4d792b5ce681,e44ac472-e92e-4a3c-b299-e3dbac2713b6,->,e4019c80-4d28-4208-93ad-b68760aa61ab,java/lang/StringBuilder.java,append
e4019c80-4d28-4208-93ad-b68760aa61ab,7d35a787-4492-43a2-b5f5-4d792b5ce681,e44ac472-e92e-4a3c-b299-e3dbac2713b6,->,e4019c80-4d28-4208-93ad-b68760aa61ab,java/lang/StringBuilder.java,toString
e4019c80-4d28-4208-93ad-b68760aa61ab,7d35a787-4492-43a2-b5f5-4d792b5ce681,e44ac472-e92e-4a3c-b299-e3dbac2713b6,->,e4019c80-4d28-4208-93ad-b68760aa61ab,java/lang/String.java,replace
e4019c80-4d28-4208-93ad-b68760aa61ab,7d35a787-4492-43a2-b5f5-4d792b5ce681,e44ac472-e92e-4a3c-b299-e3dbac2713b6,->,e4019c80-4d28-4208-93ad-b68760aa61ab,java/io/File.java,exists
e4019c80-4d28-4208-93ad-b68760aa61ab,7d35a787-4492-43a2-b5f5-4d792b5ce681,e44ac472-e92e-4a3c-b299-e3dbac2713b6,->,e4019c80-4d28-4208-93ad-b68760aa61ab,java/io/File.java,mkdirs
e4019c80-4d28-4208-93ad-b68760aa61ab,7d35a787-4492-43a2-b5f5-4d792b5ce681,e44ac472-e92e-4a3c-b299-e3dbac2713b6,->,e4019c80-4d28-4208-93ad-b68760aa61ab,java/io/FileNotFoundException.java,printStackTrace
e4019c80-4d28-4208-93ad-b68760aa61ab,7d35a787-4492-43a2-b5f5-4d792b5ce681,e44ac472-e92e-4a3c-b299-e3dbac2713b6,->,e4019c80-4d28-4208-93ad-b68760aa61ab,java/lang/StringBuilder.java,append
e4019c80-4d28-4208-93ad-b68760aa61ab,7d35a787-4492-43a2-b5f5-4d792b5ce681,e44ac472-e92e-4a3c-b299-e3dbac2713b6,->,e4019c80-4d28-4208-93ad-b68760aa61ab,java/io/File.java,getPath
e4019c80-4d28-4208-93ad-b68760aa61ab,7d35a787-4492-43a2-b5f5-4d792b5ce681,e44ac472-e92e-4a3c-b299-e3dbac2713b6,->,e4019c80-4d28-4208-93ad-b68760aa61ab,java/lang/StringBuilder.java,append
e4019c80-4d28-4208-93ad-b68760aa61ab,7d35a787-4492-43a2-b5f5-4d792b5ce681,e44ac472-e92e-4a3c-b299-e3dbac2713b6,->,e4019c80-4d28-4208-93ad-b68760aa61ab,java/lang/StringBuilder.java,toString
e4019c80-4d28-4208-93ad-b68760aa61ab,7d35a787-4492-43a2-b5f5-4d792b5ce681,e44ac472-e92e-4a3c-b299-e3dbac2713b6,->,e4019c80-4d28-4208-93ad-b68760aa61ab,java/io/PrintStream.java,println
e4019c80-4d28-4208-93ad-b68760aa61ab,7d35a787-4492-43a2-b5f5-4d792b5ce681,e44ac472-e92e-4a3c-b299-e3dbac2713b6,->,e4019c80-4d28-4208-93ad-b68760aa61ab,java/io/BufferedInputStream.java,read
e4019c80-4d28-4208-93ad-b68760aa61ab,7d35a787-4492-43a2-b5f5-4d792b5ce681,e44ac472-e92e-4a3c-b299-e3dbac2713b6,->,e4019c80-4d28-4208-93ad-b68760aa61ab,java/io/BufferedOutputStream.java,write
e4019c80-4d28-4208-93ad-b68760aa61ab,7d35a787-4492-43a2-b5f5-4d792b5ce681,e44ac472-e92e-4a3c-b299-e3dbac2713b6,->,e4019c80-4d28-4208-93ad-b68760aa61ab,java/io/PrintStream.java,println
e4019c80-4d28-4208-93ad-b68760aa61ab,7d35a787-4492-43a2-b5f5-4d792b5ce681,e44ac472-e92e-4a3c-b299-e3dbac2713b6,->,e4019c80-4d28-4208-93ad-b68760aa61ab,7d35a787-4492-43a2-b5f5-4d792b5ce681,"8daad42d-a34d-445b-84c7-f71f6fc5fa28,49a62c1d-0e67-48f0-b75f-93ec7981f11b"
e4019c80-4d28-4208-93ad-b68760aa61ab,7d35a787-4492-43a2-b5f5-4d792b5ce681,e44ac472-e92e-4a3c-b299-e3dbac2713b6,->,e4019c80-4d28-4208-93ad-b68760aa61ab,java/io/PrintStream.java,println
e4019c80-4d28-4208-93ad-b68760aa61ab,7d35a787-4492-43a2-b5f5-4d792b5ce681,e44ac472-e92e-4a3c-b299-e3dbac2713b6,->,e4019c80-4d28-4208-93ad-b68760aa61ab,7d35a787-4492-43a2-b5f5-4d792b5ce681,"8daad42d-a34d-445b-84c7-f71f6fc5fa28,49a62c1d-0e67-48f0-b75f-93ec7981f11b"
e4019c80-4d28-4208-93ad-b68760aa61ab,7d35a787-4492-43a2-b5f5-4d792b5ce681,e44ac472-e92e-4a3c-b299-e3dbac2713b6,->,e4019c80-4d28-4208-93ad-b68760aa61ab,java/io/BufferedOutputStream.java,flush
e4019c80-4d28-4208-93ad-b68760aa61ab,7d35a787-4492-43a2-b5f5-4d792b5ce681,e44ac472-e92e-4a3c-b299-e3dbac2713b6,->,e4019c80-4d28-4208-93ad-b68760aa61ab,java/io/PrintStream.java,println
e4019c80-4d28-4208-93ad-b68760aa61ab,7d35a787-4492-43a2-b5f5-4d792b5ce681,e44ac472-e92e-4a3c-b299-e3dbac2713b6,->,e4019c80-4d28-4208-93ad-b68760aa61ab,7d35a787-4492-43a2-b5f5-4d792b5ce681,"8daad42d-a34d-445b-84c7-f71f6fc5fa28,49a62c1d-0e67-48f0-b75f-93ec7981f11b"
e4019c80-4d28-4208-93ad-b68760aa61ab,7d35a787-4492-43a2-b5f5-4d792b5ce681,e44ac472-e92e-4a3c-b299-e3dbac2713b6,->,e4019c80-4d28-4208-93ad-b68760aa61ab,7d35a787-4492-43a2-b5f5-4d792b5ce681,"8daad42d-a34d-445b-84c7-f71f6fc5fa28,49a62c1d-0e67-48f0-b75f-93ec7981f11b"
e4019c80-4d28-4208-93ad-b68760aa61ab,7d35a787-4492-43a2-b5f5-4d792b5ce681,e44ac472-e92e-4a3c-b299-e3dbac2713b6,->,e4019c80-4d28-4208-93ad-b68760aa61ab,java/io/File.java,delete
e4019c80-4d28-4208-93ad-b68760aa61ab,7d35a787-4492-43a2-b5f5-4d792b5ce681,e44ac472-e92e-4a3c-b299-e3dbac2713b6,->,e4019c80-4d28-4208-93ad-b68760aa61ab,java/lang/StringBuilder.java,append
e4019c80-4d28-4208-93ad-b68760aa61ab,7d35a787-4492-43a2-b5f5-4d792b5ce681,e44ac472-e92e-4a3c-b299-e3dbac2713b6,->,e4019c80-4d28-4208-93ad-b68760aa61ab,java/io/File.java,getPath
e4019c80-4d28-4208-93ad-b68760aa61ab,7d35a787-4492-43a2-b5f5-4d792b5ce681,e44ac472-e92e-4a3c-b299-e3dbac2713b6,->,e4019c80-4d28-4208-93ad-b68760aa61ab,java/lang/StringBuilder.java,append
e4019c80-4d28-4208-93ad-b68760aa61ab,7d35a787-4492-43a2-b5f5-4d792b5ce681,e44ac472-e92e-4a3c-b299-e3dbac2713b6,->,e4019c80-4d28-4208-93ad-b68760aa61ab,java/lang/StringBuilder.java,append
e4019c80-4d28-4208-93ad-b68760aa61ab,7d35a787-4492-43a2-b5f5-4d792b5ce681,e44ac472-e92e-4a3c-b299-e3dbac2713b6,->,e4019c80-4d28-4208-93ad-b68760aa61ab,java/lang/StringBuilder.java,toString
e4019c80-4d28-4208-93ad-b68760aa61ab,7d35a787-4492-43a2-b5f5-4d792b5ce681,e44ac472-e92e-4a3c-b299-e3dbac2713b6,->,e4019c80-4d28-4208-93ad-b68760aa61ab,javax/swing/JTextArea.java,append
e4019c80-4d28-4208-93ad-b68760aa61ab,7d35a787-4492-43a2-b5f5-4d792b5ce681,e44ac472-e92e-4a3c-b299-e3dbac2713b6,->,e4019c80-4d28-4208-93ad-b68760aa61ab,javax/swing/JTextArea.java,getBounds
e4019c80-4d28-4208-93ad-b68760aa61ab,7d35a787-4492-43a2-b5f5-4d792b5ce681,e44ac472-e92e-4a3c-b299-e3dbac2713b6,->,e4019c80-4d28-4208-93ad-b68760aa61ab,javax/swing/JTextArea.java,paintImmediately
e4019c80-4d28-4208-93ad-b68760aa61ab,7d35a787-4492-43a2-b5f5-4d792b5ce681,e44ac472-e92e-4a3c-b299-e3dbac2713b6,->,e4019c80-4d28-4208-93ad-b68760aa61ab,java/lang/StringBuilder.java,append
e4019c80-4d28-4208-93ad-b68760aa61ab,7d35a787-4492-43a2-b5f5-4d792b5ce681,e44ac472-e92e-4a3c-b299-e3dbac2713b6,->,e4019c80-4d28-4208-93ad-b68760aa61ab,java/io/File.java,getPath
e4019c80-4d28-4208-93ad-b68760aa61ab,7d35a787-4492-43a2-b5f5-4d792b5ce681,e44ac472-e92e-4a3c-b299-e3dbac2713b6,->,e4019c80-4d28-4208-93ad-b68760aa61ab,java/lang/StringBuilder.java,append
e4019c80-4d28-4208-93ad-b68760aa61ab,7d35a787-4492-43a2-b5f5-4d792b5ce681,e44ac472-e92e-4a3c-b299-e3dbac2713b6,->,e4019c80-4d28-4208-93ad-b68760aa61ab,java/lang/StringBuilder.java,append
e4019c80-4d28-4208-93ad-b68760aa61ab,7d35a787-4492-43a2-b5f5-4d792b5ce681,e44ac472-e92e-4a3c-b299-e3dbac2713b6,->,e4019c80-4d28-4208-93ad-b68760aa61ab,java/lang/StringBuilder.java,toString
e4019c80-4d28-4208-93ad-b68760aa61ab,7d35a787-4492-43a2-b5f5-4d792b5ce681,e44ac472-e92e-4a3c-b299-e3dbac2713b6,->,e4019c80-4d28-4208-93ad-b68760aa61ab,javax/swing/JTextArea.java,append
e4019c80-4d28-4208-93ad-b68760aa61ab,7d35a787-4492-43a2-b5f5-4d792b5ce681,e44ac472-e92e-4a3c-b299-e3dbac2713b6,->,e4019c80-4d28-4208-93ad-b68760aa61ab,javax/swing/JTextArea.java,getBounds
e4019c80-4d28-4208-93ad-b68760aa61ab,7d35a787-4492-43a2-b5f5-4d792b5ce681,e44ac472-e92e-4a3c-b299-e3dbac2713b6,->,e4019c80-4d28-4208-93ad-b68760aa61ab,javax/swing/JTextArea.java,paintImmediately
e4019c80-4d28-4208-93ad-b68760aa61ab,7d35a787-4492-43a2-b5f5-4d792b5ce681,e44ac472-e92e-4a3c-b299-e3dbac2713b6,->,e4019c80-4d28-4208-93ad-b68760aa61ab,java/io/PrintStream.java,println
e4019c80-4d28-4208-93ad-b68760aa61ab,7d35a787-4492-43a2-b5f5-4d792b5ce681,"8daad42d-a34d-445b-84c7-f71f6fc5fa28,49a62c1d-0e67-48f0-b75f-93ec7981f11b",->,e4019c80-4d28-4208-93ad-b68760aa61ab,java/io/InputStream.java,close
e4019c80-4d28-4208-93ad-b68760aa61ab,7d35a787-4492-43a2-b5f5-4d792b5ce681,"8daad42d-a34d-445b-84c7-f71f6fc5fa28,49a62c1d-0e67-48f0-b75f-93ec7981f11b",->,e4019c80-4d28-4208-93ad-b68760aa61ab,java/io/PrintStream.java,println
e4019c80-4d28-4208-93ad-b68760aa61ab,7d35a787-4492-43a2-b5f5-4d792b5ce681,"8daad42d-a34d-445b-84c7-f71f6fc5fa28,49a62c1d-0e67-48f0-b75f-93ec7981f11b",->,e4019c80-4d28-4208-93ad-b68760aa61ab,java/io/OutputStream.java,close
e4019c80-4d28-4208-93ad-b68760aa61ab,7d35a787-4492-43a2-b5f5-4d792b5ce681,"8daad42d-a34d-445b-84c7-f71f6fc5fa28,49a62c1d-0e67-48f0-b75f-93ec7981f11b",->,e4019c80-4d28-4208-93ad-b68760aa61ab,java/io/PrintStream.java,println
e4019c80-4d28-4208-93ad-b68760aa61ab,7d35a787-4492-43a2-b5f5-4d792b5ce681,"8daad42d-a34d-445b-84c7-f71f6fc5fa28,49a62c1d-0e67-48f0-b75f-93ec7981f11b",->,e4019c80-4d28-4208-93ad-b68760aa61ab,java/io/BufferedInputStream.java,close
e4019c80-4d28-4208-93ad-b68760aa61ab,7d35a787-4492-43a2-b5f5-4d792b5ce681,"8daad42d-a34d-445b-84c7-f71f6fc5fa28,49a62c1d-0e67-48f0-b75f-93ec7981f11b",->,e4019c80-4d28-4208-93ad-b68760aa61ab,java/io/PrintStream.java,println
e4019c80-4d28-4208-93ad-b68760aa61ab,7d35a787-4492-43a2-b5f5-4d792b5ce681,"8daad42d-a34d-445b-84c7-f71f6fc5fa28,49a62c1d-0e67-48f0-b75f-93ec7981f11b",->,e4019c80-4d28-4208-93ad-b68760aa61ab,java/io/BufferedInputStream.java,close
e4019c80-4d28-4208-93ad-b68760aa61ab,7d35a787-4492-43a2-b5f5-4d792b5ce681,"8daad42d-a34d-445b-84c7-f71f6fc5fa28,49a62c1d-0e67-48f0-b75f-93ec7981f11b",->,e4019c80-4d28-4208-93ad-b68760aa61ab,java/io/PrintStream.java,println
e4019c80-4d28-4208-93ad-b68760aa61ab,7d35a787-4492-43a2-b5f5-4d792b5ce681,de9b4a0e-3bbb-49c9-8928-8ab97149106e,->,e4019c80-4d28-4208-93ad-b68760aa61ab,java/lang/String.java,trim
e4019c80-4d28-4208-93ad-b68760aa61ab,7d35a787-4492-43a2-b5f5-4d792b5ce681,de9b4a0e-3bbb-49c9-8928-8ab97149106e,->,e4019c80-4d28-4208-93ad-b68760aa61ab,java/lang/String.java,equals
e4019c80-4d28-4208-93ad-b68760aa61ab,7d35a787-4492-43a2-b5f5-4d792b5ce681,de9b4a0e-3bbb-49c9-8928-8ab97149106e,->,e4019c80-4d28-4208-93ad-b68760aa61ab,java/io/File.java,list
e4019c80-4d28-4208-93ad-b68760aa61ab,7d35a787-4492-43a2-b5f5-4d792b5ce681,de9b4a0e-3bbb-49c9-8928-8ab97149106e,->,e4019c80-4d28-4208-93ad-b68760aa61ab,java/io/File.java,getAbsolutePath
e4019c80-4d28-4208-93ad-b68760aa61ab,7d35a787-4492-43a2-b5f5-4d792b5ce681,de9b4a0e-3bbb-49c9-8928-8ab97149106e,->,e4019c80-4d28-4208-93ad-b68760aa61ab,java/lang/StringBuilder.java,append
e4019c80-4d28-4208-93ad-b68760aa61ab,7d35a787-4492-43a2-b5f5-4d792b5ce681,de9b4a0e-3bbb-49c9-8928-8ab97149106e,->,e4019c80-4d28-4208-93ad-b68760aa61ab,java/lang/StringBuilder.java,append
e4019c80-4d28-4208-93ad-b68760aa61ab,7d35a787-4492-43a2-b5f5-4d792b5ce681,de9b4a0e-3bbb-49c9-8928-8ab97149106e,->,e4019c80-4d28-4208-93ad-b68760aa61ab,java/lang/StringBuilder.java,append
e4019c80-4d28-4208-93ad-b68760aa61ab,7d35a787-4492-43a2-b5f5-4d792b5ce681,de9b4a0e-3bbb-49c9-8928-8ab97149106e,->,e4019c80-4d28-4208-93ad-b68760aa61ab,java/lang/StringBuilder.java,toString
e4019c80-4d28-4208-93ad-b68760aa61ab,7d35a787-4492-43a2-b5f5-4d792b5ce681,de9b4a0e-3bbb-49c9-8928-8ab97149106e,->,e4019c80-4d28-4208-93ad-b68760aa61ab,java/lang/String.java,trim
e4019c80-4d28-4208-93ad-b68760aa61ab,7d35a787-4492-43a2-b5f5-4d792b5ce681,de9b4a0e-3bbb-49c9-8928-8ab97149106e,->,e4019c80-4d28-4208-93ad-b68760aa61ab,java/lang/String.java,equals
e4019c80-4d28-4208-93ad-b68760aa61ab,7d35a787-4492-43a2-b5f5-4d792b5ce681,de9b4a0e-3bbb-49c9-8928-8ab97149106e,->,e4019c80-4d28-4208-93ad-b68760aa61ab,java/io/File.java,isDirectory
e4019c80-4d28-4208-93ad-b68760aa61ab,7d35a787-4492-43a2-b5f5-4d792b5ce681,de9b4a0e-3bbb-49c9-8928-8ab97149106e,->,e4019c80-4d28-4208-93ad-b68760aa61ab,java/lang/String.java,lastIndexOf
e4019c80-4d28-4208-93ad-b68760aa61ab,7d35a787-4492-43a2-b5f5-4d792b5ce681,de9b4a0e-3bbb-49c9-8928-8ab97149106e,->,e4019c80-4d28-4208-93ad-b68760aa61ab,java/lang/String.java,substring
e4019c80-4d28-4208-93ad-b68760aa61ab,7d35a787-4492-43a2-b5f5-4d792b5ce681,de9b4a0e-3bbb-49c9-8928-8ab97149106e,->,e4019c80-4d28-4208-93ad-b68760aa61ab,java/lang/String.java,equalsIgnoreCase
e4019c80-4d28-4208-93ad-b68760aa61ab,7d35a787-4492-43a2-b5f5-4d792b5ce681,de9b4a0e-3bbb-49c9-8928-8ab97149106e,->,e4019c80-4d28-4208-93ad-b68760aa61ab,java/io/File.java,getAbsolutePath
e4019c80-4d28-4208-93ad-b68760aa61ab,7d35a787-4492-43a2-b5f5-4d792b5ce681,de9b4a0e-3bbb-49c9-8928-8ab97149106e,->,e4019c80-4d28-4208-93ad-b68760aa61ab,java/lang/StringBuilder.java,append
e4019c80-4d28-4208-93ad-b68760aa61ab,7d35a787-4492-43a2-b5f5-4d792b5ce681,de9b4a0e-3bbb-49c9-8928-8ab97149106e,->,e4019c80-4d28-4208-93ad-b68760aa61ab,java/lang/StringBuilder.java,append
e4019c80-4d28-4208-93ad-b68760aa61ab,7d35a787-4492-43a2-b5f5-4d792b5ce681,de9b4a0e-3bbb-49c9-8928-8ab97149106e,->,e4019c80-4d28-4208-93ad-b68760aa61ab,java/lang/StringBuilder.java,append
e4019c80-4d28-4208-93ad-b68760aa61ab,7d35a787-4492-43a2-b5f5-4d792b5ce681,de9b4a0e-3bbb-49c9-8928-8ab97149106e,->,e4019c80-4d28-4208-93ad-b68760aa61ab,java/lang/StringBuilder.java,toString
e4019c80-4d28-4208-93ad-b68760aa61ab,7d35a787-4492-43a2-b5f5-4d792b5ce681,de9b4a0e-3bbb-49c9-8928-8ab97149106e,->,e4019c80-4d28-4208-93ad-b68760aa61ab,java/util/List.java,add
e4019c80-4d28-4208-93ad-b68760aa61ab,7d35a787-4492-43a2-b5f5-4d792b5ce681,de9b4a0e-3bbb-49c9-8928-8ab97149106e,->,e4019c80-4d28-4208-93ad-b68760aa61ab,java/io/File.java,isDirectory
e4019c80-4d28-4208-93ad-b68760aa61ab,7d35a787-4492-43a2-b5f5-4d792b5ce681,de9b4a0e-3bbb-49c9-8928-8ab97149106e,->,e4019c80-4d28-4208-93ad-b68760aa61ab,java/io/File.java,getAbsolutePath
e4019c80-4d28-4208-93ad-b68760aa61ab,7d35a787-4492-43a2-b5f5-4d792b5ce681,de9b4a0e-3bbb-49c9-8928-8ab97149106e,->,e4019c80-4d28-4208-93ad-b68760aa61ab,java/lang/StringBuilder.java,append
e4019c80-4d28-4208-93ad-b68760aa61ab,7d35a787-4492-43a2-b5f5-4d792b5ce681,de9b4a0e-3bbb-49c9-8928-8ab97149106e,->,e4019c80-4d28-4208-93ad-b68760aa61ab,java/lang/StringBuilder.java,append
e4019c80-4d28-4208-93ad-b68760aa61ab,7d35a787-4492-43a2-b5f5-4d792b5ce681,de9b4a0e-3bbb-49c9-8928-8ab97149106e,->,e4019c80-4d28-4208-93ad-b68760aa61ab,java/lang/StringBuilder.java,append
e4019c80-4d28-4208-93ad-b68760aa61ab,7d35a787-4492-43a2-b5f5-4d792b5ce681,de9b4a0e-3bbb-49c9-8928-8ab97149106e,->,e4019c80-4d28-4208-93ad-b68760aa61ab,java/lang/StringBuilder.java,toString
e4019c80-4d28-4208-93ad-b68760aa61ab,7d35a787-4492-43a2-b5f5-4d792b5ce681,de9b4a0e-3bbb-49c9-8928-8ab97149106e,->,e4019c80-4d28-4208-93ad-b68760aa61ab,java/util/List.java,add
e4019c80-4d28-4208-93ad-b68760aa61ab,7d35a787-4492-43a2-b5f5-4d792b5ce681,de9b4a0e-3bbb-49c9-8928-8ab97149106e,->,e4019c80-4d28-4208-93ad-b68760aa61ab,java/io/File.java,isDirectory
e4019c80-4d28-4208-93ad-b68760aa61ab,7d35a787-4492-43a2-b5f5-4d792b5ce681,de9b4a0e-3bbb-49c9-8928-8ab97149106e,->,e4019c80-4d28-4208-93ad-b68760aa61ab,java/io/File.java,getAbsolutePath
e4019c80-4d28-4208-93ad-b68760aa61ab,7d35a787-4492-43a2-b5f5-4d792b5ce681,de9b4a0e-3bbb-49c9-8928-8ab97149106e,->,e4019c80-4d28-4208-93ad-b68760aa61ab,7d35a787-4492-43a2-b5f5-4d792b5ce681,de9b4a0e-3bbb-49c9-8928-8ab97149106e
e4019c80-4d28-4208-93ad-b68760aa61ab,7d35a787-4492-43a2-b5f5-4d792b5ce681,c80a4959-ad85-4be5-bc0f-f568e64e4b98,->,e4019c80-4d28-4208-93ad-b68760aa61ab,java/io/IOException.java,printStackTrace
e4019c80-4d28-4208-93ad-b68760aa61ab,7d35a787-4492-43a2-b5f5-4d792b5ce681,c80a4959-ad85-4be5-bc0f-f568e64e4b98,->,e4019c80-4d28-4208-93ad-b68760aa61ab,java/io/LineNumberReader.java,readLine
e4019c80-4d28-4208-93ad-b68760aa61ab,7d35a787-4492-43a2-b5f5-4d792b5ce681,c80a4959-ad85-4be5-bc0f-f568e64e4b98,->,e4019c80-4d28-4208-93ad-b68760aa61ab,java/lang/StringBuilder.java,append
e4019c80-4d28-4208-93ad-b68760aa61ab,7d35a787-4492-43a2-b5f5-4d792b5ce681,c80a4959-ad85-4be5-bc0f-f568e64e4b98,->,e4019c80-4d28-4208-93ad-b68760aa61ab,java/lang/StringBuilder.java,append
e4019c80-4d28-4208-93ad-b68760aa61ab,7d35a787-4492-43a2-b5f5-4d792b5ce681,c80a4959-ad85-4be5-bc0f-f568e64e4b98,->,e4019c80-4d28-4208-93ad-b68760aa61ab,java/lang/StringBuilder.java,toString
e4019c80-4d28-4208-93ad-b68760aa61ab,7d35a787-4492-43a2-b5f5-4d792b5ce681,c80a4959-ad85-4be5-bc0f-f568e64e4b98,->,e4019c80-4d28-4208-93ad-b68760aa61ab,java/lang/StringBuffer.java,append
e4019c80-4d28-4208-93ad-b68760aa61ab,7d35a787-4492-43a2-b5f5-4d792b5ce681,c80a4959-ad85-4be5-bc0f-f568e64e4b98,->,e4019c80-4d28-4208-93ad-b68760aa61ab,java/io/IOException.java,printStackTrace
e4019c80-4d28-4208-93ad-b68760aa61ab,7d35a787-4492-43a2-b5f5-4d792b5ce681,c80a4959-ad85-4be5-bc0f-f568e64e4b98,->,e4019c80-4d28-4208-93ad-b68760aa61ab,java/io/LineNumberReader.java,close
e4019c80-4d28-4208-93ad-b68760aa61ab,7d35a787-4492-43a2-b5f5-4d792b5ce681,c80a4959-ad85-4be5-bc0f-f568e64e4b98,->,e4019c80-4d28-4208-93ad-b68760aa61ab,java/io/PrintStream.java,println
e4019c80-4d28-4208-93ad-b68760aa61ab,7d35a787-4492-43a2-b5f5-4d792b5ce681,c80a4959-ad85-4be5-bc0f-f568e64e4b98,->,e4019c80-4d28-4208-93ad-b68760aa61ab,java/lang/StringBuffer.java,toString
e4019c80-4d28-4208-93ad-b68760aa61ab,7d35a787-4492-43a2-b5f5-4d792b5ce681,d8fbb390-838a-498e-bc05-18ee1ba2065d,->,e4019c80-4d28-4208-93ad-b68760aa61ab,java/io/Writer.java,write
e4019c80-4d28-4208-93ad-b68760aa61ab,7d35a787-4492-43a2-b5f5-4d792b5ce681,d8fbb390-838a-498e-bc05-18ee1ba2065d,->,e4019c80-4d28-4208-93ad-b68760aa61ab,java/io/PrintStream.java,println
e4019c80-4d28-4208-93ad-b68760aa61ab,7d35a787-4492-43a2-b5f5-4d792b5ce681,d8fbb390-838a-498e-bc05-18ee1ba2065d,->,e4019c80-4d28-4208-93ad-b68760aa61ab,java/io/Writer.java,close
e4019c80-4d28-4208-93ad-b68760aa61ab,7d35a787-4492-43a2-b5f5-4d792b5ce681,d8fbb390-838a-498e-bc05-18ee1ba2065d,->,e4019c80-4d28-4208-93ad-b68760aa61ab,java/io/IOException.java,printStackTrace
e4019c80-4d28-4208-93ad-b68760aa61ab,ddd85526-bf88-4ddd-9b0d-5bafe7e32b21,9a822fd6-d085-4664-803a-f0b11028e4b2,->,e4019c80-4d28-4208-93ad-b68760aa61ab,ddd85526-bf88-4ddd-9b0d-5bafe7e32b21,fd7588f3-0866-460f-b985-e4d89e248dd6
e4019c80-4d28-4208-93ad-b68760aa61ab,ddd85526-bf88-4ddd-9b0d-5bafe7e32b21,9a822fd6-d085-4664-803a-f0b11028e4b2,->,e4019c80-4d28-4208-93ad-b68760aa61ab,java/io/PrintStream.java,println
e4019c80-4d28-4208-93ad-b68760aa61ab,ddd85526-bf88-4ddd-9b0d-5bafe7e32b21,fd7588f3-0866-460f-b985-e4d89e248dd6,->,e4019c80-4d28-4208-93ad-b68760aa61ab,java/io/File.java,isDirectory
e4019c80-4d28-4208-93ad-b68760aa61ab,ddd85526-bf88-4ddd-9b0d-5bafe7e32b21,fd7588f3-0866-460f-b985-e4d89e248dd6,->,e4019c80-4d28-4208-93ad-b68760aa61ab,java/io/File.java,listFiles
e4019c80-4d28-4208-93ad-b68760aa61ab,ddd85526-bf88-4ddd-9b0d-5bafe7e32b21,fd7588f3-0866-460f-b985-e4d89e248dd6,->,e4019c80-4d28-4208-93ad-b68760aa61ab,java/io/File.java,isFile
e4019c80-4d28-4208-93ad-b68760aa61ab,ddd85526-bf88-4ddd-9b0d-5bafe7e32b21,fd7588f3-0866-460f-b985-e4d89e248dd6,->,e4019c80-4d28-4208-93ad-b68760aa61ab,java/io/File.java,length
e4019c80-4d28-4208-93ad-b68760aa61ab,ddd85526-bf88-4ddd-9b0d-5bafe7e32b21,fd7588f3-0866-460f-b985-e4d89e248dd6,->,e4019c80-4d28-4208-93ad-b68760aa61ab,java/io/File.java,isDirectory
e4019c80-4d28-4208-93ad-b68760aa61ab,ddd85526-bf88-4ddd-9b0d-5bafe7e32b21,fd7588f3-0866-460f-b985-e4d89e248dd6,->,e4019c80-4d28-4208-93ad-b68760aa61ab,ddd85526-bf88-4ddd-9b0d-5bafe7e32b21,fd7588f3-0866-460f-b985-e4d89e248dd6
e4019c80-4d28-4208-93ad-b68760aa61ab,ddd85526-bf88-4ddd-9b0d-5bafe7e32b21,9af4fd7c-9594-47d6-af98-3bbd95925baa,->,e4019c80-4d28-4208-93ad-b68760aa61ab,java/io/File.java,isDirectory
e4019c80-4d28-4208-93ad-b68760aa61ab,ddd85526-bf88-4ddd-9b0d-5bafe7e32b21,9af4fd7c-9594-47d6-af98-3bbd95925baa,->,e4019c80-4d28-4208-93ad-b68760aa61ab,java/io/File.java,listFiles
e4019c80-4d28-4208-93ad-b68760aa61ab,ddd85526-bf88-4ddd-9b0d-5bafe7e32b21,9af4fd7c-9594-47d6-af98-3bbd95925baa,->,e4019c80-4d28-4208-93ad-b68760aa61ab,ddd85526-bf88-4ddd-9b0d-5bafe7e32b21,fd7588f3-0866-460f-b985-e4d89e248dd6
e4019c80-4d28-4208-93ad-b68760aa61ab,ddd85526-bf88-4ddd-9b0d-5bafe7e32b21,9af4fd7c-9594-47d6-af98-3bbd95925baa,->,e4019c80-4d28-4208-93ad-b68760aa61ab,java/io/File.java,isDirectory
e4019c80-4d28-4208-93ad-b68760aa61ab,ddd85526-bf88-4ddd-9b0d-5bafe7e32b21,9af4fd7c-9594-47d6-af98-3bbd95925baa,->,e4019c80-4d28-4208-93ad-b68760aa61ab,ddd85526-bf88-4ddd-9b0d-5bafe7e32b21,fd7588f3-0866-460f-b985-e4d89e248dd6
e4019c80-4d28-4208-93ad-b68760aa61ab,ddd85526-bf88-4ddd-9b0d-5bafe7e32b21,9af4fd7c-9594-47d6-af98-3bbd95925baa,->,e4019c80-4d28-4208-93ad-b68760aa61ab,java/lang/StringBuilder.java,append
e4019c80-4d28-4208-93ad-b68760aa61ab,ddd85526-bf88-4ddd-9b0d-5bafe7e32b21,9af4fd7c-9594-47d6-af98-3bbd95925baa,->,e4019c80-4d28-4208-93ad-b68760aa61ab,java/io/File.java,getName
e4019c80-4d28-4208-93ad-b68760aa61ab,ddd85526-bf88-4ddd-9b0d-5bafe7e32b21,9af4fd7c-9594-47d6-af98-3bbd95925baa,->,e4019c80-4d28-4208-93ad-b68760aa61ab,java/lang/StringBuilder.java,append
e4019c80-4d28-4208-93ad-b68760aa61ab,ddd85526-bf88-4ddd-9b0d-5bafe7e32b21,9af4fd7c-9594-47d6-af98-3bbd95925baa,->,e4019c80-4d28-4208-93ad-b68760aa61ab,java/lang/StringBuilder.java,append
e4019c80-4d28-4208-93ad-b68760aa61ab,ddd85526-bf88-4ddd-9b0d-5bafe7e32b21,9af4fd7c-9594-47d6-af98-3bbd95925baa,->,e4019c80-4d28-4208-93ad-b68760aa61ab,java/lang/StringBuilder.java,append
e4019c80-4d28-4208-93ad-b68760aa61ab,ddd85526-bf88-4ddd-9b0d-5bafe7e32b21,9af4fd7c-9594-47d6-af98-3bbd95925baa,->,e4019c80-4d28-4208-93ad-b68760aa61ab,java/lang/StringBuilder.java,append
e4019c80-4d28-4208-93ad-b68760aa61ab,ddd85526-bf88-4ddd-9b0d-5bafe7e32b21,9af4fd7c-9594-47d6-af98-3bbd95925baa,->,e4019c80-4d28-4208-93ad-b68760aa61ab,java/lang/StringBuilder.java,append
e4019c80-4d28-4208-93ad-b68760aa61ab,ddd85526-bf88-4ddd-9b0d-5bafe7e32b21,9af4fd7c-9594-47d6-af98-3bbd95925baa,->,e4019c80-4d28-4208-93ad-b68760aa61ab,java/lang/StringBuilder.java,append
e4019c80-4d28-4208-93ad-b68760aa61ab,ddd85526-bf88-4ddd-9b0d-5bafe7e32b21,9af4fd7c-9594-47d6-af98-3bbd95925baa,->,e4019c80-4d28-4208-93ad-b68760aa61ab,java/lang/StringBuilder.java,append
e4019c80-4d28-4208-93ad-b68760aa61ab,ddd85526-bf88-4ddd-9b0d-5bafe7e32b21,9af4fd7c-9594-47d6-af98-3bbd95925baa,->,e4019c80-4d28-4208-93ad-b68760aa61ab,java/lang/StringBuilder.java,toString
e4019c80-4d28-4208-93ad-b68760aa61ab,ddd85526-bf88-4ddd-9b0d-5bafe7e32b21,9af4fd7c-9594-47d6-af98-3bbd95925baa,->,e4019c80-4d28-4208-93ad-b68760aa61ab,java/io/PrintStream.java,println
e4019c80-4d28-4208-93ad-b68760aa61ab,ddd85526-bf88-4ddd-9b0d-5bafe7e32b21,9af4fd7c-9594-47d6-af98-3bbd95925baa,->,e4019c80-4d28-4208-93ad-b68760aa61ab,java/io/File.java,getName
e4019c80-4d28-4208-93ad-b68760aa61ab,ddd85526-bf88-4ddd-9b0d-5bafe7e32b21,9af4fd7c-9594-47d6-af98-3bbd95925baa,->,e4019c80-4d28-4208-93ad-b68760aa61ab,java/lang/String.java,valueOf
e4019c80-4d28-4208-93ad-b68760aa61ab,ddd85526-bf88-4ddd-9b0d-5bafe7e32b21,9af4fd7c-9594-47d6-af98-3bbd95925baa,->,e4019c80-4d28-4208-93ad-b68760aa61ab,java/util/HashMap.java,put
e4019c80-4d28-4208-93ad-b68760aa61ab,ddd85526-bf88-4ddd-9b0d-5bafe7e32b21,9af4fd7c-9594-47d6-af98-3bbd95925baa,->,e4019c80-4d28-4208-93ad-b68760aa61ab,java/util/HashMap.java,get
e4019c80-4d28-4208-93ad-b68760aa61ab,ddd85526-bf88-4ddd-9b0d-5bafe7e32b21,9af4fd7c-9594-47d6-af98-3bbd95925baa,->,e4019c80-4d28-4208-93ad-b68760aa61ab,java/util/HashMap.java,get
e4019c80-4d28-4208-93ad-b68760aa61ab,ddd85526-bf88-4ddd-9b0d-5bafe7e32b21,9af4fd7c-9594-47d6-af98-3bbd95925baa,->,e4019c80-4d28-4208-93ad-b68760aa61ab,java/lang/Float.java,parseFloat
e4019c80-4d28-4208-93ad-b68760aa61ab,ddd85526-bf88-4ddd-9b0d-5bafe7e32b21,9af4fd7c-9594-47d6-af98-3bbd95925baa,->,e4019c80-4d28-4208-93ad-b68760aa61ab,java/io/File.java,length
e4019c80-4d28-4208-93ad-b68760aa61ab,ddd85526-bf88-4ddd-9b0d-5bafe7e32b21,9af4fd7c-9594-47d6-af98-3bbd95925baa,->,e4019c80-4d28-4208-93ad-b68760aa61ab,java/lang/String.java,valueOf
e4019c80-4d28-4208-93ad-b68760aa61ab,ddd85526-bf88-4ddd-9b0d-5bafe7e32b21,9af4fd7c-9594-47d6-af98-3bbd95925baa,->,e4019c80-4d28-4208-93ad-b68760aa61ab,java/util/HashMap.java,put
e4019c80-4d28-4208-93ad-b68760aa61ab,ddd85526-bf88-4ddd-9b0d-5bafe7e32b21,9af4fd7c-9594-47d6-af98-3bbd95925baa,->,e4019c80-4d28-4208-93ad-b68760aa61ab,java/io/File.java,length
e4019c80-4d28-4208-93ad-b68760aa61ab,ddd85526-bf88-4ddd-9b0d-5bafe7e32b21,9af4fd7c-9594-47d6-af98-3bbd95925baa,->,e4019c80-4d28-4208-93ad-b68760aa61ab,java/lang/String.java,valueOf
e4019c80-4d28-4208-93ad-b68760aa61ab,ddd85526-bf88-4ddd-9b0d-5bafe7e32b21,9af4fd7c-9594-47d6-af98-3bbd95925baa,->,e4019c80-4d28-4208-93ad-b68760aa61ab,java/util/HashMap.java,put
e4019c80-4d28-4208-93ad-b68760aa61ab,f0a569d8-4b43-4a1e-bf63-6859663ed23d,45b9f70f-66fc-4ef2-be34-832ae97f0743,->,e4019c80-4d28-4208-93ad-b68760aa61ab,f0a569d8-4b43-4a1e-bf63-6859663ed23d,f41cf5dc-84ae-4258-8775-e7549f6bde6a
e4019c80-4d28-4208-93ad-b68760aa61ab,f0a569d8-4b43-4a1e-bf63-6859663ed23d,45b9f70f-66fc-4ef2-be34-832ae97f0743,->,e4019c80-4d28-4208-93ad-b68760aa61ab,f0a569d8-4b43-4a1e-bf63-6859663ed23d,7dd70bfc-5623-4e0d-af4a-b8da3cd174ee
e4019c80-4d28-4208-93ad-b68760aa61ab,f0a569d8-4b43-4a1e-bf63-6859663ed23d,45b9f70f-66fc-4ef2-be34-832ae97f0743,->,e4019c80-4d28-4208-93ad-b68760aa61ab,org/jfree/chart/ChartPanel.java,setPreferredSize
e4019c80-4d28-4208-93ad-b68760aa61ab,f0a569d8-4b43-4a1e-bf63-6859663ed23d,0b0ff3a8-699b-48d3-a6c2-1b919b3a6cb6,->,e4019c80-4d28-4208-93ad-b68760aa61ab,org/jfree/chart/StandardChartTheme.java,setExtraLargeFont
e4019c80-4d28-4208-93ad-b68760aa61ab,f0a569d8-4b43-4a1e-bf63-6859663ed23d,0b0ff3a8-699b-48d3-a6c2-1b919b3a6cb6,->,e4019c80-4d28-4208-93ad-b68760aa61ab,org/jfree/chart/StandardChartTheme.java,setLargeFont
e4019c80-4d28-4208-93ad-b68760aa61ab,f0a569d8-4b43-4a1e-bf63-6859663ed23d,0b0ff3a8-699b-48d3-a6c2-1b919b3a6cb6,->,e4019c80-4d28-4208-93ad-b68760aa61ab,org/jfree/chart/StandardChartTheme.java,setRegularFont
e4019c80-4d28-4208-93ad-b68760aa61ab,f0a569d8-4b43-4a1e-bf63-6859663ed23d,0b0ff3a8-699b-48d3-a6c2-1b919b3a6cb6,->,e4019c80-4d28-4208-93ad-b68760aa61ab,org/jfree/chart/ChartFactory.java,setChartTheme
e4019c80-4d28-4208-93ad-b68760aa61ab,f0a569d8-4b43-4a1e-bf63-6859663ed23d,0b0ff3a8-699b-48d3-a6c2-1b919b3a6cb6,->,e4019c80-4d28-4208-93ad-b68760aa61ab,java/util/Map.java,keySet
e4019c80-4d28-4208-93ad-b68760aa61ab,f0a569d8-4b43-4a1e-bf63-6859663ed23d,0b0ff3a8-699b-48d3-a6c2-1b919b3a6cb6,->,e4019c80-4d28-4208-93ad-b68760aa61ab,java/util/Map.java,keySet
e4019c80-4d28-4208-93ad-b68760aa61ab,f0a569d8-4b43-4a1e-bf63-6859663ed23d,0b0ff3a8-699b-48d3-a6c2-1b919b3a6cb6,->,e4019c80-4d28-4208-93ad-b68760aa61ab,java/util/Set.java,size
e4019c80-4d28-4208-93ad-b68760aa61ab,f0a569d8-4b43-4a1e-bf63-6859663ed23d,0b0ff3a8-699b-48d3-a6c2-1b919b3a6cb6,->,e4019c80-4d28-4208-93ad-b68760aa61ab,java/util/Map.java,keySet
e4019c80-4d28-4208-93ad-b68760aa61ab,f0a569d8-4b43-4a1e-bf63-6859663ed23d,0b0ff3a8-699b-48d3-a6c2-1b919b3a6cb6,->,e4019c80-4d28-4208-93ad-b68760aa61ab,java/util/Set.java,iterator
e4019c80-4d28-4208-93ad-b68760aa61ab,f0a569d8-4b43-4a1e-bf63-6859663ed23d,0b0ff3a8-699b-48d3-a6c2-1b919b3a6cb6,->,e4019c80-4d28-4208-93ad-b68760aa61ab,java/util/Iterator.java,hasNext
e4019c80-4d28-4208-93ad-b68760aa61ab,f0a569d8-4b43-4a1e-bf63-6859663ed23d,0b0ff3a8-699b-48d3-a6c2-1b919b3a6cb6,->,e4019c80-4d28-4208-93ad-b68760aa61ab,java/util/Iterator.java,next
e4019c80-4d28-4208-93ad-b68760aa61ab,f0a569d8-4b43-4a1e-bf63-6859663ed23d,0b0ff3a8-699b-48d3-a6c2-1b919b3a6cb6,->,e4019c80-4d28-4208-93ad-b68760aa61ab,java/util/Map.java,get
e4019c80-4d28-4208-93ad-b68760aa61ab,f0a569d8-4b43-4a1e-bf63-6859663ed23d,0b0ff3a8-699b-48d3-a6c2-1b919b3a6cb6,->,e4019c80-4d28-4208-93ad-b68760aa61ab,java/lang/Object.java,toString
e4019c80-4d28-4208-93ad-b68760aa61ab,f0a569d8-4b43-4a1e-bf63-6859663ed23d,0b0ff3a8-699b-48d3-a6c2-1b919b3a6cb6,->,e4019c80-4d28-4208-93ad-b68760aa61ab,java/lang/Double.java,parseDouble
e4019c80-4d28-4208-93ad-b68760aa61ab,f0a569d8-4b43-4a1e-bf63-6859663ed23d,0b0ff3a8-699b-48d3-a6c2-1b919b3a6cb6,->,e4019c80-4d28-4208-93ad-b68760aa61ab,java/lang/Object.java,toString
e4019c80-4d28-4208-93ad-b68760aa61ab,f0a569d8-4b43-4a1e-bf63-6859663ed23d,0b0ff3a8-699b-48d3-a6c2-1b919b3a6cb6,->,e4019c80-4d28-4208-93ad-b68760aa61ab,org/jfree/data/category/DefaultCategoryDataset.java,addValue
e4019c80-4d28-4208-93ad-b68760aa61ab,f0a569d8-4b43-4a1e-bf63-6859663ed23d,0b0ff3a8-699b-48d3-a6c2-1b919b3a6cb6,->,e4019c80-4d28-4208-93ad-b68760aa61ab,org/jfree/chart/ChartFactory.java,createBarChart3D
e4019c80-4d28-4208-93ad-b68760aa61ab,f0a569d8-4b43-4a1e-bf63-6859663ed23d,0b0ff3a8-699b-48d3-a6c2-1b919b3a6cb6,->,e4019c80-4d28-4208-93ad-b68760aa61ab,org/jfree/chart/JFreeChart.java,getPlot
e4019c80-4d28-4208-93ad-b68760aa61ab,f0a569d8-4b43-4a1e-bf63-6859663ed23d,0b0ff3a8-699b-48d3-a6c2-1b919b3a6cb6,->,e4019c80-4d28-4208-93ad-b68760aa61ab,org/jfree/chart/plot/CategoryPlot.java,getDomainAxis
e4019c80-4d28-4208-93ad-b68760aa61ab,f0a569d8-4b43-4a1e-bf63-6859663ed23d,0b0ff3a8-699b-48d3-a6c2-1b919b3a6cb6,->,e4019c80-4d28-4208-93ad-b68760aa61ab,org/jfree/chart/axis/CategoryAxis.java,setLowerMargin
e4019c80-4d28-4208-93ad-b68760aa61ab,f0a569d8-4b43-4a1e-bf63-6859663ed23d,0b0ff3a8-699b-48d3-a6c2-1b919b3a6cb6,->,e4019c80-4d28-4208-93ad-b68760aa61ab,org/jfree/chart/axis/CategoryAxis.java,setUpperMargin
e4019c80-4d28-4208-93ad-b68760aa61ab,f0a569d8-4b43-4a1e-bf63-6859663ed23d,0b0ff3a8-699b-48d3-a6c2-1b919b3a6cb6,->,e4019c80-4d28-4208-93ad-b68760aa61ab,org/jfree/chart/renderer/category/BarRenderer.java,setItemLabelGenerator
e4019c80-4d28-4208-93ad-b68760aa61ab,f0a569d8-4b43-4a1e-bf63-6859663ed23d,0b0ff3a8-699b-48d3-a6c2-1b919b3a6cb6,->,e4019c80-4d28-4208-93ad-b68760aa61ab,org/jfree/chart/renderer/category/BarRenderer.java,setItemLabelFont
e4019c80-4d28-4208-93ad-b68760aa61ab,f0a569d8-4b43-4a1e-bf63-6859663ed23d,0b0ff3a8-699b-48d3-a6c2-1b919b3a6cb6,->,e4019c80-4d28-4208-93ad-b68760aa61ab,org/jfree/chart/renderer/category/BarRenderer.java,setItemLabelsVisible
e4019c80-4d28-4208-93ad-b68760aa61ab,f0a569d8-4b43-4a1e-bf63-6859663ed23d,0b0ff3a8-699b-48d3-a6c2-1b919b3a6cb6,->,e4019c80-4d28-4208-93ad-b68760aa61ab,org/jfree/chart/plot/CategoryPlot.java,setRenderer
e4019c80-4d28-4208-93ad-b68760aa61ab,f0a569d8-4b43-4a1e-bf63-6859663ed23d,0b0ff3a8-699b-48d3-a6c2-1b919b3a6cb6,->,e4019c80-4d28-4208-93ad-b68760aa61ab,org/jfree/chart/ChartPanel.java,setPreferredSize
e4019c80-4d28-4208-93ad-b68760aa61ab,f0a569d8-4b43-4a1e-bf63-6859663ed23d,74da504e-c3c8-47ea-b4ef-7b69b2f77f3f,->,e4019c80-4d28-4208-93ad-b68760aa61ab,java/util/Map.java,keySet
e4019c80-4d28-4208-93ad-b68760aa61ab,f0a569d8-4b43-4a1e-bf63-6859663ed23d,74da504e-c3c8-47ea-b4ef-7b69b2f77f3f,->,e4019c80-4d28-4208-93ad-b68760aa61ab,java/util/Map.java,keySet
e4019c80-4d28-4208-93ad-b68760aa61ab,f0a569d8-4b43-4a1e-bf63-6859663ed23d,74da504e-c3c8-47ea-b4ef-7b69b2f77f3f,->,e4019c80-4d28-4208-93ad-b68760aa61ab,java/util/Set.java,size
e4019c80-4d28-4208-93ad-b68760aa61ab,f0a569d8-4b43-4a1e-bf63-6859663ed23d,74da504e-c3c8-47ea-b4ef-7b69b2f77f3f,->,e4019c80-4d28-4208-93ad-b68760aa61ab,java/util/Map.java,keySet
e4019c80-4d28-4208-93ad-b68760aa61ab,f0a569d8-4b43-4a1e-bf63-6859663ed23d,74da504e-c3c8-47ea-b4ef-7b69b2f77f3f,->,e4019c80-4d28-4208-93ad-b68760aa61ab,java/util/Set.java,iterator
e4019c80-4d28-4208-93ad-b68760aa61ab,f0a569d8-4b43-4a1e-bf63-6859663ed23d,74da504e-c3c8-47ea-b4ef-7b69b2f77f3f,->,e4019c80-4d28-4208-93ad-b68760aa61ab,java/util/Iterator.java,hasNext
e4019c80-4d28-4208-93ad-b68760aa61ab,f0a569d8-4b43-4a1e-bf63-6859663ed23d,74da504e-c3c8-47ea-b4ef-7b69b2f77f3f,->,e4019c80-4d28-4208-93ad-b68760aa61ab,java/util/Iterator.java,next
e4019c80-4d28-4208-93ad-b68760aa61ab,f0a569d8-4b43-4a1e-bf63-6859663ed23d,74da504e-c3c8-47ea-b4ef-7b69b2f77f3f,->,e4019c80-4d28-4208-93ad-b68760aa61ab,java/lang/Object.java,toString
e4019c80-4d28-4208-93ad-b68760aa61ab,f0a569d8-4b43-4a1e-bf63-6859663ed23d,74da504e-c3c8-47ea-b4ef-7b69b2f77f3f,->,e4019c80-4d28-4208-93ad-b68760aa61ab,java/util/Map.java,get
e4019c80-4d28-4208-93ad-b68760aa61ab,f0a569d8-4b43-4a1e-bf63-6859663ed23d,74da504e-c3c8-47ea-b4ef-7b69b2f77f3f,->,e4019c80-4d28-4208-93ad-b68760aa61ab,java/lang/Object.java,toString
e4019c80-4d28-4208-93ad-b68760aa61ab,f0a569d8-4b43-4a1e-bf63-6859663ed23d,74da504e-c3c8-47ea-b4ef-7b69b2f77f3f,->,e4019c80-4d28-4208-93ad-b68760aa61ab,java/lang/Double.java,parseDouble
e4019c80-4d28-4208-93ad-b68760aa61ab,f0a569d8-4b43-4a1e-bf63-6859663ed23d,74da504e-c3c8-47ea-b4ef-7b69b2f77f3f,->,e4019c80-4d28-4208-93ad-b68760aa61ab,org/jfree/data/general/DefaultPieDataset.java,setValue
e4019c80-4d28-4208-93ad-b68760aa61ab,f0a569d8-4b43-4a1e-bf63-6859663ed23d,74da504e-c3c8-47ea-b4ef-7b69b2f77f3f,->,e4019c80-4d28-4208-93ad-b68760aa61ab,f0a569d8-4b43-4a1e-bf63-6859663ed23d,7dd70bfc-5623-4e0d-af4a-b8da3cd174ee
e4019c80-4d28-4208-93ad-b68760aa61ab,f0a569d8-4b43-4a1e-bf63-6859663ed23d,74da504e-c3c8-47ea-b4ef-7b69b2f77f3f,->,e4019c80-4d28-4208-93ad-b68760aa61ab,org/jfree/chart/ChartPanel.java,setPreferredSize
e4019c80-4d28-4208-93ad-b68760aa61ab,f0a569d8-4b43-4a1e-bf63-6859663ed23d,f41cf5dc-84ae-4258-8775-e7549f6bde6a,->,e4019c80-4d28-4208-93ad-b68760aa61ab,org/jfree/data/general/DefaultPieDataset.java,setValue
e4019c80-4d28-4208-93ad-b68760aa61ab,f0a569d8-4b43-4a1e-bf63-6859663ed23d,f41cf5dc-84ae-4258-8775-e7549f6bde6a,->,e4019c80-4d28-4208-93ad-b68760aa61ab,org/jfree/data/general/DefaultPieDataset.java,setValue
e4019c80-4d28-4208-93ad-b68760aa61ab,f0a569d8-4b43-4a1e-bf63-6859663ed23d,f41cf5dc-84ae-4258-8775-e7549f6bde6a,->,e4019c80-4d28-4208-93ad-b68760aa61ab,org/jfree/data/general/DefaultPieDataset.java,setValue
e4019c80-4d28-4208-93ad-b68760aa61ab,f0a569d8-4b43-4a1e-bf63-6859663ed23d,7dd70bfc-5623-4e0d-af4a-b8da3cd174ee,->,e4019c80-4d28-4208-93ad-b68760aa61ab,org/jfree/chart/ChartFactory.java,createPieChart3D
e4019c80-4d28-4208-93ad-b68760aa61ab,f0a569d8-4b43-4a1e-bf63-6859663ed23d,7dd70bfc-5623-4e0d-af4a-b8da3cd174ee,->,e4019c80-4d28-4208-93ad-b68760aa61ab,org/jfree/chart/JFreeChart.java,getPlot
e4019c80-4d28-4208-93ad-b68760aa61ab,f0a569d8-4b43-4a1e-bf63-6859663ed23d,7dd70bfc-5623-4e0d-af4a-b8da3cd174ee,->,e4019c80-4d28-4208-93ad-b68760aa61ab,org/jfree/chart/plot/PiePlot3D.java,setStartAngle
e4019c80-4d28-4208-93ad-b68760aa61ab,f0a569d8-4b43-4a1e-bf63-6859663ed23d,7dd70bfc-5623-4e0d-af4a-b8da3cd174ee,->,e4019c80-4d28-4208-93ad-b68760aa61ab,org/jfree/chart/plot/PiePlot3D.java,setDirection
e4019c80-4d28-4208-93ad-b68760aa61ab,f0a569d8-4b43-4a1e-bf63-6859663ed23d,7dd70bfc-5623-4e0d-af4a-b8da3cd174ee,->,e4019c80-4d28-4208-93ad-b68760aa61ab,org/jfree/chart/plot/PiePlot3D.java,setForegroundAlpha
e4019c80-4d28-4208-93ad-b68760aa61ab,f0a569d8-4b43-4a1e-bf63-6859663ed23d,de092a7d-ae1e-46ab-89a2-cf7548896407,->,e4019c80-4d28-4208-93ad-b68760aa61ab,org/jfree/chart/StandardChartTheme.java,setExtraLargeFont
e4019c80-4d28-4208-93ad-b68760aa61ab,f0a569d8-4b43-4a1e-bf63-6859663ed23d,de092a7d-ae1e-46ab-89a2-cf7548896407,->,e4019c80-4d28-4208-93ad-b68760aa61ab,org/jfree/chart/StandardChartTheme.java,setLargeFont
e4019c80-4d28-4208-93ad-b68760aa61ab,f0a569d8-4b43-4a1e-bf63-6859663ed23d,de092a7d-ae1e-46ab-89a2-cf7548896407,->,e4019c80-4d28-4208-93ad-b68760aa61ab,org/jfree/chart/StandardChartTheme.java,setRegularFont
e4019c80-4d28-4208-93ad-b68760aa61ab,f0a569d8-4b43-4a1e-bf63-6859663ed23d,de092a7d-ae1e-46ab-89a2-cf7548896407,->,e4019c80-4d28-4208-93ad-b68760aa61ab,org/jfree/chart/ChartFactory.java,setChartTheme
e4019c80-4d28-4208-93ad-b68760aa61ab,com/taobao/controller/PieChartUtils.java,<clinit>,->,e4019c80-4d28-4208-93ad-b68760aa61ab,f0a569d8-4b43-4a1e-bf63-6859663ed23d,de092a7d-ae1e-46ab-89a2-cf7548896407
e4019c80-4d28-4208-93ad-b68760aa61ab,com/taobao/controller/LintScanner$Issue.java,toString,->,e4019c80-4d28-4208-93ad-b68760aa61ab,com/taobao/controller/LintScanner$Issue.java,getId
e4019c80-4d28-4208-93ad-b68760aa61ab,com/taobao/controller/LintScanner$Issue.java,toString,->,e4019c80-4d28-4208-93ad-b68760aa61ab,java/lang/StringBuilder.java,append
e4019c80-4d28-4208-93ad-b68760aa61ab,com/taobao/controller/LintScanner$Issue.java,toString,->,e4019c80-4d28-4208-93ad-b68760aa61ab,java/lang/StringBuilder.java,append
e4019c80-4d28-4208-93ad-b68760aa61ab,com/taobao/controller/LintScanner$Issue.java,toString,->,e4019c80-4d28-4208-93ad-b68760aa61ab,com/taobao/controller/LintScanner$Issue.java,getLocation
e4019c80-4d28-4208-93ad-b68760aa61ab,com/taobao/controller/LintScanner$Issue.java,toString,->,e4019c80-4d28-4208-93ad-b68760aa61ab,java/lang/StringBuilder.java,append
e4019c80-4d28-4208-93ad-b68760aa61ab,com/taobao/controller/LintScanner$Issue.java,toString,->,e4019c80-4d28-4208-93ad-b68760aa61ab,java/lang/StringBuilder.java,toString
e4019c80-4d28-4208-93ad-b68760aa61ab,8e94112a-9f9a-4ed8-b974-8cdaaa2593d3,0cdec956-e21b-48ad-9b16-d6f0f29b9f89,->,e4019c80-4d28-4208-93ad-b68760aa61ab,8e94112a-9f9a-4ed8-b974-8cdaaa2593d3,a7067b95-9ed5-4a23-800f-33e938dd3c67
e4019c80-4d28-4208-93ad-b68760aa61ab,8e94112a-9f9a-4ed8-b974-8cdaaa2593d3,0cdec956-e21b-48ad-9b16-d6f0f29b9f89,->,e4019c80-4d28-4208-93ad-b68760aa61ab,8e94112a-9f9a-4ed8-b974-8cdaaa2593d3,4856d406-0d91-4460-8c93-642f6a2efc03
e4019c80-4d28-4208-93ad-b68760aa61ab,8e94112a-9f9a-4ed8-b974-8cdaaa2593d3,a7067b95-9ed5-4a23-800f-33e938dd3c67,->,e4019c80-4d28-4208-93ad-b68760aa61ab,java/io/File.java,getAbsolutePath
e4019c80-4d28-4208-93ad-b68760aa61ab,8e94112a-9f9a-4ed8-b974-8cdaaa2593d3,a7067b95-9ed5-4a23-800f-33e938dd3c67,->,e4019c80-4d28-4208-93ad-b68760aa61ab,java/io/File.java,getAbsolutePath
e4019c80-4d28-4208-93ad-b68760aa61ab,8e94112a-9f9a-4ed8-b974-8cdaaa2593d3,a7067b95-9ed5-4a23-800f-33e938dd3c67,->,e4019c80-4d28-4208-93ad-b68760aa61ab,java/lang/StringBuilder.java,append
e4019c80-4d28-4208-93ad-b68760aa61ab,8e94112a-9f9a-4ed8-b974-8cdaaa2593d3,a7067b95-9ed5-4a23-800f-33e938dd3c67,->,e4019c80-4d28-4208-93ad-b68760aa61ab,java/lang/StringBuilder.java,append
e4019c80-4d28-4208-93ad-b68760aa61ab,8e94112a-9f9a-4ed8-b974-8cdaaa2593d3,a7067b95-9ed5-4a23-800f-33e938dd3c67,->,e4019c80-4d28-4208-93ad-b68760aa61ab,java/lang/StringBuilder.java,append
e4019c80-4d28-4208-93ad-b68760aa61ab,8e94112a-9f9a-4ed8-b974-8cdaaa2593d3,a7067b95-9ed5-4a23-800f-33e938dd3c67,->,e4019c80-4d28-4208-93ad-b68760aa61ab,java/lang/StringBuilder.java,toString
e4019c80-4d28-4208-93ad-b68760aa61ab,8e94112a-9f9a-4ed8-b974-8cdaaa2593d3,a7067b95-9ed5-4a23-800f-33e938dd3c67,->,e4019c80-4d28-4208-93ad-b68760aa61ab,8e94112a-9f9a-4ed8-b974-8cdaaa2593d3,238686d7-f0ec-4f57-b42c-660fae672b83
e4019c80-4d28-4208-93ad-b68760aa61ab,8e94112a-9f9a-4ed8-b974-8cdaaa2593d3,a7067b95-9ed5-4a23-800f-33e938dd3c67,->,e4019c80-4d28-4208-93ad-b68760aa61ab,java/util/List.java,add
e4019c80-4d28-4208-93ad-b68760aa61ab,8e94112a-9f9a-4ed8-b974-8cdaaa2593d3,4856d406-0d91-4460-8c93-642f6a2efc03,->,e4019c80-4d28-4208-93ad-b68760aa61ab,java/util/List.java,size
e4019c80-4d28-4208-93ad-b68760aa61ab,8e94112a-9f9a-4ed8-b974-8cdaaa2593d3,4856d406-0d91-4460-8c93-642f6a2efc03,->,e4019c80-4d28-4208-93ad-b68760aa61ab,java/util/List.java,size
e4019c80-4d28-4208-93ad-b68760aa61ab,8e94112a-9f9a-4ed8-b974-8cdaaa2593d3,4856d406-0d91-4460-8c93-642f6a2efc03,->,e4019c80-4d28-4208-93ad-b68760aa61ab,java/util/List.java,get
e4019c80-4d28-4208-93ad-b68760aa61ab,8e94112a-9f9a-4ed8-b974-8cdaaa2593d3,4856d406-0d91-4460-8c93-642f6a2efc03,->,e4019c80-4d28-4208-93ad-b68760aa61ab,java/util/List.java,size
e4019c80-4d28-4208-93ad-b68760aa61ab,8e94112a-9f9a-4ed8-b974-8cdaaa2593d3,4856d406-0d91-4460-8c93-642f6a2efc03,->,e4019c80-4d28-4208-93ad-b68760aa61ab,java/util/List.java,get
e4019c80-4d28-4208-93ad-b68760aa61ab,8e94112a-9f9a-4ed8-b974-8cdaaa2593d3,4856d406-0d91-4460-8c93-642f6a2efc03,->,e4019c80-4d28-4208-93ad-b68760aa61ab,java/util/List.java,size
e4019c80-4d28-4208-93ad-b68760aa61ab,8e94112a-9f9a-4ed8-b974-8cdaaa2593d3,4856d406-0d91-4460-8c93-642f6a2efc03,->,e4019c80-4d28-4208-93ad-b68760aa61ab,java/util/List.java,get
e4019c80-4d28-4208-93ad-b68760aa61ab,8e94112a-9f9a-4ed8-b974-8cdaaa2593d3,4856d406-0d91-4460-8c93-642f6a2efc03,->,e4019c80-4d28-4208-93ad-b68760aa61ab,java/util/List.java,get
e4019c80-4d28-4208-93ad-b68760aa61ab,8e94112a-9f9a-4ed8-b974-8cdaaa2593d3,4856d406-0d91-4460-8c93-642f6a2efc03,->,e4019c80-4d28-4208-93ad-b68760aa61ab,java/util/List.java,get
e4019c80-4d28-4208-93ad-b68760aa61ab,8e94112a-9f9a-4ed8-b974-8cdaaa2593d3,4856d406-0d91-4460-8c93-642f6a2efc03,->,e4019c80-4d28-4208-93ad-b68760aa61ab,java/util/List.java,get
e4019c80-4d28-4208-93ad-b68760aa61ab,8e94112a-9f9a-4ed8-b974-8cdaaa2593d3,4856d406-0d91-4460-8c93-642f6a2efc03,->,e4019c80-4d28-4208-93ad-b68760aa61ab,java/io/File.java,getName
e4019c80-4d28-4208-93ad-b68760aa61ab,8e94112a-9f9a-4ed8-b974-8cdaaa2593d3,4856d406-0d91-4460-8c93-642f6a2efc03,->,e4019c80-4d28-4208-93ad-b68760aa61ab,java/io/File.java,getName
e4019c80-4d28-4208-93ad-b68760aa61ab,8e94112a-9f9a-4ed8-b974-8cdaaa2593d3,4856d406-0d91-4460-8c93-642f6a2efc03,->,e4019c80-4d28-4208-93ad-b68760aa61ab,java/lang/String.java,equals
e4019c80-4d28-4208-93ad-b68760aa61ab,8e94112a-9f9a-4ed8-b974-8cdaaa2593d3,4856d406-0d91-4460-8c93-642f6a2efc03,->,e4019c80-4d28-4208-93ad-b68760aa61ab,java/io/File.java,length
e4019c80-4d28-4208-93ad-b68760aa61ab,8e94112a-9f9a-4ed8-b974-8cdaaa2593d3,4856d406-0d91-4460-8c93-642f6a2efc03,->,e4019c80-4d28-4208-93ad-b68760aa61ab,java/io/File.java,length
e4019c80-4d28-4208-93ad-b68760aa61ab,8e94112a-9f9a-4ed8-b974-8cdaaa2593d3,4856d406-0d91-4460-8c93-642f6a2efc03,->,e4019c80-4d28-4208-93ad-b68760aa61ab,java/util/List.java,add
e4019c80-4d28-4208-93ad-b68760aa61ab,8e94112a-9f9a-4ed8-b974-8cdaaa2593d3,4856d406-0d91-4460-8c93-642f6a2efc03,->,e4019c80-4d28-4208-93ad-b68760aa61ab,java/util/List.java,add
e4019c80-4d28-4208-93ad-b68760aa61ab,8e94112a-9f9a-4ed8-b974-8cdaaa2593d3,4856d406-0d91-4460-8c93-642f6a2efc03,->,e4019c80-4d28-4208-93ad-b68760aa61ab,8e94112a-9f9a-4ed8-b974-8cdaaa2593d3,ba90174e-714d-4049-9d43-63112d00f37a
e4019c80-4d28-4208-93ad-b68760aa61ab,8e94112a-9f9a-4ed8-b974-8cdaaa2593d3,4856d406-0d91-4460-8c93-642f6a2efc03,->,e4019c80-4d28-4208-93ad-b68760aa61ab,javax/swing/JTextArea.java,setText
e4019c80-4d28-4208-93ad-b68760aa61ab,8e94112a-9f9a-4ed8-b974-8cdaaa2593d3,4856d406-0d91-4460-8c93-642f6a2efc03,->,e4019c80-4d28-4208-93ad-b68760aa61ab,java/util/List.java,iterator
e4019c80-4d28-4208-93ad-b68760aa61ab,8e94112a-9f9a-4ed8-b974-8cdaaa2593d3,4856d406-0d91-4460-8c93-642f6a2efc03,->,e4019c80-4d28-4208-93ad-b68760aa61ab,java/util/Iterator.java,hasNext
e4019c80-4d28-4208-93ad-b68760aa61ab,8e94112a-9f9a-4ed8-b974-8cdaaa2593d3,4856d406-0d91-4460-8c93-642f6a2efc03,->,e4019c80-4d28-4208-93ad-b68760aa61ab,java/util/Iterator.java,next
e4019c80-4d28-4208-93ad-b68760aa61ab,8e94112a-9f9a-4ed8-b974-8cdaaa2593d3,4856d406-0d91-4460-8c93-642f6a2efc03,->,e4019c80-4d28-4208-93ad-b68760aa61ab,java/lang/StringBuilder.java,append
e4019c80-4d28-4208-93ad-b68760aa61ab,8e94112a-9f9a-4ed8-b974-8cdaaa2593d3,4856d406-0d91-4460-8c93-642f6a2efc03,->,e4019c80-4d28-4208-93ad-b68760aa61ab,java/lang/StringBuilder.java,append
e4019c80-4d28-4208-93ad-b68760aa61ab,8e94112a-9f9a-4ed8-b974-8cdaaa2593d3,4856d406-0d91-4460-8c93-642f6a2efc03,->,e4019c80-4d28-4208-93ad-b68760aa61ab,java/io/File.java,getName
e4019c80-4d28-4208-93ad-b68760aa61ab,8e94112a-9f9a-4ed8-b974-8cdaaa2593d3,4856d406-0d91-4460-8c93-642f6a2efc03,->,e4019c80-4d28-4208-93ad-b68760aa61ab,java/lang/StringBuilder.java,append
e4019c80-4d28-4208-93ad-b68760aa61ab,8e94112a-9f9a-4ed8-b974-8cdaaa2593d3,4856d406-0d91-4460-8c93-642f6a2efc03,->,e4019c80-4d28-4208-93ad-b68760aa61ab,java/lang/StringBuilder.java,toString
e4019c80-4d28-4208-93ad-b68760aa61ab,8e94112a-9f9a-4ed8-b974-8cdaaa2593d3,4856d406-0d91-4460-8c93-642f6a2efc03,->,e4019c80-4d28-4208-93ad-b68760aa61ab,7d35a787-4492-43a2-b5f5-4d792b5ce681,e44ac472-e92e-4a3c-b299-e3dbac2713b6
e4019c80-4d28-4208-93ad-b68760aa61ab,8e94112a-9f9a-4ed8-b974-8cdaaa2593d3,4856d406-0d91-4460-8c93-642f6a2efc03,->,e4019c80-4d28-4208-93ad-b68760aa61ab,javax/swing/JTextArea.java,append
e4019c80-4d28-4208-93ad-b68760aa61ab,8e94112a-9f9a-4ed8-b974-8cdaaa2593d3,4856d406-0d91-4460-8c93-642f6a2efc03,->,e4019c80-4d28-4208-93ad-b68760aa61ab,javax/swing/JTextArea.java,getBounds
e4019c80-4d28-4208-93ad-b68760aa61ab,8e94112a-9f9a-4ed8-b974-8cdaaa2593d3,4856d406-0d91-4460-8c93-642f6a2efc03,->,e4019c80-4d28-4208-93ad-b68760aa61ab,javax/swing/JTextArea.java,paintImmediately
e4019c80-4d28-4208-93ad-b68760aa61ab,8e94112a-9f9a-4ed8-b974-8cdaaa2593d3,ba90174e-714d-4049-9d43-63112d00f37a,->,e4019c80-4d28-4208-93ad-b68760aa61ab,java/util/List.java,iterator
e4019c80-4d28-4208-93ad-b68760aa61ab,8e94112a-9f9a-4ed8-b974-8cdaaa2593d3,ba90174e-714d-4049-9d43-63112d00f37a,->,e4019c80-4d28-4208-93ad-b68760aa61ab,java/util/Iterator.java,hasNext
e4019c80-4d28-4208-93ad-b68760aa61ab,8e94112a-9f9a-4ed8-b974-8cdaaa2593d3,ba90174e-714d-4049-9d43-63112d00f37a,->,e4019c80-4d28-4208-93ad-b68760aa61ab,java/util/Iterator.java,next
e4019c80-4d28-4208-93ad-b68760aa61ab,8e94112a-9f9a-4ed8-b974-8cdaaa2593d3,ba90174e-714d-4049-9d43-63112d00f37a,->,e4019c80-4d28-4208-93ad-b68760aa61ab,java/util/Set.java,add
e4019c80-4d28-4208-93ad-b68760aa61ab,8e94112a-9f9a-4ed8-b974-8cdaaa2593d3,ba90174e-714d-4049-9d43-63112d00f37a,->,e4019c80-4d28-4208-93ad-b68760aa61ab,java/util/List.java,add
e4019c80-4d28-4208-93ad-b68760aa61ab,8e94112a-9f9a-4ed8-b974-8cdaaa2593d3,ba90174e-714d-4049-9d43-63112d00f37a,->,e4019c80-4d28-4208-93ad-b68760aa61ab,java/util/List.java,clear
e4019c80-4d28-4208-93ad-b68760aa61ab,8e94112a-9f9a-4ed8-b974-8cdaaa2593d3,ba90174e-714d-4049-9d43-63112d00f37a,->,e4019c80-4d28-4208-93ad-b68760aa61ab,java/util/List.java,addAll
e4019c80-4d28-4208-93ad-b68760aa61ab,8e94112a-9f9a-4ed8-b974-8cdaaa2593d3,238686d7-f0ec-4f57-b42c-660fae672b83,->,e4019c80-4d28-4208-93ad-b68760aa61ab,java/io/File.java,listFiles
e4019c80-4d28-4208-93ad-b68760aa61ab,8e94112a-9f9a-4ed8-b974-8cdaaa2593d3,238686d7-f0ec-4f57-b42c-660fae672b83,->,e4019c80-4d28-4208-93ad-b68760aa61ab,java/io/File.java,isDirectory
e4019c80-4d28-4208-93ad-b68760aa61ab,8e94112a-9f9a-4ed8-b974-8cdaaa2593d3,238686d7-f0ec-4f57-b42c-660fae672b83,->,e4019c80-4d28-4208-93ad-b68760aa61ab,java/io/File.java,getName
e4019c80-4d28-4208-93ad-b68760aa61ab,8e94112a-9f9a-4ed8-b974-8cdaaa2593d3,238686d7-f0ec-4f57-b42c-660fae672b83,->,e4019c80-4d28-4208-93ad-b68760aa61ab,8e94112a-9f9a-4ed8-b974-8cdaaa2593d3,59185b4e-ca42-4c7f-9c1c-7070d4712e00
e4019c80-4d28-4208-93ad-b68760aa61ab,8e94112a-9f9a-4ed8-b974-8cdaaa2593d3,238686d7-f0ec-4f57-b42c-660fae672b83,->,e4019c80-4d28-4208-93ad-b68760aa61ab,java/lang/String.java,equalsIgnoreCase
e4019c80-4d28-4208-93ad-b68760aa61ab,8e94112a-9f9a-4ed8-b974-8cdaaa2593d3,238686d7-f0ec-4f57-b42c-660fae672b83,->,e4019c80-4d28-4208-93ad-b68760aa61ab,java/util/List.java,add
e4019c80-4d28-4208-93ad-b68760aa61ab,8e94112a-9f9a-4ed8-b974-8cdaaa2593d3,238686d7-f0ec-4f57-b42c-660fae672b83,->,e4019c80-4d28-4208-93ad-b68760aa61ab,java/lang/Exception.java,printStackTrace
e4019c80-4d28-4208-93ad-b68760aa61ab,8e94112a-9f9a-4ed8-b974-8cdaaa2593d3,59185b4e-ca42-4c7f-9c1c-7070d4712e00,->,e4019c80-4d28-4208-93ad-b68760aa61ab,java/lang/String.java,length
e4019c80-4d28-4208-93ad-b68760aa61ab,8e94112a-9f9a-4ed8-b974-8cdaaa2593d3,59185b4e-ca42-4c7f-9c1c-7070d4712e00,->,e4019c80-4d28-4208-93ad-b68760aa61ab,java/lang/String.java,lastIndexOf
e4019c80-4d28-4208-93ad-b68760aa61ab,8e94112a-9f9a-4ed8-b974-8cdaaa2593d3,59185b4e-ca42-4c7f-9c1c-7070d4712e00,->,e4019c80-4d28-4208-93ad-b68760aa61ab,java/lang/String.java,length
e4019c80-4d28-4208-93ad-b68760aa61ab,8e94112a-9f9a-4ed8-b974-8cdaaa2593d3,59185b4e-ca42-4c7f-9c1c-7070d4712e00,->,e4019c80-4d28-4208-93ad-b68760aa61ab,java/lang/String.java,substring
e4019c80-4d28-4208-93ad-b68760aa61ab,com/taobao/TestMain$2.java,actionPerformed,->,e4019c80-4d28-4208-93ad-b68760aa61ab,com/taobao/TestMain.java,access$000
e4019c80-4d28-4208-93ad-b68760aa61ab,com/taobao/TestMain$2.java,actionPerformed,->,e4019c80-4d28-4208-93ad-b68760aa61ab,com/taobao/TestMain$MyThread.java,quit
e4019c80-4d28-4208-93ad-b68760aa61ab,com/taobao/TestMain$MyThread.java,run,->,e4019c80-4d28-4208-93ad-b68760aa61ab,java/lang/Integer.java,toString
e4019c80-4d28-4208-93ad-b68760aa61ab,com/taobao/TestMain$MyThread.java,run,->,e4019c80-4d28-4208-93ad-b68760aa61ab,javax/swing/JTextField.java,setText
e4019c80-4d28-4208-93ad-b68760aa61ab,com/taobao/TestMain$MyThread.java,run,->,e4019c80-4d28-4208-93ad-b68760aa61ab,com/taobao/TestMain$MyThread.java,sleep
e4019c80-4d28-4208-93ad-b68760aa61ab,com/taobao/TestMain$MyThread.java,run,->,e4019c80-4d28-4208-93ad-b68760aa61ab,java/lang/InterruptedException.java,printStackTrace
e4019c80-4d28-4208-93ad-b68760aa61ab,com/taobao/Entrance$2.java,actionPerformed,->,e4019c80-4d28-4208-93ad-b68760aa61ab,com/taobao/Entrance.java,access$100
e4019c80-4d28-4208-93ad-b68760aa61ab,com/taobao/Entrance$2.java,actionPerformed,->,e4019c80-4d28-4208-93ad-b68760aa61ab,com/taobao/Entrance.java,access$000
e4019c80-4d28-4208-93ad-b68760aa61ab,com/taobao/Entrance$2.java,actionPerformed,->,e4019c80-4d28-4208-93ad-b68760aa61ab,java/awt/CardLayout.java,next
e4019c80-4d28-4208-93ad-b68760aa61ab,com/taobao/view/Panel2$2.java,actionPerformed,->,e4019c80-4d28-4208-93ad-b68760aa61ab,com/taobao/view/Panel2.java,access$100
e4019c80-4d28-4208-93ad-b68760aa61ab,7128e403-720c-4e33-a442-8c365230a47f,64e3b078-2f86-453c-9f99-2f0f52a4a3c9,->,e4019c80-4d28-4208-93ad-b68760aa61ab,org/jfree/data/general/DefaultPieDataset.java,setValue
e4019c80-4d28-4208-93ad-b68760aa61ab,7128e403-720c-4e33-a442-8c365230a47f,64e3b078-2f86-453c-9f99-2f0f52a4a3c9,->,e4019c80-4d28-4208-93ad-b68760aa61ab,org/jfree/data/general/DefaultPieDataset.java,setValue
e4019c80-4d28-4208-93ad-b68760aa61ab,7128e403-720c-4e33-a442-8c365230a47f,64e3b078-2f86-453c-9f99-2f0f52a4a3c9,->,e4019c80-4d28-4208-93ad-b68760aa61ab,org/jfree/data/general/DefaultPieDataset.java,setValue
e4019c80-4d28-4208-93ad-b68760aa61ab,7128e403-720c-4e33-a442-8c365230a47f,90ca072a-c8e2-4070-ade6-be2834c727a0,->,e4019c80-4d28-4208-93ad-b68760aa61ab,org/jfree/chart/ChartFactory.java,createPieChart3D
e4019c80-4d28-4208-93ad-b68760aa61ab,7128e403-720c-4e33-a442-8c365230a47f,90ca072a-c8e2-4070-ade6-be2834c727a0,->,e4019c80-4d28-4208-93ad-b68760aa61ab,org/jfree/chart/JFreeChart.java,getPlot
e4019c80-4d28-4208-93ad-b68760aa61ab,7128e403-720c-4e33-a442-8c365230a47f,90ca072a-c8e2-4070-ade6-be2834c727a0,->,e4019c80-4d28-4208-93ad-b68760aa61ab,org/jfree/chart/plot/PiePlot3D.java,setStartAngle
e4019c80-4d28-4208-93ad-b68760aa61ab,7128e403-720c-4e33-a442-8c365230a47f,90ca072a-c8e2-4070-ade6-be2834c727a0,->,e4019c80-4d28-4208-93ad-b68760aa61ab,org/jfree/chart/plot/PiePlot3D.java,setDirection
e4019c80-4d28-4208-93ad-b68760aa61ab,7128e403-720c-4e33-a442-8c365230a47f,90ca072a-c8e2-4070-ade6-be2834c727a0,->,e4019c80-4d28-4208-93ad-b68760aa61ab,org/jfree/chart/plot/PiePlot3D.java,setForegroundAlpha
e4019c80-4d28-4208-93ad-b68760aa61ab,7128e403-720c-4e33-a442-8c365230a47f,59055d2d-56da-40c5-8754-d279ba998fc0,->,e4019c80-4d28-4208-93ad-b68760aa61ab,com/taobao/view/PiePanel.java,setVisible
e4019c80-4d28-4208-93ad-b68760aa61ab,7128e403-720c-4e33-a442-8c365230a47f,9c7ccacd-c952-4ed2-87de-e29f8315a551,->,e4019c80-4d28-4208-93ad-b68760aa61ab,com/taobao/view/PiePanel.java,setLayout
e4019c80-4d28-4208-93ad-b68760aa61ab,7128e403-720c-4e33-a442-8c365230a47f,9c7ccacd-c952-4ed2-87de-e29f8315a551,->,e4019c80-4d28-4208-93ad-b68760aa61ab,javax/swing/GroupLayout.java,createParallelGroup
e4019c80-4d28-4208-93ad-b68760aa61ab,7128e403-720c-4e33-a442-8c365230a47f,9c7ccacd-c952-4ed2-87de-e29f8315a551,->,e4019c80-4d28-4208-93ad-b68760aa61ab,javax/swing/GroupLayout$ParallelGroup.java,addGap
e4019c80-4d28-4208-93ad-b68760aa61ab,7128e403-720c-4e33-a442-8c365230a47f,9c7ccacd-c952-4ed2-87de-e29f8315a551,->,e4019c80-4d28-4208-93ad-b68760aa61ab,javax/swing/GroupLayout.java,setHorizontalGroup
e4019c80-4d28-4208-93ad-b68760aa61ab,7128e403-720c-4e33-a442-8c365230a47f,9c7ccacd-c952-4ed2-87de-e29f8315a551,->,e4019c80-4d28-4208-93ad-b68760aa61ab,javax/swing/GroupLayout.java,createParallelGroup
e4019c80-4d28-4208-93ad-b68760aa61ab,7128e403-720c-4e33-a442-8c365230a47f,9c7ccacd-c952-4ed2-87de-e29f8315a551,->,e4019c80-4d28-4208-93ad-b68760aa61ab,javax/swing/GroupLayout$ParallelGroup.java,addGap
e4019c80-4d28-4208-93ad-b68760aa61ab,7128e403-720c-4e33-a442-8c365230a47f,9c7ccacd-c952-4ed2-87de-e29f8315a551,->,e4019c80-4d28-4208-93ad-b68760aa61ab,javax/swing/GroupLayout.java,setVerticalGroup
e4019c80-4d28-4208-93ad-b68760aa61ab,com/taobao/view/Panel2$7.java,actionPerformed,->,e4019c80-4d28-4208-93ad-b68760aa61ab,com/taobao/view/Panel2.java,access$600
e4019c80-4d28-4208-93ad-b68760aa61ab,com/taobao/view/Panel2$10.java,actionPerformed,->,e4019c80-4d28-4208-93ad-b68760aa61ab,com/taobao/view/Panel2.java,access$900
e4019c80-4d28-4208-93ad-b68760aa61ab,e963f54c-459d-4447-8e53-9be24e02ef37,f4752fa1-7100-4c29-bdce-5866c5ea18e4,->,e4019c80-4d28-4208-93ad-b68760aa61ab,com/taobao/view/Panel2.java,setPreferredSize
e4019c80-4d28-4208-93ad-b68760aa61ab,e963f54c-459d-4447-8e53-9be24e02ef37,f4752fa1-7100-4c29-bdce-5866c5ea18e4,->,e4019c80-4d28-4208-93ad-b68760aa61ab,javax/swing/JButton.java,setText
e4019c80-4d28-4208-93ad-b68760aa61ab,e963f54c-459d-4447-8e53-9be24e02ef37,f4752fa1-7100-4c29-bdce-5866c5ea18e4,->,e4019c80-4d28-4208-93ad-b68760aa61ab,javax/swing/JButton.java,setEnabled
e4019c80-4d28-4208-93ad-b68760aa61ab,e963f54c-459d-4447-8e53-9be24e02ef37,f4752fa1-7100-4c29-bdce-5866c5ea18e4,->,e4019c80-4d28-4208-93ad-b68760aa61ab,javax/swing/JButton.java,addActionListener
e4019c80-4d28-4208-93ad-b68760aa61ab,e963f54c-459d-4447-8e53-9be24e02ef37,f4752fa1-7100-4c29-bdce-5866c5ea18e4,->,e4019c80-4d28-4208-93ad-b68760aa61ab,javax/swing/JButton.java,setText
e4019c80-4d28-4208-93ad-b68760aa61ab,e963f54c-459d-4447-8e53-9be24e02ef37,f4752fa1-7100-4c29-bdce-5866c5ea18e4,->,e4019c80-4d28-4208-93ad-b68760aa61ab,javax/swing/JButton.java,setEnabled
e4019c80-4d28-4208-93ad-b68760aa61ab,e963f54c-459d-4447-8e53-9be24e02ef37,f4752fa1-7100-4c29-bdce-5866c5ea18e4,->,e4019c80-4d28-4208-93ad-b68760aa61ab,javax/swing/JButton.java,addActionListener
e4019c80-4d28-4208-93ad-b68760aa61ab,e963f54c-459d-4447-8e53-9be24e02ef37,f4752fa1-7100-4c29-bdce-5866c5ea18e4,->,e4019c80-4d28-4208-93ad-b68760aa61ab,javax/swing/JTextField.java,setEditable
e4019c80-4d28-4208-93ad-b68760aa61ab,e963f54c-459d-4447-8e53-9be24e02ef37,f4752fa1-7100-4c29-bdce-5866c5ea18e4,->,e4019c80-4d28-4208-93ad-b68760aa61ab,javax/swing/JTextField.java,addActionListener
e4019c80-4d28-4208-93ad-b68760aa61ab,e963f54c-459d-4447-8e53-9be24e02ef37,f4752fa1-7100-4c29-bdce-5866c5ea18e4,->,e4019c80-4d28-4208-93ad-b68760aa61ab,javax/swing/JTextField.java,setEditable
e4019c80-4d28-4208-93ad-b68760aa61ab,e963f54c-459d-4447-8e53-9be24e02ef37,f4752fa1-7100-4c29-bdce-5866c5ea18e4,->,e4019c80-4d28-4208-93ad-b68760aa61ab,javax/swing/JTextField.java,addActionListener
e4019c80-4d28-4208-93ad-b68760aa61ab,e963f54c-459d-4447-8e53-9be24e02ef37,f4752fa1-7100-4c29-bdce-5866c5ea18e4,->,e4019c80-4d28-4208-93ad-b68760aa61ab,javax/swing/JButton.java,setText
e4019c80-4d28-4208-93ad-b68760aa61ab,e963f54c-459d-4447-8e53-9be24e02ef37,f4752fa1-7100-4c29-bdce-5866c5ea18e4,->,e4019c80-4d28-4208-93ad-b68760aa61ab,javax/swing/JButton.java,addActionListener
e4019c80-4d28-4208-93ad-b68760aa61ab,e963f54c-459d-4447-8e53-9be24e02ef37,f4752fa1-7100-4c29-bdce-5866c5ea18e4,->,e4019c80-4d28-4208-93ad-b68760aa61ab,javax/swing/JButton.java,setText
e4019c80-4d28-4208-93ad-b68760aa61ab,e963f54c-459d-4447-8e53-9be24e02ef37,f4752fa1-7100-4c29-bdce-5866c5ea18e4,->,e4019c80-4d28-4208-93ad-b68760aa61ab,javax/swing/JButton.java,addActionListener
e4019c80-4d28-4208-93ad-b68760aa61ab,e963f54c-459d-4447-8e53-9be24e02ef37,f4752fa1-7100-4c29-bdce-5866c5ea18e4,->,e4019c80-4d28-4208-93ad-b68760aa61ab,javax/swing/JTextArea.java,setEditable
e4019c80-4d28-4208-93ad-b68760aa61ab,e963f54c-459d-4447-8e53-9be24e02ef37,f4752fa1-7100-4c29-bdce-5866c5ea18e4,->,e4019c80-4d28-4208-93ad-b68760aa61ab,javax/swing/JTextArea.java,setColumns
e4019c80-4d28-4208-93ad-b68760aa61ab,e963f54c-459d-4447-8e53-9be24e02ef37,f4752fa1-7100-4c29-bdce-5866c5ea18e4,->,e4019c80-4d28-4208-93ad-b68760aa61ab,javax/swing/JTextArea.java,setRows
e4019c80-4d28-4208-93ad-b68760aa61ab,e963f54c-459d-4447-8e53-9be24e02ef37,f4752fa1-7100-4c29-bdce-5866c5ea18e4,->,e4019c80-4d28-4208-93ad-b68760aa61ab,javax/swing/JScrollPane.java,setViewportView
e4019c80-4d28-4208-93ad-b68760aa61ab,e963f54c-459d-4447-8e53-9be24e02ef37,f4752fa1-7100-4c29-bdce-5866c5ea18e4,->,e4019c80-4d28-4208-93ad-b68760aa61ab,javax/swing/JLabel.java,setText
e4019c80-4d28-4208-93ad-b68760aa61ab,e963f54c-459d-4447-8e53-9be24e02ef37,f4752fa1-7100-4c29-bdce-5866c5ea18e4,->,e4019c80-4d28-4208-93ad-b68760aa61ab,javax/swing/JLabel.java,setText
e4019c80-4d28-4208-93ad-b68760aa61ab,e963f54c-459d-4447-8e53-9be24e02ef37,f4752fa1-7100-4c29-bdce-5866c5ea18e4,->,e4019c80-4d28-4208-93ad-b68760aa61ab,javax/swing/JLabel.java,setFont
e4019c80-4d28-4208-93ad-b68760aa61ab,e963f54c-459d-4447-8e53-9be24e02ef37,f4752fa1-7100-4c29-bdce-5866c5ea18e4,->,e4019c80-4d28-4208-93ad-b68760aa61ab,javax/swing/JLabel.java,setText
e4019c80-4d28-4208-93ad-b68760aa61ab,e963f54c-459d-4447-8e53-9be24e02ef37,f4752fa1-7100-4c29-bdce-5866c5ea18e4,->,e4019c80-4d28-4208-93ad-b68760aa61ab,javax/swing/JLabel.java,setFont
e4019c80-4d28-4208-93ad-b68760aa61ab,e963f54c-459d-4447-8e53-9be24e02ef37,f4752fa1-7100-4c29-bdce-5866c5ea18e4,->,e4019c80-4d28-4208-93ad-b68760aa61ab,javax/swing/JLabel.java,setText
e4019c80-4d28-4208-93ad-b68760aa61ab,e963f54c-459d-4447-8e53-9be24e02ef37,f4752fa1-7100-4c29-bdce-5866c5ea18e4,->,e4019c80-4d28-4208-93ad-b68760aa61ab,javax/swing/JLabel.java,setText
e4019c80-4d28-4208-93ad-b68760aa61ab,e963f54c-459d-4447-8e53-9be24e02ef37,f4752fa1-7100-4c29-bdce-5866c5ea18e4,->,e4019c80-4d28-4208-93ad-b68760aa61ab,javax/swing/JLabel.java,setText
e4019c80-4d28-4208-93ad-b68760aa61ab,e963f54c-459d-4447-8e53-9be24e02ef37,f4752fa1-7100-4c29-bdce-5866c5ea18e4,->,e4019c80-4d28-4208-93ad-b68760aa61ab,javax/swing/JTextField.java,setEditable
e4019c80-4d28-4208-93ad-b68760aa61ab,e963f54c-459d-4447-8e53-9be24e02ef37,f4752fa1-7100-4c29-bdce-5866c5ea18e4,->,e4019c80-4d28-4208-93ad-b68760aa61ab,javax/swing/JTextField.java,addActionListener
e4019c80-4d28-4208-93ad-b68760aa61ab,e963f54c-459d-4447-8e53-9be24e02ef37,f4752fa1-7100-4c29-bdce-5866c5ea18e4,->,e4019c80-4d28-4208-93ad-b68760aa61ab,javax/swing/JTextField.java,setEditable
e4019c80-4d28-4208-93ad-b68760aa61ab,e963f54c-459d-4447-8e53-9be24e02ef37,f4752fa1-7100-4c29-bdce-5866c5ea18e4,->,e4019c80-4d28-4208-93ad-b68760aa61ab,javax/swing/JButton.java,setText
e4019c80-4d28-4208-93ad-b68760aa61ab,e963f54c-459d-4447-8e53-9be24e02ef37,f4752fa1-7100-4c29-bdce-5866c5ea18e4,->,e4019c80-4d28-4208-93ad-b68760aa61ab,javax/swing/JButton.java,addActionListener
e4019c80-4d28-4208-93ad-b68760aa61ab,e963f54c-459d-4447-8e53-9be24e02ef37,f4752fa1-7100-4c29-bdce-5866c5ea18e4,->,e4019c80-4d28-4208-93ad-b68760aa61ab,javax/swing/JButton.java,setText
e4019c80-4d28-4208-93ad-b68760aa61ab,e963f54c-459d-4447-8e53-9be24e02ef37,f4752fa1-7100-4c29-bdce-5866c5ea18e4,->,e4019c80-4d28-4208-93ad-b68760aa61ab,javax/swing/JButton.java,addActionListener
e4019c80-4d28-4208-93ad-b68760aa61ab,e963f54c-459d-4447-8e53-9be24e02ef37,f4752fa1-7100-4c29-bdce-5866c5ea18e4,->,e4019c80-4d28-4208-93ad-b68760aa61ab,javax/swing/JTextArea.java,setEditable
e4019c80-4d28-4208-93ad-b68760aa61ab,e963f54c-459d-4447-8e53-9be24e02ef37,f4752fa1-7100-4c29-bdce-5866c5ea18e4,->,e4019c80-4d28-4208-93ad-b68760aa61ab,javax/swing/JTextArea.java,setColumns
e4019c80-4d28-4208-93ad-b68760aa61ab,e963f54c-459d-4447-8e53-9be24e02ef37,f4752fa1-7100-4c29-bdce-5866c5ea18e4,->,e4019c80-4d28-4208-93ad-b68760aa61ab,javax/swing/JTextArea.java,setRows
e4019c80-4d28-4208-93ad-b68760aa61ab,e963f54c-459d-4447-8e53-9be24e02ef37,f4752fa1-7100-4c29-bdce-5866c5ea18e4,->,e4019c80-4d28-4208-93ad-b68760aa61ab,javax/swing/JScrollPane.java,setViewportView
e4019c80-4d28-4208-93ad-b68760aa61ab,e963f54c-459d-4447-8e53-9be24e02ef37,f4752fa1-7100-4c29-bdce-5866c5ea18e4,->,e4019c80-4d28-4208-93ad-b68760aa61ab,javax/swing/JLabel.java,setText
e4019c80-4d28-4208-93ad-b68760aa61ab,e963f54c-459d-4447-8e53-9be24e02ef37,f4752fa1-7100-4c29-bdce-5866c5ea18e4,->,e4019c80-4d28-4208-93ad-b68760aa61ab,javax/swing/JTextField.java,setEditable
e4019c80-4d28-4208-93ad-b68760aa61ab,e963f54c-459d-4447-8e53-9be24e02ef37,f4752fa1-7100-4c29-bdce-5866c5ea18e4,->,e4019c80-4d28-4208-93ad-b68760aa61ab,javax/swing/JTextField.java,addActionListener
e4019c80-4d28-4208-93ad-b68760aa61ab,e963f54c-459d-4447-8e53-9be24e02ef37,f4752fa1-7100-4c29-bdce-5866c5ea18e4,->,e4019c80-4d28-4208-93ad-b68760aa61ab,javax/swing/JButton.java,setText
e4019c80-4d28-4208-93ad-b68760aa61ab,e963f54c-459d-4447-8e53-9be24e02ef37,f4752fa1-7100-4c29-bdce-5866c5ea18e4,->,e4019c80-4d28-4208-93ad-b68760aa61ab,javax/swing/JButton.java,addActionListener
e4019c80-4d28-4208-93ad-b68760aa61ab,e963f54c-459d-4447-8e53-9be24e02ef37,f4752fa1-7100-4c29-bdce-5866c5ea18e4,->,e4019c80-4d28-4208-93ad-b68760aa61ab,com/taobao/view/Panel2.java,setLayout
e4019c80-4d28-4208-93ad-b68760aa61ab,e963f54c-459d-4447-8e53-9be24e02ef37,f4752fa1-7100-4c29-bdce-5866c5ea18e4,->,e4019c80-4d28-4208-93ad-b68760aa61ab,javax/swing/GroupLayout.java,createParallelGroup
e4019c80-4d28-4208-93ad-b68760aa61ab,e963f54c-459d-4447-8e53-9be24e02ef37,f4752fa1-7100-4c29-bdce-5866c5ea18e4,->,e4019c80-4d28-4208-93ad-b68760aa61ab,javax/swing/GroupLayout$ParallelGroup.java,addComponent
e4019c80-4d28-4208-93ad-b68760aa61ab,e963f54c-459d-4447-8e53-9be24e02ef37,f4752fa1-7100-4c29-bdce-5866c5ea18e4,->,e4019c80-4d28-4208-93ad-b68760aa61ab,javax/swing/GroupLayout.java,createSequentialGroup
e4019c80-4d28-4208-93ad-b68760aa61ab,e963f54c-459d-4447-8e53-9be24e02ef37,f4752fa1-7100-4c29-bdce-5866c5ea18e4,->,e4019c80-4d28-4208-93ad-b68760aa61ab,javax/swing/GroupLayout$SequentialGroup.java,addContainerGap
e4019c80-4d28-4208-93ad-b68760aa61ab,e963f54c-459d-4447-8e53-9be24e02ef37,f4752fa1-7100-4c29-bdce-5866c5ea18e4,->,e4019c80-4d28-4208-93ad-b68760aa61ab,javax/swing/GroupLayout.java,createParallelGroup
e4019c80-4d28-4208-93ad-b68760aa61ab,e963f54c-459d-4447-8e53-9be24e02ef37,f4752fa1-7100-4c29-bdce-5866c5ea18e4,->,e4019c80-4d28-4208-93ad-b68760aa61ab,javax/swing/GroupLayout$ParallelGroup.java,addComponent
e4019c80-4d28-4208-93ad-b68760aa61ab,e963f54c-459d-4447-8e53-9be24e02ef37,f4752fa1-7100-4c29-bdce-5866c5ea18e4,->,e4019c80-4d28-4208-93ad-b68760aa61ab,javax/swing/GroupLayout$ParallelGroup.java,addComponent
e4019c80-4d28-4208-93ad-b68760aa61ab,e963f54c-459d-4447-8e53-9be24e02ef37,f4752fa1-7100-4c29-bdce-5866c5ea18e4,->,e4019c80-4d28-4208-93ad-b68760aa61ab,javax/swing/GroupLayout.java,createSequentialGroup
e4019c80-4d28-4208-93ad-b68760aa61ab,e963f54c-459d-4447-8e53-9be24e02ef37,f4752fa1-7100-4c29-bdce-5866c5ea18e4,->,e4019c80-4d28-4208-93ad-b68760aa61ab,javax/swing/GroupLayout.java,createParallelGroup
e4019c80-4d28-4208-93ad-b68760aa61ab,e963f54c-459d-4447-8e53-9be24e02ef37,f4752fa1-7100-4c29-bdce-5866c5ea18e4,->,e4019c80-4d28-4208-93ad-b68760aa61ab,javax/swing/GroupLayout$ParallelGroup.java,addComponent
e4019c80-4d28-4208-93ad-b68760aa61ab,e963f54c-459d-4447-8e53-9be24e02ef37,f4752fa1-7100-4c29-bdce-5866c5ea18e4,->,e4019c80-4d28-4208-93ad-b68760aa61ab,javax/swing/GroupLayout$ParallelGroup.java,addComponent
e4019c80-4d28-4208-93ad-b68760aa61ab,e963f54c-459d-4447-8e53-9be24e02ef37,f4752fa1-7100-4c29-bdce-5866c5ea18e4,->,e4019c80-4d28-4208-93ad-b68760aa61ab,javax/swing/GroupLayout$SequentialGroup.java,addGroup
e4019c80-4d28-4208-93ad-b68760aa61ab,e963f54c-459d-4447-8e53-9be24e02ef37,f4752fa1-7100-4c29-bdce-5866c5ea18e4,->,e4019c80-4d28-4208-93ad-b68760aa61ab,javax/swing/GroupLayout$SequentialGroup.java,addPreferredGap
e4019c80-4d28-4208-93ad-b68760aa61ab,e963f54c-459d-4447-8e53-9be24e02ef37,f4752fa1-7100-4c29-bdce-5866c5ea18e4,->,e4019c80-4d28-4208-93ad-b68760aa61ab,javax/swing/GroupLayout.java,createParallelGroup
e4019c80-4d28-4208-93ad-b68760aa61ab,e963f54c-459d-4447-8e53-9be24e02ef37,f4752fa1-7100-4c29-bdce-5866c5ea18e4,->,e4019c80-4d28-4208-93ad-b68760aa61ab,javax/swing/GroupLayout$ParallelGroup.java,addComponent
e4019c80-4d28-4208-93ad-b68760aa61ab,e963f54c-459d-4447-8e53-9be24e02ef37,f4752fa1-7100-4c29-bdce-5866c5ea18e4,->,e4019c80-4d28-4208-93ad-b68760aa61ab,javax/swing/GroupLayout$ParallelGroup.java,addComponent
e4019c80-4d28-4208-93ad-b68760aa61ab,e963f54c-459d-4447-8e53-9be24e02ef37,f4752fa1-7100-4c29-bdce-5866c5ea18e4,->,e4019c80-4d28-4208-93ad-b68760aa61ab,javax/swing/GroupLayout$SequentialGroup.java,addGroup
e4019c80-4d28-4208-93ad-b68760aa61ab,e963f54c-459d-4447-8e53-9be24e02ef37,f4752fa1-7100-4c29-bdce-5866c5ea18e4,->,e4019c80-4d28-4208-93ad-b68760aa61ab,javax/swing/GroupLayout$SequentialGroup.java,addPreferredGap
e4019c80-4d28-4208-93ad-b68760aa61ab,e963f54c-459d-4447-8e53-9be24e02ef37,f4752fa1-7100-4c29-bdce-5866c5ea18e4,->,e4019c80-4d28-4208-93ad-b68760aa61ab,javax/swing/GroupLayout.java,createParallelGroup
e4019c80-4d28-4208-93ad-b68760aa61ab,e963f54c-459d-4447-8e53-9be24e02ef37,f4752fa1-7100-4c29-bdce-5866c5ea18e4,->,e4019c80-4d28-4208-93ad-b68760aa61ab,javax/swing/GroupLayout$ParallelGroup.java,addComponent
e4019c80-4d28-4208-93ad-b68760aa61ab,e963f54c-459d-4447-8e53-9be24e02ef37,f4752fa1-7100-4c29-bdce-5866c5ea18e4,->,e4019c80-4d28-4208-93ad-b68760aa61ab,javax/swing/GroupLayout$ParallelGroup.java,addComponent
e4019c80-4d28-4208-93ad-b68760aa61ab,e963f54c-459d-4447-8e53-9be24e02ef37,f4752fa1-7100-4c29-bdce-5866c5ea18e4,->,e4019c80-4d28-4208-93ad-b68760aa61ab,javax/swing/GroupLayout$SequentialGroup.java,addGroup
e4019c80-4d28-4208-93ad-b68760aa61ab,e963f54c-459d-4447-8e53-9be24e02ef37,f4752fa1-7100-4c29-bdce-5866c5ea18e4,->,e4019c80-4d28-4208-93ad-b68760aa61ab,javax/swing/GroupLayout$SequentialGroup.java,addPreferredGap
e4019c80-4d28-4208-93ad-b68760aa61ab,e963f54c-459d-4447-8e53-9be24e02ef37,f4752fa1-7100-4c29-bdce-5866c5ea18e4,->,e4019c80-4d28-4208-93ad-b68760aa61ab,javax/swing/GroupLayout$SequentialGroup.java,addComponent
e4019c80-4d28-4208-93ad-b68760aa61ab,e963f54c-459d-4447-8e53-9be24e02ef37,f4752fa1-7100-4c29-bdce-5866c5ea18e4,->,e4019c80-4d28-4208-93ad-b68760aa61ab,javax/swing/GroupLayout$ParallelGroup.java,addGroup
e4019c80-4d28-4208-93ad-b68760aa61ab,e963f54c-459d-4447-8e53-9be24e02ef37,f4752fa1-7100-4c29-bdce-5866c5ea18e4,->,e4019c80-4d28-4208-93ad-b68760aa61ab,javax/swing/GroupLayout.java,createSequentialGroup
e4019c80-4d28-4208-93ad-b68760aa61ab,e963f54c-459d-4447-8e53-9be24e02ef37,f4752fa1-7100-4c29-bdce-5866c5ea18e4,->,e4019c80-4d28-4208-93ad-b68760aa61ab,javax/swing/GroupLayout.java,createParallelGroup
e4019c80-4d28-4208-93ad-b68760aa61ab,e963f54c-459d-4447-8e53-9be24e02ef37,f4752fa1-7100-4c29-bdce-5866c5ea18e4,->,e4019c80-4d28-4208-93ad-b68760aa61ab,javax/swing/GroupLayout$ParallelGroup.java,addComponent
e4019c80-4d28-4208-93ad-b68760aa61ab,e963f54c-459d-4447-8e53-9be24e02ef37,f4752fa1-7100-4c29-bdce-5866c5ea18e4,->,e4019c80-4d28-4208-93ad-b68760aa61ab,javax/swing/GroupLayout$ParallelGroup.java,addComponent
e4019c80-4d28-4208-93ad-b68760aa61ab,e963f54c-459d-4447-8e53-9be24e02ef37,f4752fa1-7100-4c29-bdce-5866c5ea18e4,->,e4019c80-4d28-4208-93ad-b68760aa61ab,javax/swing/GroupLayout$SequentialGroup.java,addGroup
e4019c80-4d28-4208-93ad-b68760aa61ab,e963f54c-459d-4447-8e53-9be24e02ef37,f4752fa1-7100-4c29-bdce-5866c5ea18e4,->,e4019c80-4d28-4208-93ad-b68760aa61ab,javax/swing/GroupLayout$SequentialGroup.java,addGap
e4019c80-4d28-4208-93ad-b68760aa61ab,e963f54c-459d-4447-8e53-9be24e02ef37,f4752fa1-7100-4c29-bdce-5866c5ea18e4,->,e4019c80-4d28-4208-93ad-b68760aa61ab,javax/swing/GroupLayout$ParallelGroup.java,addGroup
e4019c80-4d28-4208-93ad-b68760aa61ab,e963f54c-459d-4447-8e53-9be24e02ef37,f4752fa1-7100-4c29-bdce-5866c5ea18e4,->,e4019c80-4d28-4208-93ad-b68760aa61ab,javax/swing/GroupLayout.java,createSequentialGroup
e4019c80-4d28-4208-93ad-b68760aa61ab,e963f54c-459d-4447-8e53-9be24e02ef37,f4752fa1-7100-4c29-bdce-5866c5ea18e4,->,e4019c80-4d28-4208-93ad-b68760aa61ab,javax/swing/GroupLayout.java,createParallelGroup
e4019c80-4d28-4208-93ad-b68760aa61ab,e963f54c-459d-4447-8e53-9be24e02ef37,f4752fa1-7100-4c29-bdce-5866c5ea18e4,->,e4019c80-4d28-4208-93ad-b68760aa61ab,javax/swing/GroupLayout.java,createSequentialGroup
e4019c80-4d28-4208-93ad-b68760aa61ab,e963f54c-459d-4447-8e53-9be24e02ef37,f4752fa1-7100-4c29-bdce-5866c5ea18e4,->,e4019c80-4d28-4208-93ad-b68760aa61ab,javax/swing/GroupLayout$SequentialGroup.java,addGap
e4019c80-4d28-4208-93ad-b68760aa61ab,e963f54c-459d-4447-8e53-9be24e02ef37,f4752fa1-7100-4c29-bdce-5866c5ea18e4,->,e4019c80-4d28-4208-93ad-b68760aa61ab,javax/swing/GroupLayout$SequentialGroup.java,addComponent
e4019c80-4d28-4208-93ad-b68760aa61ab,e963f54c-459d-4447-8e53-9be24e02ef37,f4752fa1-7100-4c29-bdce-5866c5ea18e4,->,e4019c80-4d28-4208-93ad-b68760aa61ab,javax/swing/GroupLayout$SequentialGroup.java,addPreferredGap
e4019c80-4d28-4208-93ad-b68760aa61ab,e963f54c-459d-4447-8e53-9be24e02ef37,f4752fa1-7100-4c29-bdce-5866c5ea18e4,->,e4019c80-4d28-4208-93ad-b68760aa61ab,javax/swing/GroupLayout$SequentialGroup.java,addComponent
e4019c80-4d28-4208-93ad-b68760aa61ab,e963f54c-459d-4447-8e53-9be24e02ef37,f4752fa1-7100-4c29-bdce-5866c5ea18e4,->,e4019c80-4d28-4208-93ad-b68760aa61ab,javax/swing/GroupLayout$ParallelGroup.java,addGroup
e4019c80-4d28-4208-93ad-b68760aa61ab,e963f54c-459d-4447-8e53-9be24e02ef37,f4752fa1-7100-4c29-bdce-5866c5ea18e4,->,e4019c80-4d28-4208-93ad-b68760aa61ab,javax/swing/GroupLayout.java,createSequentialGroup
e4019c80-4d28-4208-93ad-b68760aa61ab,e963f54c-459d-4447-8e53-9be24e02ef37,f4752fa1-7100-4c29-bdce-5866c5ea18e4,->,e4019c80-4d28-4208-93ad-b68760aa61ab,javax/swing/GroupLayout.java,createParallelGroup
e4019c80-4d28-4208-93ad-b68760aa61ab,e963f54c-459d-4447-8e53-9be24e02ef37,f4752fa1-7100-4c29-bdce-5866c5ea18e4,->,e4019c80-4d28-4208-93ad-b68760aa61ab,javax/swing/GroupLayout$ParallelGroup.java,addComponent
e4019c80-4d28-4208-93ad-b68760aa61ab,e963f54c-459d-4447-8e53-9be24e02ef37,f4752fa1-7100-4c29-bdce-5866c5ea18e4,->,e4019c80-4d28-4208-93ad-b68760aa61ab,javax/swing/GroupLayout$ParallelGroup.java,addComponent
e4019c80-4d28-4208-93ad-b68760aa61ab,e963f54c-459d-4447-8e53-9be24e02ef37,f4752fa1-7100-4c29-bdce-5866c5ea18e4,->,e4019c80-4d28-4208-93ad-b68760aa61ab,javax/swing/GroupLayout$SequentialGroup.java,addGroup
e4019c80-4d28-4208-93ad-b68760aa61ab,e963f54c-459d-4447-8e53-9be24e02ef37,f4752fa1-7100-4c29-bdce-5866c5ea18e4,->,e4019c80-4d28-4208-93ad-b68760aa61ab,javax/swing/GroupLayout$SequentialGroup.java,addPreferredGap
e4019c80-4d28-4208-93ad-b68760aa61ab,e963f54c-459d-4447-8e53-9be24e02ef37,f4752fa1-7100-4c29-bdce-5866c5ea18e4,->,e4019c80-4d28-4208-93ad-b68760aa61ab,javax/swing/GroupLayout.java,createParallelGroup
e4019c80-4d28-4208-93ad-b68760aa61ab,e963f54c-459d-4447-8e53-9be24e02ef37,f4752fa1-7100-4c29-bdce-5866c5ea18e4,->,e4019c80-4d28-4208-93ad-b68760aa61ab,javax/swing/GroupLayout$ParallelGroup.java,addComponent
e4019c80-4d28-4208-93ad-b68760aa61ab,e963f54c-459d-4447-8e53-9be24e02ef37,f4752fa1-7100-4c29-bdce-5866c5ea18e4,->,e4019c80-4d28-4208-93ad-b68760aa61ab,javax/swing/GroupLayout$ParallelGroup.java,addComponent
e4019c80-4d28-4208-93ad-b68760aa61ab,e963f54c-459d-4447-8e53-9be24e02ef37,f4752fa1-7100-4c29-bdce-5866c5ea18e4,->,e4019c80-4d28-4208-93ad-b68760aa61ab,javax/swing/GroupLayout$SequentialGroup.java,addGroup
e4019c80-4d28-4208-93ad-b68760aa61ab,e963f54c-459d-4447-8e53-9be24e02ef37,f4752fa1-7100-4c29-bdce-5866c5ea18e4,->,e4019c80-4d28-4208-93ad-b68760aa61ab,javax/swing/GroupLayout$ParallelGroup.java,addGroup
e4019c80-4d28-4208-93ad-b68760aa61ab,e963f54c-459d-4447-8e53-9be24e02ef37,f4752fa1-7100-4c29-bdce-5866c5ea18e4,->,e4019c80-4d28-4208-93ad-b68760aa61ab,javax/swing/GroupLayout$SequentialGroup.java,addGroup
e4019c80-4d28-4208-93ad-b68760aa61ab,e963f54c-459d-4447-8e53-9be24e02ef37,f4752fa1-7100-4c29-bdce-5866c5ea18e4,->,e4019c80-4d28-4208-93ad-b68760aa61ab,javax/swing/GroupLayout$SequentialGroup.java,addPreferredGap
e4019c80-4d28-4208-93ad-b68760aa61ab,e963f54c-459d-4447-8e53-9be24e02ef37,f4752fa1-7100-4c29-bdce-5866c5ea18e4,->,e4019c80-4d28-4208-93ad-b68760aa61ab,javax/swing/GroupLayout.java,createParallelGroup
e4019c80-4d28-4208-93ad-b68760aa61ab,e963f54c-459d-4447-8e53-9be24e02ef37,f4752fa1-7100-4c29-bdce-5866c5ea18e4,->,e4019c80-4d28-4208-93ad-b68760aa61ab,javax/swing/GroupLayout$ParallelGroup.java,addComponent
e4019c80-4d28-4208-93ad-b68760aa61ab,e963f54c-459d-4447-8e53-9be24e02ef37,f4752fa1-7100-4c29-bdce-5866c5ea18e4,->,e4019c80-4d28-4208-93ad-b68760aa61ab,javax/swing/GroupLayout$ParallelGroup.java,addComponent
e4019c80-4d28-4208-93ad-b68760aa61ab,e963f54c-459d-4447-8e53-9be24e02ef37,f4752fa1-7100-4c29-bdce-5866c5ea18e4,->,e4019c80-4d28-4208-93ad-b68760aa61ab,javax/swing/GroupLayout$ParallelGroup.java,addComponent
e4019c80-4d28-4208-93ad-b68760aa61ab,e963f54c-459d-4447-8e53-9be24e02ef37,f4752fa1-7100-4c29-bdce-5866c5ea18e4,->,e4019c80-4d28-4208-93ad-b68760aa61ab,javax/swing/GroupLayout$SequentialGroup.java,addGroup
e4019c80-4d28-4208-93ad-b68760aa61ab,e963f54c-459d-4447-8e53-9be24e02ef37,f4752fa1-7100-4c29-bdce-5866c5ea18e4,->,e4019c80-4d28-4208-93ad-b68760aa61ab,javax/swing/GroupLayout$SequentialGroup.java,addPreferredGap
e4019c80-4d28-4208-93ad-b68760aa61ab,e963f54c-459d-4447-8e53-9be24e02ef37,f4752fa1-7100-4c29-bdce-5866c5ea18e4,->,e4019c80-4d28-4208-93ad-b68760aa61ab,javax/swing/GroupLayout$SequentialGroup.java,addComponent
e4019c80-4d28-4208-93ad-b68760aa61ab,e963f54c-459d-4447-8e53-9be24e02ef37,f4752fa1-7100-4c29-bdce-5866c5ea18e4,->,e4019c80-4d28-4208-93ad-b68760aa61ab,javax/swing/GroupLayout$ParallelGroup.java,addGroup
e4019c80-4d28-4208-93ad-b68760aa61ab,e963f54c-459d-4447-8e53-9be24e02ef37,f4752fa1-7100-4c29-bdce-5866c5ea18e4,->,e4019c80-4d28-4208-93ad-b68760aa61ab,javax/swing/GroupLayout$SequentialGroup.java,addGroup
e4019c80-4d28-4208-93ad-b68760aa61ab,e963f54c-459d-4447-8e53-9be24e02ef37,f4752fa1-7100-4c29-bdce-5866c5ea18e4,->,e4019c80-4d28-4208-93ad-b68760aa61ab,javax/swing/GroupLayout$SequentialGroup.java,addContainerGap
e4019c80-4d28-4208-93ad-b68760aa61ab,e963f54c-459d-4447-8e53-9be24e02ef37,f4752fa1-7100-4c29-bdce-5866c5ea18e4,->,e4019c80-4d28-4208-93ad-b68760aa61ab,javax/swing/GroupLayout$ParallelGroup.java,addGroup
e4019c80-4d28-4208-93ad-b68760aa61ab,e963f54c-459d-4447-8e53-9be24e02ef37,f4752fa1-7100-4c29-bdce-5866c5ea18e4,->,e4019c80-4d28-4208-93ad-b68760aa61ab,javax/swing/GroupLayout.java,setHorizontalGroup
e4019c80-4d28-4208-93ad-b68760aa61ab,e963f54c-459d-4447-8e53-9be24e02ef37,f4752fa1-7100-4c29-bdce-5866c5ea18e4,->,e4019c80-4d28-4208-93ad-b68760aa61ab,javax/swing/GroupLayout.java,createParallelGroup
e4019c80-4d28-4208-93ad-b68760aa61ab,e963f54c-459d-4447-8e53-9be24e02ef37,f4752fa1-7100-4c29-bdce-5866c5ea18e4,->,e4019c80-4d28-4208-93ad-b68760aa61ab,javax/swing/GroupLayout.java,createSequentialGroup
e4019c80-4d28-4208-93ad-b68760aa61ab,e963f54c-459d-4447-8e53-9be24e02ef37,f4752fa1-7100-4c29-bdce-5866c5ea18e4,->,e4019c80-4d28-4208-93ad-b68760aa61ab,javax/swing/GroupLayout$SequentialGroup.java,addComponent
e4019c80-4d28-4208-93ad-b68760aa61ab,e963f54c-459d-4447-8e53-9be24e02ef37,f4752fa1-7100-4c29-bdce-5866c5ea18e4,->,e4019c80-4d28-4208-93ad-b68760aa61ab,javax/swing/GroupLayout$SequentialGroup.java,addPreferredGap
e4019c80-4d28-4208-93ad-b68760aa61ab,e963f54c-459d-4447-8e53-9be24e02ef37,f4752fa1-7100-4c29-bdce-5866c5ea18e4,->,e4019c80-4d28-4208-93ad-b68760aa61ab,javax/swing/GroupLayout.java,createParallelGroup
e4019c80-4d28-4208-93ad-b68760aa61ab,e963f54c-459d-4447-8e53-9be24e02ef37,f4752fa1-7100-4c29-bdce-5866c5ea18e4,->,e4019c80-4d28-4208-93ad-b68760aa61ab,javax/swing/GroupLayout.java,createSequentialGroup
e4019c80-4d28-4208-93ad-b68760aa61ab,e963f54c-459d-4447-8e53-9be24e02ef37,f4752fa1-7100-4c29-bdce-5866c5ea18e4,->,e4019c80-4d28-4208-93ad-b68760aa61ab,javax/swing/GroupLayout.java,createParallelGroup
e4019c80-4d28-4208-93ad-b68760aa61ab,e963f54c-459d-4447-8e53-9be24e02ef37,f4752fa1-7100-4c29-bdce-5866c5ea18e4,->,e4019c80-4d28-4208-93ad-b68760aa61ab,javax/swing/GroupLayout.java,createSequentialGroup
e4019c80-4d28-4208-93ad-b68760aa61ab,e963f54c-459d-4447-8e53-9be24e02ef37,f4752fa1-7100-4c29-bdce-5866c5ea18e4,->,e4019c80-4d28-4208-93ad-b68760aa61ab,javax/swing/GroupLayout$SequentialGroup.java,addGap
e4019c80-4d28-4208-93ad-b68760aa61ab,e963f54c-459d-4447-8e53-9be24e02ef37,f4752fa1-7100-4c29-bdce-5866c5ea18e4,->,e4019c80-4d28-4208-93ad-b68760aa61ab,javax/swing/GroupLayout$SequentialGroup.java,addComponent
e4019c80-4d28-4208-93ad-b68760aa61ab,e963f54c-459d-4447-8e53-9be24e02ef37,f4752fa1-7100-4c29-bdce-5866c5ea18e4,->,e4019c80-4d28-4208-93ad-b68760aa61ab,javax/swing/GroupLayout$ParallelGroup.java,addGroup
e4019c80-4d28-4208-93ad-b68760aa61ab,e963f54c-459d-4447-8e53-9be24e02ef37,f4752fa1-7100-4c29-bdce-5866c5ea18e4,->,e4019c80-4d28-4208-93ad-b68760aa61ab,javax/swing/GroupLayout.java,createParallelGroup
e4019c80-4d28-4208-93ad-b68760aa61ab,e963f54c-459d-4447-8e53-9be24e02ef37,f4752fa1-7100-4c29-bdce-5866c5ea18e4,->,e4019c80-4d28-4208-93ad-b68760aa61ab,javax/swing/GroupLayout$ParallelGroup.java,addComponent
e4019c80-4d28-4208-93ad-b68760aa61ab,e963f54c-459d-4447-8e53-9be24e02ef37,f4752fa1-7100-4c29-bdce-5866c5ea18e4,->,e4019c80-4d28-4208-93ad-b68760aa61ab,javax/swing/GroupLayout$ParallelGroup.java,addComponent
e4019c80-4d28-4208-93ad-b68760aa61ab,e963f54c-459d-4447-8e53-9be24e02ef37,f4752fa1-7100-4c29-bdce-5866c5ea18e4,->,e4019c80-4d28-4208-93ad-b68760aa61ab,javax/swing/GroupLayout$ParallelGroup.java,addGroup
e4019c80-4d28-4208-93ad-b68760aa61ab,e963f54c-459d-4447-8e53-9be24e02ef37,f4752fa1-7100-4c29-bdce-5866c5ea18e4,->,e4019c80-4d28-4208-93ad-b68760aa61ab,javax/swing/GroupLayout$SequentialGroup.java,addGroup
e4019c80-4d28-4208-93ad-b68760aa61ab,e963f54c-459d-4447-8e53-9be24e02ef37,f4752fa1-7100-4c29-bdce-5866c5ea18e4,->,e4019c80-4d28-4208-93ad-b68760aa61ab,javax/swing/GroupLayout$SequentialGroup.java,addPreferredGap
e4019c80-4d28-4208-93ad-b68760aa61ab,e963f54c-459d-4447-8e53-9be24e02ef37,f4752fa1-7100-4c29-bdce-5866c5ea18e4,->,e4019c80-4d28-4208-93ad-b68760aa61ab,javax/swing/GroupLayout.java,createParallelGroup
e4019c80-4d28-4208-93ad-b68760aa61ab,e963f54c-459d-4447-8e53-9be24e02ef37,f4752fa1-7100-4c29-bdce-5866c5ea18e4,->,e4019c80-4d28-4208-93ad-b68760aa61ab,javax/swing/GroupLayout.java,createParallelGroup
e4019c80-4d28-4208-93ad-b68760aa61ab,e963f54c-459d-4447-8e53-9be24e02ef37,f4752fa1-7100-4c29-bdce-5866c5ea18e4,->,e4019c80-4d28-4208-93ad-b68760aa61ab,javax/swing/GroupLayout$ParallelGroup.java,addComponent
e4019c80-4d28-4208-93ad-b68760aa61ab,e963f54c-459d-4447-8e53-9be24e02ef37,f4752fa1-7100-4c29-bdce-5866c5ea18e4,->,e4019c80-4d28-4208-93ad-b68760aa61ab,javax/swing/GroupLayout$ParallelGroup.java,addComponent
e4019c80-4d28-4208-93ad-b68760aa61ab,e963f54c-459d-4447-8e53-9be24e02ef37,f4752fa1-7100-4c29-bdce-5866c5ea18e4,->,e4019c80-4d28-4208-93ad-b68760aa61ab,javax/swing/GroupLayout$ParallelGroup.java,addGroup
e4019c80-4d28-4208-93ad-b68760aa61ab,e963f54c-459d-4447-8e53-9be24e02ef37,f4752fa1-7100-4c29-bdce-5866c5ea18e4,->,e4019c80-4d28-4208-93ad-b68760aa61ab,javax/swing/GroupLayout.java,createSequentialGroup
e4019c80-4d28-4208-93ad-b68760aa61ab,e963f54c-459d-4447-8e53-9be24e02ef37,f4752fa1-7100-4c29-bdce-5866c5ea18e4,->,e4019c80-4d28-4208-93ad-b68760aa61ab,javax/swing/GroupLayout$SequentialGroup.java,addComponent
e4019c80-4d28-4208-93ad-b68760aa61ab,e963f54c-459d-4447-8e53-9be24e02ef37,f4752fa1-7100-4c29-bdce-5866c5ea18e4,->,e4019c80-4d28-4208-93ad-b68760aa61ab,javax/swing/GroupLayout$SequentialGroup.java,addGap
e4019c80-4d28-4208-93ad-b68760aa61ab,e963f54c-459d-4447-8e53-9be24e02ef37,f4752fa1-7100-4c29-bdce-5866c5ea18e4,->,e4019c80-4d28-4208-93ad-b68760aa61ab,javax/swing/GroupLayout$ParallelGroup.java,addGroup
e4019c80-4d28-4208-93ad-b68760aa61ab,e963f54c-459d-4447-8e53-9be24e02ef37,f4752fa1-7100-4c29-bdce-5866c5ea18e4,->,e4019c80-4d28-4208-93ad-b68760aa61ab,javax/swing/GroupLayout$SequentialGroup.java,addGroup
e4019c80-4d28-4208-93ad-b68760aa61ab,e963f54c-459d-4447-8e53-9be24e02ef37,f4752fa1-7100-4c29-bdce-5866c5ea18e4,->,e4019c80-4d28-4208-93ad-b68760aa61ab,javax/swing/GroupLayout$ParallelGroup.java,addGroup
e4019c80-4d28-4208-93ad-b68760aa61ab,e963f54c-459d-4447-8e53-9be24e02ef37,f4752fa1-7100-4c29-bdce-5866c5ea18e4,->,e4019c80-4d28-4208-93ad-b68760aa61ab,javax/swing/GroupLayout$ParallelGroup.java,addComponent
e4019c80-4d28-4208-93ad-b68760aa61ab,e963f54c-459d-4447-8e53-9be24e02ef37,f4752fa1-7100-4c29-bdce-5866c5ea18e4,->,e4019c80-4d28-4208-93ad-b68760aa61ab,javax/swing/GroupLayout$SequentialGroup.java,addGroup
e4019c80-4d28-4208-93ad-b68760aa61ab,e963f54c-459d-4447-8e53-9be24e02ef37,f4752fa1-7100-4c29-bdce-5866c5ea18e4,->,e4019c80-4d28-4208-93ad-b68760aa61ab,javax/swing/GroupLayout$SequentialGroup.java,addPreferredGap
e4019c80-4d28-4208-93ad-b68760aa61ab,e963f54c-459d-4447-8e53-9be24e02ef37,f4752fa1-7100-4c29-bdce-5866c5ea18e4,->,e4019c80-4d28-4208-93ad-b68760aa61ab,javax/swing/GroupLayout$SequentialGroup.java,addComponent
e4019c80-4d28-4208-93ad-b68760aa61ab,e963f54c-459d-4447-8e53-9be24e02ef37,f4752fa1-7100-4c29-bdce-5866c5ea18e4,->,e4019c80-4d28-4208-93ad-b68760aa61ab,javax/swing/GroupLayout$SequentialGroup.java,addGap
e4019c80-4d28-4208-93ad-b68760aa61ab,e963f54c-459d-4447-8e53-9be24e02ef37,f4752fa1-7100-4c29-bdce-5866c5ea18e4,->,e4019c80-4d28-4208-93ad-b68760aa61ab,javax/swing/GroupLayout$SequentialGroup.java,addComponent
e4019c80-4d28-4208-93ad-b68760aa61ab,e963f54c-459d-4447-8e53-9be24e02ef37,f4752fa1-7100-4c29-bdce-5866c5ea18e4,->,e4019c80-4d28-4208-93ad-b68760aa61ab,javax/swing/GroupLayout$SequentialGroup.java,addPreferredGap
e4019c80-4d28-4208-93ad-b68760aa61ab,e963f54c-459d-4447-8e53-9be24e02ef37,f4752fa1-7100-4c29-bdce-5866c5ea18e4,->,e4019c80-4d28-4208-93ad-b68760aa61ab,javax/swing/GroupLayout$SequentialGroup.java,addComponent
e4019c80-4d28-4208-93ad-b68760aa61ab,e963f54c-459d-4447-8e53-9be24e02ef37,f4752fa1-7100-4c29-bdce-5866c5ea18e4,->,e4019c80-4d28-4208-93ad-b68760aa61ab,javax/swing/GroupLayout$SequentialGroup.java,addPreferredGap
e4019c80-4d28-4208-93ad-b68760aa61ab,e963f54c-459d-4447-8e53-9be24e02ef37,f4752fa1-7100-4c29-bdce-5866c5ea18e4,->,e4019c80-4d28-4208-93ad-b68760aa61ab,javax/swing/GroupLayout.java,createParallelGroup
e4019c80-4d28-4208-93ad-b68760aa61ab,e963f54c-459d-4447-8e53-9be24e02ef37,f4752fa1-7100-4c29-bdce-5866c5ea18e4,->,e4019c80-4d28-4208-93ad-b68760aa61ab,javax/swing/GroupLayout.java,createSequentialGroup
e4019c80-4d28-4208-93ad-b68760aa61ab,e963f54c-459d-4447-8e53-9be24e02ef37,f4752fa1-7100-4c29-bdce-5866c5ea18e4,->,e4019c80-4d28-4208-93ad-b68760aa61ab,javax/swing/GroupLayout.java,createParallelGroup
e4019c80-4d28-4208-93ad-b68760aa61ab,e963f54c-459d-4447-8e53-9be24e02ef37,f4752fa1-7100-4c29-bdce-5866c5ea18e4,->,e4019c80-4d28-4208-93ad-b68760aa61ab,javax/swing/GroupLayout$ParallelGroup.java,addComponent
e4019c80-4d28-4208-93ad-b68760aa61ab,e963f54c-459d-4447-8e53-9be24e02ef37,f4752fa1-7100-4c29-bdce-5866c5ea18e4,->,e4019c80-4d28-4208-93ad-b68760aa61ab,javax/swing/GroupLayout.java,createParallelGroup
e4019c80-4d28-4208-93ad-b68760aa61ab,e963f54c-459d-4447-8e53-9be24e02ef37,f4752fa1-7100-4c29-bdce-5866c5ea18e4,->,e4019c80-4d28-4208-93ad-b68760aa61ab,javax/swing/GroupLayout$ParallelGroup.java,addComponent
e4019c80-4d28-4208-93ad-b68760aa61ab,e963f54c-459d-4447-8e53-9be24e02ef37,f4752fa1-7100-4c29-bdce-5866c5ea18e4,->,e4019c80-4d28-4208-93ad-b68760aa61ab,javax/swing/GroupLayout$ParallelGroup.java,addComponent
e4019c80-4d28-4208-93ad-b68760aa61ab,e963f54c-459d-4447-8e53-9be24e02ef37,f4752fa1-7100-4c29-bdce-5866c5ea18e4,->,e4019c80-4d28-4208-93ad-b68760aa61ab,javax/swing/GroupLayout$ParallelGroup.java,addGroup
e4019c80-4d28-4208-93ad-b68760aa61ab,e963f54c-459d-4447-8e53-9be24e02ef37,f4752fa1-7100-4c29-bdce-5866c5ea18e4,->,e4019c80-4d28-4208-93ad-b68760aa61ab,javax/swing/GroupLayout$SequentialGroup.java,addGroup
e4019c80-4d28-4208-93ad-b68760aa61ab,e963f54c-459d-4447-8e53-9be24e02ef37,f4752fa1-7100-4c29-bdce-5866c5ea18e4,->,e4019c80-4d28-4208-93ad-b68760aa61ab,javax/swing/GroupLayout$SequentialGroup.java,addPreferredGap
e4019c80-4d28-4208-93ad-b68760aa61ab,e963f54c-459d-4447-8e53-9be24e02ef37,f4752fa1-7100-4c29-bdce-5866c5ea18e4,->,e4019c80-4d28-4208-93ad-b68760aa61ab,javax/swing/GroupLayout.java,createParallelGroup
e4019c80-4d28-4208-93ad-b68760aa61ab,e963f54c-459d-4447-8e53-9be24e02ef37,f4752fa1-7100-4c29-bdce-5866c5ea18e4,->,e4019c80-4d28-4208-93ad-b68760aa61ab,javax/swing/GroupLayout$ParallelGroup.java,addComponent
e4019c80-4d28-4208-93ad-b68760aa61ab,e963f54c-459d-4447-8e53-9be24e02ef37,f4752fa1-7100-4c29-bdce-5866c5ea18e4,->,e4019c80-4d28-4208-93ad-b68760aa61ab,javax/swing/GroupLayout$ParallelGroup.java,addComponent
e4019c80-4d28-4208-93ad-b68760aa61ab,e963f54c-459d-4447-8e53-9be24e02ef37,f4752fa1-7100-4c29-bdce-5866c5ea18e4,->,e4019c80-4d28-4208-93ad-b68760aa61ab,javax/swing/GroupLayout$ParallelGroup.java,addComponent
e4019c80-4d28-4208-93ad-b68760aa61ab,e963f54c-459d-4447-8e53-9be24e02ef37,f4752fa1-7100-4c29-bdce-5866c5ea18e4,->,e4019c80-4d28-4208-93ad-b68760aa61ab,javax/swing/GroupLayout$SequentialGroup.java,addGroup
e4019c80-4d28-4208-93ad-b68760aa61ab,e963f54c-459d-4447-8e53-9be24e02ef37,f4752fa1-7100-4c29-bdce-5866c5ea18e4,->,e4019c80-4d28-4208-93ad-b68760aa61ab,javax/swing/GroupLayout$SequentialGroup.java,addPreferredGap
e4019c80-4d28-4208-93ad-b68760aa61ab,e963f54c-459d-4447-8e53-9be24e02ef37,f4752fa1-7100-4c29-bdce-5866c5ea18e4,->,e4019c80-4d28-4208-93ad-b68760aa61ab,javax/swing/GroupLayout.java,createParallelGroup
e4019c80-4d28-4208-93ad-b68760aa61ab,e963f54c-459d-4447-8e53-9be24e02ef37,f4752fa1-7100-4c29-bdce-5866c5ea18e4,->,e4019c80-4d28-4208-93ad-b68760aa61ab,javax/swing/GroupLayout.java,createParallelGroup
e4019c80-4d28-4208-93ad-b68760aa61ab,e963f54c-459d-4447-8e53-9be24e02ef37,f4752fa1-7100-4c29-bdce-5866c5ea18e4,->,e4019c80-4d28-4208-93ad-b68760aa61ab,javax/swing/GroupLayout$ParallelGroup.java,addComponent
e4019c80-4d28-4208-93ad-b68760aa61ab,e963f54c-459d-4447-8e53-9be24e02ef37,f4752fa1-7100-4c29-bdce-5866c5ea18e4,->,e4019c80-4d28-4208-93ad-b68760aa61ab,javax/swing/GroupLayout$ParallelGroup.java,addComponent
e4019c80-4d28-4208-93ad-b68760aa61ab,e963f54c-459d-4447-8e53-9be24e02ef37,f4752fa1-7100-4c29-bdce-5866c5ea18e4,->,e4019c80-4d28-4208-93ad-b68760aa61ab,javax/swing/GroupLayout$ParallelGroup.java,addGroup
e4019c80-4d28-4208-93ad-b68760aa61ab,e963f54c-459d-4447-8e53-9be24e02ef37,f4752fa1-7100-4c29-bdce-5866c5ea18e4,->,e4019c80-4d28-4208-93ad-b68760aa61ab,javax/swing/GroupLayout$ParallelGroup.java,addComponent
e4019c80-4d28-4208-93ad-b68760aa61ab,e963f54c-459d-4447-8e53-9be24e02ef37,f4752fa1-7100-4c29-bdce-5866c5ea18e4,->,e4019c80-4d28-4208-93ad-b68760aa61ab,javax/swing/GroupLayout$SequentialGroup.java,addGroup
e4019c80-4d28-4208-93ad-b68760aa61ab,e963f54c-459d-4447-8e53-9be24e02ef37,f4752fa1-7100-4c29-bdce-5866c5ea18e4,->,e4019c80-4d28-4208-93ad-b68760aa61ab,javax/swing/GroupLayout$ParallelGroup.java,addGroup
e4019c80-4d28-4208-93ad-b68760aa61ab,e963f54c-459d-4447-8e53-9be24e02ef37,f4752fa1-7100-4c29-bdce-5866c5ea18e4,->,e4019c80-4d28-4208-93ad-b68760aa61ab,javax/swing/GroupLayout$ParallelGroup.java,addComponent
e4019c80-4d28-4208-93ad-b68760aa61ab,e963f54c-459d-4447-8e53-9be24e02ef37,f4752fa1-7100-4c29-bdce-5866c5ea18e4,->,e4019c80-4d28-4208-93ad-b68760aa61ab,javax/swing/GroupLayout$SequentialGroup.java,addGroup
e4019c80-4d28-4208-93ad-b68760aa61ab,e963f54c-459d-4447-8e53-9be24e02ef37,f4752fa1-7100-4c29-bdce-5866c5ea18e4,->,e4019c80-4d28-4208-93ad-b68760aa61ab,javax/swing/GroupLayout$SequentialGroup.java,addPreferredGap
e4019c80-4d28-4208-93ad-b68760aa61ab,e963f54c-459d-4447-8e53-9be24e02ef37,f4752fa1-7100-4c29-bdce-5866c5ea18e4,->,e4019c80-4d28-4208-93ad-b68760aa61ab,javax/swing/GroupLayout$SequentialGroup.java,addComponent
e4019c80-4d28-4208-93ad-b68760aa61ab,e963f54c-459d-4447-8e53-9be24e02ef37,f4752fa1-7100-4c29-bdce-5866c5ea18e4,->,e4019c80-4d28-4208-93ad-b68760aa61ab,javax/swing/GroupLayout$SequentialGroup.java,addContainerGap
e4019c80-4d28-4208-93ad-b68760aa61ab,e963f54c-459d-4447-8e53-9be24e02ef37,f4752fa1-7100-4c29-bdce-5866c5ea18e4,->,e4019c80-4d28-4208-93ad-b68760aa61ab,javax/swing/GroupLayout$ParallelGroup.java,addGroup
e4019c80-4d28-4208-93ad-b68760aa61ab,e963f54c-459d-4447-8e53-9be24e02ef37,f4752fa1-7100-4c29-bdce-5866c5ea18e4,->,e4019c80-4d28-4208-93ad-b68760aa61ab,javax/swing/GroupLayout.java,setVerticalGroup
e4019c80-4d28-4208-93ad-b68760aa61ab,e963f54c-459d-4447-8e53-9be24e02ef37,e624b6a0-6f4e-4282-a516-820057b672ae,->,e4019c80-4d28-4208-93ad-b68760aa61ab,8e94112a-9f9a-4ed8-b974-8cdaaa2593d3,0cdec956-e21b-48ad-9b16-d6f0f29b9f89
e4019c80-4d28-4208-93ad-b68760aa61ab,e963f54c-459d-4447-8e53-9be24e02ef37,2e65ea0d-64f3-45bd-809d-bb9498107cdf,->,e4019c80-4d28-4208-93ad-b68760aa61ab,java/io/File.java,exists
e4019c80-4d28-4208-93ad-b68760aa61ab,e963f54c-459d-4447-8e53-9be24e02ef37,2e65ea0d-64f3-45bd-809d-bb9498107cdf,->,e4019c80-4d28-4208-93ad-b68760aa61ab,java/io/File.java,exists
e4019c80-4d28-4208-93ad-b68760aa61ab,e963f54c-459d-4447-8e53-9be24e02ef37,2e65ea0d-64f3-45bd-809d-bb9498107cdf,->,e4019c80-4d28-4208-93ad-b68760aa61ab,java/io/File.java,createNewFile
e4019c80-4d28-4208-93ad-b68760aa61ab,e963f54c-459d-4447-8e53-9be24e02ef37,2e65ea0d-64f3-45bd-809d-bb9498107cdf,->,e4019c80-4d28-4208-93ad-b68760aa61ab,java/lang/Class.java,getName
e4019c80-4d28-4208-93ad-b68760aa61ab,e963f54c-459d-4447-8e53-9be24e02ef37,2e65ea0d-64f3-45bd-809d-bb9498107cdf,->,e4019c80-4d28-4208-93ad-b68760aa61ab,java/util/logging/Logger.java,getLogger
e4019c80-4d28-4208-93ad-b68760aa61ab,e963f54c-459d-4447-8e53-9be24e02ef37,2e65ea0d-64f3-45bd-809d-bb9498107cdf,->,e4019c80-4d28-4208-93ad-b68760aa61ab,java/util/logging/Logger.java,log
e4019c80-4d28-4208-93ad-b68760aa61ab,e963f54c-459d-4447-8e53-9be24e02ef37,2e65ea0d-64f3-45bd-809d-bb9498107cdf,->,e4019c80-4d28-4208-93ad-b68760aa61ab,javax/swing/JTextArea.java,setText
e4019c80-4d28-4208-93ad-b68760aa61ab,e963f54c-459d-4447-8e53-9be24e02ef37,2e65ea0d-64f3-45bd-809d-bb9498107cdf,->,e4019c80-4d28-4208-93ad-b68760aa61ab,java/lang/StringBuilder.java,append
e4019c80-4d28-4208-93ad-b68760aa61ab,e963f54c-459d-4447-8e53-9be24e02ef37,2e65ea0d-64f3-45bd-809d-bb9498107cdf,->,e4019c80-4d28-4208-93ad-b68760aa61ab,java/io/File.java,getAbsolutePath
e4019c80-4d28-4208-93ad-b68760aa61ab,e963f54c-459d-4447-8e53-9be24e02ef37,2e65ea0d-64f3-45bd-809d-bb9498107cdf,->,e4019c80-4d28-4208-93ad-b68760aa61ab,java/lang/StringBuilder.java,append
e4019c80-4d28-4208-93ad-b68760aa61ab,e963f54c-459d-4447-8e53-9be24e02ef37,2e65ea0d-64f3-45bd-809d-bb9498107cdf,->,e4019c80-4d28-4208-93ad-b68760aa61ab,java/lang/StringBuilder.java,append
e4019c80-4d28-4208-93ad-b68760aa61ab,e963f54c-459d-4447-8e53-9be24e02ef37,2e65ea0d-64f3-45bd-809d-bb9498107cdf,->,e4019c80-4d28-4208-93ad-b68760aa61ab,java/io/File.java,getAbsolutePath
e4019c80-4d28-4208-93ad-b68760aa61ab,e963f54c-459d-4447-8e53-9be24e02ef37,2e65ea0d-64f3-45bd-809d-bb9498107cdf,->,e4019c80-4d28-4208-93ad-b68760aa61ab,java/lang/StringBuilder.java,append
e4019c80-4d28-4208-93ad-b68760aa61ab,e963f54c-459d-4447-8e53-9be24e02ef37,2e65ea0d-64f3-45bd-809d-bb9498107cdf,->,e4019c80-4d28-4208-93ad-b68760aa61ab,java/lang/StringBuilder.java,toString
e4019c80-4d28-4208-93ad-b68760aa61ab,e963f54c-459d-4447-8e53-9be24e02ef37,2e65ea0d-64f3-45bd-809d-bb9498107cdf,->,e4019c80-4d28-4208-93ad-b68760aa61ab,2d1e6ca6-b020-4ae7-881c-35bdabf319fb,fc205755-0cde-433f-b35c-968f798a2343
e4019c80-4d28-4208-93ad-b68760aa61ab,e963f54c-459d-4447-8e53-9be24e02ef37,2e65ea0d-64f3-45bd-809d-bb9498107cdf,->,e4019c80-4d28-4208-93ad-b68760aa61ab,java/util/concurrent/FutureTask.java,get
e4019c80-4d28-4208-93ad-b68760aa61ab,e963f54c-459d-4447-8e53-9be24e02ef37,2e65ea0d-64f3-45bd-809d-bb9498107cdf,->,e4019c80-4d28-4208-93ad-b68760aa61ab,java/lang/String.java,equals
e4019c80-4d28-4208-93ad-b68760aa61ab,e963f54c-459d-4447-8e53-9be24e02ef37,2e65ea0d-64f3-45bd-809d-bb9498107cdf,->,e4019c80-4d28-4208-93ad-b68760aa61ab,java/io/PrintStream.java,println
e4019c80-4d28-4208-93ad-b68760aa61ab,e963f54c-459d-4447-8e53-9be24e02ef37,2e65ea0d-64f3-45bd-809d-bb9498107cdf,->,e4019c80-4d28-4208-93ad-b68760aa61ab,java/io/File.java,getAbsolutePath
e4019c80-4d28-4208-93ad-b68760aa61ab,e963f54c-459d-4447-8e53-9be24e02ef37,2e65ea0d-64f3-45bd-809d-bb9498107cdf,->,e4019c80-4d28-4208-93ad-b68760aa61ab,2d1e6ca6-b020-4ae7-881c-35bdabf319fb,ddec5ea0-b2f2-455f-b53a-ebbb941bcf19
e4019c80-4d28-4208-93ad-b68760aa61ab,e963f54c-459d-4447-8e53-9be24e02ef37,2e65ea0d-64f3-45bd-809d-bb9498107cdf,->,e4019c80-4d28-4208-93ad-b68760aa61ab,2d1e6ca6-b020-4ae7-881c-35bdabf319fb,929c086f-d4e3-43a4-b2c5-4b83c83608e0
e4019c80-4d28-4208-93ad-b68760aa61ab,e963f54c-459d-4447-8e53-9be24e02ef37,2e65ea0d-64f3-45bd-809d-bb9498107cdf,->,e4019c80-4d28-4208-93ad-b68760aa61ab,java/lang/Exception.java,printStackTrace
e4019c80-4d28-4208-93ad-b68760aa61ab,e963f54c-459d-4447-8e53-9be24e02ef37,46d076e5-fae4-40fa-b015-252f27760299,->,e4019c80-4d28-4208-93ad-b68760aa61ab,javax/swing/JFileChooser.java,setFileSelectionMode
e4019c80-4d28-4208-93ad-b68760aa61ab,e963f54c-459d-4447-8e53-9be24e02ef37,46d076e5-fae4-40fa-b015-252f27760299,->,e4019c80-4d28-4208-93ad-b68760aa61ab,javax/swing/JFileChooser.java,addMouseListener
e4019c80-4d28-4208-93ad-b68760aa61ab,e963f54c-459d-4447-8e53-9be24e02ef37,46d076e5-fae4-40fa-b015-252f27760299,->,e4019c80-4d28-4208-93ad-b68760aa61ab,javax/swing/JFileChooser.java,showOpenDialog
e4019c80-4d28-4208-93ad-b68760aa61ab,e963f54c-459d-4447-8e53-9be24e02ef37,46d076e5-fae4-40fa-b015-252f27760299,->,e4019c80-4d28-4208-93ad-b68760aa61ab,java/lang/StringBuilder.java,append
e4019c80-4d28-4208-93ad-b68760aa61ab,e963f54c-459d-4447-8e53-9be24e02ef37,46d076e5-fae4-40fa-b015-252f27760299,->,e4019c80-4d28-4208-93ad-b68760aa61ab,javax/swing/JFileChooser.java,getCurrentDirectory
e4019c80-4d28-4208-93ad-b68760aa61ab,e963f54c-459d-4447-8e53-9be24e02ef37,46d076e5-fae4-40fa-b015-252f27760299,->,e4019c80-4d28-4208-93ad-b68760aa61ab,java/lang/StringBuilder.java,append
e4019c80-4d28-4208-93ad-b68760aa61ab,e963f54c-459d-4447-8e53-9be24e02ef37,46d076e5-fae4-40fa-b015-252f27760299,->,e4019c80-4d28-4208-93ad-b68760aa61ab,java/lang/StringBuilder.java,toString
e4019c80-4d28-4208-93ad-b68760aa61ab,e963f54c-459d-4447-8e53-9be24e02ef37,46d076e5-fae4-40fa-b015-252f27760299,->,e4019c80-4d28-4208-93ad-b68760aa61ab,java/io/PrintStream.java,println
e4019c80-4d28-4208-93ad-b68760aa61ab,e963f54c-459d-4447-8e53-9be24e02ef37,46d076e5-fae4-40fa-b015-252f27760299,->,e4019c80-4d28-4208-93ad-b68760aa61ab,java/lang/StringBuilder.java,append
e4019c80-4d28-4208-93ad-b68760aa61ab,e963f54c-459d-4447-8e53-9be24e02ef37,46d076e5-fae4-40fa-b015-252f27760299,->,e4019c80-4d28-4208-93ad-b68760aa61ab,javax/swing/JFileChooser.java,getSelectedFile
e4019c80-4d28-4208-93ad-b68760aa61ab,e963f54c-459d-4447-8e53-9be24e02ef37,46d076e5-fae4-40fa-b015-252f27760299,->,e4019c80-4d28-4208-93ad-b68760aa61ab,java/lang/StringBuilder.java,append
e4019c80-4d28-4208-93ad-b68760aa61ab,e963f54c-459d-4447-8e53-9be24e02ef37,46d076e5-fae4-40fa-b015-252f27760299,->,e4019c80-4d28-4208-93ad-b68760aa61ab,java/lang/StringBuilder.java,toString
e4019c80-4d28-4208-93ad-b68760aa61ab,e963f54c-459d-4447-8e53-9be24e02ef37,46d076e5-fae4-40fa-b015-252f27760299,->,e4019c80-4d28-4208-93ad-b68760aa61ab,java/io/PrintStream.java,println
e4019c80-4d28-4208-93ad-b68760aa61ab,e963f54c-459d-4447-8e53-9be24e02ef37,46d076e5-fae4-40fa-b015-252f27760299,->,e4019c80-4d28-4208-93ad-b68760aa61ab,javax/swing/JFileChooser.java,getSelectedFile
e4019c80-4d28-4208-93ad-b68760aa61ab,e963f54c-459d-4447-8e53-9be24e02ef37,46d076e5-fae4-40fa-b015-252f27760299,->,e4019c80-4d28-4208-93ad-b68760aa61ab,java/io/File.java,getAbsolutePath
e4019c80-4d28-4208-93ad-b68760aa61ab,e963f54c-459d-4447-8e53-9be24e02ef37,46d076e5-fae4-40fa-b015-252f27760299,->,e4019c80-4d28-4208-93ad-b68760aa61ab,javax/swing/JTextField.java,setText
e4019c80-4d28-4208-93ad-b68760aa61ab,e963f54c-459d-4447-8e53-9be24e02ef37,46d076e5-fae4-40fa-b015-252f27760299,->,e4019c80-4d28-4208-93ad-b68760aa61ab,javax/swing/JFileChooser.java,getSelectedFile
e4019c80-4d28-4208-93ad-b68760aa61ab,e963f54c-459d-4447-8e53-9be24e02ef37,46d076e5-fae4-40fa-b015-252f27760299,->,e4019c80-4d28-4208-93ad-b68760aa61ab,java/io/File.java,getAbsolutePath
e4019c80-4d28-4208-93ad-b68760aa61ab,e963f54c-459d-4447-8e53-9be24e02ef37,46d076e5-fae4-40fa-b015-252f27760299,->,e4019c80-4d28-4208-93ad-b68760aa61ab,e963f54c-459d-4447-8e53-9be24e02ef37,704ec76d-4035-4a80-bf6e-2b406fdfa491
e4019c80-4d28-4208-93ad-b68760aa61ab,e963f54c-459d-4447-8e53-9be24e02ef37,46d076e5-fae4-40fa-b015-252f27760299,->,e4019c80-4d28-4208-93ad-b68760aa61ab,java/io/PrintStream.java,println
e4019c80-4d28-4208-93ad-b68760aa61ab,e963f54c-459d-4447-8e53-9be24e02ef37,da396bd8-64be-4de8-baa3-231f619c73b2,->,e4019c80-4d28-4208-93ad-b68760aa61ab,javax/swing/JFileChooser.java,setFileSelectionMode
e4019c80-4d28-4208-93ad-b68760aa61ab,e963f54c-459d-4447-8e53-9be24e02ef37,da396bd8-64be-4de8-baa3-231f619c73b2,->,e4019c80-4d28-4208-93ad-b68760aa61ab,javax/swing/JFileChooser.java,addMouseListener
e4019c80-4d28-4208-93ad-b68760aa61ab,e963f54c-459d-4447-8e53-9be24e02ef37,da396bd8-64be-4de8-baa3-231f619c73b2,->,e4019c80-4d28-4208-93ad-b68760aa61ab,javax/swing/JFileChooser.java,showOpenDialog
e4019c80-4d28-4208-93ad-b68760aa61ab,e963f54c-459d-4447-8e53-9be24e02ef37,da396bd8-64be-4de8-baa3-231f619c73b2,->,e4019c80-4d28-4208-93ad-b68760aa61ab,java/lang/StringBuilder.java,append
e4019c80-4d28-4208-93ad-b68760aa61ab,e963f54c-459d-4447-8e53-9be24e02ef37,da396bd8-64be-4de8-baa3-231f619c73b2,->,e4019c80-4d28-4208-93ad-b68760aa61ab,javax/swing/JFileChooser.java,getCurrentDirectory
e4019c80-4d28-4208-93ad-b68760aa61ab,e963f54c-459d-4447-8e53-9be24e02ef37,da396bd8-64be-4de8-baa3-231f619c73b2,->,e4019c80-4d28-4208-93ad-b68760aa61ab,java/lang/StringBuilder.java,append
e4019c80-4d28-4208-93ad-b68760aa61ab,e963f54c-459d-4447-8e53-9be24e02ef37,da396bd8-64be-4de8-baa3-231f619c73b2,->,e4019c80-4d28-4208-93ad-b68760aa61ab,java/lang/StringBuilder.java,toString
e4019c80-4d28-4208-93ad-b68760aa61ab,e963f54c-459d-4447-8e53-9be24e02ef37,da396bd8-64be-4de8-baa3-231f619c73b2,->,e4019c80-4d28-4208-93ad-b68760aa61ab,java/io/PrintStream.java,println
e4019c80-4d28-4208-93ad-b68760aa61ab,e963f54c-459d-4447-8e53-9be24e02ef37,da396bd8-64be-4de8-baa3-231f619c73b2,->,e4019c80-4d28-4208-93ad-b68760aa61ab,java/lang/StringBuilder.java,append
e4019c80-4d28-4208-93ad-b68760aa61ab,e963f54c-459d-4447-8e53-9be24e02ef37,da396bd8-64be-4de8-baa3-231f619c73b2,->,e4019c80-4d28-4208-93ad-b68760aa61ab,javax/swing/JFileChooser.java,getSelectedFile
e4019c80-4d28-4208-93ad-b68760aa61ab,e963f54c-459d-4447-8e53-9be24e02ef37,da396bd8-64be-4de8-baa3-231f619c73b2,->,e4019c80-4d28-4208-93ad-b68760aa61ab,java/lang/StringBuilder.java,append
e4019c80-4d28-4208-93ad-b68760aa61ab,e963f54c-459d-4447-8e53-9be24e02ef37,da396bd8-64be-4de8-baa3-231f619c73b2,->,e4019c80-4d28-4208-93ad-b68760aa61ab,java/lang/StringBuilder.java,toString
e4019c80-4d28-4208-93ad-b68760aa61ab,e963f54c-459d-4447-8e53-9be24e02ef37,da396bd8-64be-4de8-baa3-231f619c73b2,->,e4019c80-4d28-4208-93ad-b68760aa61ab,java/io/PrintStream.java,println
e4019c80-4d28-4208-93ad-b68760aa61ab,e963f54c-459d-4447-8e53-9be24e02ef37,da396bd8-64be-4de8-baa3-231f619c73b2,->,e4019c80-4d28-4208-93ad-b68760aa61ab,javax/swing/JFileChooser.java,getSelectedFile
e4019c80-4d28-4208-93ad-b68760aa61ab,e963f54c-459d-4447-8e53-9be24e02ef37,da396bd8-64be-4de8-baa3-231f619c73b2,->,e4019c80-4d28-4208-93ad-b68760aa61ab,java/io/File.java,getAbsolutePath
e4019c80-4d28-4208-93ad-b68760aa61ab,e963f54c-459d-4447-8e53-9be24e02ef37,da396bd8-64be-4de8-baa3-231f619c73b2,->,e4019c80-4d28-4208-93ad-b68760aa61ab,javax/swing/JTextField.java,setText
e4019c80-4d28-4208-93ad-b68760aa61ab,e963f54c-459d-4447-8e53-9be24e02ef37,da396bd8-64be-4de8-baa3-231f619c73b2,->,e4019c80-4d28-4208-93ad-b68760aa61ab,javax/swing/JFileChooser.java,getSelectedFile
e4019c80-4d28-4208-93ad-b68760aa61ab,e963f54c-459d-4447-8e53-9be24e02ef37,da396bd8-64be-4de8-baa3-231f619c73b2,->,e4019c80-4d28-4208-93ad-b68760aa61ab,java/io/File.java,getAbsolutePath
e4019c80-4d28-4208-93ad-b68760aa61ab,e963f54c-459d-4447-8e53-9be24e02ef37,da396bd8-64be-4de8-baa3-231f619c73b2,->,e4019c80-4d28-4208-93ad-b68760aa61ab,e963f54c-459d-4447-8e53-9be24e02ef37,704ec76d-4035-4a80-bf6e-2b406fdfa491
e4019c80-4d28-4208-93ad-b68760aa61ab,e963f54c-459d-4447-8e53-9be24e02ef37,da396bd8-64be-4de8-baa3-231f619c73b2,->,e4019c80-4d28-4208-93ad-b68760aa61ab,java/io/PrintStream.java,println
e4019c80-4d28-4208-93ad-b68760aa61ab,e963f54c-459d-4447-8e53-9be24e02ef37,1d47fb66-58ad-4f77-8b62-4d9c35a7bf17,->,e4019c80-4d28-4208-93ad-b68760aa61ab,javax/swing/JFileChooser.java,setFileSelectionMode
e4019c80-4d28-4208-93ad-b68760aa61ab,e963f54c-459d-4447-8e53-9be24e02ef37,1d47fb66-58ad-4f77-8b62-4d9c35a7bf17,->,e4019c80-4d28-4208-93ad-b68760aa61ab,javax/swing/JFileChooser.java,addMouseListener
e4019c80-4d28-4208-93ad-b68760aa61ab,e963f54c-459d-4447-8e53-9be24e02ef37,1d47fb66-58ad-4f77-8b62-4d9c35a7bf17,->,e4019c80-4d28-4208-93ad-b68760aa61ab,javax/swing/JFileChooser.java,showOpenDialog
e4019c80-4d28-4208-93ad-b68760aa61ab,e963f54c-459d-4447-8e53-9be24e02ef37,1d47fb66-58ad-4f77-8b62-4d9c35a7bf17,->,e4019c80-4d28-4208-93ad-b68760aa61ab,java/lang/StringBuilder.java,append
e4019c80-4d28-4208-93ad-b68760aa61ab,e963f54c-459d-4447-8e53-9be24e02ef37,1d47fb66-58ad-4f77-8b62-4d9c35a7bf17,->,e4019c80-4d28-4208-93ad-b68760aa61ab,javax/swing/JFileChooser.java,getCurrentDirectory
e4019c80-4d28-4208-93ad-b68760aa61ab,e963f54c-459d-4447-8e53-9be24e02ef37,1d47fb66-58ad-4f77-8b62-4d9c35a7bf17,->,e4019c80-4d28-4208-93ad-b68760aa61ab,java/lang/StringBuilder.java,append
e4019c80-4d28-4208-93ad-b68760aa61ab,e963f54c-459d-4447-8e53-9be24e02ef37,1d47fb66-58ad-4f77-8b62-4d9c35a7bf17,->,e4019c80-4d28-4208-93ad-b68760aa61ab,java/lang/StringBuilder.java,toString
e4019c80-4d28-4208-93ad-b68760aa61ab,e963f54c-459d-4447-8e53-9be24e02ef37,1d47fb66-58ad-4f77-8b62-4d9c35a7bf17,->,e4019c80-4d28-4208-93ad-b68760aa61ab,java/io/PrintStream.java,println
e4019c80-4d28-4208-93ad-b68760aa61ab,e963f54c-459d-4447-8e53-9be24e02ef37,1d47fb66-58ad-4f77-8b62-4d9c35a7bf17,->,e4019c80-4d28-4208-93ad-b68760aa61ab,java/lang/StringBuilder.java,append
e4019c80-4d28-4208-93ad-b68760aa61ab,e963f54c-459d-4447-8e53-9be24e02ef37,1d47fb66-58ad-4f77-8b62-4d9c35a7bf17,->,e4019c80-4d28-4208-93ad-b68760aa61ab,javax/swing/JFileChooser.java,getSelectedFile
e4019c80-4d28-4208-93ad-b68760aa61ab,e963f54c-459d-4447-8e53-9be24e02ef37,1d47fb66-58ad-4f77-8b62-4d9c35a7bf17,->,e4019c80-4d28-4208-93ad-b68760aa61ab,java/lang/StringBuilder.java,append
e4019c80-4d28-4208-93ad-b68760aa61ab,e963f54c-459d-4447-8e53-9be24e02ef37,1d47fb66-58ad-4f77-8b62-4d9c35a7bf17,->,e4019c80-4d28-4208-93ad-b68760aa61ab,java/lang/StringBuilder.java,toString
e4019c80-4d28-4208-93ad-b68760aa61ab,e963f54c-459d-4447-8e53-9be24e02ef37,1d47fb66-58ad-4f77-8b62-4d9c35a7bf17,->,e4019c80-4d28-4208-93ad-b68760aa61ab,java/io/PrintStream.java,println
e4019c80-4d28-4208-93ad-b68760aa61ab,e963f54c-459d-4447-8e53-9be24e02ef37,1d47fb66-58ad-4f77-8b62-4d9c35a7bf17,->,e4019c80-4d28-4208-93ad-b68760aa61ab,javax/swing/JFileChooser.java,getSelectedFile
e4019c80-4d28-4208-93ad-b68760aa61ab,e963f54c-459d-4447-8e53-9be24e02ef37,1d47fb66-58ad-4f77-8b62-4d9c35a7bf17,->,e4019c80-4d28-4208-93ad-b68760aa61ab,java/io/File.java,getAbsolutePath
e4019c80-4d28-4208-93ad-b68760aa61ab,e963f54c-459d-4447-8e53-9be24e02ef37,1d47fb66-58ad-4f77-8b62-4d9c35a7bf17,->,e4019c80-4d28-4208-93ad-b68760aa61ab,javax/swing/JTextField.java,setText
e4019c80-4d28-4208-93ad-b68760aa61ab,e963f54c-459d-4447-8e53-9be24e02ef37,1d47fb66-58ad-4f77-8b62-4d9c35a7bf17,->,e4019c80-4d28-4208-93ad-b68760aa61ab,javax/swing/JFileChooser.java,getSelectedFile
e4019c80-4d28-4208-93ad-b68760aa61ab,e963f54c-459d-4447-8e53-9be24e02ef37,1d47fb66-58ad-4f77-8b62-4d9c35a7bf17,->,e4019c80-4d28-4208-93ad-b68760aa61ab,java/io/File.java,getAbsolutePath
e4019c80-4d28-4208-93ad-b68760aa61ab,e963f54c-459d-4447-8e53-9be24e02ef37,1d47fb66-58ad-4f77-8b62-4d9c35a7bf17,->,e4019c80-4d28-4208-93ad-b68760aa61ab,e963f54c-459d-4447-8e53-9be24e02ef37,704ec76d-4035-4a80-bf6e-2b406fdfa491
e4019c80-4d28-4208-93ad-b68760aa61ab,e963f54c-459d-4447-8e53-9be24e02ef37,1d47fb66-58ad-4f77-8b62-4d9c35a7bf17,->,e4019c80-4d28-4208-93ad-b68760aa61ab,java/io/PrintStream.java,println
e4019c80-4d28-4208-93ad-b68760aa61ab,e963f54c-459d-4447-8e53-9be24e02ef37,50c40780-3ab4-475d-b3a2-d41c9c970a21,->,e4019c80-4d28-4208-93ad-b68760aa61ab,javax/swing/JFileChooser.java,setFileSelectionMode
e4019c80-4d28-4208-93ad-b68760aa61ab,e963f54c-459d-4447-8e53-9be24e02ef37,50c40780-3ab4-475d-b3a2-d41c9c970a21,->,e4019c80-4d28-4208-93ad-b68760aa61ab,javax/swing/JFileChooser.java,addMouseListener
e4019c80-4d28-4208-93ad-b68760aa61ab,e963f54c-459d-4447-8e53-9be24e02ef37,50c40780-3ab4-475d-b3a2-d41c9c970a21,->,e4019c80-4d28-4208-93ad-b68760aa61ab,javax/swing/JFileChooser.java,showOpenDialog
e4019c80-4d28-4208-93ad-b68760aa61ab,e963f54c-459d-4447-8e53-9be24e02ef37,50c40780-3ab4-475d-b3a2-d41c9c970a21,->,e4019c80-4d28-4208-93ad-b68760aa61ab,java/lang/StringBuilder.java,append
e4019c80-4d28-4208-93ad-b68760aa61ab,e963f54c-459d-4447-8e53-9be24e02ef37,50c40780-3ab4-475d-b3a2-d41c9c970a21,->,e4019c80-4d28-4208-93ad-b68760aa61ab,javax/swing/JFileChooser.java,getCurrentDirectory
e4019c80-4d28-4208-93ad-b68760aa61ab,e963f54c-459d-4447-8e53-9be24e02ef37,50c40780-3ab4-475d-b3a2-d41c9c970a21,->,e4019c80-4d28-4208-93ad-b68760aa61ab,java/lang/StringBuilder.java,append
e4019c80-4d28-4208-93ad-b68760aa61ab,e963f54c-459d-4447-8e53-9be24e02ef37,50c40780-3ab4-475d-b3a2-d41c9c970a21,->,e4019c80-4d28-4208-93ad-b68760aa61ab,java/lang/StringBuilder.java,toString
e4019c80-4d28-4208-93ad-b68760aa61ab,e963f54c-459d-4447-8e53-9be24e02ef37,50c40780-3ab4-475d-b3a2-d41c9c970a21,->,e4019c80-4d28-4208-93ad-b68760aa61ab,java/io/PrintStream.java,println
e4019c80-4d28-4208-93ad-b68760aa61ab,e963f54c-459d-4447-8e53-9be24e02ef37,50c40780-3ab4-475d-b3a2-d41c9c970a21,->,e4019c80-4d28-4208-93ad-b68760aa61ab,java/lang/StringBuilder.java,append
e4019c80-4d28-4208-93ad-b68760aa61ab,e963f54c-459d-4447-8e53-9be24e02ef37,50c40780-3ab4-475d-b3a2-d41c9c970a21,->,e4019c80-4d28-4208-93ad-b68760aa61ab,javax/swing/JFileChooser.java,getSelectedFile
e4019c80-4d28-4208-93ad-b68760aa61ab,e963f54c-459d-4447-8e53-9be24e02ef37,50c40780-3ab4-475d-b3a2-d41c9c970a21,->,e4019c80-4d28-4208-93ad-b68760aa61ab,java/lang/StringBuilder.java,append
e4019c80-4d28-4208-93ad-b68760aa61ab,e963f54c-459d-4447-8e53-9be24e02ef37,50c40780-3ab4-475d-b3a2-d41c9c970a21,->,e4019c80-4d28-4208-93ad-b68760aa61ab,java/lang/StringBuilder.java,toString
e4019c80-4d28-4208-93ad-b68760aa61ab,e963f54c-459d-4447-8e53-9be24e02ef37,50c40780-3ab4-475d-b3a2-d41c9c970a21,->,e4019c80-4d28-4208-93ad-b68760aa61ab,java/io/PrintStream.java,println
e4019c80-4d28-4208-93ad-b68760aa61ab,e963f54c-459d-4447-8e53-9be24e02ef37,50c40780-3ab4-475d-b3a2-d41c9c970a21,->,e4019c80-4d28-4208-93ad-b68760aa61ab,javax/swing/JFileChooser.java,getSelectedFile
e4019c80-4d28-4208-93ad-b68760aa61ab,e963f54c-459d-4447-8e53-9be24e02ef37,50c40780-3ab4-475d-b3a2-d41c9c970a21,->,e4019c80-4d28-4208-93ad-b68760aa61ab,java/io/File.java,getAbsolutePath
e4019c80-4d28-4208-93ad-b68760aa61ab,e963f54c-459d-4447-8e53-9be24e02ef37,50c40780-3ab4-475d-b3a2-d41c9c970a21,->,e4019c80-4d28-4208-93ad-b68760aa61ab,javax/swing/JTextField.java,setText
e4019c80-4d28-4208-93ad-b68760aa61ab,e963f54c-459d-4447-8e53-9be24e02ef37,50c40780-3ab4-475d-b3a2-d41c9c970a21,->,e4019c80-4d28-4208-93ad-b68760aa61ab,javax/swing/JFileChooser.java,getSelectedFile
e4019c80-4d28-4208-93ad-b68760aa61ab,e963f54c-459d-4447-8e53-9be24e02ef37,50c40780-3ab4-475d-b3a2-d41c9c970a21,->,e4019c80-4d28-4208-93ad-b68760aa61ab,java/io/File.java,getAbsolutePath
e4019c80-4d28-4208-93ad-b68760aa61ab,e963f54c-459d-4447-8e53-9be24e02ef37,50c40780-3ab4-475d-b3a2-d41c9c970a21,->,e4019c80-4d28-4208-93ad-b68760aa61ab,e963f54c-459d-4447-8e53-9be24e02ef37,704ec76d-4035-4a80-bf6e-2b406fdfa491
e4019c80-4d28-4208-93ad-b68760aa61ab,e963f54c-459d-4447-8e53-9be24e02ef37,50c40780-3ab4-475d-b3a2-d41c9c970a21,->,e4019c80-4d28-4208-93ad-b68760aa61ab,java/io/PrintStream.java,println
e4019c80-4d28-4208-93ad-b68760aa61ab,e963f54c-459d-4447-8e53-9be24e02ef37,1a5b2850-38d6-425d-b76c-e77766f2e449,->,e4019c80-4d28-4208-93ad-b68760aa61ab,javax/swing/JFileChooser.java,setFileSelectionMode
e4019c80-4d28-4208-93ad-b68760aa61ab,e963f54c-459d-4447-8e53-9be24e02ef37,1a5b2850-38d6-425d-b76c-e77766f2e449,->,e4019c80-4d28-4208-93ad-b68760aa61ab,javax/swing/JFileChooser.java,addMouseListener
e4019c80-4d28-4208-93ad-b68760aa61ab,e963f54c-459d-4447-8e53-9be24e02ef37,1a5b2850-38d6-425d-b76c-e77766f2e449,->,e4019c80-4d28-4208-93ad-b68760aa61ab,javax/swing/JFileChooser.java,showOpenDialog
e4019c80-4d28-4208-93ad-b68760aa61ab,e963f54c-459d-4447-8e53-9be24e02ef37,1a5b2850-38d6-425d-b76c-e77766f2e449,->,e4019c80-4d28-4208-93ad-b68760aa61ab,java/lang/StringBuilder.java,append
e4019c80-4d28-4208-93ad-b68760aa61ab,e963f54c-459d-4447-8e53-9be24e02ef37,1a5b2850-38d6-425d-b76c-e77766f2e449,->,e4019c80-4d28-4208-93ad-b68760aa61ab,javax/swing/JFileChooser.java,getCurrentDirectory
e4019c80-4d28-4208-93ad-b68760aa61ab,e963f54c-459d-4447-8e53-9be24e02ef37,1a5b2850-38d6-425d-b76c-e77766f2e449,->,e4019c80-4d28-4208-93ad-b68760aa61ab,java/lang/StringBuilder.java,append
e4019c80-4d28-4208-93ad-b68760aa61ab,e963f54c-459d-4447-8e53-9be24e02ef37,1a5b2850-38d6-425d-b76c-e77766f2e449,->,e4019c80-4d28-4208-93ad-b68760aa61ab,java/lang/StringBuilder.java,toString
e4019c80-4d28-4208-93ad-b68760aa61ab,e963f54c-459d-4447-8e53-9be24e02ef37,1a5b2850-38d6-425d-b76c-e77766f2e449,->,e4019c80-4d28-4208-93ad-b68760aa61ab,java/io/PrintStream.java,println
e4019c80-4d28-4208-93ad-b68760aa61ab,e963f54c-459d-4447-8e53-9be24e02ef37,1a5b2850-38d6-425d-b76c-e77766f2e449,->,e4019c80-4d28-4208-93ad-b68760aa61ab,java/lang/StringBuilder.java,append
e4019c80-4d28-4208-93ad-b68760aa61ab,e963f54c-459d-4447-8e53-9be24e02ef37,1a5b2850-38d6-425d-b76c-e77766f2e449,->,e4019c80-4d28-4208-93ad-b68760aa61ab,javax/swing/JFileChooser.java,getSelectedFile
e4019c80-4d28-4208-93ad-b68760aa61ab,e963f54c-459d-4447-8e53-9be24e02ef37,1a5b2850-38d6-425d-b76c-e77766f2e449,->,e4019c80-4d28-4208-93ad-b68760aa61ab,java/lang/StringBuilder.java,append
e4019c80-4d28-4208-93ad-b68760aa61ab,e963f54c-459d-4447-8e53-9be24e02ef37,1a5b2850-38d6-425d-b76c-e77766f2e449,->,e4019c80-4d28-4208-93ad-b68760aa61ab,java/lang/StringBuilder.java,toString
e4019c80-4d28-4208-93ad-b68760aa61ab,e963f54c-459d-4447-8e53-9be24e02ef37,1a5b2850-38d6-425d-b76c-e77766f2e449,->,e4019c80-4d28-4208-93ad-b68760aa61ab,java/io/PrintStream.java,println
e4019c80-4d28-4208-93ad-b68760aa61ab,e963f54c-459d-4447-8e53-9be24e02ef37,1a5b2850-38d6-425d-b76c-e77766f2e449,->,e4019c80-4d28-4208-93ad-b68760aa61ab,javax/swing/JFileChooser.java,getSelectedFile
e4019c80-4d28-4208-93ad-b68760aa61ab,e963f54c-459d-4447-8e53-9be24e02ef37,1a5b2850-38d6-425d-b76c-e77766f2e449,->,e4019c80-4d28-4208-93ad-b68760aa61ab,java/io/File.java,getAbsolutePath
e4019c80-4d28-4208-93ad-b68760aa61ab,e963f54c-459d-4447-8e53-9be24e02ef37,1a5b2850-38d6-425d-b76c-e77766f2e449,->,e4019c80-4d28-4208-93ad-b68760aa61ab,javax/swing/JTextField.java,setText
e4019c80-4d28-4208-93ad-b68760aa61ab,e963f54c-459d-4447-8e53-9be24e02ef37,1a5b2850-38d6-425d-b76c-e77766f2e449,->,e4019c80-4d28-4208-93ad-b68760aa61ab,javax/swing/JFileChooser.java,getSelectedFile
e4019c80-4d28-4208-93ad-b68760aa61ab,e963f54c-459d-4447-8e53-9be24e02ef37,1a5b2850-38d6-425d-b76c-e77766f2e449,->,e4019c80-4d28-4208-93ad-b68760aa61ab,java/io/File.java,getAbsolutePath
e4019c80-4d28-4208-93ad-b68760aa61ab,e963f54c-459d-4447-8e53-9be24e02ef37,1a5b2850-38d6-425d-b76c-e77766f2e449,->,e4019c80-4d28-4208-93ad-b68760aa61ab,e963f54c-459d-4447-8e53-9be24e02ef37,704ec76d-4035-4a80-bf6e-2b406fdfa491
e4019c80-4d28-4208-93ad-b68760aa61ab,e963f54c-459d-4447-8e53-9be24e02ef37,1a5b2850-38d6-425d-b76c-e77766f2e449,->,e4019c80-4d28-4208-93ad-b68760aa61ab,java/io/PrintStream.java,println
e4019c80-4d28-4208-93ad-b68760aa61ab,e963f54c-459d-4447-8e53-9be24e02ef37,704ec76d-4035-4a80-bf6e-2b406fdfa491,->,e4019c80-4d28-4208-93ad-b68760aa61ab,javax/swing/JTextField.java,getText
e4019c80-4d28-4208-93ad-b68760aa61ab,e963f54c-459d-4447-8e53-9be24e02ef37,704ec76d-4035-4a80-bf6e-2b406fdfa491,->,e4019c80-4d28-4208-93ad-b68760aa61ab,java/lang/String.java,length
e4019c80-4d28-4208-93ad-b68760aa61ab,e963f54c-459d-4447-8e53-9be24e02ef37,704ec76d-4035-4a80-bf6e-2b406fdfa491,->,e4019c80-4d28-4208-93ad-b68760aa61ab,javax/swing/JTextField.java,getText
e4019c80-4d28-4208-93ad-b68760aa61ab,e963f54c-459d-4447-8e53-9be24e02ef37,704ec76d-4035-4a80-bf6e-2b406fdfa491,->,e4019c80-4d28-4208-93ad-b68760aa61ab,java/lang/String.java,length
e4019c80-4d28-4208-93ad-b68760aa61ab,e963f54c-459d-4447-8e53-9be24e02ef37,704ec76d-4035-4a80-bf6e-2b406fdfa491,->,e4019c80-4d28-4208-93ad-b68760aa61ab,javax/swing/JButton.java,setEnabled
e4019c80-4d28-4208-93ad-b68760aa61ab,e963f54c-459d-4447-8e53-9be24e02ef37,704ec76d-4035-4a80-bf6e-2b406fdfa491,->,e4019c80-4d28-4208-93ad-b68760aa61ab,javax/swing/JButton.java,setEnabled
e4019c80-4d28-4208-93ad-b68760aa61ab,e963f54c-459d-4447-8e53-9be24e02ef37,704ec76d-4035-4a80-bf6e-2b406fdfa491,->,e4019c80-4d28-4208-93ad-b68760aa61ab,javax/swing/JTextField.java,getText
e4019c80-4d28-4208-93ad-b68760aa61ab,e963f54c-459d-4447-8e53-9be24e02ef37,704ec76d-4035-4a80-bf6e-2b406fdfa491,->,e4019c80-4d28-4208-93ad-b68760aa61ab,java/lang/String.java,length
e4019c80-4d28-4208-93ad-b68760aa61ab,e963f54c-459d-4447-8e53-9be24e02ef37,704ec76d-4035-4a80-bf6e-2b406fdfa491,->,e4019c80-4d28-4208-93ad-b68760aa61ab,javax/swing/JTextField.java,getText
e4019c80-4d28-4208-93ad-b68760aa61ab,e963f54c-459d-4447-8e53-9be24e02ef37,704ec76d-4035-4a80-bf6e-2b406fdfa491,->,e4019c80-4d28-4208-93ad-b68760aa61ab,java/lang/String.java,length
e4019c80-4d28-4208-93ad-b68760aa61ab,e963f54c-459d-4447-8e53-9be24e02ef37,704ec76d-4035-4a80-bf6e-2b406fdfa491,->,e4019c80-4d28-4208-93ad-b68760aa61ab,javax/swing/JButton.java,setEnabled
e4019c80-4d28-4208-93ad-b68760aa61ab,e963f54c-459d-4447-8e53-9be24e02ef37,704ec76d-4035-4a80-bf6e-2b406fdfa491,->,e4019c80-4d28-4208-93ad-b68760aa61ab,javax/swing/JButton.java,setEnabled
e4019c80-4d28-4208-93ad-b68760aa61ab,com/taobao/view/Panel2.java,access$000,->,e4019c80-4d28-4208-93ad-b68760aa61ab,e963f54c-459d-4447-8e53-9be24e02ef37,e624b6a0-6f4e-4282-a516-820057b672ae
e4019c80-4d28-4208-93ad-b68760aa61ab,com/taobao/view/Panel2.java,access$100,->,e4019c80-4d28-4208-93ad-b68760aa61ab,e963f54c-459d-4447-8e53-9be24e02ef37,2e65ea0d-64f3-45bd-809d-bb9498107cdf
e4019c80-4d28-4208-93ad-b68760aa61ab,com/taobao/view/Panel2.java,access$200,->,e4019c80-4d28-4208-93ad-b68760aa61ab,e963f54c-459d-4447-8e53-9be24e02ef37,abd100aa-9710-405d-83ad-7ec4760097e9
e4019c80-4d28-4208-93ad-b68760aa61ab,com/taobao/view/Panel2.java,access$300,->,e4019c80-4d28-4208-93ad-b68760aa61ab,e963f54c-459d-4447-8e53-9be24e02ef37,049a30f5-fb70-437f-8f0c-d8b66074bb9c
e4019c80-4d28-4208-93ad-b68760aa61ab,com/taobao/view/Panel2.java,access$400,->,e4019c80-4d28-4208-93ad-b68760aa61ab,e963f54c-459d-4447-8e53-9be24e02ef37,46d076e5-fae4-40fa-b015-252f27760299
e4019c80-4d28-4208-93ad-b68760aa61ab,com/taobao/view/Panel2.java,access$500,->,e4019c80-4d28-4208-93ad-b68760aa61ab,e963f54c-459d-4447-8e53-9be24e02ef37,da396bd8-64be-4de8-baa3-231f619c73b2
e4019c80-4d28-4208-93ad-b68760aa61ab,com/taobao/view/Panel2.java,access$600,->,e4019c80-4d28-4208-93ad-b68760aa61ab,e963f54c-459d-4447-8e53-9be24e02ef37,ab8fdb0b-f769-4ec1-a461-9d757a0120b6
e4019c80-4d28-4208-93ad-b68760aa61ab,com/taobao/view/Panel2.java,access$700,->,e4019c80-4d28-4208-93ad-b68760aa61ab,e963f54c-459d-4447-8e53-9be24e02ef37,50c40780-3ab4-475d-b3a2-d41c9c970a21
e4019c80-4d28-4208-93ad-b68760aa61ab,com/taobao/view/Panel2.java,access$800,->,e4019c80-4d28-4208-93ad-b68760aa61ab,e963f54c-459d-4447-8e53-9be24e02ef37,1d47fb66-58ad-4f77-8b62-4d9c35a7bf17
e4019c80-4d28-4208-93ad-b68760aa61ab,com/taobao/view/Panel2.java,access$900,->,e4019c80-4d28-4208-93ad-b68760aa61ab,e963f54c-459d-4447-8e53-9be24e02ef37,7ceca4f3-ffaa-4e38-af4a-cc39c3b80945
e4019c80-4d28-4208-93ad-b68760aa61ab,com/taobao/view/Panel2.java,access$1000,->,e4019c80-4d28-4208-93ad-b68760aa61ab,e963f54c-459d-4447-8e53-9be24e02ef37,1a5b2850-38d6-425d-b76c-e77766f2e449
e4019c80-4d28-4208-93ad-b68760aa61ab,97cdb512-b9c3-4f4d-8fd7-578e0c0a8181,55a09fe0-89ed-492f-b412-e98751df419c,->,e4019c80-4d28-4208-93ad-b68760aa61ab,org/jfree/data/general/DefaultPieDataset.java,setValue
e4019c80-4d28-4208-93ad-b68760aa61ab,97cdb512-b9c3-4f4d-8fd7-578e0c0a8181,55a09fe0-89ed-492f-b412-e98751df419c,->,e4019c80-4d28-4208-93ad-b68760aa61ab,org/jfree/data/general/DefaultPieDataset.java,setValue
e4019c80-4d28-4208-93ad-b68760aa61ab,97cdb512-b9c3-4f4d-8fd7-578e0c0a8181,55a09fe0-89ed-492f-b412-e98751df419c,->,e4019c80-4d28-4208-93ad-b68760aa61ab,org/jfree/data/general/DefaultPieDataset.java,setValue
e4019c80-4d28-4208-93ad-b68760aa61ab,97cdb512-b9c3-4f4d-8fd7-578e0c0a8181,2ed84aeb-14ee-4648-851c-c4fe8968ee9e,->,e4019c80-4d28-4208-93ad-b68760aa61ab,org/jfree/chart/ChartFactory.java,createPieChart3D
e4019c80-4d28-4208-93ad-b68760aa61ab,97cdb512-b9c3-4f4d-8fd7-578e0c0a8181,2ed84aeb-14ee-4648-851c-c4fe8968ee9e,->,e4019c80-4d28-4208-93ad-b68760aa61ab,org/jfree/chart/JFreeChart.java,getPlot
e4019c80-4d28-4208-93ad-b68760aa61ab,97cdb512-b9c3-4f4d-8fd7-578e0c0a8181,2ed84aeb-14ee-4648-851c-c4fe8968ee9e,->,e4019c80-4d28-4208-93ad-b68760aa61ab,org/jfree/chart/plot/PiePlot3D.java,setStartAngle
e4019c80-4d28-4208-93ad-b68760aa61ab,97cdb512-b9c3-4f4d-8fd7-578e0c0a8181,2ed84aeb-14ee-4648-851c-c4fe8968ee9e,->,e4019c80-4d28-4208-93ad-b68760aa61ab,org/jfree/chart/plot/PiePlot3D.java,setDirection
e4019c80-4d28-4208-93ad-b68760aa61ab,97cdb512-b9c3-4f4d-8fd7-578e0c0a8181,2ed84aeb-14ee-4648-851c-c4fe8968ee9e,->,e4019c80-4d28-4208-93ad-b68760aa61ab,org/jfree/chart/plot/PiePlot3D.java,setForegroundAlpha
e4019c80-4d28-4208-93ad-b68760aa61ab,97cdb512-b9c3-4f4d-8fd7-578e0c0a8181,efaf2419-77b6-4126-9a9d-51acb5aa1c72,->,e4019c80-4d28-4208-93ad-b68760aa61ab,com/taobao/view/PieChart.java,pack
e4019c80-4d28-4208-93ad-b68760aa61ab,97cdb512-b9c3-4f4d-8fd7-578e0c0a8181,efaf2419-77b6-4126-9a9d-51acb5aa1c72,->,e4019c80-4d28-4208-93ad-b68760aa61ab,com/taobao/view/PieChart.java,setVisible
e4019c80-4d28-4208-93ad-b68760aa61ab,77d0c42e-ece4-449e-948f-c7eb7502a3b4,9d5a3833-e6b8-4348-aa61-1786aecfc348,->,e4019c80-4d28-4208-93ad-b68760aa61ab,com/taobao/view/Panel1.java,setBackground
e4019c80-4d28-4208-93ad-b68760aa61ab,77d0c42e-ece4-449e-948f-c7eb7502a3b4,9d5a3833-e6b8-4348-aa61-1786aecfc348,->,e4019c80-4d28-4208-93ad-b68760aa61ab,com/taobao/view/Panel1.java,setForeground
e4019c80-4d28-4208-93ad-b68760aa61ab,77d0c42e-ece4-449e-948f-c7eb7502a3b4,9d5a3833-e6b8-4348-aa61-1786aecfc348,->,e4019c80-4d28-4208-93ad-b68760aa61ab,com/taobao/view/Panel1.java,setPreferredSize
e4019c80-4d28-4208-93ad-b68760aa61ab,77d0c42e-ece4-449e-948f-c7eb7502a3b4,9d5a3833-e6b8-4348-aa61-1786aecfc348,->,e4019c80-4d28-4208-93ad-b68760aa61ab,javax/swing/JLabel.java,setBackground
e4019c80-4d28-4208-93ad-b68760aa61ab,77d0c42e-ece4-449e-948f-c7eb7502a3b4,9d5a3833-e6b8-4348-aa61-1786aecfc348,->,e4019c80-4d28-4208-93ad-b68760aa61ab,javax/swing/JLabel.java,setFont
e4019c80-4d28-4208-93ad-b68760aa61ab,77d0c42e-ece4-449e-948f-c7eb7502a3b4,9d5a3833-e6b8-4348-aa61-1786aecfc348,->,e4019c80-4d28-4208-93ad-b68760aa61ab,javax/swing/JLabel.java,setHorizontalAlignment
e4019c80-4d28-4208-93ad-b68760aa61ab,77d0c42e-ece4-449e-948f-c7eb7502a3b4,9d5a3833-e6b8-4348-aa61-1786aecfc348,->,e4019c80-4d28-4208-93ad-b68760aa61ab,javax/swing/JLabel.java,setText
e4019c80-4d28-4208-93ad-b68760aa61ab,77d0c42e-ece4-449e-948f-c7eb7502a3b4,9d5a3833-e6b8-4348-aa61-1786aecfc348,->,e4019c80-4d28-4208-93ad-b68760aa61ab,com/taobao/view/Panel1.java,setLayout
e4019c80-4d28-4208-93ad-b68760aa61ab,77d0c42e-ece4-449e-948f-c7eb7502a3b4,9d5a3833-e6b8-4348-aa61-1786aecfc348,->,e4019c80-4d28-4208-93ad-b68760aa61ab,javax/swing/GroupLayout.java,createParallelGroup
e4019c80-4d28-4208-93ad-b68760aa61ab,77d0c42e-ece4-449e-948f-c7eb7502a3b4,9d5a3833-e6b8-4348-aa61-1786aecfc348,->,e4019c80-4d28-4208-93ad-b68760aa61ab,javax/swing/GroupLayout$ParallelGroup.java,addComponent
e4019c80-4d28-4208-93ad-b68760aa61ab,77d0c42e-ece4-449e-948f-c7eb7502a3b4,9d5a3833-e6b8-4348-aa61-1786aecfc348,->,e4019c80-4d28-4208-93ad-b68760aa61ab,javax/swing/GroupLayout.java,setHorizontalGroup
e4019c80-4d28-4208-93ad-b68760aa61ab,77d0c42e-ece4-449e-948f-c7eb7502a3b4,9d5a3833-e6b8-4348-aa61-1786aecfc348,->,e4019c80-4d28-4208-93ad-b68760aa61ab,javax/swing/GroupLayout.java,createParallelGroup
e4019c80-4d28-4208-93ad-b68760aa61ab,77d0c42e-ece4-449e-948f-c7eb7502a3b4,9d5a3833-e6b8-4348-aa61-1786aecfc348,->,e4019c80-4d28-4208-93ad-b68760aa61ab,javax/swing/GroupLayout$ParallelGroup.java,addComponent
e4019c80-4d28-4208-93ad-b68760aa61ab,77d0c42e-ece4-449e-948f-c7eb7502a3b4,9d5a3833-e6b8-4348-aa61-1786aecfc348,->,e4019c80-4d28-4208-93ad-b68760aa61ab,javax/swing/GroupLayout.java,setVerticalGroup
e4019c80-4d28-4208-93ad-b68760aa61ab,com/taobao/view/Panel3$1.java,actionPerformed,->,e4019c80-4d28-4208-93ad-b68760aa61ab,com/taobao/view/Panel3.java,access$000
e4019c80-4d28-4208-93ad-b68760aa61ab,com/taobao/view/Panel2$12.java,mouseClicked,->,e4019c80-4d28-4208-93ad-b68760aa61ab,java/awt/event/MouseEvent.java,getClickCount
e4019c80-4d28-4208-93ad-b68760aa61ab,com/taobao/view/Panel2$12.java,mouseClicked,->,e4019c80-4d28-4208-93ad-b68760aa61ab,javax/swing/JFileChooser.java,getSelectedFile
e4019c80-4d28-4208-93ad-b68760aa61ab,com/taobao/view/Panel2$12.java,mouseClicked,->,e4019c80-4d28-4208-93ad-b68760aa61ab,java/io/File.java,isDirectory
e4019c80-4d28-4208-93ad-b68760aa61ab,com/taobao/view/Panel2$12.java,mouseClicked,->,e4019c80-4d28-4208-93ad-b68760aa61ab,javax/swing/JFileChooser.java,setCurrentDirectory
e4019c80-4d28-4208-93ad-b68760aa61ab,com/taobao/view/Panel2$12.java,mouseClicked,->,e4019c80-4d28-4208-93ad-b68760aa61ab,javax/swing/JFileChooser.java,rescanCurrentDirectory
e4019c80-4d28-4208-93ad-b68760aa61ab,com/taobao/view/Panel2$12.java,mouseClicked,->,e4019c80-4d28-4208-93ad-b68760aa61ab,javax/swing/JFileChooser.java,approveSelection
e4019c80-4d28-4208-93ad-b68760aa61ab,com/taobao/view/Panel2$8.java,actionPerformed,->,e4019c80-4d28-4208-93ad-b68760aa61ab,com/taobao/view/Panel2.java,access$700
e4019c80-4d28-4208-93ad-b68760aa61ab,com/taobao/view/Panel2$6.java,actionPerformed,->,e4019c80-4d28-4208-93ad-b68760aa61ab,com/taobao/view/Panel2.java,access$500
e4019c80-4d28-4208-93ad-b68760aa61ab,com/taobao/view/Panel2$3.java,actionPerformed,->,e4019c80-4d28-4208-93ad-b68760aa61ab,com/taobao/view/Panel2.java,access$200
e4019c80-4d28-4208-93ad-b68760aa61ab,com/taobao/view/Panel2$5.java,actionPerformed,->,e4019c80-4d28-4208-93ad-b68760aa61ab,com/taobao/view/Panel2.java,access$400
e4019c80-4d28-4208-93ad-b68760aa61ab,com/taobao/view/Panel2$16.java,mouseClicked,->,e4019c80-4d28-4208-93ad-b68760aa61ab,java/awt/event/MouseEvent.java,getClickCount
e4019c80-4d28-4208-93ad-b68760aa61ab,com/taobao/view/Panel2$16.java,mouseClicked,->,e4019c80-4d28-4208-93ad-b68760aa61ab,javax/swing/JFileChooser.java,getSelectedFile
e4019c80-4d28-4208-93ad-b68760aa61ab,com/taobao/view/Panel2$16.java,mouseClicked,->,e4019c80-4d28-4208-93ad-b68760aa61ab,java/io/File.java,isDirectory
e4019c80-4d28-4208-93ad-b68760aa61ab,com/taobao/view/Panel2$16.java,mouseClicked,->,e4019c80-4d28-4208-93ad-b68760aa61ab,javax/swing/JFileChooser.java,setCurrentDirectory
e4019c80-4d28-4208-93ad-b68760aa61ab,com/taobao/view/Panel2$16.java,mouseClicked,->,e4019c80-4d28-4208-93ad-b68760aa61ab,javax/swing/JFileChooser.java,rescanCurrentDirectory
e4019c80-4d28-4208-93ad-b68760aa61ab,com/taobao/view/Panel2$16.java,mouseClicked,->,e4019c80-4d28-4208-93ad-b68760aa61ab,javax/swing/JFileChooser.java,approveSelection
e4019c80-4d28-4208-93ad-b68760aa61ab,com/taobao/view/Panel2$11.java,actionPerformed,->,e4019c80-4d28-4208-93ad-b68760aa61ab,com/taobao/view/Panel2.java,access$1000
e4019c80-4d28-4208-93ad-b68760aa61ab,com/taobao/view/Panel3$3.java,actionPerformed,->,e4019c80-4d28-4208-93ad-b68760aa61ab,com/taobao/view/Panel3.java,access$200
e4019c80-4d28-4208-93ad-b68760aa61ab,com/taobao/view/Panel3$2.java,actionPerformed,->,e4019c80-4d28-4208-93ad-b68760aa61ab,com/taobao/view/Panel3.java,access$100
e4019c80-4d28-4208-93ad-b68760aa61ab,com/taobao/view/Panel2$4.java,actionPerformed,->,e4019c80-4d28-4208-93ad-b68760aa61ab,com/taobao/view/Panel2.java,access$300
e4019c80-4d28-4208-93ad-b68760aa61ab,com/taobao/view/Panel3$4.java,mouseClicked,->,e4019c80-4d28-4208-93ad-b68760aa61ab,java/awt/event/MouseEvent.java,getClickCount
e4019c80-4d28-4208-93ad-b68760aa61ab,com/taobao/view/Panel3$4.java,mouseClicked,->,e4019c80-4d28-4208-93ad-b68760aa61ab,javax/swing/JFileChooser.java,getSelectedFile
e4019c80-4d28-4208-93ad-b68760aa61ab,com/taobao/view/Panel3$4.java,mouseClicked,->,e4019c80-4d28-4208-93ad-b68760aa61ab,java/io/File.java,isDirectory
e4019c80-4d28-4208-93ad-b68760aa61ab,com/taobao/view/Panel3$4.java,mouseClicked,->,e4019c80-4d28-4208-93ad-b68760aa61ab,javax/swing/JFileChooser.java,setCurrentDirectory
e4019c80-4d28-4208-93ad-b68760aa61ab,com/taobao/view/Panel3$4.java,mouseClicked,->,e4019c80-4d28-4208-93ad-b68760aa61ab,javax/swing/JFileChooser.java,rescanCurrentDirectory
e4019c80-4d28-4208-93ad-b68760aa61ab,com/taobao/view/Panel3$4.java,mouseClicked,->,e4019c80-4d28-4208-93ad-b68760aa61ab,javax/swing/JFileChooser.java,approveSelection
e4019c80-4d28-4208-93ad-b68760aa61ab,4754b507-d078-4fea-9d0a-e983eb35bbe4,162c6e41-8229-4b76-bbd6-6dd5d0a37199,->,e4019c80-4d28-4208-93ad-b68760aa61ab,com/taobao/view/Panel3.java,setLayout
e4019c80-4d28-4208-93ad-b68760aa61ab,4754b507-d078-4fea-9d0a-e983eb35bbe4,162c6e41-8229-4b76-bbd6-6dd5d0a37199,->,e4019c80-4d28-4208-93ad-b68760aa61ab,javax/swing/JLabel.java,setText
e4019c80-4d28-4208-93ad-b68760aa61ab,4754b507-d078-4fea-9d0a-e983eb35bbe4,162c6e41-8229-4b76-bbd6-6dd5d0a37199,->,e4019c80-4d28-4208-93ad-b68760aa61ab,javax/swing/JTextField.java,addActionListener
e4019c80-4d28-4208-93ad-b68760aa61ab,4754b507-d078-4fea-9d0a-e983eb35bbe4,162c6e41-8229-4b76-bbd6-6dd5d0a37199,->,e4019c80-4d28-4208-93ad-b68760aa61ab,javax/swing/JButton.java,setText
e4019c80-4d28-4208-93ad-b68760aa61ab,4754b507-d078-4fea-9d0a-e983eb35bbe4,162c6e41-8229-4b76-bbd6-6dd5d0a37199,->,e4019c80-4d28-4208-93ad-b68760aa61ab,javax/swing/JButton.java,addActionListener
e4019c80-4d28-4208-93ad-b68760aa61ab,4754b507-d078-4fea-9d0a-e983eb35bbe4,162c6e41-8229-4b76-bbd6-6dd5d0a37199,->,e4019c80-4d28-4208-93ad-b68760aa61ab,javax/swing/JButton.java,setText
e4019c80-4d28-4208-93ad-b68760aa61ab,4754b507-d078-4fea-9d0a-e983eb35bbe4,162c6e41-8229-4b76-bbd6-6dd5d0a37199,->,e4019c80-4d28-4208-93ad-b68760aa61ab,javax/swing/JButton.java,addActionListener
e4019c80-4d28-4208-93ad-b68760aa61ab,4754b507-d078-4fea-9d0a-e983eb35bbe4,162c6e41-8229-4b76-bbd6-6dd5d0a37199,->,e4019c80-4d28-4208-93ad-b68760aa61ab,javax/swing/JPanel.java,setLayout
e4019c80-4d28-4208-93ad-b68760aa61ab,4754b507-d078-4fea-9d0a-e983eb35bbe4,162c6e41-8229-4b76-bbd6-6dd5d0a37199,->,e4019c80-4d28-4208-93ad-b68760aa61ab,javax/swing/GroupLayout.java,createParallelGroup
e4019c80-4d28-4208-93ad-b68760aa61ab,4754b507-d078-4fea-9d0a-e983eb35bbe4,162c6e41-8229-4b76-bbd6-6dd5d0a37199,->,e4019c80-4d28-4208-93ad-b68760aa61ab,javax/swing/GroupLayout.java,createSequentialGroup
e4019c80-4d28-4208-93ad-b68760aa61ab,4754b507-d078-4fea-9d0a-e983eb35bbe4,162c6e41-8229-4b76-bbd6-6dd5d0a37199,->,e4019c80-4d28-4208-93ad-b68760aa61ab,javax/swing/GroupLayout$SequentialGroup.java,addContainerGap
e4019c80-4d28-4208-93ad-b68760aa61ab,4754b507-d078-4fea-9d0a-e983eb35bbe4,162c6e41-8229-4b76-bbd6-6dd5d0a37199,->,e4019c80-4d28-4208-93ad-b68760aa61ab,javax/swing/GroupLayout$SequentialGroup.java,addComponent
e4019c80-4d28-4208-93ad-b68760aa61ab,4754b507-d078-4fea-9d0a-e983eb35bbe4,162c6e41-8229-4b76-bbd6-6dd5d0a37199,->,e4019c80-4d28-4208-93ad-b68760aa61ab,javax/swing/GroupLayout$SequentialGroup.java,addGap
e4019c80-4d28-4208-93ad-b68760aa61ab,4754b507-d078-4fea-9d0a-e983eb35bbe4,162c6e41-8229-4b76-bbd6-6dd5d0a37199,->,e4019c80-4d28-4208-93ad-b68760aa61ab,javax/swing/GroupLayout.java,createParallelGroup
e4019c80-4d28-4208-93ad-b68760aa61ab,4754b507-d078-4fea-9d0a-e983eb35bbe4,162c6e41-8229-4b76-bbd6-6dd5d0a37199,->,e4019c80-4d28-4208-93ad-b68760aa61ab,javax/swing/GroupLayout.java,createSequentialGroup
e4019c80-4d28-4208-93ad-b68760aa61ab,4754b507-d078-4fea-9d0a-e983eb35bbe4,162c6e41-8229-4b76-bbd6-6dd5d0a37199,->,e4019c80-4d28-4208-93ad-b68760aa61ab,javax/swing/GroupLayout$SequentialGroup.java,addComponent
e4019c80-4d28-4208-93ad-b68760aa61ab,4754b507-d078-4fea-9d0a-e983eb35bbe4,162c6e41-8229-4b76-bbd6-6dd5d0a37199,->,e4019c80-4d28-4208-93ad-b68760aa61ab,javax/swing/GroupLayout$SequentialGroup.java,addPreferredGap
e4019c80-4d28-4208-93ad-b68760aa61ab,4754b507-d078-4fea-9d0a-e983eb35bbe4,162c6e41-8229-4b76-bbd6-6dd5d0a37199,->,e4019c80-4d28-4208-93ad-b68760aa61ab,javax/swing/GroupLayout$SequentialGroup.java,addComponent
e4019c80-4d28-4208-93ad-b68760aa61ab,4754b507-d078-4fea-9d0a-e983eb35bbe4,162c6e41-8229-4b76-bbd6-6dd5d0a37199,->,e4019c80-4d28-4208-93ad-b68760aa61ab,javax/swing/GroupLayout$ParallelGroup.java,addGroup
e4019c80-4d28-4208-93ad-b68760aa61ab,4754b507-d078-4fea-9d0a-e983eb35bbe4,162c6e41-8229-4b76-bbd6-6dd5d0a37199,->,e4019c80-4d28-4208-93ad-b68760aa61ab,javax/swing/GroupLayout$ParallelGroup.java,addComponent
e4019c80-4d28-4208-93ad-b68760aa61ab,4754b507-d078-4fea-9d0a-e983eb35bbe4,162c6e41-8229-4b76-bbd6-6dd5d0a37199,->,e4019c80-4d28-4208-93ad-b68760aa61ab,javax/swing/GroupLayout$SequentialGroup.java,addGroup
e4019c80-4d28-4208-93ad-b68760aa61ab,4754b507-d078-4fea-9d0a-e983eb35bbe4,162c6e41-8229-4b76-bbd6-6dd5d0a37199,->,e4019c80-4d28-4208-93ad-b68760aa61ab,javax/swing/GroupLayout$SequentialGroup.java,addPreferredGap
e4019c80-4d28-4208-93ad-b68760aa61ab,4754b507-d078-4fea-9d0a-e983eb35bbe4,162c6e41-8229-4b76-bbd6-6dd5d0a37199,->,e4019c80-4d28-4208-93ad-b68760aa61ab,javax/swing/GroupLayout$SequentialGroup.java,addComponent
e4019c80-4d28-4208-93ad-b68760aa61ab,4754b507-d078-4fea-9d0a-e983eb35bbe4,162c6e41-8229-4b76-bbd6-6dd5d0a37199,->,e4019c80-4d28-4208-93ad-b68760aa61ab,javax/swing/GroupLayout$SequentialGroup.java,addContainerGap
e4019c80-4d28-4208-93ad-b68760aa61ab,4754b507-d078-4fea-9d0a-e983eb35bbe4,162c6e41-8229-4b76-bbd6-6dd5d0a37199,->,e4019c80-4d28-4208-93ad-b68760aa61ab,javax/swing/GroupLayout$ParallelGroup.java,addGroup
e4019c80-4d28-4208-93ad-b68760aa61ab,4754b507-d078-4fea-9d0a-e983eb35bbe4,162c6e41-8229-4b76-bbd6-6dd5d0a37199,->,e4019c80-4d28-4208-93ad-b68760aa61ab,javax/swing/GroupLayout.java,setHorizontalGroup
e4019c80-4d28-4208-93ad-b68760aa61ab,4754b507-d078-4fea-9d0a-e983eb35bbe4,162c6e41-8229-4b76-bbd6-6dd5d0a37199,->,e4019c80-4d28-4208-93ad-b68760aa61ab,javax/swing/GroupLayout.java,createParallelGroup
e4019c80-4d28-4208-93ad-b68760aa61ab,4754b507-d078-4fea-9d0a-e983eb35bbe4,162c6e41-8229-4b76-bbd6-6dd5d0a37199,->,e4019c80-4d28-4208-93ad-b68760aa61ab,javax/swing/GroupLayout.java,createSequentialGroup
e4019c80-4d28-4208-93ad-b68760aa61ab,4754b507-d078-4fea-9d0a-e983eb35bbe4,162c6e41-8229-4b76-bbd6-6dd5d0a37199,->,e4019c80-4d28-4208-93ad-b68760aa61ab,javax/swing/GroupLayout$SequentialGroup.java,addContainerGap
e4019c80-4d28-4208-93ad-b68760aa61ab,4754b507-d078-4fea-9d0a-e983eb35bbe4,162c6e41-8229-4b76-bbd6-6dd5d0a37199,->,e4019c80-4d28-4208-93ad-b68760aa61ab,javax/swing/GroupLayout.java,createParallelGroup
e4019c80-4d28-4208-93ad-b68760aa61ab,4754b507-d078-4fea-9d0a-e983eb35bbe4,162c6e41-8229-4b76-bbd6-6dd5d0a37199,->,e4019c80-4d28-4208-93ad-b68760aa61ab,javax/swing/GroupLayout$ParallelGroup.java,addComponent
e4019c80-4d28-4208-93ad-b68760aa61ab,4754b507-d078-4fea-9d0a-e983eb35bbe4,162c6e41-8229-4b76-bbd6-6dd5d0a37199,->,e4019c80-4d28-4208-93ad-b68760aa61ab,javax/swing/GroupLayout$ParallelGroup.java,addComponent
e4019c80-4d28-4208-93ad-b68760aa61ab,4754b507-d078-4fea-9d0a-e983eb35bbe4,162c6e41-8229-4b76-bbd6-6dd5d0a37199,->,e4019c80-4d28-4208-93ad-b68760aa61ab,javax/swing/GroupLayout$ParallelGroup.java,addComponent
e4019c80-4d28-4208-93ad-b68760aa61ab,4754b507-d078-4fea-9d0a-e983eb35bbe4,162c6e41-8229-4b76-bbd6-6dd5d0a37199,->,e4019c80-4d28-4208-93ad-b68760aa61ab,javax/swing/GroupLayout$SequentialGroup.java,addGroup
e4019c80-4d28-4208-93ad-b68760aa61ab,4754b507-d078-4fea-9d0a-e983eb35bbe4,162c6e41-8229-4b76-bbd6-6dd5d0a37199,->,e4019c80-4d28-4208-93ad-b68760aa61ab,javax/swing/GroupLayout$SequentialGroup.java,addPreferredGap
e4019c80-4d28-4208-93ad-b68760aa61ab,4754b507-d078-4fea-9d0a-e983eb35bbe4,162c6e41-8229-4b76-bbd6-6dd5d0a37199,->,e4019c80-4d28-4208-93ad-b68760aa61ab,javax/swing/GroupLayout.java,createParallelGroup
e4019c80-4d28-4208-93ad-b68760aa61ab,4754b507-d078-4fea-9d0a-e983eb35bbe4,162c6e41-8229-4b76-bbd6-6dd5d0a37199,->,e4019c80-4d28-4208-93ad-b68760aa61ab,javax/swing/GroupLayout$ParallelGroup.java,addComponent
e4019c80-4d28-4208-93ad-b68760aa61ab,4754b507-d078-4fea-9d0a-e983eb35bbe4,162c6e41-8229-4b76-bbd6-6dd5d0a37199,->,e4019c80-4d28-4208-93ad-b68760aa61ab,javax/swing/GroupLayout$ParallelGroup.java,addComponent
e4019c80-4d28-4208-93ad-b68760aa61ab,4754b507-d078-4fea-9d0a-e983eb35bbe4,162c6e41-8229-4b76-bbd6-6dd5d0a37199,->,e4019c80-4d28-4208-93ad-b68760aa61ab,javax/swing/GroupLayout$SequentialGroup.java,addGroup
e4019c80-4d28-4208-93ad-b68760aa61ab,4754b507-d078-4fea-9d0a-e983eb35bbe4,162c6e41-8229-4b76-bbd6-6dd5d0a37199,->,e4019c80-4d28-4208-93ad-b68760aa61ab,javax/swing/GroupLayout$SequentialGroup.java,addContainerGap
e4019c80-4d28-4208-93ad-b68760aa61ab,4754b507-d078-4fea-9d0a-e983eb35bbe4,162c6e41-8229-4b76-bbd6-6dd5d0a37199,->,e4019c80-4d28-4208-93ad-b68760aa61ab,javax/swing/GroupLayout$ParallelGroup.java,addGroup
e4019c80-4d28-4208-93ad-b68760aa61ab,4754b507-d078-4fea-9d0a-e983eb35bbe4,162c6e41-8229-4b76-bbd6-6dd5d0a37199,->,e4019c80-4d28-4208-93ad-b68760aa61ab,javax/swing/GroupLayout.java,setVerticalGroup
e4019c80-4d28-4208-93ad-b68760aa61ab,4754b507-d078-4fea-9d0a-e983eb35bbe4,162c6e41-8229-4b76-bbd6-6dd5d0a37199,->,e4019c80-4d28-4208-93ad-b68760aa61ab,com/taobao/view/Panel3.java,add
e4019c80-4d28-4208-93ad-b68760aa61ab,4754b507-d078-4fea-9d0a-e983eb35bbe4,51db6313-6bc5-4b16-abff-14f492d86acf,->,e4019c80-4d28-4208-93ad-b68760aa61ab,javax/swing/JFileChooser.java,setFileSelectionMode
e4019c80-4d28-4208-93ad-b68760aa61ab,4754b507-d078-4fea-9d0a-e983eb35bbe4,51db6313-6bc5-4b16-abff-14f492d86acf,->,e4019c80-4d28-4208-93ad-b68760aa61ab,javax/swing/JFileChooser.java,addMouseListener
e4019c80-4d28-4208-93ad-b68760aa61ab,4754b507-d078-4fea-9d0a-e983eb35bbe4,51db6313-6bc5-4b16-abff-14f492d86acf,->,e4019c80-4d28-4208-93ad-b68760aa61ab,javax/swing/JFileChooser.java,showOpenDialog
e4019c80-4d28-4208-93ad-b68760aa61ab,4754b507-d078-4fea-9d0a-e983eb35bbe4,51db6313-6bc5-4b16-abff-14f492d86acf,->,e4019c80-4d28-4208-93ad-b68760aa61ab,java/lang/StringBuilder.java,append
e4019c80-4d28-4208-93ad-b68760aa61ab,4754b507-d078-4fea-9d0a-e983eb35bbe4,51db6313-6bc5-4b16-abff-14f492d86acf,->,e4019c80-4d28-4208-93ad-b68760aa61ab,javax/swing/JFileChooser.java,getCurrentDirectory
e4019c80-4d28-4208-93ad-b68760aa61ab,4754b507-d078-4fea-9d0a-e983eb35bbe4,51db6313-6bc5-4b16-abff-14f492d86acf,->,e4019c80-4d28-4208-93ad-b68760aa61ab,java/lang/StringBuilder.java,append
e4019c80-4d28-4208-93ad-b68760aa61ab,4754b507-d078-4fea-9d0a-e983eb35bbe4,51db6313-6bc5-4b16-abff-14f492d86acf,->,e4019c80-4d28-4208-93ad-b68760aa61ab,java/lang/StringBuilder.java,toString
e4019c80-4d28-4208-93ad-b68760aa61ab,4754b507-d078-4fea-9d0a-e983eb35bbe4,51db6313-6bc5-4b16-abff-14f492d86acf,->,e4019c80-4d28-4208-93ad-b68760aa61ab,java/io/PrintStream.java,println
e4019c80-4d28-4208-93ad-b68760aa61ab,4754b507-d078-4fea-9d0a-e983eb35bbe4,51db6313-6bc5-4b16-abff-14f492d86acf,->,e4019c80-4d28-4208-93ad-b68760aa61ab,java/lang/StringBuilder.java,append
e4019c80-4d28-4208-93ad-b68760aa61ab,4754b507-d078-4fea-9d0a-e983eb35bbe4,51db6313-6bc5-4b16-abff-14f492d86acf,->,e4019c80-4d28-4208-93ad-b68760aa61ab,javax/swing/JFileChooser.java,getSelectedFile
e4019c80-4d28-4208-93ad-b68760aa61ab,4754b507-d078-4fea-9d0a-e983eb35bbe4,51db6313-6bc5-4b16-abff-14f492d86acf,->,e4019c80-4d28-4208-93ad-b68760aa61ab,java/lang/StringBuilder.java,append
e4019c80-4d28-4208-93ad-b68760aa61ab,4754b507-d078-4fea-9d0a-e983eb35bbe4,51db6313-6bc5-4b16-abff-14f492d86acf,->,e4019c80-4d28-4208-93ad-b68760aa61ab,java/lang/StringBuilder.java,toString
e4019c80-4d28-4208-93ad-b68760aa61ab,4754b507-d078-4fea-9d0a-e983eb35bbe4,51db6313-6bc5-4b16-abff-14f492d86acf,->,e4019c80-4d28-4208-93ad-b68760aa61ab,java/io/PrintStream.java,println
e4019c80-4d28-4208-93ad-b68760aa61ab,4754b507-d078-4fea-9d0a-e983eb35bbe4,51db6313-6bc5-4b16-abff-14f492d86acf,->,e4019c80-4d28-4208-93ad-b68760aa61ab,javax/swing/JFileChooser.java,getSelectedFile
e4019c80-4d28-4208-93ad-b68760aa61ab,4754b507-d078-4fea-9d0a-e983eb35bbe4,51db6313-6bc5-4b16-abff-14f492d86acf,->,e4019c80-4d28-4208-93ad-b68760aa61ab,java/io/File.java,getAbsolutePath
e4019c80-4d28-4208-93ad-b68760aa61ab,4754b507-d078-4fea-9d0a-e983eb35bbe4,51db6313-6bc5-4b16-abff-14f492d86acf,->,e4019c80-4d28-4208-93ad-b68760aa61ab,javax/swing/JTextField.java,setText
e4019c80-4d28-4208-93ad-b68760aa61ab,4754b507-d078-4fea-9d0a-e983eb35bbe4,51db6313-6bc5-4b16-abff-14f492d86acf,->,e4019c80-4d28-4208-93ad-b68760aa61ab,javax/swing/JFileChooser.java,getSelectedFile
e4019c80-4d28-4208-93ad-b68760aa61ab,4754b507-d078-4fea-9d0a-e983eb35bbe4,51db6313-6bc5-4b16-abff-14f492d86acf,->,e4019c80-4d28-4208-93ad-b68760aa61ab,java/io/File.java,getAbsolutePath
e4019c80-4d28-4208-93ad-b68760aa61ab,4754b507-d078-4fea-9d0a-e983eb35bbe4,51db6313-6bc5-4b16-abff-14f492d86acf,->,e4019c80-4d28-4208-93ad-b68760aa61ab,java/io/PrintStream.java,println
e4019c80-4d28-4208-93ad-b68760aa61ab,4754b507-d078-4fea-9d0a-e983eb35bbe4,fb16c95d-161d-4dc9-8d86-10521db4f85b,->,e4019c80-4d28-4208-93ad-b68760aa61ab,javax/swing/JProgressBar.java,setIndeterminate
e4019c80-4d28-4208-93ad-b68760aa61ab,4754b507-d078-4fea-9d0a-e983eb35bbe4,fb16c95d-161d-4dc9-8d86-10521db4f85b,->,e4019c80-4d28-4208-93ad-b68760aa61ab,javax/swing/JProgressBar.java,setValue
e4019c80-4d28-4208-93ad-b68760aa61ab,4754b507-d078-4fea-9d0a-e983eb35bbe4,fb16c95d-161d-4dc9-8d86-10521db4f85b,->,e4019c80-4d28-4208-93ad-b68760aa61ab,com/taobao/view/Panel3$WorkThread.java,start
e4019c80-4d28-4208-93ad-b68760aa61ab,com/taobao/view/Panel3.java,access$000,->,e4019c80-4d28-4208-93ad-b68760aa61ab,4754b507-d078-4fea-9d0a-e983eb35bbe4,3a4cadd3-8043-4321-96c6-56f30abeb79d
e4019c80-4d28-4208-93ad-b68760aa61ab,com/taobao/view/Panel3.java,access$100,->,e4019c80-4d28-4208-93ad-b68760aa61ab,4754b507-d078-4fea-9d0a-e983eb35bbe4,51db6313-6bc5-4b16-abff-14f492d86acf
e4019c80-4d28-4208-93ad-b68760aa61ab,com/taobao/view/Panel3.java,access$200,->,e4019c80-4d28-4208-93ad-b68760aa61ab,4754b507-d078-4fea-9d0a-e983eb35bbe4,fb16c95d-161d-4dc9-8d86-10521db4f85b
e4019c80-4d28-4208-93ad-b68760aa61ab,com/taobao/view/Panel2$14.java,mouseClicked,->,e4019c80-4d28-4208-93ad-b68760aa61ab,java/awt/event/MouseEvent.java,getClickCount
e4019c80-4d28-4208-93ad-b68760aa61ab,com/taobao/view/Panel2$14.java,mouseClicked,->,e4019c80-4d28-4208-93ad-b68760aa61ab,javax/swing/JFileChooser.java,getSelectedFile
e4019c80-4d28-4208-93ad-b68760aa61ab,com/taobao/view/Panel2$14.java,mouseClicked,->,e4019c80-4d28-4208-93ad-b68760aa61ab,java/io/File.java,isDirectory
e4019c80-4d28-4208-93ad-b68760aa61ab,com/taobao/view/Panel2$14.java,mouseClicked,->,e4019c80-4d28-4208-93ad-b68760aa61ab,javax/swing/JFileChooser.java,setCurrentDirectory
e4019c80-4d28-4208-93ad-b68760aa61ab,com/taobao/view/Panel2$14.java,mouseClicked,->,e4019c80-4d28-4208-93ad-b68760aa61ab,javax/swing/JFileChooser.java,rescanCurrentDirectory
e4019c80-4d28-4208-93ad-b68760aa61ab,com/taobao/view/Panel2$14.java,mouseClicked,->,e4019c80-4d28-4208-93ad-b68760aa61ab,javax/swing/JFileChooser.java,approveSelection
e4019c80-4d28-4208-93ad-b68760aa61ab,com/taobao/view/Panel2$1.java,actionPerformed,->,e4019c80-4d28-4208-93ad-b68760aa61ab,com/taobao/view/Panel2.java,access$000
e4019c80-4d28-4208-93ad-b68760aa61ab,com/taobao/view/Panel2$15.java,mouseClicked,->,e4019c80-4d28-4208-93ad-b68760aa61ab,java/awt/event/MouseEvent.java,getClickCount
e4019c80-4d28-4208-93ad-b68760aa61ab,com/taobao/view/Panel2$15.java,mouseClicked,->,e4019c80-4d28-4208-93ad-b68760aa61ab,javax/swing/JFileChooser.java,getSelectedFile
e4019c80-4d28-4208-93ad-b68760aa61ab,com/taobao/view/Panel2$15.java,mouseClicked,->,e4019c80-4d28-4208-93ad-b68760aa61ab,java/io/File.java,isDirectory
e4019c80-4d28-4208-93ad-b68760aa61ab,com/taobao/view/Panel2$15.java,mouseClicked,->,e4019c80-4d28-4208-93ad-b68760aa61ab,javax/swing/JFileChooser.java,setCurrentDirectory
e4019c80-4d28-4208-93ad-b68760aa61ab,com/taobao/view/Panel2$15.java,mouseClicked,->,e4019c80-4d28-4208-93ad-b68760aa61ab,javax/swing/JFileChooser.java,rescanCurrentDirectory
e4019c80-4d28-4208-93ad-b68760aa61ab,com/taobao/view/Panel2$15.java,mouseClicked,->,e4019c80-4d28-4208-93ad-b68760aa61ab,javax/swing/JFileChooser.java,approveSelection
e4019c80-4d28-4208-93ad-b68760aa61ab,com/taobao/view/Panel2$9.java,actionPerformed,->,e4019c80-4d28-4208-93ad-b68760aa61ab,com/taobao/view/Panel2.java,access$800
e4019c80-4d28-4208-93ad-b68760aa61ab,com/taobao/view/Panel3$WorkThread.java,run,->,e4019c80-4d28-4208-93ad-b68760aa61ab,com/taobao/view/Panel3.java,access$300
e4019c80-4d28-4208-93ad-b68760aa61ab,com/taobao/view/Panel3$WorkThread.java,run,->,e4019c80-4d28-4208-93ad-b68760aa61ab,ddd85526-bf88-4ddd-9b0d-5bafe7e32b21,9af4fd7c-9594-47d6-af98-3bbd95925baa
e4019c80-4d28-4208-93ad-b68760aa61ab,com/taobao/view/Panel3$WorkThread.java,run,->,e4019c80-4d28-4208-93ad-b68760aa61ab,f0a569d8-4b43-4a1e-bf63-6859663ed23d,0b0ff3a8-699b-48d3-a6c2-1b919b3a6cb6
e4019c80-4d28-4208-93ad-b68760aa61ab,com/taobao/view/Panel3$WorkThread.java,run,->,e4019c80-4d28-4208-93ad-b68760aa61ab,com/taobao/view/Panel3.java,access$400
e4019c80-4d28-4208-93ad-b68760aa61ab,com/taobao/view/Panel3$WorkThread.java,run,->,e4019c80-4d28-4208-93ad-b68760aa61ab,javax/swing/JPanel.java,add
e4019c80-4d28-4208-93ad-b68760aa61ab,com/taobao/view/Panel3$WorkThread.java,run,->,e4019c80-4d28-4208-93ad-b68760aa61ab,com/taobao/view/Panel3.java,access$400
e4019c80-4d28-4208-93ad-b68760aa61ab,com/taobao/view/Panel3$WorkThread.java,run,->,e4019c80-4d28-4208-93ad-b68760aa61ab,javax/swing/JPanel.java,revalidate
e4019c80-4d28-4208-93ad-b68760aa61ab,com/taobao/view/Panel3$WorkThread.java,run,->,e4019c80-4d28-4208-93ad-b68760aa61ab,com/taobao/view/Panel3.java,revalidate
e4019c80-4d28-4208-93ad-b68760aa61ab,com/taobao/view/Panel3$WorkThread.java,run,->,e4019c80-4d28-4208-93ad-b68760aa61ab,java/io/PrintStream.java,println
e4019c80-4d28-4208-93ad-b68760aa61ab,com/taobao/view/Panel3$WorkThread.java,run,->,e4019c80-4d28-4208-93ad-b68760aa61ab,java/io/PrintStream.java,println
e4019c80-4d28-4208-93ad-b68760aa61ab,com/taobao/view/Panel3$WorkThread.java,run,->,e4019c80-4d28-4208-93ad-b68760aa61ab,com/taobao/view/Panel3.java,access$500
e4019c80-4d28-4208-93ad-b68760aa61ab,com/taobao/view/Panel3$WorkThread.java,run,->,e4019c80-4d28-4208-93ad-b68760aa61ab,javax/swing/JProgressBar.java,setIndeterminate
e4019c80-4d28-4208-93ad-b68760aa61ab,com/taobao/view/Panel3$WorkThread.java,run,->,e4019c80-4d28-4208-93ad-b68760aa61ab,com/taobao/view/Panel3.java,access$500
e4019c80-4d28-4208-93ad-b68760aa61ab,com/taobao/view/Panel3$WorkThread.java,run,->,e4019c80-4d28-4208-93ad-b68760aa61ab,javax/swing/JProgressBar.java,setValue
e4019c80-4d28-4208-93ad-b68760aa61ab,com/taobao/view/Panel2$13.java,mouseClicked,->,e4019c80-4d28-4208-93ad-b68760aa61ab,java/awt/event/MouseEvent.java,getClickCount
e4019c80-4d28-4208-93ad-b68760aa61ab,com/taobao/view/Panel2$13.java,mouseClicked,->,e4019c80-4d28-4208-93ad-b68760aa61ab,javax/swing/JFileChooser.java,getSelectedFile
e4019c80-4d28-4208-93ad-b68760aa61ab,com/taobao/view/Panel2$13.java,mouseClicked,->,e4019c80-4d28-4208-93ad-b68760aa61ab,java/io/File.java,isDirectory
e4019c80-4d28-4208-93ad-b68760aa61ab,com/taobao/view/Panel2$13.java,mouseClicked,->,e4019c80-4d28-4208-93ad-b68760aa61ab,javax/swing/JFileChooser.java,setCurrentDirectory
e4019c80-4d28-4208-93ad-b68760aa61ab,com/taobao/view/Panel2$13.java,mouseClicked,->,e4019c80-4d28-4208-93ad-b68760aa61ab,javax/swing/JFileChooser.java,rescanCurrentDirectory
e4019c80-4d28-4208-93ad-b68760aa61ab,com/taobao/view/Panel2$13.java,mouseClicked,->,e4019c80-4d28-4208-93ad-b68760aa61ab,javax/swing/JFileChooser.java,approveSelection
