caller_project_id,caller_class_id,caller_method_id,CALL_DIRECTION,callee_project_id,callee_class_id,callee_method_id
ec9c72b2-71f3-42cd-a408-1718b2bc97ad,312d2796-1996-45ad-9507-910bd54568d9,3a0bb009-3e99-4678-a034-ad211415d68d,->,ec9c72b2-71f3-42cd-a408-1718b2bc97ad,2995b936-733b-48f9-bdb8-070d883aef29,6c38c183-110b-4bf3-a302-dadd3d5a17d8
ec9c72b2-71f3-42cd-a408-1718b2bc97ad,312d2796-1996-45ad-9507-910bd54568d9,b7c0361c-5d2d-416d-88c9-f3d68395760c,->,ec9c72b2-71f3-42cd-a408-1718b2bc97ad,2995b936-733b-48f9-bdb8-070d883aef29,93a7392a-e312-433a-98d1-7f285310751c
ec9c72b2-71f3-42cd-a408-1718b2bc97ad,312d2796-1996-45ad-9507-910bd54568d9,52143d33-927c-48e1-89d4-e92d52703b02,->,ec9c72b2-71f3-42cd-a408-1718b2bc97ad,2995b936-733b-48f9-bdb8-070d883aef29,007a72ed-3b3e-450b-8824-2817a45648a7
ec9c72b2-71f3-42cd-a408-1718b2bc97ad,bf5eaeac-dca8-40f5-90d5-f7d3aa236fde,6cfeccd2-2a72-48a5-ad71-daeceaa69aad,->,ec9c72b2-71f3-42cd-a408-1718b2bc97ad,java/util/List.java,iterator
ec9c72b2-71f3-42cd-a408-1718b2bc97ad,bf5eaeac-dca8-40f5-90d5-f7d3aa236fde,6cfeccd2-2a72-48a5-ad71-daeceaa69aad,->,ec9c72b2-71f3-42cd-a408-1718b2bc97ad,java/util/Iterator.java,hasNext
ec9c72b2-71f3-42cd-a408-1718b2bc97ad,bf5eaeac-dca8-40f5-90d5-f7d3aa236fde,6cfeccd2-2a72-48a5-ad71-daeceaa69aad,->,ec9c72b2-71f3-42cd-a408-1718b2bc97ad,java/util/Iterator.java,next
ec9c72b2-71f3-42cd-a408-1718b2bc97ad,bf5eaeac-dca8-40f5-90d5-f7d3aa236fde,6cfeccd2-2a72-48a5-ad71-daeceaa69aad,->,ec9c72b2-71f3-42cd-a408-1718b2bc97ad,8153b011-2f6b-4887-b102-711c0717daf2,ac6a111b-59e1-4f04-b1d7-145bd2c80103
ec9c72b2-71f3-42cd-a408-1718b2bc97ad,bf5eaeac-dca8-40f5-90d5-f7d3aa236fde,6cfeccd2-2a72-48a5-ad71-daeceaa69aad,->,ec9c72b2-71f3-42cd-a408-1718b2bc97ad,java/io/PrintStream.java,println
ec9c72b2-71f3-42cd-a408-1718b2bc97ad,bf5eaeac-dca8-40f5-90d5-f7d3aa236fde,6cfeccd2-2a72-48a5-ad71-daeceaa69aad,->,ec9c72b2-71f3-42cd-a408-1718b2bc97ad,8153b011-2f6b-4887-b102-711c0717daf2,e52f70ef-82e8-4d5b-8399-a9b5e9f41ddb
ec9c72b2-71f3-42cd-a408-1718b2bc97ad,bf5eaeac-dca8-40f5-90d5-f7d3aa236fde,6cfeccd2-2a72-48a5-ad71-daeceaa69aad,->,ec9c72b2-71f3-42cd-a408-1718b2bc97ad,java/io/PrintStream.java,println
ec9c72b2-71f3-42cd-a408-1718b2bc97ad,bf5eaeac-dca8-40f5-90d5-f7d3aa236fde,6cfeccd2-2a72-48a5-ad71-daeceaa69aad,->,ec9c72b2-71f3-42cd-a408-1718b2bc97ad,8153b011-2f6b-4887-b102-711c0717daf2,c965778a-6a0d-42d1-9d82-3c8cf33a49b8
ec9c72b2-71f3-42cd-a408-1718b2bc97ad,bf5eaeac-dca8-40f5-90d5-f7d3aa236fde,6cfeccd2-2a72-48a5-ad71-daeceaa69aad,->,ec9c72b2-71f3-42cd-a408-1718b2bc97ad,java/io/PrintStream.java,println
ec9c72b2-71f3-42cd-a408-1718b2bc97ad,bf5eaeac-dca8-40f5-90d5-f7d3aa236fde,6cfeccd2-2a72-48a5-ad71-daeceaa69aad,->,ec9c72b2-71f3-42cd-a408-1718b2bc97ad,java/io/PrintStream.java,println
ec9c72b2-71f3-42cd-a408-1718b2bc97ad,bf5eaeac-dca8-40f5-90d5-f7d3aa236fde,6cfeccd2-2a72-48a5-ad71-daeceaa69aad,->,ec9c72b2-71f3-42cd-a408-1718b2bc97ad,java/util/List.java,size
ec9c72b2-71f3-42cd-a408-1718b2bc97ad,bf5eaeac-dca8-40f5-90d5-f7d3aa236fde,6cfeccd2-2a72-48a5-ad71-daeceaa69aad,->,ec9c72b2-71f3-42cd-a408-1718b2bc97ad,java/io/PrintStream.java,println
ec9c72b2-71f3-42cd-a408-1718b2bc97ad,bf5eaeac-dca8-40f5-90d5-f7d3aa236fde,8bc49c71-8f57-4019-b43f-2da7f4427ab3,->,ec9c72b2-71f3-42cd-a408-1718b2bc97ad,bf5eaeac-dca8-40f5-90d5-f7d3aa236fde,d4aa2e10-c84a-464c-8e7f-9da9a0117ca3
ec9c72b2-71f3-42cd-a408-1718b2bc97ad,bf5eaeac-dca8-40f5-90d5-f7d3aa236fde,8bc49c71-8f57-4019-b43f-2da7f4427ab3,->,ec9c72b2-71f3-42cd-a408-1718b2bc97ad,bf5eaeac-dca8-40f5-90d5-f7d3aa236fde,d4aa2e10-c84a-464c-8e7f-9da9a0117ca3
ec9c72b2-71f3-42cd-a408-1718b2bc97ad,bf5eaeac-dca8-40f5-90d5-f7d3aa236fde,8bc49c71-8f57-4019-b43f-2da7f4427ab3,->,ec9c72b2-71f3-42cd-a408-1718b2bc97ad,bf5eaeac-dca8-40f5-90d5-f7d3aa236fde,d4aa2e10-c84a-464c-8e7f-9da9a0117ca3
ec9c72b2-71f3-42cd-a408-1718b2bc97ad,bf5eaeac-dca8-40f5-90d5-f7d3aa236fde,8bc49c71-8f57-4019-b43f-2da7f4427ab3,->,ec9c72b2-71f3-42cd-a408-1718b2bc97ad,bf5eaeac-dca8-40f5-90d5-f7d3aa236fde,d4aa2e10-c84a-464c-8e7f-9da9a0117ca3
ec9c72b2-71f3-42cd-a408-1718b2bc97ad,bf5eaeac-dca8-40f5-90d5-f7d3aa236fde,8bc49c71-8f57-4019-b43f-2da7f4427ab3,->,ec9c72b2-71f3-42cd-a408-1718b2bc97ad,2995b936-733b-48f9-bdb8-070d883aef29,566a9d0f-49f6-4694-be3f-3239b4ce01f5
ec9c72b2-71f3-42cd-a408-1718b2bc97ad,bf5eaeac-dca8-40f5-90d5-f7d3aa236fde,8bc49c71-8f57-4019-b43f-2da7f4427ab3,->,ec9c72b2-71f3-42cd-a408-1718b2bc97ad,2995b936-733b-48f9-bdb8-070d883aef29,566a9d0f-49f6-4694-be3f-3239b4ce01f5
ec9c72b2-71f3-42cd-a408-1718b2bc97ad,bf5eaeac-dca8-40f5-90d5-f7d3aa236fde,8bc49c71-8f57-4019-b43f-2da7f4427ab3,->,ec9c72b2-71f3-42cd-a408-1718b2bc97ad,2995b936-733b-48f9-bdb8-070d883aef29,566a9d0f-49f6-4694-be3f-3239b4ce01f5
ec9c72b2-71f3-42cd-a408-1718b2bc97ad,bf5eaeac-dca8-40f5-90d5-f7d3aa236fde,8bc49c71-8f57-4019-b43f-2da7f4427ab3,->,ec9c72b2-71f3-42cd-a408-1718b2bc97ad,2995b936-733b-48f9-bdb8-070d883aef29,566a9d0f-49f6-4694-be3f-3239b4ce01f5
ec9c72b2-71f3-42cd-a408-1718b2bc97ad,bf5eaeac-dca8-40f5-90d5-f7d3aa236fde,8bc49c71-8f57-4019-b43f-2da7f4427ab3,->,ec9c72b2-71f3-42cd-a408-1718b2bc97ad,java/io/IOException.java,printStackTrace
ec9c72b2-71f3-42cd-a408-1718b2bc97ad,bf5eaeac-dca8-40f5-90d5-f7d3aa236fde,d4aa2e10-c84a-464c-8e7f-9da9a0117ca3,->,ec9c72b2-71f3-42cd-a408-1718b2bc97ad,java/lang/String.java,startsWith
ec9c72b2-71f3-42cd-a408-1718b2bc97ad,bf5eaeac-dca8-40f5-90d5-f7d3aa236fde,d4aa2e10-c84a-464c-8e7f-9da9a0117ca3,->,ec9c72b2-71f3-42cd-a408-1718b2bc97ad,java/lang/StringBuilder.java,append
ec9c72b2-71f3-42cd-a408-1718b2bc97ad,bf5eaeac-dca8-40f5-90d5-f7d3aa236fde,d4aa2e10-c84a-464c-8e7f-9da9a0117ca3,->,ec9c72b2-71f3-42cd-a408-1718b2bc97ad,java/lang/StringBuilder.java,append
ec9c72b2-71f3-42cd-a408-1718b2bc97ad,bf5eaeac-dca8-40f5-90d5-f7d3aa236fde,d4aa2e10-c84a-464c-8e7f-9da9a0117ca3,->,ec9c72b2-71f3-42cd-a408-1718b2bc97ad,java/lang/StringBuilder.java,append
ec9c72b2-71f3-42cd-a408-1718b2bc97ad,bf5eaeac-dca8-40f5-90d5-f7d3aa236fde,d4aa2e10-c84a-464c-8e7f-9da9a0117ca3,->,ec9c72b2-71f3-42cd-a408-1718b2bc97ad,java/lang/StringBuilder.java,toString
ec9c72b2-71f3-42cd-a408-1718b2bc97ad,bf5eaeac-dca8-40f5-90d5-f7d3aa236fde,d4aa2e10-c84a-464c-8e7f-9da9a0117ca3,->,ec9c72b2-71f3-42cd-a408-1718b2bc97ad,java/lang/String.java,startsWith
ec9c72b2-71f3-42cd-a408-1718b2bc97ad,bf5eaeac-dca8-40f5-90d5-f7d3aa236fde,d4aa2e10-c84a-464c-8e7f-9da9a0117ca3,->,ec9c72b2-71f3-42cd-a408-1718b2bc97ad,java/lang/StringBuilder.java,append
ec9c72b2-71f3-42cd-a408-1718b2bc97ad,bf5eaeac-dca8-40f5-90d5-f7d3aa236fde,d4aa2e10-c84a-464c-8e7f-9da9a0117ca3,->,ec9c72b2-71f3-42cd-a408-1718b2bc97ad,java/lang/StringBuilder.java,append
ec9c72b2-71f3-42cd-a408-1718b2bc97ad,bf5eaeac-dca8-40f5-90d5-f7d3aa236fde,d4aa2e10-c84a-464c-8e7f-9da9a0117ca3,->,ec9c72b2-71f3-42cd-a408-1718b2bc97ad,java/lang/StringBuilder.java,append
ec9c72b2-71f3-42cd-a408-1718b2bc97ad,bf5eaeac-dca8-40f5-90d5-f7d3aa236fde,d4aa2e10-c84a-464c-8e7f-9da9a0117ca3,->,ec9c72b2-71f3-42cd-a408-1718b2bc97ad,java/lang/StringBuilder.java,append
ec9c72b2-71f3-42cd-a408-1718b2bc97ad,bf5eaeac-dca8-40f5-90d5-f7d3aa236fde,d4aa2e10-c84a-464c-8e7f-9da9a0117ca3,->,ec9c72b2-71f3-42cd-a408-1718b2bc97ad,java/lang/StringBuilder.java,toString
ec9c72b2-71f3-42cd-a408-1718b2bc97ad,bf5eaeac-dca8-40f5-90d5-f7d3aa236fde,d4aa2e10-c84a-464c-8e7f-9da9a0117ca3,->,ec9c72b2-71f3-42cd-a408-1718b2bc97ad,java/lang/StringBuilder.java,append
ec9c72b2-71f3-42cd-a408-1718b2bc97ad,bf5eaeac-dca8-40f5-90d5-f7d3aa236fde,d4aa2e10-c84a-464c-8e7f-9da9a0117ca3,->,ec9c72b2-71f3-42cd-a408-1718b2bc97ad,java/lang/StringBuilder.java,append
ec9c72b2-71f3-42cd-a408-1718b2bc97ad,bf5eaeac-dca8-40f5-90d5-f7d3aa236fde,d4aa2e10-c84a-464c-8e7f-9da9a0117ca3,->,ec9c72b2-71f3-42cd-a408-1718b2bc97ad,java/lang/StringBuilder.java,toString
ec9c72b2-71f3-42cd-a408-1718b2bc97ad,bf5eaeac-dca8-40f5-90d5-f7d3aa236fde,d4aa2e10-c84a-464c-8e7f-9da9a0117ca3,->,ec9c72b2-71f3-42cd-a408-1718b2bc97ad,org/jsoup/Jsoup.java,connect
ec9c72b2-71f3-42cd-a408-1718b2bc97ad,bf5eaeac-dca8-40f5-90d5-f7d3aa236fde,d4aa2e10-c84a-464c-8e7f-9da9a0117ca3,->,ec9c72b2-71f3-42cd-a408-1718b2bc97ad,org/jsoup/Connection.java,timeout
ec9c72b2-71f3-42cd-a408-1718b2bc97ad,bf5eaeac-dca8-40f5-90d5-f7d3aa236fde,d4aa2e10-c84a-464c-8e7f-9da9a0117ca3,->,ec9c72b2-71f3-42cd-a408-1718b2bc97ad,org/jsoup/Connection.java,userAgent
ec9c72b2-71f3-42cd-a408-1718b2bc97ad,bf5eaeac-dca8-40f5-90d5-f7d3aa236fde,d4aa2e10-c84a-464c-8e7f-9da9a0117ca3,->,ec9c72b2-71f3-42cd-a408-1718b2bc97ad,org/jsoup/Connection.java,header
ec9c72b2-71f3-42cd-a408-1718b2bc97ad,bf5eaeac-dca8-40f5-90d5-f7d3aa236fde,d4aa2e10-c84a-464c-8e7f-9da9a0117ca3,->,ec9c72b2-71f3-42cd-a408-1718b2bc97ad,org/jsoup/Connection.java,get
ec9c72b2-71f3-42cd-a408-1718b2bc97ad,bf5eaeac-dca8-40f5-90d5-f7d3aa236fde,d4aa2e10-c84a-464c-8e7f-9da9a0117ca3,->,ec9c72b2-71f3-42cd-a408-1718b2bc97ad,org/jsoup/nodes/Document.java,getElementsByClass
ec9c72b2-71f3-42cd-a408-1718b2bc97ad,bf5eaeac-dca8-40f5-90d5-f7d3aa236fde,d4aa2e10-c84a-464c-8e7f-9da9a0117ca3,->,ec9c72b2-71f3-42cd-a408-1718b2bc97ad,org/jsoup/select/Elements.java,iterator
ec9c72b2-71f3-42cd-a408-1718b2bc97ad,bf5eaeac-dca8-40f5-90d5-f7d3aa236fde,d4aa2e10-c84a-464c-8e7f-9da9a0117ca3,->,ec9c72b2-71f3-42cd-a408-1718b2bc97ad,java/util/Iterator.java,hasNext
ec9c72b2-71f3-42cd-a408-1718b2bc97ad,bf5eaeac-dca8-40f5-90d5-f7d3aa236fde,d4aa2e10-c84a-464c-8e7f-9da9a0117ca3,->,ec9c72b2-71f3-42cd-a408-1718b2bc97ad,java/util/Iterator.java,next
ec9c72b2-71f3-42cd-a408-1718b2bc97ad,bf5eaeac-dca8-40f5-90d5-f7d3aa236fde,d4aa2e10-c84a-464c-8e7f-9da9a0117ca3,->,ec9c72b2-71f3-42cd-a408-1718b2bc97ad,org/jsoup/nodes/Element.java,text
ec9c72b2-71f3-42cd-a408-1718b2bc97ad,bf5eaeac-dca8-40f5-90d5-f7d3aa236fde,d4aa2e10-c84a-464c-8e7f-9da9a0117ca3,->,ec9c72b2-71f3-42cd-a408-1718b2bc97ad,org/jsoup/nodes/Element.java,select
ec9c72b2-71f3-42cd-a408-1718b2bc97ad,bf5eaeac-dca8-40f5-90d5-f7d3aa236fde,d4aa2e10-c84a-464c-8e7f-9da9a0117ca3,->,ec9c72b2-71f3-42cd-a408-1718b2bc97ad,org/jsoup/select/Elements.java,attr
ec9c72b2-71f3-42cd-a408-1718b2bc97ad,bf5eaeac-dca8-40f5-90d5-f7d3aa236fde,d4aa2e10-c84a-464c-8e7f-9da9a0117ca3,->,ec9c72b2-71f3-42cd-a408-1718b2bc97ad,java/lang/String.java,contains
ec9c72b2-71f3-42cd-a408-1718b2bc97ad,bf5eaeac-dca8-40f5-90d5-f7d3aa236fde,d4aa2e10-c84a-464c-8e7f-9da9a0117ca3,->,ec9c72b2-71f3-42cd-a408-1718b2bc97ad,java/lang/String.java,contains
ec9c72b2-71f3-42cd-a408-1718b2bc97ad,bf5eaeac-dca8-40f5-90d5-f7d3aa236fde,d4aa2e10-c84a-464c-8e7f-9da9a0117ca3,->,ec9c72b2-71f3-42cd-a408-1718b2bc97ad,java/lang/String.java,contains
ec9c72b2-71f3-42cd-a408-1718b2bc97ad,bf5eaeac-dca8-40f5-90d5-f7d3aa236fde,d4aa2e10-c84a-464c-8e7f-9da9a0117ca3,->,ec9c72b2-71f3-42cd-a408-1718b2bc97ad,java/lang/String.java,contains
ec9c72b2-71f3-42cd-a408-1718b2bc97ad,bf5eaeac-dca8-40f5-90d5-f7d3aa236fde,d4aa2e10-c84a-464c-8e7f-9da9a0117ca3,->,ec9c72b2-71f3-42cd-a408-1718b2bc97ad,java/lang/String.java,contains
ec9c72b2-71f3-42cd-a408-1718b2bc97ad,bf5eaeac-dca8-40f5-90d5-f7d3aa236fde,d4aa2e10-c84a-464c-8e7f-9da9a0117ca3,->,ec9c72b2-71f3-42cd-a408-1718b2bc97ad,java/lang/String.java,contains
ec9c72b2-71f3-42cd-a408-1718b2bc97ad,bf5eaeac-dca8-40f5-90d5-f7d3aa236fde,d4aa2e10-c84a-464c-8e7f-9da9a0117ca3,->,ec9c72b2-71f3-42cd-a408-1718b2bc97ad,java/lang/String.java,contains
ec9c72b2-71f3-42cd-a408-1718b2bc97ad,bf5eaeac-dca8-40f5-90d5-f7d3aa236fde,d4aa2e10-c84a-464c-8e7f-9da9a0117ca3,->,ec9c72b2-71f3-42cd-a408-1718b2bc97ad,java/lang/String.java,contains
ec9c72b2-71f3-42cd-a408-1718b2bc97ad,bf5eaeac-dca8-40f5-90d5-f7d3aa236fde,d4aa2e10-c84a-464c-8e7f-9da9a0117ca3,->,ec9c72b2-71f3-42cd-a408-1718b2bc97ad,java/lang/String.java,contains
ec9c72b2-71f3-42cd-a408-1718b2bc97ad,bf5eaeac-dca8-40f5-90d5-f7d3aa236fde,d4aa2e10-c84a-464c-8e7f-9da9a0117ca3,->,ec9c72b2-71f3-42cd-a408-1718b2bc97ad,java/lang/String.java,contains
ec9c72b2-71f3-42cd-a408-1718b2bc97ad,bf5eaeac-dca8-40f5-90d5-f7d3aa236fde,d4aa2e10-c84a-464c-8e7f-9da9a0117ca3,->,ec9c72b2-71f3-42cd-a408-1718b2bc97ad,java/lang/String.java,contains
ec9c72b2-71f3-42cd-a408-1718b2bc97ad,bf5eaeac-dca8-40f5-90d5-f7d3aa236fde,d4aa2e10-c84a-464c-8e7f-9da9a0117ca3,->,ec9c72b2-71f3-42cd-a408-1718b2bc97ad,java/lang/String.java,contains
ec9c72b2-71f3-42cd-a408-1718b2bc97ad,bf5eaeac-dca8-40f5-90d5-f7d3aa236fde,d4aa2e10-c84a-464c-8e7f-9da9a0117ca3,->,ec9c72b2-71f3-42cd-a408-1718b2bc97ad,java/lang/String.java,contains
ec9c72b2-71f3-42cd-a408-1718b2bc97ad,bf5eaeac-dca8-40f5-90d5-f7d3aa236fde,d4aa2e10-c84a-464c-8e7f-9da9a0117ca3,->,ec9c72b2-71f3-42cd-a408-1718b2bc97ad,java/lang/String.java,contains
ec9c72b2-71f3-42cd-a408-1718b2bc97ad,bf5eaeac-dca8-40f5-90d5-f7d3aa236fde,d4aa2e10-c84a-464c-8e7f-9da9a0117ca3,->,ec9c72b2-71f3-42cd-a408-1718b2bc97ad,java/lang/String.java,contains
ec9c72b2-71f3-42cd-a408-1718b2bc97ad,bf5eaeac-dca8-40f5-90d5-f7d3aa236fde,d4aa2e10-c84a-464c-8e7f-9da9a0117ca3,->,ec9c72b2-71f3-42cd-a408-1718b2bc97ad,java/lang/String.java,contains
ec9c72b2-71f3-42cd-a408-1718b2bc97ad,bf5eaeac-dca8-40f5-90d5-f7d3aa236fde,d4aa2e10-c84a-464c-8e7f-9da9a0117ca3,->,ec9c72b2-71f3-42cd-a408-1718b2bc97ad,java/lang/String.java,contains
ec9c72b2-71f3-42cd-a408-1718b2bc97ad,bf5eaeac-dca8-40f5-90d5-f7d3aa236fde,d4aa2e10-c84a-464c-8e7f-9da9a0117ca3,->,ec9c72b2-71f3-42cd-a408-1718b2bc97ad,java/lang/String.java,contains
ec9c72b2-71f3-42cd-a408-1718b2bc97ad,bf5eaeac-dca8-40f5-90d5-f7d3aa236fde,d4aa2e10-c84a-464c-8e7f-9da9a0117ca3,->,ec9c72b2-71f3-42cd-a408-1718b2bc97ad,java/lang/String.java,contains
ec9c72b2-71f3-42cd-a408-1718b2bc97ad,bf5eaeac-dca8-40f5-90d5-f7d3aa236fde,d4aa2e10-c84a-464c-8e7f-9da9a0117ca3,->,ec9c72b2-71f3-42cd-a408-1718b2bc97ad,java/lang/String.java,contains
ec9c72b2-71f3-42cd-a408-1718b2bc97ad,bf5eaeac-dca8-40f5-90d5-f7d3aa236fde,d4aa2e10-c84a-464c-8e7f-9da9a0117ca3,->,ec9c72b2-71f3-42cd-a408-1718b2bc97ad,java/lang/String.java,contains
ec9c72b2-71f3-42cd-a408-1718b2bc97ad,bf5eaeac-dca8-40f5-90d5-f7d3aa236fde,d4aa2e10-c84a-464c-8e7f-9da9a0117ca3,->,ec9c72b2-71f3-42cd-a408-1718b2bc97ad,java/lang/String.java,contains
ec9c72b2-71f3-42cd-a408-1718b2bc97ad,bf5eaeac-dca8-40f5-90d5-f7d3aa236fde,d4aa2e10-c84a-464c-8e7f-9da9a0117ca3,->,ec9c72b2-71f3-42cd-a408-1718b2bc97ad,java/lang/String.java,contains
ec9c72b2-71f3-42cd-a408-1718b2bc97ad,bf5eaeac-dca8-40f5-90d5-f7d3aa236fde,d4aa2e10-c84a-464c-8e7f-9da9a0117ca3,->,ec9c72b2-71f3-42cd-a408-1718b2bc97ad,java/lang/String.java,contains
ec9c72b2-71f3-42cd-a408-1718b2bc97ad,bf5eaeac-dca8-40f5-90d5-f7d3aa236fde,d4aa2e10-c84a-464c-8e7f-9da9a0117ca3,->,ec9c72b2-71f3-42cd-a408-1718b2bc97ad,java/lang/String.java,contains
ec9c72b2-71f3-42cd-a408-1718b2bc97ad,bf5eaeac-dca8-40f5-90d5-f7d3aa236fde,d4aa2e10-c84a-464c-8e7f-9da9a0117ca3,->,ec9c72b2-71f3-42cd-a408-1718b2bc97ad,java/lang/String.java,contains
ec9c72b2-71f3-42cd-a408-1718b2bc97ad,bf5eaeac-dca8-40f5-90d5-f7d3aa236fde,d4aa2e10-c84a-464c-8e7f-9da9a0117ca3,->,ec9c72b2-71f3-42cd-a408-1718b2bc97ad,java/lang/String.java,contains
ec9c72b2-71f3-42cd-a408-1718b2bc97ad,bf5eaeac-dca8-40f5-90d5-f7d3aa236fde,d4aa2e10-c84a-464c-8e7f-9da9a0117ca3,->,ec9c72b2-71f3-42cd-a408-1718b2bc97ad,java/lang/String.java,contains
ec9c72b2-71f3-42cd-a408-1718b2bc97ad,bf5eaeac-dca8-40f5-90d5-f7d3aa236fde,d4aa2e10-c84a-464c-8e7f-9da9a0117ca3,->,ec9c72b2-71f3-42cd-a408-1718b2bc97ad,java/lang/String.java,contains
ec9c72b2-71f3-42cd-a408-1718b2bc97ad,bf5eaeac-dca8-40f5-90d5-f7d3aa236fde,d4aa2e10-c84a-464c-8e7f-9da9a0117ca3,->,ec9c72b2-71f3-42cd-a408-1718b2bc97ad,java/lang/String.java,contains
ec9c72b2-71f3-42cd-a408-1718b2bc97ad,bf5eaeac-dca8-40f5-90d5-f7d3aa236fde,d4aa2e10-c84a-464c-8e7f-9da9a0117ca3,->,ec9c72b2-71f3-42cd-a408-1718b2bc97ad,java/lang/String.java,contains
ec9c72b2-71f3-42cd-a408-1718b2bc97ad,bf5eaeac-dca8-40f5-90d5-f7d3aa236fde,d4aa2e10-c84a-464c-8e7f-9da9a0117ca3,->,ec9c72b2-71f3-42cd-a408-1718b2bc97ad,java/lang/String.java,contains
ec9c72b2-71f3-42cd-a408-1718b2bc97ad,bf5eaeac-dca8-40f5-90d5-f7d3aa236fde,d4aa2e10-c84a-464c-8e7f-9da9a0117ca3,->,ec9c72b2-71f3-42cd-a408-1718b2bc97ad,java/lang/String.java,contains
ec9c72b2-71f3-42cd-a408-1718b2bc97ad,bf5eaeac-dca8-40f5-90d5-f7d3aa236fde,d4aa2e10-c84a-464c-8e7f-9da9a0117ca3,->,ec9c72b2-71f3-42cd-a408-1718b2bc97ad,java/lang/String.java,contains
ec9c72b2-71f3-42cd-a408-1718b2bc97ad,bf5eaeac-dca8-40f5-90d5-f7d3aa236fde,d4aa2e10-c84a-464c-8e7f-9da9a0117ca3,->,ec9c72b2-71f3-42cd-a408-1718b2bc97ad,java/lang/String.java,contains
ec9c72b2-71f3-42cd-a408-1718b2bc97ad,bf5eaeac-dca8-40f5-90d5-f7d3aa236fde,d4aa2e10-c84a-464c-8e7f-9da9a0117ca3,->,ec9c72b2-71f3-42cd-a408-1718b2bc97ad,java/lang/String.java,contains
ec9c72b2-71f3-42cd-a408-1718b2bc97ad,bf5eaeac-dca8-40f5-90d5-f7d3aa236fde,d4aa2e10-c84a-464c-8e7f-9da9a0117ca3,->,ec9c72b2-71f3-42cd-a408-1718b2bc97ad,java/lang/String.java,contains
ec9c72b2-71f3-42cd-a408-1718b2bc97ad,bf5eaeac-dca8-40f5-90d5-f7d3aa236fde,d4aa2e10-c84a-464c-8e7f-9da9a0117ca3,->,ec9c72b2-71f3-42cd-a408-1718b2bc97ad,java/lang/String.java,contains
ec9c72b2-71f3-42cd-a408-1718b2bc97ad,bf5eaeac-dca8-40f5-90d5-f7d3aa236fde,d4aa2e10-c84a-464c-8e7f-9da9a0117ca3,->,ec9c72b2-71f3-42cd-a408-1718b2bc97ad,java/lang/String.java,contains
ec9c72b2-71f3-42cd-a408-1718b2bc97ad,bf5eaeac-dca8-40f5-90d5-f7d3aa236fde,d4aa2e10-c84a-464c-8e7f-9da9a0117ca3,->,ec9c72b2-71f3-42cd-a408-1718b2bc97ad,java/lang/String.java,contains
ec9c72b2-71f3-42cd-a408-1718b2bc97ad,bf5eaeac-dca8-40f5-90d5-f7d3aa236fde,d4aa2e10-c84a-464c-8e7f-9da9a0117ca3,->,ec9c72b2-71f3-42cd-a408-1718b2bc97ad,bf5eaeac-dca8-40f5-90d5-f7d3aa236fde,5c3a4c73-0a39-409f-845d-ed3c15bfcb51
ec9c72b2-71f3-42cd-a408-1718b2bc97ad,bf5eaeac-dca8-40f5-90d5-f7d3aa236fde,d4aa2e10-c84a-464c-8e7f-9da9a0117ca3,->,ec9c72b2-71f3-42cd-a408-1718b2bc97ad,8153b011-2f6b-4887-b102-711c0717daf2,e58df101-9fe6-40f7-acf3-23569c3152e8
ec9c72b2-71f3-42cd-a408-1718b2bc97ad,bf5eaeac-dca8-40f5-90d5-f7d3aa236fde,d4aa2e10-c84a-464c-8e7f-9da9a0117ca3,->,ec9c72b2-71f3-42cd-a408-1718b2bc97ad,8153b011-2f6b-4887-b102-711c0717daf2,c1e652c5-f3b2-4d33-a6ce-ca6c32cf2972
ec9c72b2-71f3-42cd-a408-1718b2bc97ad,bf5eaeac-dca8-40f5-90d5-f7d3aa236fde,d4aa2e10-c84a-464c-8e7f-9da9a0117ca3,->,ec9c72b2-71f3-42cd-a408-1718b2bc97ad,8153b011-2f6b-4887-b102-711c0717daf2,6cdcd8ea-9f98-4425-8db7-6ef75e1c824d
ec9c72b2-71f3-42cd-a408-1718b2bc97ad,bf5eaeac-dca8-40f5-90d5-f7d3aa236fde,d4aa2e10-c84a-464c-8e7f-9da9a0117ca3,->,ec9c72b2-71f3-42cd-a408-1718b2bc97ad,java/util/Map.java,entrySet
ec9c72b2-71f3-42cd-a408-1718b2bc97ad,bf5eaeac-dca8-40f5-90d5-f7d3aa236fde,d4aa2e10-c84a-464c-8e7f-9da9a0117ca3,->,ec9c72b2-71f3-42cd-a408-1718b2bc97ad,java/util/Set.java,iterator
ec9c72b2-71f3-42cd-a408-1718b2bc97ad,bf5eaeac-dca8-40f5-90d5-f7d3aa236fde,d4aa2e10-c84a-464c-8e7f-9da9a0117ca3,->,ec9c72b2-71f3-42cd-a408-1718b2bc97ad,java/util/Iterator.java,hasNext
ec9c72b2-71f3-42cd-a408-1718b2bc97ad,bf5eaeac-dca8-40f5-90d5-f7d3aa236fde,d4aa2e10-c84a-464c-8e7f-9da9a0117ca3,->,ec9c72b2-71f3-42cd-a408-1718b2bc97ad,java/util/Iterator.java,next
ec9c72b2-71f3-42cd-a408-1718b2bc97ad,bf5eaeac-dca8-40f5-90d5-f7d3aa236fde,d4aa2e10-c84a-464c-8e7f-9da9a0117ca3,->,ec9c72b2-71f3-42cd-a408-1718b2bc97ad,java/util/Map$Entry.java,getKey
ec9c72b2-71f3-42cd-a408-1718b2bc97ad,bf5eaeac-dca8-40f5-90d5-f7d3aa236fde,d4aa2e10-c84a-464c-8e7f-9da9a0117ca3,->,ec9c72b2-71f3-42cd-a408-1718b2bc97ad,8153b011-2f6b-4887-b102-711c0717daf2,94178257-b12e-41e1-a9fd-eeedd6c40c35
ec9c72b2-71f3-42cd-a408-1718b2bc97ad,bf5eaeac-dca8-40f5-90d5-f7d3aa236fde,d4aa2e10-c84a-464c-8e7f-9da9a0117ca3,->,ec9c72b2-71f3-42cd-a408-1718b2bc97ad,java/util/Map$Entry.java,getValue
ec9c72b2-71f3-42cd-a408-1718b2bc97ad,bf5eaeac-dca8-40f5-90d5-f7d3aa236fde,d4aa2e10-c84a-464c-8e7f-9da9a0117ca3,->,ec9c72b2-71f3-42cd-a408-1718b2bc97ad,8153b011-2f6b-4887-b102-711c0717daf2,0d44a7b4-74a1-4e57-9aa9-304778e80c3b
ec9c72b2-71f3-42cd-a408-1718b2bc97ad,bf5eaeac-dca8-40f5-90d5-f7d3aa236fde,d4aa2e10-c84a-464c-8e7f-9da9a0117ca3,->,ec9c72b2-71f3-42cd-a408-1718b2bc97ad,java/util/List.java,add
ec9c72b2-71f3-42cd-a408-1718b2bc97ad,bf5eaeac-dca8-40f5-90d5-f7d3aa236fde,5c3a4c73-0a39-409f-845d-ed3c15bfcb51,->,ec9c72b2-71f3-42cd-a408-1718b2bc97ad,org/jsoup/Jsoup.java,connect
ec9c72b2-71f3-42cd-a408-1718b2bc97ad,bf5eaeac-dca8-40f5-90d5-f7d3aa236fde,5c3a4c73-0a39-409f-845d-ed3c15bfcb51,->,ec9c72b2-71f3-42cd-a408-1718b2bc97ad,org/jsoup/Connection.java,timeout
ec9c72b2-71f3-42cd-a408-1718b2bc97ad,bf5eaeac-dca8-40f5-90d5-f7d3aa236fde,5c3a4c73-0a39-409f-845d-ed3c15bfcb51,->,ec9c72b2-71f3-42cd-a408-1718b2bc97ad,org/jsoup/Connection.java,userAgent
ec9c72b2-71f3-42cd-a408-1718b2bc97ad,bf5eaeac-dca8-40f5-90d5-f7d3aa236fde,5c3a4c73-0a39-409f-845d-ed3c15bfcb51,->,ec9c72b2-71f3-42cd-a408-1718b2bc97ad,org/jsoup/Connection.java,header
ec9c72b2-71f3-42cd-a408-1718b2bc97ad,bf5eaeac-dca8-40f5-90d5-f7d3aa236fde,5c3a4c73-0a39-409f-845d-ed3c15bfcb51,->,ec9c72b2-71f3-42cd-a408-1718b2bc97ad,org/jsoup/Connection.java,get
ec9c72b2-71f3-42cd-a408-1718b2bc97ad,bf5eaeac-dca8-40f5-90d5-f7d3aa236fde,5c3a4c73-0a39-409f-845d-ed3c15bfcb51,->,ec9c72b2-71f3-42cd-a408-1718b2bc97ad,org/jsoup/nodes/Document.java,getElementsByClass
ec9c72b2-71f3-42cd-a408-1718b2bc97ad,bf5eaeac-dca8-40f5-90d5-f7d3aa236fde,5c3a4c73-0a39-409f-845d-ed3c15bfcb51,->,ec9c72b2-71f3-42cd-a408-1718b2bc97ad,org/jsoup/select/Elements.java,iterator
ec9c72b2-71f3-42cd-a408-1718b2bc97ad,bf5eaeac-dca8-40f5-90d5-f7d3aa236fde,5c3a4c73-0a39-409f-845d-ed3c15bfcb51,->,ec9c72b2-71f3-42cd-a408-1718b2bc97ad,java/util/Iterator.java,hasNext
ec9c72b2-71f3-42cd-a408-1718b2bc97ad,bf5eaeac-dca8-40f5-90d5-f7d3aa236fde,5c3a4c73-0a39-409f-845d-ed3c15bfcb51,->,ec9c72b2-71f3-42cd-a408-1718b2bc97ad,java/util/Iterator.java,next
ec9c72b2-71f3-42cd-a408-1718b2bc97ad,bf5eaeac-dca8-40f5-90d5-f7d3aa236fde,5c3a4c73-0a39-409f-845d-ed3c15bfcb51,->,ec9c72b2-71f3-42cd-a408-1718b2bc97ad,java/lang/StringBuilder.java,append
ec9c72b2-71f3-42cd-a408-1718b2bc97ad,bf5eaeac-dca8-40f5-90d5-f7d3aa236fde,5c3a4c73-0a39-409f-845d-ed3c15bfcb51,->,ec9c72b2-71f3-42cd-a408-1718b2bc97ad,org/jsoup/nodes/Element.java,html
ec9c72b2-71f3-42cd-a408-1718b2bc97ad,bf5eaeac-dca8-40f5-90d5-f7d3aa236fde,5c3a4c73-0a39-409f-845d-ed3c15bfcb51,->,ec9c72b2-71f3-42cd-a408-1718b2bc97ad,java/lang/StringBuilder.java,append
ec9c72b2-71f3-42cd-a408-1718b2bc97ad,bf5eaeac-dca8-40f5-90d5-f7d3aa236fde,5c3a4c73-0a39-409f-845d-ed3c15bfcb51,->,ec9c72b2-71f3-42cd-a408-1718b2bc97ad,java/lang/StringBuilder.java,toString
ec9c72b2-71f3-42cd-a408-1718b2bc97ad,bf5eaeac-dca8-40f5-90d5-f7d3aa236fde,5c3a4c73-0a39-409f-845d-ed3c15bfcb51,->,ec9c72b2-71f3-42cd-a408-1718b2bc97ad,java/lang/String.java,startsWith
ec9c72b2-71f3-42cd-a408-1718b2bc97ad,bf5eaeac-dca8-40f5-90d5-f7d3aa236fde,5c3a4c73-0a39-409f-845d-ed3c15bfcb51,->,ec9c72b2-71f3-42cd-a408-1718b2bc97ad,java/lang/String.java,indexOf
ec9c72b2-71f3-42cd-a408-1718b2bc97ad,bf5eaeac-dca8-40f5-90d5-f7d3aa236fde,5c3a4c73-0a39-409f-845d-ed3c15bfcb51,->,ec9c72b2-71f3-42cd-a408-1718b2bc97ad,java/lang/String.java,indexOf
ec9c72b2-71f3-42cd-a408-1718b2bc97ad,bf5eaeac-dca8-40f5-90d5-f7d3aa236fde,5c3a4c73-0a39-409f-845d-ed3c15bfcb51,->,ec9c72b2-71f3-42cd-a408-1718b2bc97ad,java/lang/String.java,substring
ec9c72b2-71f3-42cd-a408-1718b2bc97ad,bf5eaeac-dca8-40f5-90d5-f7d3aa236fde,5c3a4c73-0a39-409f-845d-ed3c15bfcb51,->,ec9c72b2-71f3-42cd-a408-1718b2bc97ad,java/lang/String.java,length
ec9c72b2-71f3-42cd-a408-1718b2bc97ad,bf5eaeac-dca8-40f5-90d5-f7d3aa236fde,5c3a4c73-0a39-409f-845d-ed3c15bfcb51,->,ec9c72b2-71f3-42cd-a408-1718b2bc97ad,java/lang/String.java,substring
ec9c72b2-71f3-42cd-a408-1718b2bc97ad,bf5eaeac-dca8-40f5-90d5-f7d3aa236fde,5c3a4c73-0a39-409f-845d-ed3c15bfcb51,->,ec9c72b2-71f3-42cd-a408-1718b2bc97ad,java/lang/String.java,indexOf
ec9c72b2-71f3-42cd-a408-1718b2bc97ad,bf5eaeac-dca8-40f5-90d5-f7d3aa236fde,5c3a4c73-0a39-409f-845d-ed3c15bfcb51,->,ec9c72b2-71f3-42cd-a408-1718b2bc97ad,java/lang/String.java,indexOf
ec9c72b2-71f3-42cd-a408-1718b2bc97ad,bf5eaeac-dca8-40f5-90d5-f7d3aa236fde,5c3a4c73-0a39-409f-845d-ed3c15bfcb51,->,ec9c72b2-71f3-42cd-a408-1718b2bc97ad,java/lang/String.java,substring
ec9c72b2-71f3-42cd-a408-1718b2bc97ad,bf5eaeac-dca8-40f5-90d5-f7d3aa236fde,5c3a4c73-0a39-409f-845d-ed3c15bfcb51,->,ec9c72b2-71f3-42cd-a408-1718b2bc97ad,java/lang/String.java,length
ec9c72b2-71f3-42cd-a408-1718b2bc97ad,bf5eaeac-dca8-40f5-90d5-f7d3aa236fde,5c3a4c73-0a39-409f-845d-ed3c15bfcb51,->,ec9c72b2-71f3-42cd-a408-1718b2bc97ad,java/lang/String.java,substring
ec9c72b2-71f3-42cd-a408-1718b2bc97ad,bf5eaeac-dca8-40f5-90d5-f7d3aa236fde,5c3a4c73-0a39-409f-845d-ed3c15bfcb51,->,ec9c72b2-71f3-42cd-a408-1718b2bc97ad,java/lang/String.java,replace
ec9c72b2-71f3-42cd-a408-1718b2bc97ad,bf5eaeac-dca8-40f5-90d5-f7d3aa236fde,5c3a4c73-0a39-409f-845d-ed3c15bfcb51,->,ec9c72b2-71f3-42cd-a408-1718b2bc97ad,bf5eaeac-dca8-40f5-90d5-f7d3aa236fde,6317b342-fef2-4bd5-be85-e462d944c52e
ec9c72b2-71f3-42cd-a408-1718b2bc97ad,bf5eaeac-dca8-40f5-90d5-f7d3aa236fde,5c3a4c73-0a39-409f-845d-ed3c15bfcb51,->,ec9c72b2-71f3-42cd-a408-1718b2bc97ad,java/text/SimpleDateFormat.java,format
ec9c72b2-71f3-42cd-a408-1718b2bc97ad,bf5eaeac-dca8-40f5-90d5-f7d3aa236fde,5c3a4c73-0a39-409f-845d-ed3c15bfcb51,->,ec9c72b2-71f3-42cd-a408-1718b2bc97ad,java/util/Map.java,put
ec9c72b2-71f3-42cd-a408-1718b2bc97ad,bf5eaeac-dca8-40f5-90d5-f7d3aa236fde,6317b342-fef2-4bd5-be85-e462d944c52e,->,ec9c72b2-71f3-42cd-a408-1718b2bc97ad,java/lang/Character.java,toString
ec9c72b2-71f3-42cd-a408-1718b2bc97ad,bf5eaeac-dca8-40f5-90d5-f7d3aa236fde,6317b342-fef2-4bd5-be85-e462d944c52e,->,ec9c72b2-71f3-42cd-a408-1718b2bc97ad,java/lang/String.java,replaceAll
ec9c72b2-71f3-42cd-a408-1718b2bc97ad,2995b936-733b-48f9-bdb8-070d883aef29,474bf98e-8a6b-4c1b-9e36-abb68566bab0,->,ec9c72b2-71f3-42cd-a408-1718b2bc97ad,967b7462-725d-4be2-9b26-7b5da2d67e5e,f60aa334-5b22-4570-85d7-895c25f03b60
ec9c72b2-71f3-42cd-a408-1718b2bc97ad,2995b936-733b-48f9-bdb8-070d883aef29,474bf98e-8a6b-4c1b-9e36-abb68566bab0,->,ec9c72b2-71f3-42cd-a408-1718b2bc97ad,967b7462-725d-4be2-9b26-7b5da2d67e5e,20ca657d-ba8f-402f-bfbc-49e495ec79ef
ec9c72b2-71f3-42cd-a408-1718b2bc97ad,2995b936-733b-48f9-bdb8-070d883aef29,474bf98e-8a6b-4c1b-9e36-abb68566bab0,->,ec9c72b2-71f3-42cd-a408-1718b2bc97ad,967b7462-725d-4be2-9b26-7b5da2d67e5e,4763605b-672d-42d3-861e-973b86a7d3b8
ec9c72b2-71f3-42cd-a408-1718b2bc97ad,2995b936-733b-48f9-bdb8-070d883aef29,566a9d0f-49f6-4694-be3f-3239b4ce01f5,->,ec9c72b2-71f3-42cd-a408-1718b2bc97ad,967b7462-725d-4be2-9b26-7b5da2d67e5e,f60aa334-5b22-4570-85d7-895c25f03b60
ec9c72b2-71f3-42cd-a408-1718b2bc97ad,2995b936-733b-48f9-bdb8-070d883aef29,566a9d0f-49f6-4694-be3f-3239b4ce01f5,->,ec9c72b2-71f3-42cd-a408-1718b2bc97ad,java/util/List.java,iterator
ec9c72b2-71f3-42cd-a408-1718b2bc97ad,2995b936-733b-48f9-bdb8-070d883aef29,566a9d0f-49f6-4694-be3f-3239b4ce01f5,->,ec9c72b2-71f3-42cd-a408-1718b2bc97ad,java/util/Iterator.java,hasNext
ec9c72b2-71f3-42cd-a408-1718b2bc97ad,2995b936-733b-48f9-bdb8-070d883aef29,566a9d0f-49f6-4694-be3f-3239b4ce01f5,->,ec9c72b2-71f3-42cd-a408-1718b2bc97ad,java/util/Iterator.java,next
ec9c72b2-71f3-42cd-a408-1718b2bc97ad,2995b936-733b-48f9-bdb8-070d883aef29,566a9d0f-49f6-4694-be3f-3239b4ce01f5,->,ec9c72b2-71f3-42cd-a408-1718b2bc97ad,967b7462-725d-4be2-9b26-7b5da2d67e5e,743d16b6-aa64-4ea4-b912-cb92aebdabb4
ec9c72b2-71f3-42cd-a408-1718b2bc97ad,2995b936-733b-48f9-bdb8-070d883aef29,566a9d0f-49f6-4694-be3f-3239b4ce01f5,->,ec9c72b2-71f3-42cd-a408-1718b2bc97ad,java/sql/ResultSet.java,next
ec9c72b2-71f3-42cd-a408-1718b2bc97ad,2995b936-733b-48f9-bdb8-070d883aef29,566a9d0f-49f6-4694-be3f-3239b4ce01f5,->,ec9c72b2-71f3-42cd-a408-1718b2bc97ad,java/sql/ResultSet.java,getString
ec9c72b2-71f3-42cd-a408-1718b2bc97ad,2995b936-733b-48f9-bdb8-070d883aef29,566a9d0f-49f6-4694-be3f-3239b4ce01f5,->,ec9c72b2-71f3-42cd-a408-1718b2bc97ad,java/util/List.java,add
ec9c72b2-71f3-42cd-a408-1718b2bc97ad,2995b936-733b-48f9-bdb8-070d883aef29,566a9d0f-49f6-4694-be3f-3239b4ce01f5,->,ec9c72b2-71f3-42cd-a408-1718b2bc97ad,java/sql/SQLException.java,printStackTrace
ec9c72b2-71f3-42cd-a408-1718b2bc97ad,2995b936-733b-48f9-bdb8-070d883aef29,566a9d0f-49f6-4694-be3f-3239b4ce01f5,->,ec9c72b2-71f3-42cd-a408-1718b2bc97ad,8153b011-2f6b-4887-b102-711c0717daf2,e52f70ef-82e8-4d5b-8399-a9b5e9f41ddb
ec9c72b2-71f3-42cd-a408-1718b2bc97ad,2995b936-733b-48f9-bdb8-070d883aef29,566a9d0f-49f6-4694-be3f-3239b4ce01f5,->,ec9c72b2-71f3-42cd-a408-1718b2bc97ad,java/util/List.java,contains
ec9c72b2-71f3-42cd-a408-1718b2bc97ad,2995b936-733b-48f9-bdb8-070d883aef29,566a9d0f-49f6-4694-be3f-3239b4ce01f5,->,ec9c72b2-71f3-42cd-a408-1718b2bc97ad,java/lang/StringBuilder.java,append
ec9c72b2-71f3-42cd-a408-1718b2bc97ad,2995b936-733b-48f9-bdb8-070d883aef29,566a9d0f-49f6-4694-be3f-3239b4ce01f5,->,ec9c72b2-71f3-42cd-a408-1718b2bc97ad,8153b011-2f6b-4887-b102-711c0717daf2,ac6a111b-59e1-4f04-b1d7-145bd2c80103
ec9c72b2-71f3-42cd-a408-1718b2bc97ad,2995b936-733b-48f9-bdb8-070d883aef29,566a9d0f-49f6-4694-be3f-3239b4ce01f5,->,ec9c72b2-71f3-42cd-a408-1718b2bc97ad,java/lang/StringBuilder.java,append
ec9c72b2-71f3-42cd-a408-1718b2bc97ad,2995b936-733b-48f9-bdb8-070d883aef29,566a9d0f-49f6-4694-be3f-3239b4ce01f5,->,ec9c72b2-71f3-42cd-a408-1718b2bc97ad,java/lang/StringBuilder.java,append
ec9c72b2-71f3-42cd-a408-1718b2bc97ad,2995b936-733b-48f9-bdb8-070d883aef29,566a9d0f-49f6-4694-be3f-3239b4ce01f5,->,ec9c72b2-71f3-42cd-a408-1718b2bc97ad,8153b011-2f6b-4887-b102-711c0717daf2,e52f70ef-82e8-4d5b-8399-a9b5e9f41ddb
ec9c72b2-71f3-42cd-a408-1718b2bc97ad,2995b936-733b-48f9-bdb8-070d883aef29,566a9d0f-49f6-4694-be3f-3239b4ce01f5,->,ec9c72b2-71f3-42cd-a408-1718b2bc97ad,java/lang/StringBuilder.java,append
ec9c72b2-71f3-42cd-a408-1718b2bc97ad,2995b936-733b-48f9-bdb8-070d883aef29,566a9d0f-49f6-4694-be3f-3239b4ce01f5,->,ec9c72b2-71f3-42cd-a408-1718b2bc97ad,java/lang/StringBuilder.java,append
ec9c72b2-71f3-42cd-a408-1718b2bc97ad,2995b936-733b-48f9-bdb8-070d883aef29,566a9d0f-49f6-4694-be3f-3239b4ce01f5,->,ec9c72b2-71f3-42cd-a408-1718b2bc97ad,8153b011-2f6b-4887-b102-711c0717daf2,02e9f924-1afa-4b25-8b69-07eaef38d107
ec9c72b2-71f3-42cd-a408-1718b2bc97ad,2995b936-733b-48f9-bdb8-070d883aef29,566a9d0f-49f6-4694-be3f-3239b4ce01f5,->,ec9c72b2-71f3-42cd-a408-1718b2bc97ad,java/lang/StringBuilder.java,append
ec9c72b2-71f3-42cd-a408-1718b2bc97ad,2995b936-733b-48f9-bdb8-070d883aef29,566a9d0f-49f6-4694-be3f-3239b4ce01f5,->,ec9c72b2-71f3-42cd-a408-1718b2bc97ad,java/lang/StringBuilder.java,append
ec9c72b2-71f3-42cd-a408-1718b2bc97ad,2995b936-733b-48f9-bdb8-070d883aef29,566a9d0f-49f6-4694-be3f-3239b4ce01f5,->,ec9c72b2-71f3-42cd-a408-1718b2bc97ad,8153b011-2f6b-4887-b102-711c0717daf2,c965778a-6a0d-42d1-9d82-3c8cf33a49b8
ec9c72b2-71f3-42cd-a408-1718b2bc97ad,2995b936-733b-48f9-bdb8-070d883aef29,566a9d0f-49f6-4694-be3f-3239b4ce01f5,->,ec9c72b2-71f3-42cd-a408-1718b2bc97ad,java/lang/StringBuilder.java,append
ec9c72b2-71f3-42cd-a408-1718b2bc97ad,2995b936-733b-48f9-bdb8-070d883aef29,566a9d0f-49f6-4694-be3f-3239b4ce01f5,->,ec9c72b2-71f3-42cd-a408-1718b2bc97ad,java/lang/StringBuilder.java,append
ec9c72b2-71f3-42cd-a408-1718b2bc97ad,2995b936-733b-48f9-bdb8-070d883aef29,566a9d0f-49f6-4694-be3f-3239b4ce01f5,->,ec9c72b2-71f3-42cd-a408-1718b2bc97ad,8153b011-2f6b-4887-b102-711c0717daf2,841d175e-be73-4d78-b0e2-1eb9076e1328
ec9c72b2-71f3-42cd-a408-1718b2bc97ad,2995b936-733b-48f9-bdb8-070d883aef29,566a9d0f-49f6-4694-be3f-3239b4ce01f5,->,ec9c72b2-71f3-42cd-a408-1718b2bc97ad,java/lang/StringBuilder.java,append
ec9c72b2-71f3-42cd-a408-1718b2bc97ad,2995b936-733b-48f9-bdb8-070d883aef29,566a9d0f-49f6-4694-be3f-3239b4ce01f5,->,ec9c72b2-71f3-42cd-a408-1718b2bc97ad,java/lang/StringBuilder.java,append
ec9c72b2-71f3-42cd-a408-1718b2bc97ad,2995b936-733b-48f9-bdb8-070d883aef29,566a9d0f-49f6-4694-be3f-3239b4ce01f5,->,ec9c72b2-71f3-42cd-a408-1718b2bc97ad,java/lang/StringBuilder.java,toString
ec9c72b2-71f3-42cd-a408-1718b2bc97ad,2995b936-733b-48f9-bdb8-070d883aef29,566a9d0f-49f6-4694-be3f-3239b4ce01f5,->,ec9c72b2-71f3-42cd-a408-1718b2bc97ad,967b7462-725d-4be2-9b26-7b5da2d67e5e,20ca657d-ba8f-402f-bfbc-49e495ec79ef
ec9c72b2-71f3-42cd-a408-1718b2bc97ad,2995b936-733b-48f9-bdb8-070d883aef29,566a9d0f-49f6-4694-be3f-3239b4ce01f5,->,ec9c72b2-71f3-42cd-a408-1718b2bc97ad,967b7462-725d-4be2-9b26-7b5da2d67e5e,4763605b-672d-42d3-861e-973b86a7d3b8
ec9c72b2-71f3-42cd-a408-1718b2bc97ad,2995b936-733b-48f9-bdb8-070d883aef29,007a72ed-3b3e-450b-8824-2817a45648a7,->,ec9c72b2-71f3-42cd-a408-1718b2bc97ad,967b7462-725d-4be2-9b26-7b5da2d67e5e,f60aa334-5b22-4570-85d7-895c25f03b60
ec9c72b2-71f3-42cd-a408-1718b2bc97ad,2995b936-733b-48f9-bdb8-070d883aef29,007a72ed-3b3e-450b-8824-2817a45648a7,->,ec9c72b2-71f3-42cd-a408-1718b2bc97ad,java/lang/StringBuilder.java,append
ec9c72b2-71f3-42cd-a408-1718b2bc97ad,2995b936-733b-48f9-bdb8-070d883aef29,007a72ed-3b3e-450b-8824-2817a45648a7,->,ec9c72b2-71f3-42cd-a408-1718b2bc97ad,java/lang/StringBuilder.java,append
ec9c72b2-71f3-42cd-a408-1718b2bc97ad,2995b936-733b-48f9-bdb8-070d883aef29,007a72ed-3b3e-450b-8824-2817a45648a7,->,ec9c72b2-71f3-42cd-a408-1718b2bc97ad,java/lang/StringBuilder.java,append
ec9c72b2-71f3-42cd-a408-1718b2bc97ad,2995b936-733b-48f9-bdb8-070d883aef29,007a72ed-3b3e-450b-8824-2817a45648a7,->,ec9c72b2-71f3-42cd-a408-1718b2bc97ad,java/lang/StringBuilder.java,toString
ec9c72b2-71f3-42cd-a408-1718b2bc97ad,2995b936-733b-48f9-bdb8-070d883aef29,007a72ed-3b3e-450b-8824-2817a45648a7,->,ec9c72b2-71f3-42cd-a408-1718b2bc97ad,967b7462-725d-4be2-9b26-7b5da2d67e5e,743d16b6-aa64-4ea4-b912-cb92aebdabb4
ec9c72b2-71f3-42cd-a408-1718b2bc97ad,2995b936-733b-48f9-bdb8-070d883aef29,007a72ed-3b3e-450b-8824-2817a45648a7,->,ec9c72b2-71f3-42cd-a408-1718b2bc97ad,java/sql/ResultSet.java,next
ec9c72b2-71f3-42cd-a408-1718b2bc97ad,2995b936-733b-48f9-bdb8-070d883aef29,007a72ed-3b3e-450b-8824-2817a45648a7,->,ec9c72b2-71f3-42cd-a408-1718b2bc97ad,java/sql/ResultSet.java,getInt
ec9c72b2-71f3-42cd-a408-1718b2bc97ad,2995b936-733b-48f9-bdb8-070d883aef29,007a72ed-3b3e-450b-8824-2817a45648a7,->,ec9c72b2-71f3-42cd-a408-1718b2bc97ad,java/sql/SQLException.java,printStackTrace
ec9c72b2-71f3-42cd-a408-1718b2bc97ad,2995b936-733b-48f9-bdb8-070d883aef29,007a72ed-3b3e-450b-8824-2817a45648a7,->,ec9c72b2-71f3-42cd-a408-1718b2bc97ad,967b7462-725d-4be2-9b26-7b5da2d67e5e,4763605b-672d-42d3-861e-973b86a7d3b8
ec9c72b2-71f3-42cd-a408-1718b2bc97ad,2995b936-733b-48f9-bdb8-070d883aef29,6c38c183-110b-4bf3-a302-dadd3d5a17d8,->,ec9c72b2-71f3-42cd-a408-1718b2bc97ad,967b7462-725d-4be2-9b26-7b5da2d67e5e,f60aa334-5b22-4570-85d7-895c25f03b60
ec9c72b2-71f3-42cd-a408-1718b2bc97ad,2995b936-733b-48f9-bdb8-070d883aef29,6c38c183-110b-4bf3-a302-dadd3d5a17d8,->,ec9c72b2-71f3-42cd-a408-1718b2bc97ad,java/lang/StringBuilder.java,append
ec9c72b2-71f3-42cd-a408-1718b2bc97ad,2995b936-733b-48f9-bdb8-070d883aef29,6c38c183-110b-4bf3-a302-dadd3d5a17d8,->,ec9c72b2-71f3-42cd-a408-1718b2bc97ad,java/lang/StringBuilder.java,append
ec9c72b2-71f3-42cd-a408-1718b2bc97ad,2995b936-733b-48f9-bdb8-070d883aef29,6c38c183-110b-4bf3-a302-dadd3d5a17d8,->,ec9c72b2-71f3-42cd-a408-1718b2bc97ad,java/lang/StringBuilder.java,append
ec9c72b2-71f3-42cd-a408-1718b2bc97ad,2995b936-733b-48f9-bdb8-070d883aef29,6c38c183-110b-4bf3-a302-dadd3d5a17d8,->,ec9c72b2-71f3-42cd-a408-1718b2bc97ad,java/lang/StringBuilder.java,append
ec9c72b2-71f3-42cd-a408-1718b2bc97ad,2995b936-733b-48f9-bdb8-070d883aef29,6c38c183-110b-4bf3-a302-dadd3d5a17d8,->,ec9c72b2-71f3-42cd-a408-1718b2bc97ad,java/lang/StringBuilder.java,append
ec9c72b2-71f3-42cd-a408-1718b2bc97ad,2995b936-733b-48f9-bdb8-070d883aef29,6c38c183-110b-4bf3-a302-dadd3d5a17d8,->,ec9c72b2-71f3-42cd-a408-1718b2bc97ad,java/lang/StringBuilder.java,append
ec9c72b2-71f3-42cd-a408-1718b2bc97ad,2995b936-733b-48f9-bdb8-070d883aef29,6c38c183-110b-4bf3-a302-dadd3d5a17d8,->,ec9c72b2-71f3-42cd-a408-1718b2bc97ad,java/lang/StringBuilder.java,toString
ec9c72b2-71f3-42cd-a408-1718b2bc97ad,2995b936-733b-48f9-bdb8-070d883aef29,6c38c183-110b-4bf3-a302-dadd3d5a17d8,->,ec9c72b2-71f3-42cd-a408-1718b2bc97ad,967b7462-725d-4be2-9b26-7b5da2d67e5e,743d16b6-aa64-4ea4-b912-cb92aebdabb4
ec9c72b2-71f3-42cd-a408-1718b2bc97ad,2995b936-733b-48f9-bdb8-070d883aef29,6c38c183-110b-4bf3-a302-dadd3d5a17d8,->,ec9c72b2-71f3-42cd-a408-1718b2bc97ad,java/sql/ResultSet.java,next
ec9c72b2-71f3-42cd-a408-1718b2bc97ad,2995b936-733b-48f9-bdb8-070d883aef29,6c38c183-110b-4bf3-a302-dadd3d5a17d8,->,ec9c72b2-71f3-42cd-a408-1718b2bc97ad,java/sql/ResultSet.java,getInt
ec9c72b2-71f3-42cd-a408-1718b2bc97ad,2995b936-733b-48f9-bdb8-070d883aef29,6c38c183-110b-4bf3-a302-dadd3d5a17d8,->,ec9c72b2-71f3-42cd-a408-1718b2bc97ad,8153b011-2f6b-4887-b102-711c0717daf2,7b5bfd5f-69bb-43b5-8a3e-39ad1749bed5
ec9c72b2-71f3-42cd-a408-1718b2bc97ad,2995b936-733b-48f9-bdb8-070d883aef29,6c38c183-110b-4bf3-a302-dadd3d5a17d8,->,ec9c72b2-71f3-42cd-a408-1718b2bc97ad,java/sql/ResultSet.java,getString
ec9c72b2-71f3-42cd-a408-1718b2bc97ad,2995b936-733b-48f9-bdb8-070d883aef29,6c38c183-110b-4bf3-a302-dadd3d5a17d8,->,ec9c72b2-71f3-42cd-a408-1718b2bc97ad,8153b011-2f6b-4887-b102-711c0717daf2,e58df101-9fe6-40f7-acf3-23569c3152e8
ec9c72b2-71f3-42cd-a408-1718b2bc97ad,2995b936-733b-48f9-bdb8-070d883aef29,6c38c183-110b-4bf3-a302-dadd3d5a17d8,->,ec9c72b2-71f3-42cd-a408-1718b2bc97ad,java/sql/ResultSet.java,getString
ec9c72b2-71f3-42cd-a408-1718b2bc97ad,2995b936-733b-48f9-bdb8-070d883aef29,6c38c183-110b-4bf3-a302-dadd3d5a17d8,->,ec9c72b2-71f3-42cd-a408-1718b2bc97ad,8153b011-2f6b-4887-b102-711c0717daf2,c1e652c5-f3b2-4d33-a6ce-ca6c32cf2972
ec9c72b2-71f3-42cd-a408-1718b2bc97ad,2995b936-733b-48f9-bdb8-070d883aef29,6c38c183-110b-4bf3-a302-dadd3d5a17d8,->,ec9c72b2-71f3-42cd-a408-1718b2bc97ad,java/sql/ResultSet.java,getString
ec9c72b2-71f3-42cd-a408-1718b2bc97ad,2995b936-733b-48f9-bdb8-070d883aef29,6c38c183-110b-4bf3-a302-dadd3d5a17d8,->,ec9c72b2-71f3-42cd-a408-1718b2bc97ad,8153b011-2f6b-4887-b102-711c0717daf2,0d44a7b4-74a1-4e57-9aa9-304778e80c3b
ec9c72b2-71f3-42cd-a408-1718b2bc97ad,2995b936-733b-48f9-bdb8-070d883aef29,6c38c183-110b-4bf3-a302-dadd3d5a17d8,->,ec9c72b2-71f3-42cd-a408-1718b2bc97ad,java/util/List.java,add
ec9c72b2-71f3-42cd-a408-1718b2bc97ad,2995b936-733b-48f9-bdb8-070d883aef29,6c38c183-110b-4bf3-a302-dadd3d5a17d8,->,ec9c72b2-71f3-42cd-a408-1718b2bc97ad,java/sql/SQLException.java,printStackTrace
ec9c72b2-71f3-42cd-a408-1718b2bc97ad,2995b936-733b-48f9-bdb8-070d883aef29,6c38c183-110b-4bf3-a302-dadd3d5a17d8,->,ec9c72b2-71f3-42cd-a408-1718b2bc97ad,967b7462-725d-4be2-9b26-7b5da2d67e5e,4763605b-672d-42d3-861e-973b86a7d3b8
ec9c72b2-71f3-42cd-a408-1718b2bc97ad,2995b936-733b-48f9-bdb8-070d883aef29,93a7392a-e312-433a-98d1-7f285310751c,->,ec9c72b2-71f3-42cd-a408-1718b2bc97ad,967b7462-725d-4be2-9b26-7b5da2d67e5e,f60aa334-5b22-4570-85d7-895c25f03b60
ec9c72b2-71f3-42cd-a408-1718b2bc97ad,2995b936-733b-48f9-bdb8-070d883aef29,93a7392a-e312-433a-98d1-7f285310751c,->,ec9c72b2-71f3-42cd-a408-1718b2bc97ad,java/lang/StringBuilder.java,append
ec9c72b2-71f3-42cd-a408-1718b2bc97ad,2995b936-733b-48f9-bdb8-070d883aef29,93a7392a-e312-433a-98d1-7f285310751c,->,ec9c72b2-71f3-42cd-a408-1718b2bc97ad,java/lang/StringBuilder.java,append
ec9c72b2-71f3-42cd-a408-1718b2bc97ad,2995b936-733b-48f9-bdb8-070d883aef29,93a7392a-e312-433a-98d1-7f285310751c,->,ec9c72b2-71f3-42cd-a408-1718b2bc97ad,java/lang/StringBuilder.java,toString
ec9c72b2-71f3-42cd-a408-1718b2bc97ad,2995b936-733b-48f9-bdb8-070d883aef29,93a7392a-e312-433a-98d1-7f285310751c,->,ec9c72b2-71f3-42cd-a408-1718b2bc97ad,967b7462-725d-4be2-9b26-7b5da2d67e5e,743d16b6-aa64-4ea4-b912-cb92aebdabb4
ec9c72b2-71f3-42cd-a408-1718b2bc97ad,2995b936-733b-48f9-bdb8-070d883aef29,93a7392a-e312-433a-98d1-7f285310751c,->,ec9c72b2-71f3-42cd-a408-1718b2bc97ad,java/sql/ResultSet.java,next
ec9c72b2-71f3-42cd-a408-1718b2bc97ad,2995b936-733b-48f9-bdb8-070d883aef29,93a7392a-e312-433a-98d1-7f285310751c,->,ec9c72b2-71f3-42cd-a408-1718b2bc97ad,java/sql/ResultSet.java,getString
ec9c72b2-71f3-42cd-a408-1718b2bc97ad,2995b936-733b-48f9-bdb8-070d883aef29,93a7392a-e312-433a-98d1-7f285310751c,->,ec9c72b2-71f3-42cd-a408-1718b2bc97ad,8153b011-2f6b-4887-b102-711c0717daf2,e58df101-9fe6-40f7-acf3-23569c3152e8
ec9c72b2-71f3-42cd-a408-1718b2bc97ad,2995b936-733b-48f9-bdb8-070d883aef29,93a7392a-e312-433a-98d1-7f285310751c,->,ec9c72b2-71f3-42cd-a408-1718b2bc97ad,java/sql/ResultSet.java,getString
ec9c72b2-71f3-42cd-a408-1718b2bc97ad,2995b936-733b-48f9-bdb8-070d883aef29,93a7392a-e312-433a-98d1-7f285310751c,->,ec9c72b2-71f3-42cd-a408-1718b2bc97ad,8153b011-2f6b-4887-b102-711c0717daf2,c1e652c5-f3b2-4d33-a6ce-ca6c32cf2972
ec9c72b2-71f3-42cd-a408-1718b2bc97ad,2995b936-733b-48f9-bdb8-070d883aef29,93a7392a-e312-433a-98d1-7f285310751c,->,ec9c72b2-71f3-42cd-a408-1718b2bc97ad,java/sql/ResultSet.java,getString
ec9c72b2-71f3-42cd-a408-1718b2bc97ad,2995b936-733b-48f9-bdb8-070d883aef29,93a7392a-e312-433a-98d1-7f285310751c,->,ec9c72b2-71f3-42cd-a408-1718b2bc97ad,8153b011-2f6b-4887-b102-711c0717daf2,94178257-b12e-41e1-a9fd-eeedd6c40c35
ec9c72b2-71f3-42cd-a408-1718b2bc97ad,2995b936-733b-48f9-bdb8-070d883aef29,93a7392a-e312-433a-98d1-7f285310751c,->,ec9c72b2-71f3-42cd-a408-1718b2bc97ad,java/sql/SQLException.java,printStackTrace
ec9c72b2-71f3-42cd-a408-1718b2bc97ad,2995b936-733b-48f9-bdb8-070d883aef29,93a7392a-e312-433a-98d1-7f285310751c,->,ec9c72b2-71f3-42cd-a408-1718b2bc97ad,967b7462-725d-4be2-9b26-7b5da2d67e5e,4763605b-672d-42d3-861e-973b86a7d3b8
ec9c72b2-71f3-42cd-a408-1718b2bc97ad,b6250ea3-627e-47d2-9078-481f6d168eae,eab1b129-4cd3-411e-99a8-841bc5379866,->,ec9c72b2-71f3-42cd-a408-1718b2bc97ad,bf5eaeac-dca8-40f5-90d5-f7d3aa236fde,8bc49c71-8f57-4019-b43f-2da7f4427ab3
ec9c72b2-71f3-42cd-a408-1718b2bc97ad,967b7462-725d-4be2-9b26-7b5da2d67e5e,f60aa334-5b22-4570-85d7-895c25f03b60,->,ec9c72b2-71f3-42cd-a408-1718b2bc97ad,java/lang/Class.java,forName
ec9c72b2-71f3-42cd-a408-1718b2bc97ad,967b7462-725d-4be2-9b26-7b5da2d67e5e,f60aa334-5b22-4570-85d7-895c25f03b60,->,ec9c72b2-71f3-42cd-a408-1718b2bc97ad,java/sql/DriverManager.java,getConnection
ec9c72b2-71f3-42cd-a408-1718b2bc97ad,967b7462-725d-4be2-9b26-7b5da2d67e5e,f60aa334-5b22-4570-85d7-895c25f03b60,->,ec9c72b2-71f3-42cd-a408-1718b2bc97ad,java/lang/ClassNotFoundException.java,printStackTrace
ec9c72b2-71f3-42cd-a408-1718b2bc97ad,967b7462-725d-4be2-9b26-7b5da2d67e5e,f60aa334-5b22-4570-85d7-895c25f03b60,->,ec9c72b2-71f3-42cd-a408-1718b2bc97ad,java/sql/SQLException.java,printStackTrace
ec9c72b2-71f3-42cd-a408-1718b2bc97ad,967b7462-725d-4be2-9b26-7b5da2d67e5e,4763605b-672d-42d3-861e-973b86a7d3b8,->,ec9c72b2-71f3-42cd-a408-1718b2bc97ad,java/sql/Connection.java,close
ec9c72b2-71f3-42cd-a408-1718b2bc97ad,967b7462-725d-4be2-9b26-7b5da2d67e5e,4763605b-672d-42d3-861e-973b86a7d3b8,->,ec9c72b2-71f3-42cd-a408-1718b2bc97ad,java/sql/SQLException.java,printStackTrace
ec9c72b2-71f3-42cd-a408-1718b2bc97ad,967b7462-725d-4be2-9b26-7b5da2d67e5e,20ca657d-ba8f-402f-bfbc-49e495ec79ef,->,ec9c72b2-71f3-42cd-a408-1718b2bc97ad,java/sql/Connection.java,prepareStatement
ec9c72b2-71f3-42cd-a408-1718b2bc97ad,967b7462-725d-4be2-9b26-7b5da2d67e5e,20ca657d-ba8f-402f-bfbc-49e495ec79ef,->,ec9c72b2-71f3-42cd-a408-1718b2bc97ad,java/sql/PreparedStatement.java,executeUpdate
ec9c72b2-71f3-42cd-a408-1718b2bc97ad,967b7462-725d-4be2-9b26-7b5da2d67e5e,20ca657d-ba8f-402f-bfbc-49e495ec79ef,->,ec9c72b2-71f3-42cd-a408-1718b2bc97ad,java/sql/SQLException.java,printStackTrace
ec9c72b2-71f3-42cd-a408-1718b2bc97ad,967b7462-725d-4be2-9b26-7b5da2d67e5e,743d16b6-aa64-4ea4-b912-cb92aebdabb4,->,ec9c72b2-71f3-42cd-a408-1718b2bc97ad,java/sql/Connection.java,prepareStatement
ec9c72b2-71f3-42cd-a408-1718b2bc97ad,967b7462-725d-4be2-9b26-7b5da2d67e5e,743d16b6-aa64-4ea4-b912-cb92aebdabb4,->,ec9c72b2-71f3-42cd-a408-1718b2bc97ad,java/sql/PreparedStatement.java,executeQuery
ec9c72b2-71f3-42cd-a408-1718b2bc97ad,967b7462-725d-4be2-9b26-7b5da2d67e5e,743d16b6-aa64-4ea4-b912-cb92aebdabb4,->,ec9c72b2-71f3-42cd-a408-1718b2bc97ad,java/sql/SQLException.java,printStackTrace
ec9c72b2-71f3-42cd-a408-1718b2bc97ad,835ea7c7-b454-4b32-88e0-a12d6c056013,b7201b0e-e441-4933-91fd-bc9abd12b74f,->,ec9c72b2-71f3-42cd-a408-1718b2bc97ad,java/util/Timer.java,cancel
ec9c72b2-71f3-42cd-a408-1718b2bc97ad,835ea7c7-b454-4b32-88e0-a12d6c056013,b7201b0e-e441-4933-91fd-bc9abd12b74f,->,ec9c72b2-71f3-42cd-a408-1718b2bc97ad,java/io/PrintStream.java,println
ec9c72b2-71f3-42cd-a408-1718b2bc97ad,835ea7c7-b454-4b32-88e0-a12d6c056013,e9cd98bf-5a47-4277-82e3-d6ef750a1843,->,ec9c72b2-71f3-42cd-a408-1718b2bc97ad,java/util/Timer.java,schedule
ec9c72b2-71f3-42cd-a408-1718b2bc97ad,452a1cd3-ede7-4fc2-bf85-d67f0863b1c3,b9c688a2-3a86-42be-86db-210381705136,->,ec9c72b2-71f3-42cd-a408-1718b2bc97ad,312d2796-1996-45ad-9507-910bd54568d9,3a0bb009-3e99-4678-a034-ad211415d68d
ec9c72b2-71f3-42cd-a408-1718b2bc97ad,452a1cd3-ede7-4fc2-bf85-d67f0863b1c3,b9c688a2-3a86-42be-86db-210381705136,->,ec9c72b2-71f3-42cd-a408-1718b2bc97ad,312d2796-1996-45ad-9507-910bd54568d9,52143d33-927c-48e1-89d4-e92d52703b02
ec9c72b2-71f3-42cd-a408-1718b2bc97ad,452a1cd3-ede7-4fc2-bf85-d67f0863b1c3,51b2ce84-f972-403e-9f3b-9d305f62633d,->,ec9c72b2-71f3-42cd-a408-1718b2bc97ad,312d2796-1996-45ad-9507-910bd54568d9,b7c0361c-5d2d-416d-88c9-f3d68395760c
