caller_project_id,caller_class_id,caller_method_id,CALL_DIRECTION,callee_project_id,callee_class_id,callee_method_id
fdec720e-647a-4e09-81f7-9312215caf0b,3c37a2b2-7fcd-4728-a838-79f24fccb123,d53a9370-f7b1-4708-b2f8-56a4f4eec3c4,->,fdec720e-647a-4e09-81f7-9312215caf0b,java/util/Calendar.java,get
fdec720e-647a-4e09-81f7-9312215caf0b,3c37a2b2-7fcd-4728-a838-79f24fccb123,633dff6b-49c3-4020-8a5d-672c5a65affa,->,fdec720e-647a-4e09-81f7-9312215caf0b,java/util/Calendar.java,get
fdec720e-647a-4e09-81f7-9312215caf0b,3c37a2b2-7fcd-4728-a838-79f24fccb123,633dff6b-49c3-4020-8a5d-672c5a65affa,->,fdec720e-647a-4e09-81f7-9312215caf0b,java/util/Calendar.java,get
fdec720e-647a-4e09-81f7-9312215caf0b,3c37a2b2-7fcd-4728-a838-79f24fccb123,633dff6b-49c3-4020-8a5d-672c5a65affa,->,fdec720e-647a-4e09-81f7-9312215caf0b,java/lang/Double.java,valueOf
fdec720e-647a-4e09-81f7-9312215caf0b,3c37a2b2-7fcd-4728-a838-79f24fccb123,633dff6b-49c3-4020-8a5d-672c5a65affa,->,fdec720e-647a-4e09-81f7-9312215caf0b,java/lang/Double.java,doubleValue
fdec720e-647a-4e09-81f7-9312215caf0b,3c37a2b2-7fcd-4728-a838-79f24fccb123,633dff6b-49c3-4020-8a5d-672c5a65affa,->,fdec720e-647a-4e09-81f7-9312215caf0b,java/lang/Double.java,valueOf
fdec720e-647a-4e09-81f7-9312215caf0b,3c37a2b2-7fcd-4728-a838-79f24fccb123,633dff6b-49c3-4020-8a5d-672c5a65affa,->,fdec720e-647a-4e09-81f7-9312215caf0b,java/text/DecimalFormat.java,format
fdec720e-647a-4e09-81f7-9312215caf0b,3c37a2b2-7fcd-4728-a838-79f24fccb123,633dff6b-49c3-4020-8a5d-672c5a65affa,->,fdec720e-647a-4e09-81f7-9312215caf0b,java/lang/Double.java,valueOf
fdec720e-647a-4e09-81f7-9312215caf0b,3c37a2b2-7fcd-4728-a838-79f24fccb123,633dff6b-49c3-4020-8a5d-672c5a65affa,->,fdec720e-647a-4e09-81f7-9312215caf0b,java/lang/Double.java,doubleValue
fdec720e-647a-4e09-81f7-9312215caf0b,3c37a2b2-7fcd-4728-a838-79f24fccb123,952af8fb-7d2c-4546-900a-865282d36a68,->,fdec720e-647a-4e09-81f7-9312215caf0b,java/util/Calendar.java,get
fdec720e-647a-4e09-81f7-9312215caf0b,3c37a2b2-7fcd-4728-a838-79f24fccb123,952af8fb-7d2c-4546-900a-865282d36a68,->,fdec720e-647a-4e09-81f7-9312215caf0b,java/util/Calendar.java,get
fdec720e-647a-4e09-81f7-9312215caf0b,3c37a2b2-7fcd-4728-a838-79f24fccb123,952af8fb-7d2c-4546-900a-865282d36a68,->,fdec720e-647a-4e09-81f7-9312215caf0b,java/lang/Double.java,valueOf
fdec720e-647a-4e09-81f7-9312215caf0b,3c37a2b2-7fcd-4728-a838-79f24fccb123,952af8fb-7d2c-4546-900a-865282d36a68,->,fdec720e-647a-4e09-81f7-9312215caf0b,java/lang/Double.java,doubleValue
fdec720e-647a-4e09-81f7-9312215caf0b,3c37a2b2-7fcd-4728-a838-79f24fccb123,952af8fb-7d2c-4546-900a-865282d36a68,->,fdec720e-647a-4e09-81f7-9312215caf0b,java/lang/Double.java,valueOf
fdec720e-647a-4e09-81f7-9312215caf0b,3c37a2b2-7fcd-4728-a838-79f24fccb123,952af8fb-7d2c-4546-900a-865282d36a68,->,fdec720e-647a-4e09-81f7-9312215caf0b,java/text/DecimalFormat.java,format
fdec720e-647a-4e09-81f7-9312215caf0b,3c37a2b2-7fcd-4728-a838-79f24fccb123,952af8fb-7d2c-4546-900a-865282d36a68,->,fdec720e-647a-4e09-81f7-9312215caf0b,java/lang/Double.java,valueOf
fdec720e-647a-4e09-81f7-9312215caf0b,3c37a2b2-7fcd-4728-a838-79f24fccb123,952af8fb-7d2c-4546-900a-865282d36a68,->,fdec720e-647a-4e09-81f7-9312215caf0b,java/lang/Double.java,doubleValue
fdec720e-647a-4e09-81f7-9312215caf0b,3c37a2b2-7fcd-4728-a838-79f24fccb123,002b501b-919e-43c6-a703-ba298deeb31e,->,fdec720e-647a-4e09-81f7-9312215caf0b,java/util/Calendar.java,get
fdec720e-647a-4e09-81f7-9312215caf0b,3c37a2b2-7fcd-4728-a838-79f24fccb123,002b501b-919e-43c6-a703-ba298deeb31e,->,fdec720e-647a-4e09-81f7-9312215caf0b,java/util/Calendar.java,get
fdec720e-647a-4e09-81f7-9312215caf0b,3c37a2b2-7fcd-4728-a838-79f24fccb123,7b6efa56-9f8a-4d0c-ae61-f906390e757f,->,fdec720e-647a-4e09-81f7-9312215caf0b,java/util/Calendar.java,get
fdec720e-647a-4e09-81f7-9312215caf0b,3c37a2b2-7fcd-4728-a838-79f24fccb123,baffc21b-9e52-48dc-87a6-794cd272ebf0,->,fdec720e-647a-4e09-81f7-9312215caf0b,java/util/Calendar.java,get
fdec720e-647a-4e09-81f7-9312215caf0b,3c37a2b2-7fcd-4728-a838-79f24fccb123,e75713f3-119e-4eaf-81fb-8b67c06076b8,->,fdec720e-647a-4e09-81f7-9312215caf0b,java/util/Calendar.java,get
fdec720e-647a-4e09-81f7-9312215caf0b,3c37a2b2-7fcd-4728-a838-79f24fccb123,e75713f3-119e-4eaf-81fb-8b67c06076b8,->,fdec720e-647a-4e09-81f7-9312215caf0b,3c37a2b2-7fcd-4728-a838-79f24fccb123,baffc21b-9e52-48dc-87a6-794cd272ebf0
fdec720e-647a-4e09-81f7-9312215caf0b,3c37a2b2-7fcd-4728-a838-79f24fccb123,051d5cdf-381e-4655-860a-63c9d1fdde70,->,fdec720e-647a-4e09-81f7-9312215caf0b,java/util/Calendar.java,get
fdec720e-647a-4e09-81f7-9312215caf0b,3c37a2b2-7fcd-4728-a838-79f24fccb123,364dfdb2-810c-494e-bfac-dde217c87bb9,->,fdec720e-647a-4e09-81f7-9312215caf0b,java/util/Calendar.java,get
fdec720e-647a-4e09-81f7-9312215caf0b,3c37a2b2-7fcd-4728-a838-79f24fccb123,364dfdb2-810c-494e-bfac-dde217c87bb9,->,fdec720e-647a-4e09-81f7-9312215caf0b,3c37a2b2-7fcd-4728-a838-79f24fccb123,051d5cdf-381e-4655-860a-63c9d1fdde70
fdec720e-647a-4e09-81f7-9312215caf0b,3c37a2b2-7fcd-4728-a838-79f24fccb123,bc5500dc-cd07-4590-b0fe-d8592f72e4d5,->,fdec720e-647a-4e09-81f7-9312215caf0b,3c37a2b2-7fcd-4728-a838-79f24fccb123,7b6efa56-9f8a-4d0c-ae61-f906390e757f
fdec720e-647a-4e09-81f7-9312215caf0b,3c37a2b2-7fcd-4728-a838-79f24fccb123,bc5500dc-cd07-4590-b0fe-d8592f72e4d5,->,fdec720e-647a-4e09-81f7-9312215caf0b,java/lang/String.java,valueOf
fdec720e-647a-4e09-81f7-9312215caf0b,3c37a2b2-7fcd-4728-a838-79f24fccb123,bc5500dc-cd07-4590-b0fe-d8592f72e4d5,->,fdec720e-647a-4e09-81f7-9312215caf0b,java/lang/StringBuilder.java,append
fdec720e-647a-4e09-81f7-9312215caf0b,3c37a2b2-7fcd-4728-a838-79f24fccb123,bc5500dc-cd07-4590-b0fe-d8592f72e4d5,->,fdec720e-647a-4e09-81f7-9312215caf0b,java/lang/StringBuilder.java,append
fdec720e-647a-4e09-81f7-9312215caf0b,3c37a2b2-7fcd-4728-a838-79f24fccb123,bc5500dc-cd07-4590-b0fe-d8592f72e4d5,->,fdec720e-647a-4e09-81f7-9312215caf0b,3c37a2b2-7fcd-4728-a838-79f24fccb123,e75713f3-119e-4eaf-81fb-8b67c06076b8
fdec720e-647a-4e09-81f7-9312215caf0b,3c37a2b2-7fcd-4728-a838-79f24fccb123,bc5500dc-cd07-4590-b0fe-d8592f72e4d5,->,fdec720e-647a-4e09-81f7-9312215caf0b,java/lang/String.java,valueOf
fdec720e-647a-4e09-81f7-9312215caf0b,3c37a2b2-7fcd-4728-a838-79f24fccb123,bc5500dc-cd07-4590-b0fe-d8592f72e4d5,->,fdec720e-647a-4e09-81f7-9312215caf0b,java/lang/StringBuilder.java,append
fdec720e-647a-4e09-81f7-9312215caf0b,3c37a2b2-7fcd-4728-a838-79f24fccb123,bc5500dc-cd07-4590-b0fe-d8592f72e4d5,->,fdec720e-647a-4e09-81f7-9312215caf0b,java/lang/StringBuilder.java,append
fdec720e-647a-4e09-81f7-9312215caf0b,3c37a2b2-7fcd-4728-a838-79f24fccb123,bc5500dc-cd07-4590-b0fe-d8592f72e4d5,->,fdec720e-647a-4e09-81f7-9312215caf0b,3c37a2b2-7fcd-4728-a838-79f24fccb123,364dfdb2-810c-494e-bfac-dde217c87bb9
fdec720e-647a-4e09-81f7-9312215caf0b,3c37a2b2-7fcd-4728-a838-79f24fccb123,bc5500dc-cd07-4590-b0fe-d8592f72e4d5,->,fdec720e-647a-4e09-81f7-9312215caf0b,java/lang/String.java,valueOf
fdec720e-647a-4e09-81f7-9312215caf0b,3c37a2b2-7fcd-4728-a838-79f24fccb123,bc5500dc-cd07-4590-b0fe-d8592f72e4d5,->,fdec720e-647a-4e09-81f7-9312215caf0b,java/lang/StringBuilder.java,append
fdec720e-647a-4e09-81f7-9312215caf0b,3c37a2b2-7fcd-4728-a838-79f24fccb123,bc5500dc-cd07-4590-b0fe-d8592f72e4d5,->,fdec720e-647a-4e09-81f7-9312215caf0b,java/lang/StringBuilder.java,toString
fdec720e-647a-4e09-81f7-9312215caf0b,3c37a2b2-7fcd-4728-a838-79f24fccb123,53d12216-3de7-4b98-b7ab-9803ee63be42,->,fdec720e-647a-4e09-81f7-9312215caf0b,java/net/InetAddress.java,getLocalHost
fdec720e-647a-4e09-81f7-9312215caf0b,3c37a2b2-7fcd-4728-a838-79f24fccb123,53d12216-3de7-4b98-b7ab-9803ee63be42,->,fdec720e-647a-4e09-81f7-9312215caf0b,java/net/InetAddress.java,getHostName
fdec720e-647a-4e09-81f7-9312215caf0b,3c37a2b2-7fcd-4728-a838-79f24fccb123,53d12216-3de7-4b98-b7ab-9803ee63be42,->,fdec720e-647a-4e09-81f7-9312215caf0b,java/lang/StringBuilder.java,append
fdec720e-647a-4e09-81f7-9312215caf0b,3c37a2b2-7fcd-4728-a838-79f24fccb123,53d12216-3de7-4b98-b7ab-9803ee63be42,->,fdec720e-647a-4e09-81f7-9312215caf0b,java/net/UnknownHostException.java,printStackTrace
fdec720e-647a-4e09-81f7-9312215caf0b,3c37a2b2-7fcd-4728-a838-79f24fccb123,53d12216-3de7-4b98-b7ab-9803ee63be42,->,fdec720e-647a-4e09-81f7-9312215caf0b,java/lang/StringBuilder.java,toString
fdec720e-647a-4e09-81f7-9312215caf0b,b26e34e7-d540-45bb-8fce-3eb8a0662f81,9706bc64-3263-48ce-818a-d7d429945694,->,fdec720e-647a-4e09-81f7-9312215caf0b,bc05010d-0da3-4a9e-a46e-06c2d7b6a0df,4b99213f-dd21-481e-840d-c52c9dc6f75a
fdec720e-647a-4e09-81f7-9312215caf0b,b26e34e7-d540-45bb-8fce-3eb8a0662f81,9706bc64-3263-48ce-818a-d7d429945694,->,fdec720e-647a-4e09-81f7-9312215caf0b,java/io/PrintStream.java,println
fdec720e-647a-4e09-81f7-9312215caf0b,b26e34e7-d540-45bb-8fce-3eb8a0662f81,9706bc64-3263-48ce-818a-d7d429945694,->,fdec720e-647a-4e09-81f7-9312215caf0b,bc05010d-0da3-4a9e-a46e-06c2d7b6a0df,241d784b-3555-48de-867d-f6151487d937
fdec720e-647a-4e09-81f7-9312215caf0b,b26e34e7-d540-45bb-8fce-3eb8a0662f81,9706bc64-3263-48ce-818a-d7d429945694,->,fdec720e-647a-4e09-81f7-9312215caf0b,java/io/PrintStream.java,println
fdec720e-647a-4e09-81f7-9312215caf0b,b26e34e7-d540-45bb-8fce-3eb8a0662f81,9706bc64-3263-48ce-818a-d7d429945694,->,fdec720e-647a-4e09-81f7-9312215caf0b,e71e9454-134b-4612-adc6-57d5f4c63b66,7b08b3e3-1948-45ed-b8d6-9c112675c2a3
fdec720e-647a-4e09-81f7-9312215caf0b,b26e34e7-d540-45bb-8fce-3eb8a0662f81,2c06c36c-d108-4edc-b111-4cfcda80f2ed,->,fdec720e-647a-4e09-81f7-9312215caf0b,java/util/GregorianCalendar.java,get
fdec720e-647a-4e09-81f7-9312215caf0b,b26e34e7-d540-45bb-8fce-3eb8a0662f81,2c06c36c-d108-4edc-b111-4cfcda80f2ed,->,fdec720e-647a-4e09-81f7-9312215caf0b,java/lang/String.java,valueOf
fdec720e-647a-4e09-81f7-9312215caf0b,b26e34e7-d540-45bb-8fce-3eb8a0662f81,2c06c36c-d108-4edc-b111-4cfcda80f2ed,->,fdec720e-647a-4e09-81f7-9312215caf0b,java/lang/StringBuilder.java,append
fdec720e-647a-4e09-81f7-9312215caf0b,b26e34e7-d540-45bb-8fce-3eb8a0662f81,2c06c36c-d108-4edc-b111-4cfcda80f2ed,->,fdec720e-647a-4e09-81f7-9312215caf0b,java/lang/StringBuilder.java,append
fdec720e-647a-4e09-81f7-9312215caf0b,b26e34e7-d540-45bb-8fce-3eb8a0662f81,2c06c36c-d108-4edc-b111-4cfcda80f2ed,->,fdec720e-647a-4e09-81f7-9312215caf0b,java/lang/StringBuilder.java,toString
fdec720e-647a-4e09-81f7-9312215caf0b,b26e34e7-d540-45bb-8fce-3eb8a0662f81,2c06c36c-d108-4edc-b111-4cfcda80f2ed,->,fdec720e-647a-4e09-81f7-9312215caf0b,java/lang/StringBuilder.java,append
fdec720e-647a-4e09-81f7-9312215caf0b,b26e34e7-d540-45bb-8fce-3eb8a0662f81,2c06c36c-d108-4edc-b111-4cfcda80f2ed,->,fdec720e-647a-4e09-81f7-9312215caf0b,java/util/GregorianCalendar.java,get
fdec720e-647a-4e09-81f7-9312215caf0b,b26e34e7-d540-45bb-8fce-3eb8a0662f81,2c06c36c-d108-4edc-b111-4cfcda80f2ed,->,fdec720e-647a-4e09-81f7-9312215caf0b,java/lang/String.java,valueOf
fdec720e-647a-4e09-81f7-9312215caf0b,b26e34e7-d540-45bb-8fce-3eb8a0662f81,2c06c36c-d108-4edc-b111-4cfcda80f2ed,->,fdec720e-647a-4e09-81f7-9312215caf0b,java/lang/StringBuilder.java,append
fdec720e-647a-4e09-81f7-9312215caf0b,b26e34e7-d540-45bb-8fce-3eb8a0662f81,2c06c36c-d108-4edc-b111-4cfcda80f2ed,->,fdec720e-647a-4e09-81f7-9312215caf0b,java/lang/StringBuilder.java,toString
fdec720e-647a-4e09-81f7-9312215caf0b,b26e34e7-d540-45bb-8fce-3eb8a0662f81,2c06c36c-d108-4edc-b111-4cfcda80f2ed,->,fdec720e-647a-4e09-81f7-9312215caf0b,java/lang/StringBuilder.java,append
fdec720e-647a-4e09-81f7-9312215caf0b,b26e34e7-d540-45bb-8fce-3eb8a0662f81,2c06c36c-d108-4edc-b111-4cfcda80f2ed,->,fdec720e-647a-4e09-81f7-9312215caf0b,java/lang/StringBuilder.java,append
fdec720e-647a-4e09-81f7-9312215caf0b,b26e34e7-d540-45bb-8fce-3eb8a0662f81,2c06c36c-d108-4edc-b111-4cfcda80f2ed,->,fdec720e-647a-4e09-81f7-9312215caf0b,java/lang/StringBuilder.java,toString
fdec720e-647a-4e09-81f7-9312215caf0b,b26e34e7-d540-45bb-8fce-3eb8a0662f81,2c06c36c-d108-4edc-b111-4cfcda80f2ed,->,fdec720e-647a-4e09-81f7-9312215caf0b,java/lang/StringBuilder.java,append
fdec720e-647a-4e09-81f7-9312215caf0b,b26e34e7-d540-45bb-8fce-3eb8a0662f81,2c06c36c-d108-4edc-b111-4cfcda80f2ed,->,fdec720e-647a-4e09-81f7-9312215caf0b,java/util/GregorianCalendar.java,get
fdec720e-647a-4e09-81f7-9312215caf0b,b26e34e7-d540-45bb-8fce-3eb8a0662f81,2c06c36c-d108-4edc-b111-4cfcda80f2ed,->,fdec720e-647a-4e09-81f7-9312215caf0b,java/lang/String.java,valueOf
fdec720e-647a-4e09-81f7-9312215caf0b,b26e34e7-d540-45bb-8fce-3eb8a0662f81,2c06c36c-d108-4edc-b111-4cfcda80f2ed,->,fdec720e-647a-4e09-81f7-9312215caf0b,java/lang/StringBuilder.java,append
fdec720e-647a-4e09-81f7-9312215caf0b,b26e34e7-d540-45bb-8fce-3eb8a0662f81,2c06c36c-d108-4edc-b111-4cfcda80f2ed,->,fdec720e-647a-4e09-81f7-9312215caf0b,java/lang/StringBuilder.java,toString
fdec720e-647a-4e09-81f7-9312215caf0b,b26e34e7-d540-45bb-8fce-3eb8a0662f81,2c06c36c-d108-4edc-b111-4cfcda80f2ed,->,fdec720e-647a-4e09-81f7-9312215caf0b,org/json/simple/JSONObject.java,put
fdec720e-647a-4e09-81f7-9312215caf0b,b26e34e7-d540-45bb-8fce-3eb8a0662f81,2c06c36c-d108-4edc-b111-4cfcda80f2ed,->,fdec720e-647a-4e09-81f7-9312215caf0b,org/json/simple/JSONObject.java,toJSONString
fdec720e-647a-4e09-81f7-9312215caf0b,b26e34e7-d540-45bb-8fce-3eb8a0662f81,2c06c36c-d108-4edc-b111-4cfcda80f2ed,->,fdec720e-647a-4e09-81f7-9312215caf0b,java/io/FileWriter.java,write
fdec720e-647a-4e09-81f7-9312215caf0b,b26e34e7-d540-45bb-8fce-3eb8a0662f81,2c06c36c-d108-4edc-b111-4cfcda80f2ed,->,fdec720e-647a-4e09-81f7-9312215caf0b,java/io/FileWriter.java,flush
fdec720e-647a-4e09-81f7-9312215caf0b,b26e34e7-d540-45bb-8fce-3eb8a0662f81,2c06c36c-d108-4edc-b111-4cfcda80f2ed,->,fdec720e-647a-4e09-81f7-9312215caf0b,java/io/FileWriter.java,close
fdec720e-647a-4e09-81f7-9312215caf0b,b26e34e7-d540-45bb-8fce-3eb8a0662f81,2c06c36c-d108-4edc-b111-4cfcda80f2ed,->,fdec720e-647a-4e09-81f7-9312215caf0b,java/io/FileNotFoundException.java,printStackTrace
fdec720e-647a-4e09-81f7-9312215caf0b,b26e34e7-d540-45bb-8fce-3eb8a0662f81,2c06c36c-d108-4edc-b111-4cfcda80f2ed,->,fdec720e-647a-4e09-81f7-9312215caf0b,java/io/IOException.java,printStackTrace
fdec720e-647a-4e09-81f7-9312215caf0b,bc05010d-0da3-4a9e-a46e-06c2d7b6a0df,4b99213f-dd21-481e-840d-c52c9dc6f75a,->,fdec720e-647a-4e09-81f7-9312215caf0b,java/util/GregorianCalendar.java,get
fdec720e-647a-4e09-81f7-9312215caf0b,bc05010d-0da3-4a9e-a46e-06c2d7b6a0df,4b99213f-dd21-481e-840d-c52c9dc6f75a,->,fdec720e-647a-4e09-81f7-9312215caf0b,java/lang/String.java,valueOf
fdec720e-647a-4e09-81f7-9312215caf0b,bc05010d-0da3-4a9e-a46e-06c2d7b6a0df,4b99213f-dd21-481e-840d-c52c9dc6f75a,->,fdec720e-647a-4e09-81f7-9312215caf0b,java/lang/StringBuilder.java,append
fdec720e-647a-4e09-81f7-9312215caf0b,bc05010d-0da3-4a9e-a46e-06c2d7b6a0df,4b99213f-dd21-481e-840d-c52c9dc6f75a,->,fdec720e-647a-4e09-81f7-9312215caf0b,java/lang/StringBuilder.java,append
fdec720e-647a-4e09-81f7-9312215caf0b,bc05010d-0da3-4a9e-a46e-06c2d7b6a0df,4b99213f-dd21-481e-840d-c52c9dc6f75a,->,fdec720e-647a-4e09-81f7-9312215caf0b,java/util/GregorianCalendar.java,get
fdec720e-647a-4e09-81f7-9312215caf0b,bc05010d-0da3-4a9e-a46e-06c2d7b6a0df,4b99213f-dd21-481e-840d-c52c9dc6f75a,->,fdec720e-647a-4e09-81f7-9312215caf0b,java/lang/String.java,valueOf
fdec720e-647a-4e09-81f7-9312215caf0b,bc05010d-0da3-4a9e-a46e-06c2d7b6a0df,4b99213f-dd21-481e-840d-c52c9dc6f75a,->,fdec720e-647a-4e09-81f7-9312215caf0b,java/lang/StringBuilder.java,append
fdec720e-647a-4e09-81f7-9312215caf0b,bc05010d-0da3-4a9e-a46e-06c2d7b6a0df,4b99213f-dd21-481e-840d-c52c9dc6f75a,->,fdec720e-647a-4e09-81f7-9312215caf0b,java/lang/StringBuilder.java,append
fdec720e-647a-4e09-81f7-9312215caf0b,bc05010d-0da3-4a9e-a46e-06c2d7b6a0df,4b99213f-dd21-481e-840d-c52c9dc6f75a,->,fdec720e-647a-4e09-81f7-9312215caf0b,java/util/GregorianCalendar.java,get
fdec720e-647a-4e09-81f7-9312215caf0b,bc05010d-0da3-4a9e-a46e-06c2d7b6a0df,4b99213f-dd21-481e-840d-c52c9dc6f75a,->,fdec720e-647a-4e09-81f7-9312215caf0b,java/lang/String.java,valueOf
fdec720e-647a-4e09-81f7-9312215caf0b,bc05010d-0da3-4a9e-a46e-06c2d7b6a0df,4b99213f-dd21-481e-840d-c52c9dc6f75a,->,fdec720e-647a-4e09-81f7-9312215caf0b,java/lang/StringBuilder.java,append
fdec720e-647a-4e09-81f7-9312215caf0b,bc05010d-0da3-4a9e-a46e-06c2d7b6a0df,4b99213f-dd21-481e-840d-c52c9dc6f75a,->,fdec720e-647a-4e09-81f7-9312215caf0b,java/lang/StringBuilder.java,toString
fdec720e-647a-4e09-81f7-9312215caf0b,bc05010d-0da3-4a9e-a46e-06c2d7b6a0df,4b99213f-dd21-481e-840d-c52c9dc6f75a,->,fdec720e-647a-4e09-81f7-9312215caf0b,44374f02-dff1-4b6d-9561-3a626ea2a2c0,c5a3a035-d4e3-4598-a18d-c9db45904d5a
fdec720e-647a-4e09-81f7-9312215caf0b,bc05010d-0da3-4a9e-a46e-06c2d7b6a0df,4b99213f-dd21-481e-840d-c52c9dc6f75a,->,fdec720e-647a-4e09-81f7-9312215caf0b,44374f02-dff1-4b6d-9561-3a626ea2a2c0,ba544c86-bd6e-4a56-8e34-130d1143ba89
fdec720e-647a-4e09-81f7-9312215caf0b,bc05010d-0da3-4a9e-a46e-06c2d7b6a0df,4b99213f-dd21-481e-840d-c52c9dc6f75a,->,fdec720e-647a-4e09-81f7-9312215caf0b,44374f02-dff1-4b6d-9561-3a626ea2a2c0,8f56992a-7267-4a20-8790-63da4201ff88
fdec720e-647a-4e09-81f7-9312215caf0b,bc05010d-0da3-4a9e-a46e-06c2d7b6a0df,4b99213f-dd21-481e-840d-c52c9dc6f75a,->,fdec720e-647a-4e09-81f7-9312215caf0b,java/lang/StringBuilder.java,append
fdec720e-647a-4e09-81f7-9312215caf0b,bc05010d-0da3-4a9e-a46e-06c2d7b6a0df,4b99213f-dd21-481e-840d-c52c9dc6f75a,->,fdec720e-647a-4e09-81f7-9312215caf0b,java/lang/StringBuilder.java,append
fdec720e-647a-4e09-81f7-9312215caf0b,bc05010d-0da3-4a9e-a46e-06c2d7b6a0df,4b99213f-dd21-481e-840d-c52c9dc6f75a,->,fdec720e-647a-4e09-81f7-9312215caf0b,java/lang/StringBuilder.java,toString
fdec720e-647a-4e09-81f7-9312215caf0b,bc05010d-0da3-4a9e-a46e-06c2d7b6a0df,4b99213f-dd21-481e-840d-c52c9dc6f75a,->,fdec720e-647a-4e09-81f7-9312215caf0b,java/io/PrintStream.java,println
fdec720e-647a-4e09-81f7-9312215caf0b,bc05010d-0da3-4a9e-a46e-06c2d7b6a0df,4b99213f-dd21-481e-840d-c52c9dc6f75a,->,fdec720e-647a-4e09-81f7-9312215caf0b,java/lang/StringBuilder.java,append
fdec720e-647a-4e09-81f7-9312215caf0b,bc05010d-0da3-4a9e-a46e-06c2d7b6a0df,4b99213f-dd21-481e-840d-c52c9dc6f75a,->,fdec720e-647a-4e09-81f7-9312215caf0b,java/lang/StringBuilder.java,append
fdec720e-647a-4e09-81f7-9312215caf0b,bc05010d-0da3-4a9e-a46e-06c2d7b6a0df,4b99213f-dd21-481e-840d-c52c9dc6f75a,->,fdec720e-647a-4e09-81f7-9312215caf0b,java/lang/StringBuilder.java,toString
fdec720e-647a-4e09-81f7-9312215caf0b,bc05010d-0da3-4a9e-a46e-06c2d7b6a0df,4b99213f-dd21-481e-840d-c52c9dc6f75a,->,fdec720e-647a-4e09-81f7-9312215caf0b,java/io/PrintStream.java,println
fdec720e-647a-4e09-81f7-9312215caf0b,bc05010d-0da3-4a9e-a46e-06c2d7b6a0df,241d784b-3555-48de-867d-f6151487d937,->,fdec720e-647a-4e09-81f7-9312215caf0b,java/util/GregorianCalendar.java,get
fdec720e-647a-4e09-81f7-9312215caf0b,bc05010d-0da3-4a9e-a46e-06c2d7b6a0df,241d784b-3555-48de-867d-f6151487d937,->,fdec720e-647a-4e09-81f7-9312215caf0b,java/text/SimpleDateFormat.java,format
fdec720e-647a-4e09-81f7-9312215caf0b,bc05010d-0da3-4a9e-a46e-06c2d7b6a0df,241d784b-3555-48de-867d-f6151487d937,->,fdec720e-647a-4e09-81f7-9312215caf0b,java/lang/Double.java,valueOf
fdec720e-647a-4e09-81f7-9312215caf0b,bc05010d-0da3-4a9e-a46e-06c2d7b6a0df,241d784b-3555-48de-867d-f6151487d937,->,fdec720e-647a-4e09-81f7-9312215caf0b,java/lang/Double.java,doubleValue
fdec720e-647a-4e09-81f7-9312215caf0b,bc05010d-0da3-4a9e-a46e-06c2d7b6a0df,241d784b-3555-48de-867d-f6151487d937,->,fdec720e-647a-4e09-81f7-9312215caf0b,java/lang/StringBuilder.java,append
fdec720e-647a-4e09-81f7-9312215caf0b,bc05010d-0da3-4a9e-a46e-06c2d7b6a0df,241d784b-3555-48de-867d-f6151487d937,->,fdec720e-647a-4e09-81f7-9312215caf0b,java/lang/StringBuilder.java,append
fdec720e-647a-4e09-81f7-9312215caf0b,bc05010d-0da3-4a9e-a46e-06c2d7b6a0df,241d784b-3555-48de-867d-f6151487d937,->,fdec720e-647a-4e09-81f7-9312215caf0b,java/lang/StringBuilder.java,toString
fdec720e-647a-4e09-81f7-9312215caf0b,bc05010d-0da3-4a9e-a46e-06c2d7b6a0df,241d784b-3555-48de-867d-f6151487d937,->,fdec720e-647a-4e09-81f7-9312215caf0b,java/io/PrintStream.java,println
fdec720e-647a-4e09-81f7-9312215caf0b,bc05010d-0da3-4a9e-a46e-06c2d7b6a0df,241d784b-3555-48de-867d-f6151487d937,->,fdec720e-647a-4e09-81f7-9312215caf0b,java/text/DecimalFormat.java,format
fdec720e-647a-4e09-81f7-9312215caf0b,bc05010d-0da3-4a9e-a46e-06c2d7b6a0df,241d784b-3555-48de-867d-f6151487d937,->,fdec720e-647a-4e09-81f7-9312215caf0b,java/lang/Double.java,valueOf
fdec720e-647a-4e09-81f7-9312215caf0b,bc05010d-0da3-4a9e-a46e-06c2d7b6a0df,241d784b-3555-48de-867d-f6151487d937,->,fdec720e-647a-4e09-81f7-9312215caf0b,java/lang/Double.java,doubleValue
fdec720e-647a-4e09-81f7-9312215caf0b,bc05010d-0da3-4a9e-a46e-06c2d7b6a0df,241d784b-3555-48de-867d-f6151487d937,->,fdec720e-647a-4e09-81f7-9312215caf0b,java/util/GregorianCalendar.java,get
fdec720e-647a-4e09-81f7-9312215caf0b,bc05010d-0da3-4a9e-a46e-06c2d7b6a0df,241d784b-3555-48de-867d-f6151487d937,->,fdec720e-647a-4e09-81f7-9312215caf0b,java/lang/String.java,valueOf
fdec720e-647a-4e09-81f7-9312215caf0b,bc05010d-0da3-4a9e-a46e-06c2d7b6a0df,241d784b-3555-48de-867d-f6151487d937,->,fdec720e-647a-4e09-81f7-9312215caf0b,java/util/GregorianCalendar.java,get
fdec720e-647a-4e09-81f7-9312215caf0b,bc05010d-0da3-4a9e-a46e-06c2d7b6a0df,241d784b-3555-48de-867d-f6151487d937,->,fdec720e-647a-4e09-81f7-9312215caf0b,java/lang/String.java,valueOf
fdec720e-647a-4e09-81f7-9312215caf0b,bc05010d-0da3-4a9e-a46e-06c2d7b6a0df,241d784b-3555-48de-867d-f6151487d937,->,fdec720e-647a-4e09-81f7-9312215caf0b,java/util/GregorianCalendar.java,get
fdec720e-647a-4e09-81f7-9312215caf0b,bc05010d-0da3-4a9e-a46e-06c2d7b6a0df,241d784b-3555-48de-867d-f6151487d937,->,fdec720e-647a-4e09-81f7-9312215caf0b,e1922f5e-0b94-4e1c-87c8-cf914107d3d0,2b0c58a2-5cbb-4533-8674-5923633226c7
fdec720e-647a-4e09-81f7-9312215caf0b,bc05010d-0da3-4a9e-a46e-06c2d7b6a0df,241d784b-3555-48de-867d-f6151487d937,->,fdec720e-647a-4e09-81f7-9312215caf0b,e1922f5e-0b94-4e1c-87c8-cf914107d3d0,0089fbb5-fabf-4413-920e-e804c12f39ee
fdec720e-647a-4e09-81f7-9312215caf0b,bc05010d-0da3-4a9e-a46e-06c2d7b6a0df,241d784b-3555-48de-867d-f6151487d937,->,fdec720e-647a-4e09-81f7-9312215caf0b,e1922f5e-0b94-4e1c-87c8-cf914107d3d0,2b0c58a2-5cbb-4533-8674-5923633226c7
fdec720e-647a-4e09-81f7-9312215caf0b,bc05010d-0da3-4a9e-a46e-06c2d7b6a0df,241d784b-3555-48de-867d-f6151487d937,->,fdec720e-647a-4e09-81f7-9312215caf0b,e1922f5e-0b94-4e1c-87c8-cf914107d3d0,0089fbb5-fabf-4413-920e-e804c12f39ee
fdec720e-647a-4e09-81f7-9312215caf0b,e71e9454-134b-4612-adc6-57d5f4c63b66,7b08b3e3-1948-45ed-b8d6-9c112675c2a3,->,fdec720e-647a-4e09-81f7-9312215caf0b,java/util/GregorianCalendar.java,get
fdec720e-647a-4e09-81f7-9312215caf0b,e71e9454-134b-4612-adc6-57d5f4c63b66,7b08b3e3-1948-45ed-b8d6-9c112675c2a3,->,fdec720e-647a-4e09-81f7-9312215caf0b,java/text/SimpleDateFormat.java,format
fdec720e-647a-4e09-81f7-9312215caf0b,e71e9454-134b-4612-adc6-57d5f4c63b66,7b08b3e3-1948-45ed-b8d6-9c112675c2a3,->,fdec720e-647a-4e09-81f7-9312215caf0b,java/lang/Double.java,valueOf
fdec720e-647a-4e09-81f7-9312215caf0b,e71e9454-134b-4612-adc6-57d5f4c63b66,7b08b3e3-1948-45ed-b8d6-9c112675c2a3,->,fdec720e-647a-4e09-81f7-9312215caf0b,java/lang/Double.java,doubleValue
fdec720e-647a-4e09-81f7-9312215caf0b,e71e9454-134b-4612-adc6-57d5f4c63b66,7b08b3e3-1948-45ed-b8d6-9c112675c2a3,->,fdec720e-647a-4e09-81f7-9312215caf0b,java/lang/StringBuilder.java,append
fdec720e-647a-4e09-81f7-9312215caf0b,e71e9454-134b-4612-adc6-57d5f4c63b66,7b08b3e3-1948-45ed-b8d6-9c112675c2a3,->,fdec720e-647a-4e09-81f7-9312215caf0b,java/lang/StringBuilder.java,append
fdec720e-647a-4e09-81f7-9312215caf0b,e71e9454-134b-4612-adc6-57d5f4c63b66,7b08b3e3-1948-45ed-b8d6-9c112675c2a3,->,fdec720e-647a-4e09-81f7-9312215caf0b,java/lang/StringBuilder.java,toString
fdec720e-647a-4e09-81f7-9312215caf0b,e71e9454-134b-4612-adc6-57d5f4c63b66,7b08b3e3-1948-45ed-b8d6-9c112675c2a3,->,fdec720e-647a-4e09-81f7-9312215caf0b,java/io/PrintStream.java,println
fdec720e-647a-4e09-81f7-9312215caf0b,e71e9454-134b-4612-adc6-57d5f4c63b66,7b08b3e3-1948-45ed-b8d6-9c112675c2a3,->,fdec720e-647a-4e09-81f7-9312215caf0b,java/text/DecimalFormat.java,format
fdec720e-647a-4e09-81f7-9312215caf0b,e71e9454-134b-4612-adc6-57d5f4c63b66,7b08b3e3-1948-45ed-b8d6-9c112675c2a3,->,fdec720e-647a-4e09-81f7-9312215caf0b,java/lang/Double.java,valueOf
fdec720e-647a-4e09-81f7-9312215caf0b,e71e9454-134b-4612-adc6-57d5f4c63b66,7b08b3e3-1948-45ed-b8d6-9c112675c2a3,->,fdec720e-647a-4e09-81f7-9312215caf0b,java/lang/Double.java,doubleValue
fdec720e-647a-4e09-81f7-9312215caf0b,e71e9454-134b-4612-adc6-57d5f4c63b66,7b08b3e3-1948-45ed-b8d6-9c112675c2a3,->,fdec720e-647a-4e09-81f7-9312215caf0b,java/util/GregorianCalendar.java,get
fdec720e-647a-4e09-81f7-9312215caf0b,e71e9454-134b-4612-adc6-57d5f4c63b66,7b08b3e3-1948-45ed-b8d6-9c112675c2a3,->,fdec720e-647a-4e09-81f7-9312215caf0b,java/lang/String.java,valueOf
fdec720e-647a-4e09-81f7-9312215caf0b,e71e9454-134b-4612-adc6-57d5f4c63b66,7b08b3e3-1948-45ed-b8d6-9c112675c2a3,->,fdec720e-647a-4e09-81f7-9312215caf0b,java/util/GregorianCalendar.java,get
fdec720e-647a-4e09-81f7-9312215caf0b,e71e9454-134b-4612-adc6-57d5f4c63b66,7b08b3e3-1948-45ed-b8d6-9c112675c2a3,->,fdec720e-647a-4e09-81f7-9312215caf0b,java/lang/String.java,valueOf
fdec720e-647a-4e09-81f7-9312215caf0b,e71e9454-134b-4612-adc6-57d5f4c63b66,7b08b3e3-1948-45ed-b8d6-9c112675c2a3,->,fdec720e-647a-4e09-81f7-9312215caf0b,java/util/GregorianCalendar.java,get
fdec720e-647a-4e09-81f7-9312215caf0b,e71e9454-134b-4612-adc6-57d5f4c63b66,7b08b3e3-1948-45ed-b8d6-9c112675c2a3,->,fdec720e-647a-4e09-81f7-9312215caf0b,e1922f5e-0b94-4e1c-87c8-cf914107d3d0,2b0c58a2-5cbb-4533-8674-5923633226c7
fdec720e-647a-4e09-81f7-9312215caf0b,e71e9454-134b-4612-adc6-57d5f4c63b66,7b08b3e3-1948-45ed-b8d6-9c112675c2a3,->,fdec720e-647a-4e09-81f7-9312215caf0b,e1922f5e-0b94-4e1c-87c8-cf914107d3d0,9ef2fb11-eb9b-48f4-b12c-515e99d712ae
fdec720e-647a-4e09-81f7-9312215caf0b,e71e9454-134b-4612-adc6-57d5f4c63b66,7b08b3e3-1948-45ed-b8d6-9c112675c2a3,->,fdec720e-647a-4e09-81f7-9312215caf0b,e1922f5e-0b94-4e1c-87c8-cf914107d3d0,2b0c58a2-5cbb-4533-8674-5923633226c7
fdec720e-647a-4e09-81f7-9312215caf0b,e71e9454-134b-4612-adc6-57d5f4c63b66,7b08b3e3-1948-45ed-b8d6-9c112675c2a3,->,fdec720e-647a-4e09-81f7-9312215caf0b,e1922f5e-0b94-4e1c-87c8-cf914107d3d0,9ef2fb11-eb9b-48f4-b12c-515e99d712ae
fdec720e-647a-4e09-81f7-9312215caf0b,2866e74e-c9ad-4677-80a1-3d87fe289690,770cc25e-a85e-4491-9cac-787992d68ae0,->,fdec720e-647a-4e09-81f7-9312215caf0b,java/lang/StringBuilder.java,append
fdec720e-647a-4e09-81f7-9312215caf0b,2866e74e-c9ad-4677-80a1-3d87fe289690,770cc25e-a85e-4491-9cac-787992d68ae0,->,fdec720e-647a-4e09-81f7-9312215caf0b,java/lang/StringBuilder.java,append
fdec720e-647a-4e09-81f7-9312215caf0b,2866e74e-c9ad-4677-80a1-3d87fe289690,770cc25e-a85e-4491-9cac-787992d68ae0,->,fdec720e-647a-4e09-81f7-9312215caf0b,java/lang/StringBuilder.java,toString
fdec720e-647a-4e09-81f7-9312215caf0b,2866e74e-c9ad-4677-80a1-3d87fe289690,770cc25e-a85e-4491-9cac-787992d68ae0,->,fdec720e-647a-4e09-81f7-9312215caf0b,java/lang/String.java,valueOf
fdec720e-647a-4e09-81f7-9312215caf0b,2866e74e-c9ad-4677-80a1-3d87fe289690,770cc25e-a85e-4491-9cac-787992d68ae0,->,fdec720e-647a-4e09-81f7-9312215caf0b,java/lang/StringBuilder.java,append
fdec720e-647a-4e09-81f7-9312215caf0b,2866e74e-c9ad-4677-80a1-3d87fe289690,770cc25e-a85e-4491-9cac-787992d68ae0,->,fdec720e-647a-4e09-81f7-9312215caf0b,java/lang/StringBuilder.java,append
fdec720e-647a-4e09-81f7-9312215caf0b,2866e74e-c9ad-4677-80a1-3d87fe289690,770cc25e-a85e-4491-9cac-787992d68ae0,->,fdec720e-647a-4e09-81f7-9312215caf0b,java/lang/StringBuilder.java,toString
fdec720e-647a-4e09-81f7-9312215caf0b,2866e74e-c9ad-4677-80a1-3d87fe289690,770cc25e-a85e-4491-9cac-787992d68ae0,->,fdec720e-647a-4e09-81f7-9312215caf0b,java/lang/String.java,valueOf
fdec720e-647a-4e09-81f7-9312215caf0b,2866e74e-c9ad-4677-80a1-3d87fe289690,770cc25e-a85e-4491-9cac-787992d68ae0,->,fdec720e-647a-4e09-81f7-9312215caf0b,java/lang/StringBuilder.java,append
fdec720e-647a-4e09-81f7-9312215caf0b,2866e74e-c9ad-4677-80a1-3d87fe289690,770cc25e-a85e-4491-9cac-787992d68ae0,->,fdec720e-647a-4e09-81f7-9312215caf0b,java/lang/StringBuilder.java,append
fdec720e-647a-4e09-81f7-9312215caf0b,2866e74e-c9ad-4677-80a1-3d87fe289690,770cc25e-a85e-4491-9cac-787992d68ae0,->,fdec720e-647a-4e09-81f7-9312215caf0b,java/lang/StringBuilder.java,append
fdec720e-647a-4e09-81f7-9312215caf0b,2866e74e-c9ad-4677-80a1-3d87fe289690,770cc25e-a85e-4491-9cac-787992d68ae0,->,fdec720e-647a-4e09-81f7-9312215caf0b,java/lang/StringBuilder.java,append
fdec720e-647a-4e09-81f7-9312215caf0b,2866e74e-c9ad-4677-80a1-3d87fe289690,770cc25e-a85e-4491-9cac-787992d68ae0,->,fdec720e-647a-4e09-81f7-9312215caf0b,java/lang/StringBuilder.java,append
fdec720e-647a-4e09-81f7-9312215caf0b,2866e74e-c9ad-4677-80a1-3d87fe289690,770cc25e-a85e-4491-9cac-787992d68ae0,->,fdec720e-647a-4e09-81f7-9312215caf0b,java/lang/StringBuilder.java,append
fdec720e-647a-4e09-81f7-9312215caf0b,2866e74e-c9ad-4677-80a1-3d87fe289690,770cc25e-a85e-4491-9cac-787992d68ae0,->,fdec720e-647a-4e09-81f7-9312215caf0b,java/lang/StringBuilder.java,append
fdec720e-647a-4e09-81f7-9312215caf0b,2866e74e-c9ad-4677-80a1-3d87fe289690,770cc25e-a85e-4491-9cac-787992d68ae0,->,fdec720e-647a-4e09-81f7-9312215caf0b,java/lang/StringBuilder.java,append
fdec720e-647a-4e09-81f7-9312215caf0b,2866e74e-c9ad-4677-80a1-3d87fe289690,770cc25e-a85e-4491-9cac-787992d68ae0,->,fdec720e-647a-4e09-81f7-9312215caf0b,java/lang/StringBuilder.java,append
fdec720e-647a-4e09-81f7-9312215caf0b,2866e74e-c9ad-4677-80a1-3d87fe289690,770cc25e-a85e-4491-9cac-787992d68ae0,->,fdec720e-647a-4e09-81f7-9312215caf0b,java/lang/StringBuilder.java,append
fdec720e-647a-4e09-81f7-9312215caf0b,2866e74e-c9ad-4677-80a1-3d87fe289690,770cc25e-a85e-4491-9cac-787992d68ae0,->,fdec720e-647a-4e09-81f7-9312215caf0b,java/lang/StringBuilder.java,append
fdec720e-647a-4e09-81f7-9312215caf0b,2866e74e-c9ad-4677-80a1-3d87fe289690,770cc25e-a85e-4491-9cac-787992d68ae0,->,fdec720e-647a-4e09-81f7-9312215caf0b,java/lang/StringBuilder.java,append
fdec720e-647a-4e09-81f7-9312215caf0b,2866e74e-c9ad-4677-80a1-3d87fe289690,770cc25e-a85e-4491-9cac-787992d68ae0,->,fdec720e-647a-4e09-81f7-9312215caf0b,java/lang/StringBuilder.java,append
fdec720e-647a-4e09-81f7-9312215caf0b,2866e74e-c9ad-4677-80a1-3d87fe289690,770cc25e-a85e-4491-9cac-787992d68ae0,->,fdec720e-647a-4e09-81f7-9312215caf0b,java/lang/StringBuilder.java,toString
fdec720e-647a-4e09-81f7-9312215caf0b,2866e74e-c9ad-4677-80a1-3d87fe289690,770cc25e-a85e-4491-9cac-787992d68ae0,->,fdec720e-647a-4e09-81f7-9312215caf0b,java/io/PrintStream.java,println
fdec720e-647a-4e09-81f7-9312215caf0b,2866e74e-c9ad-4677-80a1-3d87fe289690,f9c0a007-15ad-49a2-8b94-5c874e1b7966,->,fdec720e-647a-4e09-81f7-9312215caf0b,3c37a2b2-7fcd-4728-a838-79f24fccb123,952af8fb-7d2c-4546-900a-865282d36a68
fdec720e-647a-4e09-81f7-9312215caf0b,2866e74e-c9ad-4677-80a1-3d87fe289690,f9c0a007-15ad-49a2-8b94-5c874e1b7966,->,fdec720e-647a-4e09-81f7-9312215caf0b,java/io/PrintStream.java,println
fdec720e-647a-4e09-81f7-9312215caf0b,2866e74e-c9ad-4677-80a1-3d87fe289690,f9c0a007-15ad-49a2-8b94-5c874e1b7966,->,fdec720e-647a-4e09-81f7-9312215caf0b,6160c4c8-e6ac-42ea-b6bd-cc81c0b46bdd,f28b89d8-dc5e-4786-a195-fb33e11e65bb
fdec720e-647a-4e09-81f7-9312215caf0b,2866e74e-c9ad-4677-80a1-3d87fe289690,f9c0a007-15ad-49a2-8b94-5c874e1b7966,->,fdec720e-647a-4e09-81f7-9312215caf0b,3c37a2b2-7fcd-4728-a838-79f24fccb123,633dff6b-49c3-4020-8a5d-672c5a65affa
fdec720e-647a-4e09-81f7-9312215caf0b,2866e74e-c9ad-4677-80a1-3d87fe289690,f9c0a007-15ad-49a2-8b94-5c874e1b7966,->,fdec720e-647a-4e09-81f7-9312215caf0b,java/io/PrintStream.java,println
fdec720e-647a-4e09-81f7-9312215caf0b,2866e74e-c9ad-4677-80a1-3d87fe289690,f9c0a007-15ad-49a2-8b94-5c874e1b7966,->,fdec720e-647a-4e09-81f7-9312215caf0b,java/io/PrintStream.java,println
fdec720e-647a-4e09-81f7-9312215caf0b,2866e74e-c9ad-4677-80a1-3d87fe289690,f9c0a007-15ad-49a2-8b94-5c874e1b7966,->,fdec720e-647a-4e09-81f7-9312215caf0b,java/io/PrintStream.java,println
fdec720e-647a-4e09-81f7-9312215caf0b,2866e74e-c9ad-4677-80a1-3d87fe289690,f9c0a007-15ad-49a2-8b94-5c874e1b7966,->,fdec720e-647a-4e09-81f7-9312215caf0b,44374f02-dff1-4b6d-9561-3a626ea2a2c0,c5a3a035-d4e3-4598-a18d-c9db45904d5a
fdec720e-647a-4e09-81f7-9312215caf0b,2866e74e-c9ad-4677-80a1-3d87fe289690,f9c0a007-15ad-49a2-8b94-5c874e1b7966,->,fdec720e-647a-4e09-81f7-9312215caf0b,44374f02-dff1-4b6d-9561-3a626ea2a2c0,ba544c86-bd6e-4a56-8e34-130d1143ba89
fdec720e-647a-4e09-81f7-9312215caf0b,2866e74e-c9ad-4677-80a1-3d87fe289690,f9c0a007-15ad-49a2-8b94-5c874e1b7966,->,fdec720e-647a-4e09-81f7-9312215caf0b,44374f02-dff1-4b6d-9561-3a626ea2a2c0,8f56992a-7267-4a20-8790-63da4201ff88
fdec720e-647a-4e09-81f7-9312215caf0b,2866e74e-c9ad-4677-80a1-3d87fe289690,f9c0a007-15ad-49a2-8b94-5c874e1b7966,->,fdec720e-647a-4e09-81f7-9312215caf0b,ami/system/intelligence/engine/SystemProcessUtil$SystemTime.java,getCurrentHour
fdec720e-647a-4e09-81f7-9312215caf0b,2866e74e-c9ad-4677-80a1-3d87fe289690,f9c0a007-15ad-49a2-8b94-5c874e1b7966,->,fdec720e-647a-4e09-81f7-9312215caf0b,ami/system/intelligence/engine/SystemProcessUtil$SystemTime.java,getCurrentMinute
fdec720e-647a-4e09-81f7-9312215caf0b,2866e74e-c9ad-4677-80a1-3d87fe289690,f9c0a007-15ad-49a2-8b94-5c874e1b7966,->,fdec720e-647a-4e09-81f7-9312215caf0b,ami/system/intelligence/engine/SystemProcessUtil$SystemTime.java,getCurrentSeconds
fdec720e-647a-4e09-81f7-9312215caf0b,2866e74e-c9ad-4677-80a1-3d87fe289690,f9c0a007-15ad-49a2-8b94-5c874e1b7966,->,fdec720e-647a-4e09-81f7-9312215caf0b,ami/system/intelligence/engine/SystemProcessUtil$SystemTime.java,getCurrentHour
fdec720e-647a-4e09-81f7-9312215caf0b,2866e74e-c9ad-4677-80a1-3d87fe289690,f9c0a007-15ad-49a2-8b94-5c874e1b7966,->,fdec720e-647a-4e09-81f7-9312215caf0b,ami/system/intelligence/engine/SystemProcessUtil$SystemTime.java,getCurrentMinute
fdec720e-647a-4e09-81f7-9312215caf0b,2866e74e-c9ad-4677-80a1-3d87fe289690,f9c0a007-15ad-49a2-8b94-5c874e1b7966,->,fdec720e-647a-4e09-81f7-9312215caf0b,ami/system/intelligence/engine/SystemProcessUtil$SystemTime.java,getCurrentSeconds
fdec720e-647a-4e09-81f7-9312215caf0b,2866e74e-c9ad-4677-80a1-3d87fe289690,f9c0a007-15ad-49a2-8b94-5c874e1b7966,->,fdec720e-647a-4e09-81f7-9312215caf0b,2866e74e-c9ad-4677-80a1-3d87fe289690,770cc25e-a85e-4491-9cac-787992d68ae0
fdec720e-647a-4e09-81f7-9312215caf0b,2866e74e-c9ad-4677-80a1-3d87fe289690,f9c0a007-15ad-49a2-8b94-5c874e1b7966,->,fdec720e-647a-4e09-81f7-9312215caf0b,ami/system/intelligence/engine/SystemProcessUtil$SystemTime.java,getCurrentMinute
fdec720e-647a-4e09-81f7-9312215caf0b,2866e74e-c9ad-4677-80a1-3d87fe289690,f9c0a007-15ad-49a2-8b94-5c874e1b7966,->,fdec720e-647a-4e09-81f7-9312215caf0b,ami/system/intelligence/engine/SystemProcessUtil$SystemDevices.java,temperatureSensorConnected
fdec720e-647a-4e09-81f7-9312215caf0b,2866e74e-c9ad-4677-80a1-3d87fe289690,f9c0a007-15ad-49a2-8b94-5c874e1b7966,->,fdec720e-647a-4e09-81f7-9312215caf0b,ami/system/intelligence/engine/SystemProcessUtil$SystemDevices.java,ultrasonicSensorConnected
fdec720e-647a-4e09-81f7-9312215caf0b,2866e74e-c9ad-4677-80a1-3d87fe289690,f9c0a007-15ad-49a2-8b94-5c874e1b7966,->,fdec720e-647a-4e09-81f7-9312215caf0b,3c37a2b2-7fcd-4728-a838-79f24fccb123,6db55f81-e6ec-4237-bdcf-bedf97470031
fdec720e-647a-4e09-81f7-9312215caf0b,2866e74e-c9ad-4677-80a1-3d87fe289690,f9c0a007-15ad-49a2-8b94-5c874e1b7966,->,fdec720e-647a-4e09-81f7-9312215caf0b,java/io/PrintStream.java,println
fdec720e-647a-4e09-81f7-9312215caf0b,2866e74e-c9ad-4677-80a1-3d87fe289690,f9c0a007-15ad-49a2-8b94-5c874e1b7966,->,fdec720e-647a-4e09-81f7-9312215caf0b,java/lang/StringBuilder.java,append
fdec720e-647a-4e09-81f7-9312215caf0b,2866e74e-c9ad-4677-80a1-3d87fe289690,f9c0a007-15ad-49a2-8b94-5c874e1b7966,->,fdec720e-647a-4e09-81f7-9312215caf0b,java/lang/StringBuilder.java,append
fdec720e-647a-4e09-81f7-9312215caf0b,2866e74e-c9ad-4677-80a1-3d87fe289690,f9c0a007-15ad-49a2-8b94-5c874e1b7966,->,fdec720e-647a-4e09-81f7-9312215caf0b,java/lang/StringBuilder.java,toString
fdec720e-647a-4e09-81f7-9312215caf0b,2866e74e-c9ad-4677-80a1-3d87fe289690,f9c0a007-15ad-49a2-8b94-5c874e1b7966,->,fdec720e-647a-4e09-81f7-9312215caf0b,java/io/PrintStream.java,println
fdec720e-647a-4e09-81f7-9312215caf0b,2866e74e-c9ad-4677-80a1-3d87fe289690,f9c0a007-15ad-49a2-8b94-5c874e1b7966,->,fdec720e-647a-4e09-81f7-9312215caf0b,3c37a2b2-7fcd-4728-a838-79f24fccb123,002b501b-919e-43c6-a703-ba298deeb31e
fdec720e-647a-4e09-81f7-9312215caf0b,2866e74e-c9ad-4677-80a1-3d87fe289690,f9c0a007-15ad-49a2-8b94-5c874e1b7966,->,fdec720e-647a-4e09-81f7-9312215caf0b,44374f02-dff1-4b6d-9561-3a626ea2a2c0,c5a3a035-d4e3-4598-a18d-c9db45904d5a
fdec720e-647a-4e09-81f7-9312215caf0b,2866e74e-c9ad-4677-80a1-3d87fe289690,f9c0a007-15ad-49a2-8b94-5c874e1b7966,->,fdec720e-647a-4e09-81f7-9312215caf0b,3c37a2b2-7fcd-4728-a838-79f24fccb123,7b6efa56-9f8a-4d0c-ae61-f906390e757f
fdec720e-647a-4e09-81f7-9312215caf0b,2866e74e-c9ad-4677-80a1-3d87fe289690,f9c0a007-15ad-49a2-8b94-5c874e1b7966,->,fdec720e-647a-4e09-81f7-9312215caf0b,3c37a2b2-7fcd-4728-a838-79f24fccb123,e75713f3-119e-4eaf-81fb-8b67c06076b8
fdec720e-647a-4e09-81f7-9312215caf0b,2866e74e-c9ad-4677-80a1-3d87fe289690,f9c0a007-15ad-49a2-8b94-5c874e1b7966,->,fdec720e-647a-4e09-81f7-9312215caf0b,3c37a2b2-7fcd-4728-a838-79f24fccb123,53d12216-3de7-4b98-b7ab-9803ee63be42
fdec720e-647a-4e09-81f7-9312215caf0b,2866e74e-c9ad-4677-80a1-3d87fe289690,f9c0a007-15ad-49a2-8b94-5c874e1b7966,->,fdec720e-647a-4e09-81f7-9312215caf0b,44374f02-dff1-4b6d-9561-3a626ea2a2c0,0e005ec0-d89a-41ad-b100-b8f1b4de2d73
fdec720e-647a-4e09-81f7-9312215caf0b,2866e74e-c9ad-4677-80a1-3d87fe289690,f9c0a007-15ad-49a2-8b94-5c874e1b7966,->,fdec720e-647a-4e09-81f7-9312215caf0b,44374f02-dff1-4b6d-9561-3a626ea2a2c0,8f56992a-7267-4a20-8790-63da4201ff88
fdec720e-647a-4e09-81f7-9312215caf0b,2866e74e-c9ad-4677-80a1-3d87fe289690,f9c0a007-15ad-49a2-8b94-5c874e1b7966,->,fdec720e-647a-4e09-81f7-9312215caf0b,ami/system/intelligence/engine/SystemProcessUtil$SystemTime.java,getCurrentMinute
fdec720e-647a-4e09-81f7-9312215caf0b,2866e74e-c9ad-4677-80a1-3d87fe289690,f9c0a007-15ad-49a2-8b94-5c874e1b7966,->,fdec720e-647a-4e09-81f7-9312215caf0b,ami/system/intelligence/engine/SystemProcessUtil$SystemTime.java,getCurrentMinute
fdec720e-647a-4e09-81f7-9312215caf0b,2866e74e-c9ad-4677-80a1-3d87fe289690,f9c0a007-15ad-49a2-8b94-5c874e1b7966,->,fdec720e-647a-4e09-81f7-9312215caf0b,java/util/GregorianCalendar.java,get
fdec720e-647a-4e09-81f7-9312215caf0b,2866e74e-c9ad-4677-80a1-3d87fe289690,f9c0a007-15ad-49a2-8b94-5c874e1b7966,->,fdec720e-647a-4e09-81f7-9312215caf0b,java/text/SimpleDateFormat.java,format
fdec720e-647a-4e09-81f7-9312215caf0b,2866e74e-c9ad-4677-80a1-3d87fe289690,f9c0a007-15ad-49a2-8b94-5c874e1b7966,->,fdec720e-647a-4e09-81f7-9312215caf0b,java/lang/Double.java,valueOf
fdec720e-647a-4e09-81f7-9312215caf0b,2866e74e-c9ad-4677-80a1-3d87fe289690,f9c0a007-15ad-49a2-8b94-5c874e1b7966,->,fdec720e-647a-4e09-81f7-9312215caf0b,java/lang/Double.java,doubleValue
fdec720e-647a-4e09-81f7-9312215caf0b,2866e74e-c9ad-4677-80a1-3d87fe289690,f9c0a007-15ad-49a2-8b94-5c874e1b7966,->,fdec720e-647a-4e09-81f7-9312215caf0b,java/text/DecimalFormat.java,format
fdec720e-647a-4e09-81f7-9312215caf0b,2866e74e-c9ad-4677-80a1-3d87fe289690,f9c0a007-15ad-49a2-8b94-5c874e1b7966,->,fdec720e-647a-4e09-81f7-9312215caf0b,java/lang/Double.java,valueOf
fdec720e-647a-4e09-81f7-9312215caf0b,2866e74e-c9ad-4677-80a1-3d87fe289690,f9c0a007-15ad-49a2-8b94-5c874e1b7966,->,fdec720e-647a-4e09-81f7-9312215caf0b,java/lang/Double.java,doubleValue
fdec720e-647a-4e09-81f7-9312215caf0b,2866e74e-c9ad-4677-80a1-3d87fe289690,f9c0a007-15ad-49a2-8b94-5c874e1b7966,->,fdec720e-647a-4e09-81f7-9312215caf0b,java/lang/Double.java,valueOf
fdec720e-647a-4e09-81f7-9312215caf0b,2866e74e-c9ad-4677-80a1-3d87fe289690,f9c0a007-15ad-49a2-8b94-5c874e1b7966,->,fdec720e-647a-4e09-81f7-9312215caf0b,java/util/Stack.java,contains
fdec720e-647a-4e09-81f7-9312215caf0b,2866e74e-c9ad-4677-80a1-3d87fe289690,f9c0a007-15ad-49a2-8b94-5c874e1b7966,->,fdec720e-647a-4e09-81f7-9312215caf0b,java/lang/Double.java,valueOf
fdec720e-647a-4e09-81f7-9312215caf0b,2866e74e-c9ad-4677-80a1-3d87fe289690,f9c0a007-15ad-49a2-8b94-5c874e1b7966,->,fdec720e-647a-4e09-81f7-9312215caf0b,java/util/Stack.java,add
fdec720e-647a-4e09-81f7-9312215caf0b,2866e74e-c9ad-4677-80a1-3d87fe289690,f9c0a007-15ad-49a2-8b94-5c874e1b7966,->,fdec720e-647a-4e09-81f7-9312215caf0b,2866e74e-c9ad-4677-80a1-3d87fe289690,af63c085-cff4-45e9-85de-156f17524213
fdec720e-647a-4e09-81f7-9312215caf0b,2866e74e-c9ad-4677-80a1-3d87fe289690,f9c0a007-15ad-49a2-8b94-5c874e1b7966,->,fdec720e-647a-4e09-81f7-9312215caf0b,3c37a2b2-7fcd-4728-a838-79f24fccb123,e419237c-a6bb-4034-ba33-0095dec35aff
fdec720e-647a-4e09-81f7-9312215caf0b,2866e74e-c9ad-4677-80a1-3d87fe289690,f9c0a007-15ad-49a2-8b94-5c874e1b7966,->,fdec720e-647a-4e09-81f7-9312215caf0b,3c37a2b2-7fcd-4728-a838-79f24fccb123,53d12216-3de7-4b98-b7ab-9803ee63be42
fdec720e-647a-4e09-81f7-9312215caf0b,2866e74e-c9ad-4677-80a1-3d87fe289690,f9c0a007-15ad-49a2-8b94-5c874e1b7966,->,fdec720e-647a-4e09-81f7-9312215caf0b,2866e74e-c9ad-4677-80a1-3d87fe289690,e7fb851e-1d12-44c2-8de6-bd0bb1e1827b
fdec720e-647a-4e09-81f7-9312215caf0b,2866e74e-c9ad-4677-80a1-3d87fe289690,f9c0a007-15ad-49a2-8b94-5c874e1b7966,->,fdec720e-647a-4e09-81f7-9312215caf0b,2866e74e-c9ad-4677-80a1-3d87fe289690,af63c085-cff4-45e9-85de-156f17524213
fdec720e-647a-4e09-81f7-9312215caf0b,2866e74e-c9ad-4677-80a1-3d87fe289690,f9c0a007-15ad-49a2-8b94-5c874e1b7966,->,fdec720e-647a-4e09-81f7-9312215caf0b,java/util/GregorianCalendar.java,get
fdec720e-647a-4e09-81f7-9312215caf0b,2866e74e-c9ad-4677-80a1-3d87fe289690,f9c0a007-15ad-49a2-8b94-5c874e1b7966,->,fdec720e-647a-4e09-81f7-9312215caf0b,java/util/GregorianCalendar.java,get
fdec720e-647a-4e09-81f7-9312215caf0b,2866e74e-c9ad-4677-80a1-3d87fe289690,f9c0a007-15ad-49a2-8b94-5c874e1b7966,->,fdec720e-647a-4e09-81f7-9312215caf0b,b26e34e7-d540-45bb-8fce-3eb8a0662f81,9706bc64-3263-48ce-818a-d7d429945694
fdec720e-647a-4e09-81f7-9312215caf0b,2866e74e-c9ad-4677-80a1-3d87fe289690,f9c0a007-15ad-49a2-8b94-5c874e1b7966,->,fdec720e-647a-4e09-81f7-9312215caf0b,ami/system/intelligence/engine/SystemProcessUtil$SystemTime.java,getCurrentMinute
fdec720e-647a-4e09-81f7-9312215caf0b,2866e74e-c9ad-4677-80a1-3d87fe289690,f9c0a007-15ad-49a2-8b94-5c874e1b7966,->,fdec720e-647a-4e09-81f7-9312215caf0b,ami/system/intelligence/engine/SystemProcessUtil$SystemTime.java,getCurrentMinute
fdec720e-647a-4e09-81f7-9312215caf0b,2866e74e-c9ad-4677-80a1-3d87fe289690,f9c0a007-15ad-49a2-8b94-5c874e1b7966,->,fdec720e-647a-4e09-81f7-9312215caf0b,java/util/GregorianCalendar.java,get
fdec720e-647a-4e09-81f7-9312215caf0b,2866e74e-c9ad-4677-80a1-3d87fe289690,f9c0a007-15ad-49a2-8b94-5c874e1b7966,->,fdec720e-647a-4e09-81f7-9312215caf0b,java/text/SimpleDateFormat.java,format
fdec720e-647a-4e09-81f7-9312215caf0b,2866e74e-c9ad-4677-80a1-3d87fe289690,f9c0a007-15ad-49a2-8b94-5c874e1b7966,->,fdec720e-647a-4e09-81f7-9312215caf0b,java/lang/Double.java,valueOf
fdec720e-647a-4e09-81f7-9312215caf0b,2866e74e-c9ad-4677-80a1-3d87fe289690,f9c0a007-15ad-49a2-8b94-5c874e1b7966,->,fdec720e-647a-4e09-81f7-9312215caf0b,java/lang/Double.java,doubleValue
fdec720e-647a-4e09-81f7-9312215caf0b,2866e74e-c9ad-4677-80a1-3d87fe289690,f9c0a007-15ad-49a2-8b94-5c874e1b7966,->,fdec720e-647a-4e09-81f7-9312215caf0b,java/text/DecimalFormat.java,format
fdec720e-647a-4e09-81f7-9312215caf0b,2866e74e-c9ad-4677-80a1-3d87fe289690,f9c0a007-15ad-49a2-8b94-5c874e1b7966,->,fdec720e-647a-4e09-81f7-9312215caf0b,java/lang/Double.java,valueOf
fdec720e-647a-4e09-81f7-9312215caf0b,2866e74e-c9ad-4677-80a1-3d87fe289690,f9c0a007-15ad-49a2-8b94-5c874e1b7966,->,fdec720e-647a-4e09-81f7-9312215caf0b,java/lang/Double.java,doubleValue
fdec720e-647a-4e09-81f7-9312215caf0b,2866e74e-c9ad-4677-80a1-3d87fe289690,f9c0a007-15ad-49a2-8b94-5c874e1b7966,->,fdec720e-647a-4e09-81f7-9312215caf0b,java/lang/Double.java,valueOf
fdec720e-647a-4e09-81f7-9312215caf0b,2866e74e-c9ad-4677-80a1-3d87fe289690,f9c0a007-15ad-49a2-8b94-5c874e1b7966,->,fdec720e-647a-4e09-81f7-9312215caf0b,java/util/Stack.java,contains
fdec720e-647a-4e09-81f7-9312215caf0b,2866e74e-c9ad-4677-80a1-3d87fe289690,f9c0a007-15ad-49a2-8b94-5c874e1b7966,->,fdec720e-647a-4e09-81f7-9312215caf0b,java/lang/Double.java,valueOf
fdec720e-647a-4e09-81f7-9312215caf0b,2866e74e-c9ad-4677-80a1-3d87fe289690,f9c0a007-15ad-49a2-8b94-5c874e1b7966,->,fdec720e-647a-4e09-81f7-9312215caf0b,java/util/Stack.java,add
fdec720e-647a-4e09-81f7-9312215caf0b,2866e74e-c9ad-4677-80a1-3d87fe289690,f9c0a007-15ad-49a2-8b94-5c874e1b7966,->,fdec720e-647a-4e09-81f7-9312215caf0b,2866e74e-c9ad-4677-80a1-3d87fe289690,af63c085-cff4-45e9-85de-156f17524213
fdec720e-647a-4e09-81f7-9312215caf0b,2866e74e-c9ad-4677-80a1-3d87fe289690,f9c0a007-15ad-49a2-8b94-5c874e1b7966,->,fdec720e-647a-4e09-81f7-9312215caf0b,3c37a2b2-7fcd-4728-a838-79f24fccb123,e419237c-a6bb-4034-ba33-0095dec35aff
fdec720e-647a-4e09-81f7-9312215caf0b,2866e74e-c9ad-4677-80a1-3d87fe289690,f9c0a007-15ad-49a2-8b94-5c874e1b7966,->,fdec720e-647a-4e09-81f7-9312215caf0b,3c37a2b2-7fcd-4728-a838-79f24fccb123,53d12216-3de7-4b98-b7ab-9803ee63be42
fdec720e-647a-4e09-81f7-9312215caf0b,2866e74e-c9ad-4677-80a1-3d87fe289690,f9c0a007-15ad-49a2-8b94-5c874e1b7966,->,fdec720e-647a-4e09-81f7-9312215caf0b,2866e74e-c9ad-4677-80a1-3d87fe289690,e7fb851e-1d12-44c2-8de6-bd0bb1e1827b
fdec720e-647a-4e09-81f7-9312215caf0b,2866e74e-c9ad-4677-80a1-3d87fe289690,f9c0a007-15ad-49a2-8b94-5c874e1b7966,->,fdec720e-647a-4e09-81f7-9312215caf0b,2866e74e-c9ad-4677-80a1-3d87fe289690,af63c085-cff4-45e9-85de-156f17524213
fdec720e-647a-4e09-81f7-9312215caf0b,2866e74e-c9ad-4677-80a1-3d87fe289690,f9c0a007-15ad-49a2-8b94-5c874e1b7966,->,fdec720e-647a-4e09-81f7-9312215caf0b,java/util/GregorianCalendar.java,get
fdec720e-647a-4e09-81f7-9312215caf0b,2866e74e-c9ad-4677-80a1-3d87fe289690,f9c0a007-15ad-49a2-8b94-5c874e1b7966,->,fdec720e-647a-4e09-81f7-9312215caf0b,java/util/GregorianCalendar.java,get
fdec720e-647a-4e09-81f7-9312215caf0b,2866e74e-c9ad-4677-80a1-3d87fe289690,f9c0a007-15ad-49a2-8b94-5c874e1b7966,->,fdec720e-647a-4e09-81f7-9312215caf0b,b26e34e7-d540-45bb-8fce-3eb8a0662f81,9706bc64-3263-48ce-818a-d7d429945694
fdec720e-647a-4e09-81f7-9312215caf0b,2866e74e-c9ad-4677-80a1-3d87fe289690,f9c0a007-15ad-49a2-8b94-5c874e1b7966,->,fdec720e-647a-4e09-81f7-9312215caf0b,java/io/PrintStream.java,print
fdec720e-647a-4e09-81f7-9312215caf0b,2866e74e-c9ad-4677-80a1-3d87fe289690,f9c0a007-15ad-49a2-8b94-5c874e1b7966,->,fdec720e-647a-4e09-81f7-9312215caf0b,java/io/PrintStream.java,println
fdec720e-647a-4e09-81f7-9312215caf0b,2866e74e-c9ad-4677-80a1-3d87fe289690,f9c0a007-15ad-49a2-8b94-5c874e1b7966,->,fdec720e-647a-4e09-81f7-9312215caf0b,6160c4c8-e6ac-42ea-b6bd-cc81c0b46bdd,f28b89d8-dc5e-4786-a195-fb33e11e65bb
fdec720e-647a-4e09-81f7-9312215caf0b,2866e74e-c9ad-4677-80a1-3d87fe289690,f9c0a007-15ad-49a2-8b94-5c874e1b7966,->,fdec720e-647a-4e09-81f7-9312215caf0b,3c37a2b2-7fcd-4728-a838-79f24fccb123,633dff6b-49c3-4020-8a5d-672c5a65affa
fdec720e-647a-4e09-81f7-9312215caf0b,2866e74e-c9ad-4677-80a1-3d87fe289690,f9c0a007-15ad-49a2-8b94-5c874e1b7966,->,fdec720e-647a-4e09-81f7-9312215caf0b,java/io/PrintStream.java,println
fdec720e-647a-4e09-81f7-9312215caf0b,2866e74e-c9ad-4677-80a1-3d87fe289690,f9c0a007-15ad-49a2-8b94-5c874e1b7966,->,fdec720e-647a-4e09-81f7-9312215caf0b,6160c4c8-e6ac-42ea-b6bd-cc81c0b46bdd,f28b89d8-dc5e-4786-a195-fb33e11e65bb
fdec720e-647a-4e09-81f7-9312215caf0b,2866e74e-c9ad-4677-80a1-3d87fe289690,e7fb851e-1d12-44c2-8de6-bd0bb1e1827b,->,fdec720e-647a-4e09-81f7-9312215caf0b,7b3ff625-ac15-47d5-8a42-cfebd718b16b,67f23a3d-c1d0-473f-9a86-bd884e1028a2
fdec720e-647a-4e09-81f7-9312215caf0b,2866e74e-c9ad-4677-80a1-3d87fe289690,e7fb851e-1d12-44c2-8de6-bd0bb1e1827b,->,fdec720e-647a-4e09-81f7-9312215caf0b,7b3ff625-ac15-47d5-8a42-cfebd718b16b,898412b2-784c-4322-8048-966df8544dd5
fdec720e-647a-4e09-81f7-9312215caf0b,2866e74e-c9ad-4677-80a1-3d87fe289690,e7fb851e-1d12-44c2-8de6-bd0bb1e1827b,->,fdec720e-647a-4e09-81f7-9312215caf0b,7b3ff625-ac15-47d5-8a42-cfebd718b16b,bee33ed1-5cba-497b-bd0b-50beffa3b909
fdec720e-647a-4e09-81f7-9312215caf0b,2866e74e-c9ad-4677-80a1-3d87fe289690,e7fb851e-1d12-44c2-8de6-bd0bb1e1827b,->,fdec720e-647a-4e09-81f7-9312215caf0b,java/text/DecimalFormat.java,format
fdec720e-647a-4e09-81f7-9312215caf0b,2866e74e-c9ad-4677-80a1-3d87fe289690,e7fb851e-1d12-44c2-8de6-bd0bb1e1827b,->,fdec720e-647a-4e09-81f7-9312215caf0b,java/lang/StringBuilder.java,append
fdec720e-647a-4e09-81f7-9312215caf0b,2866e74e-c9ad-4677-80a1-3d87fe289690,e7fb851e-1d12-44c2-8de6-bd0bb1e1827b,->,fdec720e-647a-4e09-81f7-9312215caf0b,java/lang/StringBuilder.java,append
fdec720e-647a-4e09-81f7-9312215caf0b,2866e74e-c9ad-4677-80a1-3d87fe289690,e7fb851e-1d12-44c2-8de6-bd0bb1e1827b,->,fdec720e-647a-4e09-81f7-9312215caf0b,java/lang/StringBuilder.java,append
fdec720e-647a-4e09-81f7-9312215caf0b,2866e74e-c9ad-4677-80a1-3d87fe289690,e7fb851e-1d12-44c2-8de6-bd0bb1e1827b,->,fdec720e-647a-4e09-81f7-9312215caf0b,java/lang/StringBuilder.java,append
fdec720e-647a-4e09-81f7-9312215caf0b,2866e74e-c9ad-4677-80a1-3d87fe289690,e7fb851e-1d12-44c2-8de6-bd0bb1e1827b,->,fdec720e-647a-4e09-81f7-9312215caf0b,java/lang/StringBuilder.java,append
fdec720e-647a-4e09-81f7-9312215caf0b,2866e74e-c9ad-4677-80a1-3d87fe289690,e7fb851e-1d12-44c2-8de6-bd0bb1e1827b,->,fdec720e-647a-4e09-81f7-9312215caf0b,java/lang/StringBuilder.java,toString
fdec720e-647a-4e09-81f7-9312215caf0b,2866e74e-c9ad-4677-80a1-3d87fe289690,e7fb851e-1d12-44c2-8de6-bd0bb1e1827b,->,fdec720e-647a-4e09-81f7-9312215caf0b,java/io/PrintStream.java,println
fdec720e-647a-4e09-81f7-9312215caf0b,2866e74e-c9ad-4677-80a1-3d87fe289690,af63c085-cff4-45e9-85de-156f17524213,->,fdec720e-647a-4e09-81f7-9312215caf0b,75fe5977-944f-4714-b469-1980faa9b683,c18b490e-c5dc-47f3-8021-1ff800ceb8ed
fdec720e-647a-4e09-81f7-9312215caf0b,2866e74e-c9ad-4677-80a1-3d87fe289690,af63c085-cff4-45e9-85de-156f17524213,->,fdec720e-647a-4e09-81f7-9312215caf0b,java/lang/Double.java,valueOf
fdec720e-647a-4e09-81f7-9312215caf0b,2866e74e-c9ad-4677-80a1-3d87fe289690,af63c085-cff4-45e9-85de-156f17524213,->,fdec720e-647a-4e09-81f7-9312215caf0b,java/lang/Double.java,doubleValue
fdec720e-647a-4e09-81f7-9312215caf0b,2866e74e-c9ad-4677-80a1-3d87fe289690,af63c085-cff4-45e9-85de-156f17524213,->,fdec720e-647a-4e09-81f7-9312215caf0b,java/lang/Math.java,round
fdec720e-647a-4e09-81f7-9312215caf0b,2866e74e-c9ad-4677-80a1-3d87fe289690,af63c085-cff4-45e9-85de-156f17524213,->,fdec720e-647a-4e09-81f7-9312215caf0b,java/lang/StringBuilder.java,append
fdec720e-647a-4e09-81f7-9312215caf0b,2866e74e-c9ad-4677-80a1-3d87fe289690,af63c085-cff4-45e9-85de-156f17524213,->,fdec720e-647a-4e09-81f7-9312215caf0b,java/lang/StringBuilder.java,append
fdec720e-647a-4e09-81f7-9312215caf0b,2866e74e-c9ad-4677-80a1-3d87fe289690,af63c085-cff4-45e9-85de-156f17524213,->,fdec720e-647a-4e09-81f7-9312215caf0b,java/lang/StringBuilder.java,append
fdec720e-647a-4e09-81f7-9312215caf0b,2866e74e-c9ad-4677-80a1-3d87fe289690,af63c085-cff4-45e9-85de-156f17524213,->,fdec720e-647a-4e09-81f7-9312215caf0b,java/lang/StringBuilder.java,toString
fdec720e-647a-4e09-81f7-9312215caf0b,2866e74e-c9ad-4677-80a1-3d87fe289690,af63c085-cff4-45e9-85de-156f17524213,->,fdec720e-647a-4e09-81f7-9312215caf0b,java/io/PrintStream.java,println
fdec720e-647a-4e09-81f7-9312215caf0b,2866e74e-c9ad-4677-80a1-3d87fe289690,a2c1eef6-c4c0-4a17-9d74-8dec2387e4a6,->,fdec720e-647a-4e09-81f7-9312215caf0b,80059719-0adb-4eb4-843b-d6dd69d8ec2e,e3baf9ca-fe86-4cca-ae0b-54d1bd532ce4
fdec720e-647a-4e09-81f7-9312215caf0b,c8273371-7e89-40cb-baa8-541df22e8ea4,c0bc5cc3-fcd8-46bc-bc7d-6281360babf0,->,fdec720e-647a-4e09-81f7-9312215caf0b,f95a7791-b0ef-449b-aab9-98643e402a29,a8d343f8-db99-41cb-9910-3b468e8d6673
fdec720e-647a-4e09-81f7-9312215caf0b,e1922f5e-0b94-4e1c-87c8-cf914107d3d0,2b0c58a2-5cbb-4533-8674-5923633226c7,->,fdec720e-647a-4e09-81f7-9312215caf0b,c8273371-7e89-40cb-baa8-541df22e8ea4,c0bc5cc3-fcd8-46bc-bc7d-6281360babf0
fdec720e-647a-4e09-81f7-9312215caf0b,e1922f5e-0b94-4e1c-87c8-cf914107d3d0,2b0c58a2-5cbb-4533-8674-5923633226c7,->,fdec720e-647a-4e09-81f7-9312215caf0b,java/lang/StringBuilder.java,append
fdec720e-647a-4e09-81f7-9312215caf0b,e1922f5e-0b94-4e1c-87c8-cf914107d3d0,2b0c58a2-5cbb-4533-8674-5923633226c7,->,fdec720e-647a-4e09-81f7-9312215caf0b,7776816c-1b73-495a-9f07-2e8b4c2299a8,84e5b74f-993f-45e7-be6c-edc41112d569
fdec720e-647a-4e09-81f7-9312215caf0b,e1922f5e-0b94-4e1c-87c8-cf914107d3d0,2b0c58a2-5cbb-4533-8674-5923633226c7,->,fdec720e-647a-4e09-81f7-9312215caf0b,java/lang/StringBuilder.java,append
fdec720e-647a-4e09-81f7-9312215caf0b,e1922f5e-0b94-4e1c-87c8-cf914107d3d0,2b0c58a2-5cbb-4533-8674-5923633226c7,->,fdec720e-647a-4e09-81f7-9312215caf0b,java/lang/StringBuilder.java,toString
fdec720e-647a-4e09-81f7-9312215caf0b,e1922f5e-0b94-4e1c-87c8-cf914107d3d0,2b0c58a2-5cbb-4533-8674-5923633226c7,->,fdec720e-647a-4e09-81f7-9312215caf0b,java/io/PrintStream.java,println
fdec720e-647a-4e09-81f7-9312215caf0b,e1922f5e-0b94-4e1c-87c8-cf914107d3d0,2b0c58a2-5cbb-4533-8674-5923633226c7,->,fdec720e-647a-4e09-81f7-9312215caf0b,java/io/PrintStream.java,println
fdec720e-647a-4e09-81f7-9312215caf0b,e1922f5e-0b94-4e1c-87c8-cf914107d3d0,0089fbb5-fabf-4413-920e-e804c12f39ee,->,fdec720e-647a-4e09-81f7-9312215caf0b,17a47d41-5ab6-484f-ae44-78f606b9a96e,b7c7266d-4385-45d1-ad02-bfd74d7c4b45
fdec720e-647a-4e09-81f7-9312215caf0b,e1922f5e-0b94-4e1c-87c8-cf914107d3d0,0089fbb5-fabf-4413-920e-e804c12f39ee,->,fdec720e-647a-4e09-81f7-9312215caf0b,7776816c-1b73-495a-9f07-2e8b4c2299a8,6cf83eb7-0bb6-42cf-a868-a41b8ae6122d
fdec720e-647a-4e09-81f7-9312215caf0b,e1922f5e-0b94-4e1c-87c8-cf914107d3d0,0089fbb5-fabf-4413-920e-e804c12f39ee,->,fdec720e-647a-4e09-81f7-9312215caf0b,7776816c-1b73-495a-9f07-2e8b4c2299a8,2d782e1a-769d-49cd-b498-d6c66d20e125
fdec720e-647a-4e09-81f7-9312215caf0b,e1922f5e-0b94-4e1c-87c8-cf914107d3d0,0089fbb5-fabf-4413-920e-e804c12f39ee,->,fdec720e-647a-4e09-81f7-9312215caf0b,7776816c-1b73-495a-9f07-2e8b4c2299a8,84e5b74f-993f-45e7-be6c-edc41112d569
fdec720e-647a-4e09-81f7-9312215caf0b,e1922f5e-0b94-4e1c-87c8-cf914107d3d0,0089fbb5-fabf-4413-920e-e804c12f39ee,->,fdec720e-647a-4e09-81f7-9312215caf0b,17a47d41-5ab6-484f-ae44-78f606b9a96e,9fb00fca-6ba4-4beb-895d-4436bc0cb43e
fdec720e-647a-4e09-81f7-9312215caf0b,e1922f5e-0b94-4e1c-87c8-cf914107d3d0,0089fbb5-fabf-4413-920e-e804c12f39ee,->,fdec720e-647a-4e09-81f7-9312215caf0b,17a47d41-5ab6-484f-ae44-78f606b9a96e,4f93e49d-eb26-462c-b133-bb6e5e002f09
fdec720e-647a-4e09-81f7-9312215caf0b,e1922f5e-0b94-4e1c-87c8-cf914107d3d0,9ef2fb11-eb9b-48f4-b12c-515e99d712ae,->,fdec720e-647a-4e09-81f7-9312215caf0b,2c8d1016-782b-4522-a5ff-b0f8c366982f,743cbe11-06fc-4be2-a9fb-07f6c30e743a
fdec720e-647a-4e09-81f7-9312215caf0b,e1922f5e-0b94-4e1c-87c8-cf914107d3d0,9ef2fb11-eb9b-48f4-b12c-515e99d712ae,->,fdec720e-647a-4e09-81f7-9312215caf0b,7776816c-1b73-495a-9f07-2e8b4c2299a8,6cf83eb7-0bb6-42cf-a868-a41b8ae6122d
fdec720e-647a-4e09-81f7-9312215caf0b,e1922f5e-0b94-4e1c-87c8-cf914107d3d0,9ef2fb11-eb9b-48f4-b12c-515e99d712ae,->,fdec720e-647a-4e09-81f7-9312215caf0b,7776816c-1b73-495a-9f07-2e8b4c2299a8,2d782e1a-769d-49cd-b498-d6c66d20e125
fdec720e-647a-4e09-81f7-9312215caf0b,e1922f5e-0b94-4e1c-87c8-cf914107d3d0,9ef2fb11-eb9b-48f4-b12c-515e99d712ae,->,fdec720e-647a-4e09-81f7-9312215caf0b,7776816c-1b73-495a-9f07-2e8b4c2299a8,84e5b74f-993f-45e7-be6c-edc41112d569
fdec720e-647a-4e09-81f7-9312215caf0b,e1922f5e-0b94-4e1c-87c8-cf914107d3d0,9ef2fb11-eb9b-48f4-b12c-515e99d712ae,->,fdec720e-647a-4e09-81f7-9312215caf0b,2c8d1016-782b-4522-a5ff-b0f8c366982f,12d1e699-5419-4fb0-9fdd-e6b1ce8a5a48
fdec720e-647a-4e09-81f7-9312215caf0b,e1922f5e-0b94-4e1c-87c8-cf914107d3d0,9ef2fb11-eb9b-48f4-b12c-515e99d712ae,->,fdec720e-647a-4e09-81f7-9312215caf0b,2c8d1016-782b-4522-a5ff-b0f8c366982f,c73b5107-359b-4a27-b573-02e178dfcc10
fdec720e-647a-4e09-81f7-9312215caf0b,f95a7791-b0ef-449b-aab9-98643e402a29,a8d343f8-db99-41cb-9910-3b468e8d6673,->,fdec720e-647a-4e09-81f7-9312215caf0b,java/lang/StringBuilder.java,append
fdec720e-647a-4e09-81f7-9312215caf0b,f95a7791-b0ef-449b-aab9-98643e402a29,a8d343f8-db99-41cb-9910-3b468e8d6673,->,fdec720e-647a-4e09-81f7-9312215caf0b,java/lang/StringBuilder.java,append
fdec720e-647a-4e09-81f7-9312215caf0b,f95a7791-b0ef-449b-aab9-98643e402a29,a8d343f8-db99-41cb-9910-3b468e8d6673,->,fdec720e-647a-4e09-81f7-9312215caf0b,java/lang/StringBuilder.java,toString
fdec720e-647a-4e09-81f7-9312215caf0b,f95a7791-b0ef-449b-aab9-98643e402a29,a8d343f8-db99-41cb-9910-3b468e8d6673,->,fdec720e-647a-4e09-81f7-9312215caf0b,java/io/PrintStream.java,println
fdec720e-647a-4e09-81f7-9312215caf0b,f95a7791-b0ef-449b-aab9-98643e402a29,a8d343f8-db99-41cb-9910-3b468e8d6673,->,fdec720e-647a-4e09-81f7-9312215caf0b,java/lang/String.java,hashCode
fdec720e-647a-4e09-81f7-9312215caf0b,f95a7791-b0ef-449b-aab9-98643e402a29,a8d343f8-db99-41cb-9910-3b468e8d6673,->,fdec720e-647a-4e09-81f7-9312215caf0b,java/lang/String.java,equals
fdec720e-647a-4e09-81f7-9312215caf0b,f95a7791-b0ef-449b-aab9-98643e402a29,a8d343f8-db99-41cb-9910-3b468e8d6673,->,fdec720e-647a-4e09-81f7-9312215caf0b,java/lang/String.java,equals
fdec720e-647a-4e09-81f7-9312215caf0b,f95a7791-b0ef-449b-aab9-98643e402a29,a8d343f8-db99-41cb-9910-3b468e8d6673,->,fdec720e-647a-4e09-81f7-9312215caf0b,java/util/LinkedHashMap.java,entrySet
fdec720e-647a-4e09-81f7-9312215caf0b,f95a7791-b0ef-449b-aab9-98643e402a29,a8d343f8-db99-41cb-9910-3b468e8d6673,->,fdec720e-647a-4e09-81f7-9312215caf0b,java/util/Set.java,iterator
fdec720e-647a-4e09-81f7-9312215caf0b,f95a7791-b0ef-449b-aab9-98643e402a29,a8d343f8-db99-41cb-9910-3b468e8d6673,->,fdec720e-647a-4e09-81f7-9312215caf0b,java/util/Iterator.java,next
fdec720e-647a-4e09-81f7-9312215caf0b,f95a7791-b0ef-449b-aab9-98643e402a29,a8d343f8-db99-41cb-9910-3b468e8d6673,->,fdec720e-647a-4e09-81f7-9312215caf0b,java/util/Iterator.java,hasNext
fdec720e-647a-4e09-81f7-9312215caf0b,f95a7791-b0ef-449b-aab9-98643e402a29,a8d343f8-db99-41cb-9910-3b468e8d6673,->,fdec720e-647a-4e09-81f7-9312215caf0b,java/util/Iterator.java,next
fdec720e-647a-4e09-81f7-9312215caf0b,f95a7791-b0ef-449b-aab9-98643e402a29,a8d343f8-db99-41cb-9910-3b468e8d6673,->,fdec720e-647a-4e09-81f7-9312215caf0b,java/util/Map$Entry.java,getKey
fdec720e-647a-4e09-81f7-9312215caf0b,f95a7791-b0ef-449b-aab9-98643e402a29,a8d343f8-db99-41cb-9910-3b468e8d6673,->,fdec720e-647a-4e09-81f7-9312215caf0b,java/lang/Integer.java,intValue
fdec720e-647a-4e09-81f7-9312215caf0b,f95a7791-b0ef-449b-aab9-98643e402a29,a8d343f8-db99-41cb-9910-3b468e8d6673,->,fdec720e-647a-4e09-81f7-9312215caf0b,java/util/Map$Entry.java,getKey
fdec720e-647a-4e09-81f7-9312215caf0b,f95a7791-b0ef-449b-aab9-98643e402a29,a8d343f8-db99-41cb-9910-3b468e8d6673,->,fdec720e-647a-4e09-81f7-9312215caf0b,java/lang/Integer.java,intValue
fdec720e-647a-4e09-81f7-9312215caf0b,f95a7791-b0ef-449b-aab9-98643e402a29,a8d343f8-db99-41cb-9910-3b468e8d6673,->,fdec720e-647a-4e09-81f7-9312215caf0b,java/util/Map$Entry.java,getValue
fdec720e-647a-4e09-81f7-9312215caf0b,f95a7791-b0ef-449b-aab9-98643e402a29,a8d343f8-db99-41cb-9910-3b468e8d6673,->,fdec720e-647a-4e09-81f7-9312215caf0b,java/util/LinkedHashMap.java,entrySet
fdec720e-647a-4e09-81f7-9312215caf0b,f95a7791-b0ef-449b-aab9-98643e402a29,a8d343f8-db99-41cb-9910-3b468e8d6673,->,fdec720e-647a-4e09-81f7-9312215caf0b,java/util/Set.java,iterator
fdec720e-647a-4e09-81f7-9312215caf0b,f95a7791-b0ef-449b-aab9-98643e402a29,a8d343f8-db99-41cb-9910-3b468e8d6673,->,fdec720e-647a-4e09-81f7-9312215caf0b,java/util/Iterator.java,next
fdec720e-647a-4e09-81f7-9312215caf0b,f95a7791-b0ef-449b-aab9-98643e402a29,a8d343f8-db99-41cb-9910-3b468e8d6673,->,fdec720e-647a-4e09-81f7-9312215caf0b,java/util/Iterator.java,hasNext
fdec720e-647a-4e09-81f7-9312215caf0b,f95a7791-b0ef-449b-aab9-98643e402a29,a8d343f8-db99-41cb-9910-3b468e8d6673,->,fdec720e-647a-4e09-81f7-9312215caf0b,java/util/Iterator.java,next
fdec720e-647a-4e09-81f7-9312215caf0b,f95a7791-b0ef-449b-aab9-98643e402a29,a8d343f8-db99-41cb-9910-3b468e8d6673,->,fdec720e-647a-4e09-81f7-9312215caf0b,java/util/Map$Entry.java,getKey
fdec720e-647a-4e09-81f7-9312215caf0b,f95a7791-b0ef-449b-aab9-98643e402a29,a8d343f8-db99-41cb-9910-3b468e8d6673,->,fdec720e-647a-4e09-81f7-9312215caf0b,java/lang/Integer.java,intValue
fdec720e-647a-4e09-81f7-9312215caf0b,f95a7791-b0ef-449b-aab9-98643e402a29,a8d343f8-db99-41cb-9910-3b468e8d6673,->,fdec720e-647a-4e09-81f7-9312215caf0b,java/util/Map$Entry.java,getKey
fdec720e-647a-4e09-81f7-9312215caf0b,f95a7791-b0ef-449b-aab9-98643e402a29,a8d343f8-db99-41cb-9910-3b468e8d6673,->,fdec720e-647a-4e09-81f7-9312215caf0b,java/lang/Integer.java,intValue
fdec720e-647a-4e09-81f7-9312215caf0b,f95a7791-b0ef-449b-aab9-98643e402a29,a8d343f8-db99-41cb-9910-3b468e8d6673,->,fdec720e-647a-4e09-81f7-9312215caf0b,java/util/Map$Entry.java,getValue
fdec720e-647a-4e09-81f7-9312215caf0b,ami/system/intelligence/engine/SystemProcessUtil$SystemDevices.java,temperatureSensorConnected,->,fdec720e-647a-4e09-81f7-9312215caf0b,7b3ff625-ac15-47d5-8a42-cfebd718b16b,898412b2-784c-4322-8048-966df8544dd5
fdec720e-647a-4e09-81f7-9312215caf0b,ami/system/intelligence/engine/SystemProcessUtil$SystemDevices.java,ultrasonicSensorConnected,->,fdec720e-647a-4e09-81f7-9312215caf0b,75fe5977-944f-4714-b469-1980faa9b683,c18b490e-c5dc-47f3-8021-1ff800ceb8ed
fdec720e-647a-4e09-81f7-9312215caf0b,ami/system/intelligence/engine/SystemProcessUtil$SystemTime.java,getCurrentHour,->,fdec720e-647a-4e09-81f7-9312215caf0b,java/util/GregorianCalendar.java,get
fdec720e-647a-4e09-81f7-9312215caf0b,ami/system/intelligence/engine/SystemProcessUtil$SystemTime.java,getCurrentMinute,->,fdec720e-647a-4e09-81f7-9312215caf0b,java/util/GregorianCalendar.java,get
fdec720e-647a-4e09-81f7-9312215caf0b,ami/system/intelligence/engine/SystemProcessUtil$SystemTime.java,getCurrentSeconds,->,fdec720e-647a-4e09-81f7-9312215caf0b,java/util/GregorianCalendar.java,get
fdec720e-647a-4e09-81f7-9312215caf0b,ba47ee69-785b-4a67-b0b3-a99317cf3871,43ff0c4b-8ce3-4511-acc5-6ef1e575a516,->,fdec720e-647a-4e09-81f7-9312215caf0b,c227f97d-f4f1-41c4-8253-407c6f94b6a6,281eb952-9a4f-4a24-a23b-1d2be68e023a
fdec720e-647a-4e09-81f7-9312215caf0b,1f8648c7-4d48-44f1-9722-75e8a25a3ed1,d0938e28-a227-4edf-a051-7872589c7048,->,fdec720e-647a-4e09-81f7-9312215caf0b,java/lang/Runtime.java,getRuntime
fdec720e-647a-4e09-81f7-9312215caf0b,1f8648c7-4d48-44f1-9722-75e8a25a3ed1,d0938e28-a227-4edf-a051-7872589c7048,->,fdec720e-647a-4e09-81f7-9312215caf0b,java/lang/Runtime.java,exec
fdec720e-647a-4e09-81f7-9312215caf0b,1f8648c7-4d48-44f1-9722-75e8a25a3ed1,d0938e28-a227-4edf-a051-7872589c7048,->,fdec720e-647a-4e09-81f7-9312215caf0b,java/lang/Process.java,getInputStream
fdec720e-647a-4e09-81f7-9312215caf0b,1f8648c7-4d48-44f1-9722-75e8a25a3ed1,d0938e28-a227-4edf-a051-7872589c7048,->,fdec720e-647a-4e09-81f7-9312215caf0b,java/lang/Process.java,getErrorStream
fdec720e-647a-4e09-81f7-9312215caf0b,1f8648c7-4d48-44f1-9722-75e8a25a3ed1,d0938e28-a227-4edf-a051-7872589c7048,->,fdec720e-647a-4e09-81f7-9312215caf0b,java/io/PrintStream.java,println
fdec720e-647a-4e09-81f7-9312215caf0b,1f8648c7-4d48-44f1-9722-75e8a25a3ed1,d0938e28-a227-4edf-a051-7872589c7048,->,fdec720e-647a-4e09-81f7-9312215caf0b,java/io/BufferedReader.java,readLine
fdec720e-647a-4e09-81f7-9312215caf0b,1f8648c7-4d48-44f1-9722-75e8a25a3ed1,d0938e28-a227-4edf-a051-7872589c7048,->,fdec720e-647a-4e09-81f7-9312215caf0b,java/lang/Double.java,valueOf
fdec720e-647a-4e09-81f7-9312215caf0b,1f8648c7-4d48-44f1-9722-75e8a25a3ed1,d0938e28-a227-4edf-a051-7872589c7048,->,fdec720e-647a-4e09-81f7-9312215caf0b,java/lang/Double.java,doubleValue
fdec720e-647a-4e09-81f7-9312215caf0b,1f8648c7-4d48-44f1-9722-75e8a25a3ed1,d0938e28-a227-4edf-a051-7872589c7048,->,fdec720e-647a-4e09-81f7-9312215caf0b,java/io/PrintStream.java,println
fdec720e-647a-4e09-81f7-9312215caf0b,1f8648c7-4d48-44f1-9722-75e8a25a3ed1,d0938e28-a227-4edf-a051-7872589c7048,->,fdec720e-647a-4e09-81f7-9312215caf0b,java/io/BufferedReader.java,readLine
fdec720e-647a-4e09-81f7-9312215caf0b,1f8648c7-4d48-44f1-9722-75e8a25a3ed1,d0938e28-a227-4edf-a051-7872589c7048,->,fdec720e-647a-4e09-81f7-9312215caf0b,java/io/PrintStream.java,println
fdec720e-647a-4e09-81f7-9312215caf0b,1f8648c7-4d48-44f1-9722-75e8a25a3ed1,d0938e28-a227-4edf-a051-7872589c7048,->,fdec720e-647a-4e09-81f7-9312215caf0b,java/io/PrintStream.java,println
fdec720e-647a-4e09-81f7-9312215caf0b,1f8648c7-4d48-44f1-9722-75e8a25a3ed1,d0938e28-a227-4edf-a051-7872589c7048,->,fdec720e-647a-4e09-81f7-9312215caf0b,java/io/IOException.java,printStackTrace
fdec720e-647a-4e09-81f7-9312215caf0b,1f8648c7-4d48-44f1-9722-75e8a25a3ed1,d0938e28-a227-4edf-a051-7872589c7048,->,fdec720e-647a-4e09-81f7-9312215caf0b,java/lang/System.java,exit
fdec720e-647a-4e09-81f7-9312215caf0b,7b3ff625-ac15-47d5-8a42-cfebd718b16b,67f23a3d-c1d0-473f-9a86-bd884e1028a2,->,fdec720e-647a-4e09-81f7-9312215caf0b,com/pi4j/io/i2c/I2CFactory.java,getInstance
fdec720e-647a-4e09-81f7-9312215caf0b,7b3ff625-ac15-47d5-8a42-cfebd718b16b,67f23a3d-c1d0-473f-9a86-bd884e1028a2,->,fdec720e-647a-4e09-81f7-9312215caf0b,java/io/IOException.java,printStackTrace
fdec720e-647a-4e09-81f7-9312215caf0b,7b3ff625-ac15-47d5-8a42-cfebd718b16b,898412b2-784c-4322-8048-966df8544dd5,->,fdec720e-647a-4e09-81f7-9312215caf0b,com/pi4j/io/i2c/I2CBus.java,getDevice
fdec720e-647a-4e09-81f7-9312215caf0b,7b3ff625-ac15-47d5-8a42-cfebd718b16b,898412b2-784c-4322-8048-966df8544dd5,->,fdec720e-647a-4e09-81f7-9312215caf0b,java/lang/Exception.java,printStackTrace
fdec720e-647a-4e09-81f7-9312215caf0b,7b3ff625-ac15-47d5-8a42-cfebd718b16b,bee33ed1-5cba-497b-bd0b-50beffa3b909,->,fdec720e-647a-4e09-81f7-9312215caf0b,com/pi4j/io/i2c/I2CDevice.java,read
fdec720e-647a-4e09-81f7-9312215caf0b,7b3ff625-ac15-47d5-8a42-cfebd718b16b,bee33ed1-5cba-497b-bd0b-50beffa3b909,->,fdec720e-647a-4e09-81f7-9312215caf0b,java/lang/Exception.java,printStackTrace
fdec720e-647a-4e09-81f7-9312215caf0b,7c9b8dbb-cfbe-453f-91a5-64daa093ed5c,1a9fc859-7f94-4885-bfcf-928bc9c44a21,->,fdec720e-647a-4e09-81f7-9312215caf0b,com/pi4j/wiringpi/Gpio.java,wiringPiSetupGpio
fdec720e-647a-4e09-81f7-9312215caf0b,7c9b8dbb-cfbe-453f-91a5-64daa093ed5c,1a9fc859-7f94-4885-bfcf-928bc9c44a21,->,fdec720e-647a-4e09-81f7-9312215caf0b,java/lang/StringBuilder.java,append
fdec720e-647a-4e09-81f7-9312215caf0b,7c9b8dbb-cfbe-453f-91a5-64daa093ed5c,1a9fc859-7f94-4885-bfcf-928bc9c44a21,->,fdec720e-647a-4e09-81f7-9312215caf0b,com/pi4j/wiringpi/Gpio.java,wiringPiSetupGpio
fdec720e-647a-4e09-81f7-9312215caf0b,7c9b8dbb-cfbe-453f-91a5-64daa093ed5c,1a9fc859-7f94-4885-bfcf-928bc9c44a21,->,fdec720e-647a-4e09-81f7-9312215caf0b,java/lang/StringBuilder.java,append
fdec720e-647a-4e09-81f7-9312215caf0b,7c9b8dbb-cfbe-453f-91a5-64daa093ed5c,1a9fc859-7f94-4885-bfcf-928bc9c44a21,->,fdec720e-647a-4e09-81f7-9312215caf0b,java/lang/StringBuilder.java,toString
fdec720e-647a-4e09-81f7-9312215caf0b,7c9b8dbb-cfbe-453f-91a5-64daa093ed5c,1a9fc859-7f94-4885-bfcf-928bc9c44a21,->,fdec720e-647a-4e09-81f7-9312215caf0b,java/io/PrintStream.java,println
fdec720e-647a-4e09-81f7-9312215caf0b,7c9b8dbb-cfbe-453f-91a5-64daa093ed5c,1a9fc859-7f94-4885-bfcf-928bc9c44a21,->,fdec720e-647a-4e09-81f7-9312215caf0b,java/lang/StringBuilder.java,append
fdec720e-647a-4e09-81f7-9312215caf0b,7c9b8dbb-cfbe-453f-91a5-64daa093ed5c,1a9fc859-7f94-4885-bfcf-928bc9c44a21,->,fdec720e-647a-4e09-81f7-9312215caf0b,com/pi4j/wiringpi/Gpio.java,wiringPiSetupGpio
fdec720e-647a-4e09-81f7-9312215caf0b,7c9b8dbb-cfbe-453f-91a5-64daa093ed5c,1a9fc859-7f94-4885-bfcf-928bc9c44a21,->,fdec720e-647a-4e09-81f7-9312215caf0b,java/lang/StringBuilder.java,append
fdec720e-647a-4e09-81f7-9312215caf0b,7c9b8dbb-cfbe-453f-91a5-64daa093ed5c,1a9fc859-7f94-4885-bfcf-928bc9c44a21,->,fdec720e-647a-4e09-81f7-9312215caf0b,java/lang/StringBuilder.java,toString
fdec720e-647a-4e09-81f7-9312215caf0b,7c9b8dbb-cfbe-453f-91a5-64daa093ed5c,1a9fc859-7f94-4885-bfcf-928bc9c44a21,->,fdec720e-647a-4e09-81f7-9312215caf0b,java/io/PrintStream.java,println
fdec720e-647a-4e09-81f7-9312215caf0b,7c9b8dbb-cfbe-453f-91a5-64daa093ed5c,1a9fc859-7f94-4885-bfcf-928bc9c44a21,->,fdec720e-647a-4e09-81f7-9312215caf0b,com/pi4j/wiringpi/Gpio.java,pinMode
fdec720e-647a-4e09-81f7-9312215caf0b,7c9b8dbb-cfbe-453f-91a5-64daa093ed5c,1a9fc859-7f94-4885-bfcf-928bc9c44a21,->,fdec720e-647a-4e09-81f7-9312215caf0b,com/pi4j/wiringpi/Gpio.java,pinMode
fdec720e-647a-4e09-81f7-9312215caf0b,7c9b8dbb-cfbe-453f-91a5-64daa093ed5c,1a9fc859-7f94-4885-bfcf-928bc9c44a21,->,fdec720e-647a-4e09-81f7-9312215caf0b,com/pi4j/wiringpi/Gpio.java,delay
fdec720e-647a-4e09-81f7-9312215caf0b,7c9b8dbb-cfbe-453f-91a5-64daa093ed5c,1a9fc859-7f94-4885-bfcf-928bc9c44a21,->,fdec720e-647a-4e09-81f7-9312215caf0b,com/pi4j/wiringpi/Gpio.java,digitalWrite
fdec720e-647a-4e09-81f7-9312215caf0b,7c9b8dbb-cfbe-453f-91a5-64daa093ed5c,1a9fc859-7f94-4885-bfcf-928bc9c44a21,->,fdec720e-647a-4e09-81f7-9312215caf0b,com/pi4j/wiringpi/Gpio.java,delay
fdec720e-647a-4e09-81f7-9312215caf0b,7c9b8dbb-cfbe-453f-91a5-64daa093ed5c,1a9fc859-7f94-4885-bfcf-928bc9c44a21,->,fdec720e-647a-4e09-81f7-9312215caf0b,com/pi4j/wiringpi/Gpio.java,digitalWrite
fdec720e-647a-4e09-81f7-9312215caf0b,7c9b8dbb-cfbe-453f-91a5-64daa093ed5c,1a9fc859-7f94-4885-bfcf-928bc9c44a21,->,fdec720e-647a-4e09-81f7-9312215caf0b,com/pi4j/wiringpi/Gpio.java,digitalRead
fdec720e-647a-4e09-81f7-9312215caf0b,7c9b8dbb-cfbe-453f-91a5-64daa093ed5c,1a9fc859-7f94-4885-bfcf-928bc9c44a21,->,fdec720e-647a-4e09-81f7-9312215caf0b,java/lang/System.java,currentTimeMillis
fdec720e-647a-4e09-81f7-9312215caf0b,7c9b8dbb-cfbe-453f-91a5-64daa093ed5c,1a9fc859-7f94-4885-bfcf-928bc9c44a21,->,fdec720e-647a-4e09-81f7-9312215caf0b,com/pi4j/wiringpi/Gpio.java,digitalRead
fdec720e-647a-4e09-81f7-9312215caf0b,7c9b8dbb-cfbe-453f-91a5-64daa093ed5c,1a9fc859-7f94-4885-bfcf-928bc9c44a21,->,fdec720e-647a-4e09-81f7-9312215caf0b,java/lang/System.java,currentTimeMillis
fdec720e-647a-4e09-81f7-9312215caf0b,7c9b8dbb-cfbe-453f-91a5-64daa093ed5c,1a9fc859-7f94-4885-bfcf-928bc9c44a21,->,fdec720e-647a-4e09-81f7-9312215caf0b,java/lang/Math.java,round
fdec720e-647a-4e09-81f7-9312215caf0b,7c9b8dbb-cfbe-453f-91a5-64daa093ed5c,1a9fc859-7f94-4885-bfcf-928bc9c44a21,->,fdec720e-647a-4e09-81f7-9312215caf0b,java/lang/StringBuilder.java,append
fdec720e-647a-4e09-81f7-9312215caf0b,7c9b8dbb-cfbe-453f-91a5-64daa093ed5c,1a9fc859-7f94-4885-bfcf-928bc9c44a21,->,fdec720e-647a-4e09-81f7-9312215caf0b,java/lang/StringBuilder.java,append
fdec720e-647a-4e09-81f7-9312215caf0b,7c9b8dbb-cfbe-453f-91a5-64daa093ed5c,1a9fc859-7f94-4885-bfcf-928bc9c44a21,->,fdec720e-647a-4e09-81f7-9312215caf0b,java/lang/StringBuilder.java,append
fdec720e-647a-4e09-81f7-9312215caf0b,7c9b8dbb-cfbe-453f-91a5-64daa093ed5c,1a9fc859-7f94-4885-bfcf-928bc9c44a21,->,fdec720e-647a-4e09-81f7-9312215caf0b,java/lang/StringBuilder.java,toString
fdec720e-647a-4e09-81f7-9312215caf0b,7c9b8dbb-cfbe-453f-91a5-64daa093ed5c,1a9fc859-7f94-4885-bfcf-928bc9c44a21,->,fdec720e-647a-4e09-81f7-9312215caf0b,java/io/PrintStream.java,println
fdec720e-647a-4e09-81f7-9312215caf0b,c14832fd-d86e-4b57-88d1-05b0e73eb3ef,4b97e8ce-65ac-4d31-9307-909202ae20c2,->,fdec720e-647a-4e09-81f7-9312215caf0b,com/pi4j/io/i2c/I2CFactory.java,getInstance
fdec720e-647a-4e09-81f7-9312215caf0b,c14832fd-d86e-4b57-88d1-05b0e73eb3ef,4b97e8ce-65ac-4d31-9307-909202ae20c2,->,fdec720e-647a-4e09-81f7-9312215caf0b,java/lang/Exception.java,printStackTrace
fdec720e-647a-4e09-81f7-9312215caf0b,c14832fd-d86e-4b57-88d1-05b0e73eb3ef,15e7e71a-ab4f-4939-9ba9-58c7630ef0fa,->,fdec720e-647a-4e09-81f7-9312215caf0b,c14832fd-d86e-4b57-88d1-05b0e73eb3ef,8fa36fa6-7484-4e1d-a7bf-073fab10e6fe
fdec720e-647a-4e09-81f7-9312215caf0b,c14832fd-d86e-4b57-88d1-05b0e73eb3ef,15e7e71a-ab4f-4939-9ba9-58c7630ef0fa,->,fdec720e-647a-4e09-81f7-9312215caf0b,java/io/PrintStream.java,println
fdec720e-647a-4e09-81f7-9312215caf0b,c14832fd-d86e-4b57-88d1-05b0e73eb3ef,15e7e71a-ab4f-4939-9ba9-58c7630ef0fa,->,fdec720e-647a-4e09-81f7-9312215caf0b,java/lang/StringBuilder.java,append
fdec720e-647a-4e09-81f7-9312215caf0b,c14832fd-d86e-4b57-88d1-05b0e73eb3ef,15e7e71a-ab4f-4939-9ba9-58c7630ef0fa,->,fdec720e-647a-4e09-81f7-9312215caf0b,java/lang/StringBuilder.java,append
fdec720e-647a-4e09-81f7-9312215caf0b,c14832fd-d86e-4b57-88d1-05b0e73eb3ef,15e7e71a-ab4f-4939-9ba9-58c7630ef0fa,->,fdec720e-647a-4e09-81f7-9312215caf0b,java/lang/StringBuilder.java,toString
fdec720e-647a-4e09-81f7-9312215caf0b,c14832fd-d86e-4b57-88d1-05b0e73eb3ef,15e7e71a-ab4f-4939-9ba9-58c7630ef0fa,->,fdec720e-647a-4e09-81f7-9312215caf0b,java/io/PrintStream.java,println
fdec720e-647a-4e09-81f7-9312215caf0b,c14832fd-d86e-4b57-88d1-05b0e73eb3ef,ecc7478a-8abf-4780-85d7-471d742f0862,->,fdec720e-647a-4e09-81f7-9312215caf0b,c14832fd-d86e-4b57-88d1-05b0e73eb3ef,8fa36fa6-7484-4e1d-a7bf-073fab10e6fe
fdec720e-647a-4e09-81f7-9312215caf0b,c14832fd-d86e-4b57-88d1-05b0e73eb3ef,ecc7478a-8abf-4780-85d7-471d742f0862,->,fdec720e-647a-4e09-81f7-9312215caf0b,com/pi4j/io/i2c/I2CDevice.java,write
fdec720e-647a-4e09-81f7-9312215caf0b,c14832fd-d86e-4b57-88d1-05b0e73eb3ef,ecc7478a-8abf-4780-85d7-471d742f0862,->,fdec720e-647a-4e09-81f7-9312215caf0b,java/lang/Exception.java,printStackTrace
fdec720e-647a-4e09-81f7-9312215caf0b,fea13d55-7f11-45b2-a618-fb08d41d690b,3a13bb76-5ff6-4202-a551-fb99eb4c018d,->,fdec720e-647a-4e09-81f7-9312215caf0b,com/pi4j/wiringpi/Gpio.java,wiringPiSetup
fdec720e-647a-4e09-81f7-9312215caf0b,fea13d55-7f11-45b2-a618-fb08d41d690b,3a13bb76-5ff6-4202-a551-fb99eb4c018d,->,fdec720e-647a-4e09-81f7-9312215caf0b,java/io/PrintStream.java,println
fdec720e-647a-4e09-81f7-9312215caf0b,fea13d55-7f11-45b2-a618-fb08d41d690b,3a13bb76-5ff6-4202-a551-fb99eb4c018d,->,fdec720e-647a-4e09-81f7-9312215caf0b,com/pi4j/wiringpi/GpioUtil.java,getEdgeDetection
fdec720e-647a-4e09-81f7-9312215caf0b,fea13d55-7f11-45b2-a618-fb08d41d690b,3a13bb76-5ff6-4202-a551-fb99eb4c018d,->,fdec720e-647a-4e09-81f7-9312215caf0b,com/pi4j/wiringpi/Gpio.java,pinMode
fdec720e-647a-4e09-81f7-9312215caf0b,fea13d55-7f11-45b2-a618-fb08d41d690b,3a13bb76-5ff6-4202-a551-fb99eb4c018d,->,fdec720e-647a-4e09-81f7-9312215caf0b,com/pi4j/wiringpi/Gpio.java,pullUpDnControl
fdec720e-647a-4e09-81f7-9312215caf0b,fea13d55-7f11-45b2-a618-fb08d41d690b,3a13bb76-5ff6-4202-a551-fb99eb4c018d,->,fdec720e-647a-4e09-81f7-9312215caf0b,com/pi4j/wiringpi/GpioUtil.java,getEdgeDetection
fdec720e-647a-4e09-81f7-9312215caf0b,fea13d55-7f11-45b2-a618-fb08d41d690b,3a13bb76-5ff6-4202-a551-fb99eb4c018d,->,fdec720e-647a-4e09-81f7-9312215caf0b,com/pi4j/wiringpi/Gpio.java,pinMode
fdec720e-647a-4e09-81f7-9312215caf0b,fea13d55-7f11-45b2-a618-fb08d41d690b,3a13bb76-5ff6-4202-a551-fb99eb4c018d,->,fdec720e-647a-4e09-81f7-9312215caf0b,com/pi4j/wiringpi/Gpio.java,pullUpDnControl
fdec720e-647a-4e09-81f7-9312215caf0b,fea13d55-7f11-45b2-a618-fb08d41d690b,3a13bb76-5ff6-4202-a551-fb99eb4c018d,->,fdec720e-647a-4e09-81f7-9312215caf0b,java/lang/Thread.java,sleep
fdec720e-647a-4e09-81f7-9312215caf0b,fea13d55-7f11-45b2-a618-fb08d41d690b,3a13bb76-5ff6-4202-a551-fb99eb4c018d,->,fdec720e-647a-4e09-81f7-9312215caf0b,java/lang/Class.java,getName
fdec720e-647a-4e09-81f7-9312215caf0b,fea13d55-7f11-45b2-a618-fb08d41d690b,3a13bb76-5ff6-4202-a551-fb99eb4c018d,->,fdec720e-647a-4e09-81f7-9312215caf0b,java/util/logging/Logger.java,getLogger
fdec720e-647a-4e09-81f7-9312215caf0b,fea13d55-7f11-45b2-a618-fb08d41d690b,3a13bb76-5ff6-4202-a551-fb99eb4c018d,->,fdec720e-647a-4e09-81f7-9312215caf0b,java/util/logging/Logger.java,log
fdec720e-647a-4e09-81f7-9312215caf0b,fea13d55-7f11-45b2-a618-fb08d41d690b,3a13bb76-5ff6-4202-a551-fb99eb4c018d,->,fdec720e-647a-4e09-81f7-9312215caf0b,com/pi4j/wiringpi/Gpio.java,digitalRead
fdec720e-647a-4e09-81f7-9312215caf0b,80059719-0adb-4eb4-843b-d6dd69d8ec2e,e3baf9ca-fe86-4cca-ae0b-54d1bd532ce4,->,fdec720e-647a-4e09-81f7-9312215caf0b,java/lang/Runtime.java,getRuntime
fdec720e-647a-4e09-81f7-9312215caf0b,80059719-0adb-4eb4-843b-d6dd69d8ec2e,e3baf9ca-fe86-4cca-ae0b-54d1bd532ce4,->,fdec720e-647a-4e09-81f7-9312215caf0b,java/lang/Runtime.java,exec
fdec720e-647a-4e09-81f7-9312215caf0b,80059719-0adb-4eb4-843b-d6dd69d8ec2e,e3baf9ca-fe86-4cca-ae0b-54d1bd532ce4,->,fdec720e-647a-4e09-81f7-9312215caf0b,java/lang/Process.java,getInputStream
fdec720e-647a-4e09-81f7-9312215caf0b,80059719-0adb-4eb4-843b-d6dd69d8ec2e,e3baf9ca-fe86-4cca-ae0b-54d1bd532ce4,->,fdec720e-647a-4e09-81f7-9312215caf0b,java/lang/Process.java,getErrorStream
fdec720e-647a-4e09-81f7-9312215caf0b,80059719-0adb-4eb4-843b-d6dd69d8ec2e,e3baf9ca-fe86-4cca-ae0b-54d1bd532ce4,->,fdec720e-647a-4e09-81f7-9312215caf0b,java/io/PrintStream.java,println
fdec720e-647a-4e09-81f7-9312215caf0b,80059719-0adb-4eb4-843b-d6dd69d8ec2e,e3baf9ca-fe86-4cca-ae0b-54d1bd532ce4,->,fdec720e-647a-4e09-81f7-9312215caf0b,java/io/BufferedReader.java,readLine
fdec720e-647a-4e09-81f7-9312215caf0b,80059719-0adb-4eb4-843b-d6dd69d8ec2e,e3baf9ca-fe86-4cca-ae0b-54d1bd532ce4,->,fdec720e-647a-4e09-81f7-9312215caf0b,java/lang/Double.java,valueOf
fdec720e-647a-4e09-81f7-9312215caf0b,80059719-0adb-4eb4-843b-d6dd69d8ec2e,e3baf9ca-fe86-4cca-ae0b-54d1bd532ce4,->,fdec720e-647a-4e09-81f7-9312215caf0b,java/lang/Double.java,doubleValue
fdec720e-647a-4e09-81f7-9312215caf0b,80059719-0adb-4eb4-843b-d6dd69d8ec2e,e3baf9ca-fe86-4cca-ae0b-54d1bd532ce4,->,fdec720e-647a-4e09-81f7-9312215caf0b,java/io/PrintStream.java,println
fdec720e-647a-4e09-81f7-9312215caf0b,80059719-0adb-4eb4-843b-d6dd69d8ec2e,e3baf9ca-fe86-4cca-ae0b-54d1bd532ce4,->,fdec720e-647a-4e09-81f7-9312215caf0b,java/io/BufferedReader.java,readLine
fdec720e-647a-4e09-81f7-9312215caf0b,80059719-0adb-4eb4-843b-d6dd69d8ec2e,e3baf9ca-fe86-4cca-ae0b-54d1bd532ce4,->,fdec720e-647a-4e09-81f7-9312215caf0b,java/io/PrintStream.java,println
fdec720e-647a-4e09-81f7-9312215caf0b,80059719-0adb-4eb4-843b-d6dd69d8ec2e,e3baf9ca-fe86-4cca-ae0b-54d1bd532ce4,->,fdec720e-647a-4e09-81f7-9312215caf0b,java/lang/System.java,exit
fdec720e-647a-4e09-81f7-9312215caf0b,80059719-0adb-4eb4-843b-d6dd69d8ec2e,e3baf9ca-fe86-4cca-ae0b-54d1bd532ce4,->,fdec720e-647a-4e09-81f7-9312215caf0b,java/io/PrintStream.java,println
fdec720e-647a-4e09-81f7-9312215caf0b,80059719-0adb-4eb4-843b-d6dd69d8ec2e,e3baf9ca-fe86-4cca-ae0b-54d1bd532ce4,->,fdec720e-647a-4e09-81f7-9312215caf0b,java/io/IOException.java,printStackTrace
fdec720e-647a-4e09-81f7-9312215caf0b,80059719-0adb-4eb4-843b-d6dd69d8ec2e,e3baf9ca-fe86-4cca-ae0b-54d1bd532ce4,->,fdec720e-647a-4e09-81f7-9312215caf0b,java/lang/System.java,exit
fdec720e-647a-4e09-81f7-9312215caf0b,3ecd87c6-c187-4698-92a2-74ffa0da64ad,c749d2f0-d7f9-40ea-83ac-9f0646d27985,->,fdec720e-647a-4e09-81f7-9312215caf0b,3ecd87c6-c187-4698-92a2-74ffa0da64ad,f9fee1b1-3af2-420c-a9fa-3606308e160d
fdec720e-647a-4e09-81f7-9312215caf0b,3ecd87c6-c187-4698-92a2-74ffa0da64ad,c749d2f0-d7f9-40ea-83ac-9f0646d27985,->,fdec720e-647a-4e09-81f7-9312215caf0b,3ecd87c6-c187-4698-92a2-74ffa0da64ad,0641768d-ea81-42b2-95a5-5d989b1884ab
fdec720e-647a-4e09-81f7-9312215caf0b,3ecd87c6-c187-4698-92a2-74ffa0da64ad,6437a6c4-1d95-4d94-81e5-28b35dbed9ec,->,fdec720e-647a-4e09-81f7-9312215caf0b,java/lang/Math.java,pow
fdec720e-647a-4e09-81f7-9312215caf0b,3ecd87c6-c187-4698-92a2-74ffa0da64ad,6437a6c4-1d95-4d94-81e5-28b35dbed9ec,->,fdec720e-647a-4e09-81f7-9312215caf0b,java/lang/Math.java,pow
fdec720e-647a-4e09-81f7-9312215caf0b,3ecd87c6-c187-4698-92a2-74ffa0da64ad,6437a6c4-1d95-4d94-81e5-28b35dbed9ec,->,fdec720e-647a-4e09-81f7-9312215caf0b,java/lang/Math.java,pow
fdec720e-647a-4e09-81f7-9312215caf0b,3ecd87c6-c187-4698-92a2-74ffa0da64ad,f9fee1b1-3af2-420c-a9fa-3606308e160d,->,fdec720e-647a-4e09-81f7-9312215caf0b,3ecd87c6-c187-4698-92a2-74ffa0da64ad,6437a6c4-1d95-4d94-81e5-28b35dbed9ec
fdec720e-647a-4e09-81f7-9312215caf0b,3ecd87c6-c187-4698-92a2-74ffa0da64ad,f9fee1b1-3af2-420c-a9fa-3606308e160d,->,fdec720e-647a-4e09-81f7-9312215caf0b,java/lang/Math.java,random
fdec720e-647a-4e09-81f7-9312215caf0b,3ecd87c6-c187-4698-92a2-74ffa0da64ad,f9fee1b1-3af2-420c-a9fa-3606308e160d,->,fdec720e-647a-4e09-81f7-9312215caf0b,java/util/Random.java,nextGaussian
fdec720e-647a-4e09-81f7-9312215caf0b,3ecd87c6-c187-4698-92a2-74ffa0da64ad,23d6d249-4055-4219-b229-ddf9acd22fd4,->,fdec720e-647a-4e09-81f7-9312215caf0b,java/lang/StringBuilder.java,append
fdec720e-647a-4e09-81f7-9312215caf0b,3ecd87c6-c187-4698-92a2-74ffa0da64ad,23d6d249-4055-4219-b229-ddf9acd22fd4,->,fdec720e-647a-4e09-81f7-9312215caf0b,java/lang/StringBuilder.java,append
fdec720e-647a-4e09-81f7-9312215caf0b,3ecd87c6-c187-4698-92a2-74ffa0da64ad,23d6d249-4055-4219-b229-ddf9acd22fd4,->,fdec720e-647a-4e09-81f7-9312215caf0b,3ecd87c6-c187-4698-92a2-74ffa0da64ad,f23b03c9-e1c8-46db-b918-a9bd832f298c
fdec720e-647a-4e09-81f7-9312215caf0b,3ecd87c6-c187-4698-92a2-74ffa0da64ad,23d6d249-4055-4219-b229-ddf9acd22fd4,->,fdec720e-647a-4e09-81f7-9312215caf0b,java/lang/StringBuilder.java,append
fdec720e-647a-4e09-81f7-9312215caf0b,3ecd87c6-c187-4698-92a2-74ffa0da64ad,23d6d249-4055-4219-b229-ddf9acd22fd4,->,fdec720e-647a-4e09-81f7-9312215caf0b,java/lang/StringBuilder.java,toString
fdec720e-647a-4e09-81f7-9312215caf0b,75fe5977-944f-4714-b469-1980faa9b683,c18b490e-c5dc-47f3-8021-1ff800ceb8ed,->,fdec720e-647a-4e09-81f7-9312215caf0b,java/lang/Runtime.java,getRuntime
fdec720e-647a-4e09-81f7-9312215caf0b,75fe5977-944f-4714-b469-1980faa9b683,c18b490e-c5dc-47f3-8021-1ff800ceb8ed,->,fdec720e-647a-4e09-81f7-9312215caf0b,java/lang/Runtime.java,exec
fdec720e-647a-4e09-81f7-9312215caf0b,75fe5977-944f-4714-b469-1980faa9b683,c18b490e-c5dc-47f3-8021-1ff800ceb8ed,->,fdec720e-647a-4e09-81f7-9312215caf0b,java/lang/Process.java,getInputStream
fdec720e-647a-4e09-81f7-9312215caf0b,75fe5977-944f-4714-b469-1980faa9b683,c18b490e-c5dc-47f3-8021-1ff800ceb8ed,->,fdec720e-647a-4e09-81f7-9312215caf0b,java/lang/Process.java,getErrorStream
fdec720e-647a-4e09-81f7-9312215caf0b,75fe5977-944f-4714-b469-1980faa9b683,c18b490e-c5dc-47f3-8021-1ff800ceb8ed,->,fdec720e-647a-4e09-81f7-9312215caf0b,java/io/BufferedReader.java,readLine
fdec720e-647a-4e09-81f7-9312215caf0b,75fe5977-944f-4714-b469-1980faa9b683,c18b490e-c5dc-47f3-8021-1ff800ceb8ed,->,fdec720e-647a-4e09-81f7-9312215caf0b,java/io/BufferedReader.java,readLine
fdec720e-647a-4e09-81f7-9312215caf0b,75fe5977-944f-4714-b469-1980faa9b683,c18b490e-c5dc-47f3-8021-1ff800ceb8ed,->,fdec720e-647a-4e09-81f7-9312215caf0b,java/io/PrintStream.java,println
fdec720e-647a-4e09-81f7-9312215caf0b,75fe5977-944f-4714-b469-1980faa9b683,c18b490e-c5dc-47f3-8021-1ff800ceb8ed,->,fdec720e-647a-4e09-81f7-9312215caf0b,java/io/IOException.java,printStackTrace
fdec720e-647a-4e09-81f7-9312215caf0b,75fe5977-944f-4714-b469-1980faa9b683,c18b490e-c5dc-47f3-8021-1ff800ceb8ed,->,fdec720e-647a-4e09-81f7-9312215caf0b,java/lang/System.java,exit
fdec720e-647a-4e09-81f7-9312215caf0b,2c8d1016-782b-4522-a5ff-b0f8c366982f,743cbe11-06fc-4be2-a9fb-07f6c30e743a,->,fdec720e-647a-4e09-81f7-9312215caf0b,java/sql/DriverManager.java,getConnection
fdec720e-647a-4e09-81f7-9312215caf0b,2c8d1016-782b-4522-a5ff-b0f8c366982f,743cbe11-06fc-4be2-a9fb-07f6c30e743a,->,fdec720e-647a-4e09-81f7-9312215caf0b,2c8d1016-782b-4522-a5ff-b0f8c366982f,371c9f3c-239a-4e8a-b547-c83250f8e59b
fdec720e-647a-4e09-81f7-9312215caf0b,2c8d1016-782b-4522-a5ff-b0f8c366982f,743cbe11-06fc-4be2-a9fb-07f6c30e743a,->,fdec720e-647a-4e09-81f7-9312215caf0b,java/io/PrintStream.java,println
fdec720e-647a-4e09-81f7-9312215caf0b,2c8d1016-782b-4522-a5ff-b0f8c366982f,743cbe11-06fc-4be2-a9fb-07f6c30e743a,->,fdec720e-647a-4e09-81f7-9312215caf0b,java/sql/SQLException.java,printStackTrace
fdec720e-647a-4e09-81f7-9312215caf0b,2c8d1016-782b-4522-a5ff-b0f8c366982f,c73b5107-359b-4a27-b573-02e178dfcc10,->,fdec720e-647a-4e09-81f7-9312215caf0b,java/sql/Connection.java,close
fdec720e-647a-4e09-81f7-9312215caf0b,2c8d1016-782b-4522-a5ff-b0f8c366982f,c73b5107-359b-4a27-b573-02e178dfcc10,->,fdec720e-647a-4e09-81f7-9312215caf0b,java/sql/SQLException.java,printStackTrace
fdec720e-647a-4e09-81f7-9312215caf0b,2c8d1016-782b-4522-a5ff-b0f8c366982f,371c9f3c-239a-4e8a-b547-c83250f8e59b,->,fdec720e-647a-4e09-81f7-9312215caf0b,java/sql/Connection.java,createStatement
fdec720e-647a-4e09-81f7-9312215caf0b,2c8d1016-782b-4522-a5ff-b0f8c366982f,371c9f3c-239a-4e8a-b547-c83250f8e59b,->,fdec720e-647a-4e09-81f7-9312215caf0b,java/sql/Statement.java,executeUpdate
fdec720e-647a-4e09-81f7-9312215caf0b,2c8d1016-782b-4522-a5ff-b0f8c366982f,371c9f3c-239a-4e8a-b547-c83250f8e59b,->,fdec720e-647a-4e09-81f7-9312215caf0b,java/sql/SQLException.java,printStackTrace
fdec720e-647a-4e09-81f7-9312215caf0b,2c8d1016-782b-4522-a5ff-b0f8c366982f,12d1e699-5419-4fb0-9fdd-e6b1ce8a5a48,->,fdec720e-647a-4e09-81f7-9312215caf0b,java/lang/StringBuilder.java,append
fdec720e-647a-4e09-81f7-9312215caf0b,2c8d1016-782b-4522-a5ff-b0f8c366982f,12d1e699-5419-4fb0-9fdd-e6b1ce8a5a48,->,fdec720e-647a-4e09-81f7-9312215caf0b,java/lang/StringBuilder.java,append
fdec720e-647a-4e09-81f7-9312215caf0b,2c8d1016-782b-4522-a5ff-b0f8c366982f,12d1e699-5419-4fb0-9fdd-e6b1ce8a5a48,->,fdec720e-647a-4e09-81f7-9312215caf0b,java/lang/StringBuilder.java,toString
fdec720e-647a-4e09-81f7-9312215caf0b,2c8d1016-782b-4522-a5ff-b0f8c366982f,12d1e699-5419-4fb0-9fdd-e6b1ce8a5a48,->,fdec720e-647a-4e09-81f7-9312215caf0b,java/io/PrintStream.java,println
fdec720e-647a-4e09-81f7-9312215caf0b,2c8d1016-782b-4522-a5ff-b0f8c366982f,12d1e699-5419-4fb0-9fdd-e6b1ce8a5a48,->,fdec720e-647a-4e09-81f7-9312215caf0b,java/lang/StringBuilder.java,append
fdec720e-647a-4e09-81f7-9312215caf0b,2c8d1016-782b-4522-a5ff-b0f8c366982f,12d1e699-5419-4fb0-9fdd-e6b1ce8a5a48,->,fdec720e-647a-4e09-81f7-9312215caf0b,java/lang/StringBuilder.java,append
fdec720e-647a-4e09-81f7-9312215caf0b,2c8d1016-782b-4522-a5ff-b0f8c366982f,12d1e699-5419-4fb0-9fdd-e6b1ce8a5a48,->,fdec720e-647a-4e09-81f7-9312215caf0b,java/lang/StringBuilder.java,append
fdec720e-647a-4e09-81f7-9312215caf0b,2c8d1016-782b-4522-a5ff-b0f8c366982f,12d1e699-5419-4fb0-9fdd-e6b1ce8a5a48,->,fdec720e-647a-4e09-81f7-9312215caf0b,java/lang/StringBuilder.java,append
fdec720e-647a-4e09-81f7-9312215caf0b,2c8d1016-782b-4522-a5ff-b0f8c366982f,12d1e699-5419-4fb0-9fdd-e6b1ce8a5a48,->,fdec720e-647a-4e09-81f7-9312215caf0b,java/lang/StringBuilder.java,append
fdec720e-647a-4e09-81f7-9312215caf0b,2c8d1016-782b-4522-a5ff-b0f8c366982f,12d1e699-5419-4fb0-9fdd-e6b1ce8a5a48,->,fdec720e-647a-4e09-81f7-9312215caf0b,java/lang/StringBuilder.java,append
fdec720e-647a-4e09-81f7-9312215caf0b,2c8d1016-782b-4522-a5ff-b0f8c366982f,12d1e699-5419-4fb0-9fdd-e6b1ce8a5a48,->,fdec720e-647a-4e09-81f7-9312215caf0b,java/lang/StringBuilder.java,append
fdec720e-647a-4e09-81f7-9312215caf0b,2c8d1016-782b-4522-a5ff-b0f8c366982f,12d1e699-5419-4fb0-9fdd-e6b1ce8a5a48,->,fdec720e-647a-4e09-81f7-9312215caf0b,java/lang/StringBuilder.java,append
fdec720e-647a-4e09-81f7-9312215caf0b,2c8d1016-782b-4522-a5ff-b0f8c366982f,12d1e699-5419-4fb0-9fdd-e6b1ce8a5a48,->,fdec720e-647a-4e09-81f7-9312215caf0b,java/lang/StringBuilder.java,append
fdec720e-647a-4e09-81f7-9312215caf0b,2c8d1016-782b-4522-a5ff-b0f8c366982f,12d1e699-5419-4fb0-9fdd-e6b1ce8a5a48,->,fdec720e-647a-4e09-81f7-9312215caf0b,java/lang/StringBuilder.java,append
fdec720e-647a-4e09-81f7-9312215caf0b,2c8d1016-782b-4522-a5ff-b0f8c366982f,12d1e699-5419-4fb0-9fdd-e6b1ce8a5a48,->,fdec720e-647a-4e09-81f7-9312215caf0b,java/lang/StringBuilder.java,append
fdec720e-647a-4e09-81f7-9312215caf0b,2c8d1016-782b-4522-a5ff-b0f8c366982f,12d1e699-5419-4fb0-9fdd-e6b1ce8a5a48,->,fdec720e-647a-4e09-81f7-9312215caf0b,java/lang/StringBuilder.java,append
fdec720e-647a-4e09-81f7-9312215caf0b,2c8d1016-782b-4522-a5ff-b0f8c366982f,12d1e699-5419-4fb0-9fdd-e6b1ce8a5a48,->,fdec720e-647a-4e09-81f7-9312215caf0b,java/lang/StringBuilder.java,append
fdec720e-647a-4e09-81f7-9312215caf0b,2c8d1016-782b-4522-a5ff-b0f8c366982f,12d1e699-5419-4fb0-9fdd-e6b1ce8a5a48,->,fdec720e-647a-4e09-81f7-9312215caf0b,java/lang/StringBuilder.java,append
fdec720e-647a-4e09-81f7-9312215caf0b,2c8d1016-782b-4522-a5ff-b0f8c366982f,12d1e699-5419-4fb0-9fdd-e6b1ce8a5a48,->,fdec720e-647a-4e09-81f7-9312215caf0b,java/lang/StringBuilder.java,append
fdec720e-647a-4e09-81f7-9312215caf0b,2c8d1016-782b-4522-a5ff-b0f8c366982f,12d1e699-5419-4fb0-9fdd-e6b1ce8a5a48,->,fdec720e-647a-4e09-81f7-9312215caf0b,java/lang/StringBuilder.java,append
fdec720e-647a-4e09-81f7-9312215caf0b,2c8d1016-782b-4522-a5ff-b0f8c366982f,12d1e699-5419-4fb0-9fdd-e6b1ce8a5a48,->,fdec720e-647a-4e09-81f7-9312215caf0b,java/lang/StringBuilder.java,append
fdec720e-647a-4e09-81f7-9312215caf0b,2c8d1016-782b-4522-a5ff-b0f8c366982f,12d1e699-5419-4fb0-9fdd-e6b1ce8a5a48,->,fdec720e-647a-4e09-81f7-9312215caf0b,java/lang/StringBuilder.java,toString
fdec720e-647a-4e09-81f7-9312215caf0b,2c8d1016-782b-4522-a5ff-b0f8c366982f,12d1e699-5419-4fb0-9fdd-e6b1ce8a5a48,->,fdec720e-647a-4e09-81f7-9312215caf0b,java/io/PrintStream.java,println
fdec720e-647a-4e09-81f7-9312215caf0b,2c8d1016-782b-4522-a5ff-b0f8c366982f,12d1e699-5419-4fb0-9fdd-e6b1ce8a5a48,->,fdec720e-647a-4e09-81f7-9312215caf0b,java/lang/StringBuilder.java,append
fdec720e-647a-4e09-81f7-9312215caf0b,2c8d1016-782b-4522-a5ff-b0f8c366982f,12d1e699-5419-4fb0-9fdd-e6b1ce8a5a48,->,fdec720e-647a-4e09-81f7-9312215caf0b,java/lang/StringBuilder.java,append
fdec720e-647a-4e09-81f7-9312215caf0b,2c8d1016-782b-4522-a5ff-b0f8c366982f,12d1e699-5419-4fb0-9fdd-e6b1ce8a5a48,->,fdec720e-647a-4e09-81f7-9312215caf0b,java/lang/StringBuilder.java,append
fdec720e-647a-4e09-81f7-9312215caf0b,2c8d1016-782b-4522-a5ff-b0f8c366982f,12d1e699-5419-4fb0-9fdd-e6b1ce8a5a48,->,fdec720e-647a-4e09-81f7-9312215caf0b,java/lang/StringBuilder.java,append
fdec720e-647a-4e09-81f7-9312215caf0b,2c8d1016-782b-4522-a5ff-b0f8c366982f,12d1e699-5419-4fb0-9fdd-e6b1ce8a5a48,->,fdec720e-647a-4e09-81f7-9312215caf0b,java/lang/StringBuilder.java,append
fdec720e-647a-4e09-81f7-9312215caf0b,2c8d1016-782b-4522-a5ff-b0f8c366982f,12d1e699-5419-4fb0-9fdd-e6b1ce8a5a48,->,fdec720e-647a-4e09-81f7-9312215caf0b,java/lang/StringBuilder.java,append
fdec720e-647a-4e09-81f7-9312215caf0b,2c8d1016-782b-4522-a5ff-b0f8c366982f,12d1e699-5419-4fb0-9fdd-e6b1ce8a5a48,->,fdec720e-647a-4e09-81f7-9312215caf0b,java/lang/StringBuilder.java,append
fdec720e-647a-4e09-81f7-9312215caf0b,2c8d1016-782b-4522-a5ff-b0f8c366982f,12d1e699-5419-4fb0-9fdd-e6b1ce8a5a48,->,fdec720e-647a-4e09-81f7-9312215caf0b,java/lang/StringBuilder.java,append
fdec720e-647a-4e09-81f7-9312215caf0b,2c8d1016-782b-4522-a5ff-b0f8c366982f,12d1e699-5419-4fb0-9fdd-e6b1ce8a5a48,->,fdec720e-647a-4e09-81f7-9312215caf0b,java/lang/StringBuilder.java,append
fdec720e-647a-4e09-81f7-9312215caf0b,2c8d1016-782b-4522-a5ff-b0f8c366982f,12d1e699-5419-4fb0-9fdd-e6b1ce8a5a48,->,fdec720e-647a-4e09-81f7-9312215caf0b,java/lang/StringBuilder.java,append
fdec720e-647a-4e09-81f7-9312215caf0b,2c8d1016-782b-4522-a5ff-b0f8c366982f,12d1e699-5419-4fb0-9fdd-e6b1ce8a5a48,->,fdec720e-647a-4e09-81f7-9312215caf0b,java/lang/StringBuilder.java,append
fdec720e-647a-4e09-81f7-9312215caf0b,2c8d1016-782b-4522-a5ff-b0f8c366982f,12d1e699-5419-4fb0-9fdd-e6b1ce8a5a48,->,fdec720e-647a-4e09-81f7-9312215caf0b,java/lang/StringBuilder.java,append
fdec720e-647a-4e09-81f7-9312215caf0b,2c8d1016-782b-4522-a5ff-b0f8c366982f,12d1e699-5419-4fb0-9fdd-e6b1ce8a5a48,->,fdec720e-647a-4e09-81f7-9312215caf0b,java/lang/StringBuilder.java,append
fdec720e-647a-4e09-81f7-9312215caf0b,2c8d1016-782b-4522-a5ff-b0f8c366982f,12d1e699-5419-4fb0-9fdd-e6b1ce8a5a48,->,fdec720e-647a-4e09-81f7-9312215caf0b,java/lang/StringBuilder.java,append
fdec720e-647a-4e09-81f7-9312215caf0b,2c8d1016-782b-4522-a5ff-b0f8c366982f,12d1e699-5419-4fb0-9fdd-e6b1ce8a5a48,->,fdec720e-647a-4e09-81f7-9312215caf0b,java/lang/StringBuilder.java,append
fdec720e-647a-4e09-81f7-9312215caf0b,2c8d1016-782b-4522-a5ff-b0f8c366982f,12d1e699-5419-4fb0-9fdd-e6b1ce8a5a48,->,fdec720e-647a-4e09-81f7-9312215caf0b,java/lang/StringBuilder.java,append
fdec720e-647a-4e09-81f7-9312215caf0b,2c8d1016-782b-4522-a5ff-b0f8c366982f,12d1e699-5419-4fb0-9fdd-e6b1ce8a5a48,->,fdec720e-647a-4e09-81f7-9312215caf0b,java/lang/StringBuilder.java,append
fdec720e-647a-4e09-81f7-9312215caf0b,2c8d1016-782b-4522-a5ff-b0f8c366982f,12d1e699-5419-4fb0-9fdd-e6b1ce8a5a48,->,fdec720e-647a-4e09-81f7-9312215caf0b,java/lang/StringBuilder.java,append
fdec720e-647a-4e09-81f7-9312215caf0b,2c8d1016-782b-4522-a5ff-b0f8c366982f,12d1e699-5419-4fb0-9fdd-e6b1ce8a5a48,->,fdec720e-647a-4e09-81f7-9312215caf0b,java/lang/StringBuilder.java,append
fdec720e-647a-4e09-81f7-9312215caf0b,2c8d1016-782b-4522-a5ff-b0f8c366982f,12d1e699-5419-4fb0-9fdd-e6b1ce8a5a48,->,fdec720e-647a-4e09-81f7-9312215caf0b,java/lang/StringBuilder.java,append
fdec720e-647a-4e09-81f7-9312215caf0b,2c8d1016-782b-4522-a5ff-b0f8c366982f,12d1e699-5419-4fb0-9fdd-e6b1ce8a5a48,->,fdec720e-647a-4e09-81f7-9312215caf0b,java/lang/StringBuilder.java,append
fdec720e-647a-4e09-81f7-9312215caf0b,2c8d1016-782b-4522-a5ff-b0f8c366982f,12d1e699-5419-4fb0-9fdd-e6b1ce8a5a48,->,fdec720e-647a-4e09-81f7-9312215caf0b,java/lang/StringBuilder.java,append
fdec720e-647a-4e09-81f7-9312215caf0b,2c8d1016-782b-4522-a5ff-b0f8c366982f,12d1e699-5419-4fb0-9fdd-e6b1ce8a5a48,->,fdec720e-647a-4e09-81f7-9312215caf0b,java/lang/StringBuilder.java,append
fdec720e-647a-4e09-81f7-9312215caf0b,2c8d1016-782b-4522-a5ff-b0f8c366982f,12d1e699-5419-4fb0-9fdd-e6b1ce8a5a48,->,fdec720e-647a-4e09-81f7-9312215caf0b,java/lang/StringBuilder.java,append
fdec720e-647a-4e09-81f7-9312215caf0b,2c8d1016-782b-4522-a5ff-b0f8c366982f,12d1e699-5419-4fb0-9fdd-e6b1ce8a5a48,->,fdec720e-647a-4e09-81f7-9312215caf0b,java/lang/StringBuilder.java,append
fdec720e-647a-4e09-81f7-9312215caf0b,2c8d1016-782b-4522-a5ff-b0f8c366982f,12d1e699-5419-4fb0-9fdd-e6b1ce8a5a48,->,fdec720e-647a-4e09-81f7-9312215caf0b,java/lang/StringBuilder.java,append
fdec720e-647a-4e09-81f7-9312215caf0b,2c8d1016-782b-4522-a5ff-b0f8c366982f,12d1e699-5419-4fb0-9fdd-e6b1ce8a5a48,->,fdec720e-647a-4e09-81f7-9312215caf0b,java/lang/StringBuilder.java,append
fdec720e-647a-4e09-81f7-9312215caf0b,2c8d1016-782b-4522-a5ff-b0f8c366982f,12d1e699-5419-4fb0-9fdd-e6b1ce8a5a48,->,fdec720e-647a-4e09-81f7-9312215caf0b,java/lang/StringBuilder.java,append
fdec720e-647a-4e09-81f7-9312215caf0b,2c8d1016-782b-4522-a5ff-b0f8c366982f,12d1e699-5419-4fb0-9fdd-e6b1ce8a5a48,->,fdec720e-647a-4e09-81f7-9312215caf0b,java/lang/StringBuilder.java,append
fdec720e-647a-4e09-81f7-9312215caf0b,2c8d1016-782b-4522-a5ff-b0f8c366982f,12d1e699-5419-4fb0-9fdd-e6b1ce8a5a48,->,fdec720e-647a-4e09-81f7-9312215caf0b,java/lang/StringBuilder.java,append
fdec720e-647a-4e09-81f7-9312215caf0b,2c8d1016-782b-4522-a5ff-b0f8c366982f,12d1e699-5419-4fb0-9fdd-e6b1ce8a5a48,->,fdec720e-647a-4e09-81f7-9312215caf0b,java/lang/StringBuilder.java,toString
fdec720e-647a-4e09-81f7-9312215caf0b,2c8d1016-782b-4522-a5ff-b0f8c366982f,12d1e699-5419-4fb0-9fdd-e6b1ce8a5a48,->,fdec720e-647a-4e09-81f7-9312215caf0b,java/sql/Connection.java,createStatement
fdec720e-647a-4e09-81f7-9312215caf0b,2c8d1016-782b-4522-a5ff-b0f8c366982f,12d1e699-5419-4fb0-9fdd-e6b1ce8a5a48,->,fdec720e-647a-4e09-81f7-9312215caf0b,java/sql/Statement.java,executeUpdate
fdec720e-647a-4e09-81f7-9312215caf0b,2c8d1016-782b-4522-a5ff-b0f8c366982f,12d1e699-5419-4fb0-9fdd-e6b1ce8a5a48,->,fdec720e-647a-4e09-81f7-9312215caf0b,java/io/PrintStream.java,println
fdec720e-647a-4e09-81f7-9312215caf0b,2c8d1016-782b-4522-a5ff-b0f8c366982f,12d1e699-5419-4fb0-9fdd-e6b1ce8a5a48,->,fdec720e-647a-4e09-81f7-9312215caf0b,java/io/PrintStream.java,println
fdec720e-647a-4e09-81f7-9312215caf0b,2c8d1016-782b-4522-a5ff-b0f8c366982f,12d1e699-5419-4fb0-9fdd-e6b1ce8a5a48,->,fdec720e-647a-4e09-81f7-9312215caf0b,java/sql/SQLException.java,printStackTrace
fdec720e-647a-4e09-81f7-9312215caf0b,44374f02-dff1-4b6d-9561-3a626ea2a2c0,c5a3a035-d4e3-4598-a18d-c9db45904d5a,->,fdec720e-647a-4e09-81f7-9312215caf0b,java/sql/DriverManager.java,getConnection
fdec720e-647a-4e09-81f7-9312215caf0b,44374f02-dff1-4b6d-9561-3a626ea2a2c0,c5a3a035-d4e3-4598-a18d-c9db45904d5a,->,fdec720e-647a-4e09-81f7-9312215caf0b,44374f02-dff1-4b6d-9561-3a626ea2a2c0,622cd9db-1ee9-4e66-a8b2-7cf60f09e1f2
fdec720e-647a-4e09-81f7-9312215caf0b,44374f02-dff1-4b6d-9561-3a626ea2a2c0,c5a3a035-d4e3-4598-a18d-c9db45904d5a,->,fdec720e-647a-4e09-81f7-9312215caf0b,java/io/PrintStream.java,println
fdec720e-647a-4e09-81f7-9312215caf0b,44374f02-dff1-4b6d-9561-3a626ea2a2c0,c5a3a035-d4e3-4598-a18d-c9db45904d5a,->,fdec720e-647a-4e09-81f7-9312215caf0b,java/sql/SQLException.java,printStackTrace
fdec720e-647a-4e09-81f7-9312215caf0b,44374f02-dff1-4b6d-9561-3a626ea2a2c0,8f56992a-7267-4a20-8790-63da4201ff88,->,fdec720e-647a-4e09-81f7-9312215caf0b,java/sql/Connection.java,close
fdec720e-647a-4e09-81f7-9312215caf0b,44374f02-dff1-4b6d-9561-3a626ea2a2c0,8f56992a-7267-4a20-8790-63da4201ff88,->,fdec720e-647a-4e09-81f7-9312215caf0b,java/sql/SQLException.java,printStackTrace
fdec720e-647a-4e09-81f7-9312215caf0b,44374f02-dff1-4b6d-9561-3a626ea2a2c0,ba544c86-bd6e-4a56-8e34-130d1143ba89,->,fdec720e-647a-4e09-81f7-9312215caf0b,java/sql/Connection.java,createStatement
fdec720e-647a-4e09-81f7-9312215caf0b,44374f02-dff1-4b6d-9561-3a626ea2a2c0,ba544c86-bd6e-4a56-8e34-130d1143ba89,->,fdec720e-647a-4e09-81f7-9312215caf0b,java/sql/Statement.java,executeQuery
fdec720e-647a-4e09-81f7-9312215caf0b,44374f02-dff1-4b6d-9561-3a626ea2a2c0,ba544c86-bd6e-4a56-8e34-130d1143ba89,->,fdec720e-647a-4e09-81f7-9312215caf0b,java/sql/ResultSet.java,next
fdec720e-647a-4e09-81f7-9312215caf0b,44374f02-dff1-4b6d-9561-3a626ea2a2c0,ba544c86-bd6e-4a56-8e34-130d1143ba89,->,fdec720e-647a-4e09-81f7-9312215caf0b,java/sql/ResultSet.java,getInt
fdec720e-647a-4e09-81f7-9312215caf0b,44374f02-dff1-4b6d-9561-3a626ea2a2c0,ba544c86-bd6e-4a56-8e34-130d1143ba89,->,fdec720e-647a-4e09-81f7-9312215caf0b,java/sql/ResultSet.java,close
fdec720e-647a-4e09-81f7-9312215caf0b,44374f02-dff1-4b6d-9561-3a626ea2a2c0,ba544c86-bd6e-4a56-8e34-130d1143ba89,->,fdec720e-647a-4e09-81f7-9312215caf0b,java/sql/Connection.java,close
fdec720e-647a-4e09-81f7-9312215caf0b,44374f02-dff1-4b6d-9561-3a626ea2a2c0,ba544c86-bd6e-4a56-8e34-130d1143ba89,->,fdec720e-647a-4e09-81f7-9312215caf0b,java/sql/SQLException.java,printStackTrace
fdec720e-647a-4e09-81f7-9312215caf0b,44374f02-dff1-4b6d-9561-3a626ea2a2c0,ba544c86-bd6e-4a56-8e34-130d1143ba89,->,fdec720e-647a-4e09-81f7-9312215caf0b,java/lang/StringBuilder.java,append
fdec720e-647a-4e09-81f7-9312215caf0b,44374f02-dff1-4b6d-9561-3a626ea2a2c0,ba544c86-bd6e-4a56-8e34-130d1143ba89,->,fdec720e-647a-4e09-81f7-9312215caf0b,java/lang/StringBuilder.java,append
fdec720e-647a-4e09-81f7-9312215caf0b,44374f02-dff1-4b6d-9561-3a626ea2a2c0,ba544c86-bd6e-4a56-8e34-130d1143ba89,->,fdec720e-647a-4e09-81f7-9312215caf0b,java/lang/StringBuilder.java,toString
fdec720e-647a-4e09-81f7-9312215caf0b,44374f02-dff1-4b6d-9561-3a626ea2a2c0,ba544c86-bd6e-4a56-8e34-130d1143ba89,->,fdec720e-647a-4e09-81f7-9312215caf0b,java/io/PrintStream.java,println
fdec720e-647a-4e09-81f7-9312215caf0b,44374f02-dff1-4b6d-9561-3a626ea2a2c0,622cd9db-1ee9-4e66-a8b2-7cf60f09e1f2,->,fdec720e-647a-4e09-81f7-9312215caf0b,java/lang/StringBuilder.java,append
fdec720e-647a-4e09-81f7-9312215caf0b,44374f02-dff1-4b6d-9561-3a626ea2a2c0,622cd9db-1ee9-4e66-a8b2-7cf60f09e1f2,->,fdec720e-647a-4e09-81f7-9312215caf0b,java/lang/StringBuilder.java,append
fdec720e-647a-4e09-81f7-9312215caf0b,44374f02-dff1-4b6d-9561-3a626ea2a2c0,622cd9db-1ee9-4e66-a8b2-7cf60f09e1f2,->,fdec720e-647a-4e09-81f7-9312215caf0b,java/lang/StringBuilder.java,append
fdec720e-647a-4e09-81f7-9312215caf0b,44374f02-dff1-4b6d-9561-3a626ea2a2c0,622cd9db-1ee9-4e66-a8b2-7cf60f09e1f2,->,fdec720e-647a-4e09-81f7-9312215caf0b,java/lang/StringBuilder.java,append
fdec720e-647a-4e09-81f7-9312215caf0b,44374f02-dff1-4b6d-9561-3a626ea2a2c0,622cd9db-1ee9-4e66-a8b2-7cf60f09e1f2,->,fdec720e-647a-4e09-81f7-9312215caf0b,java/lang/StringBuilder.java,append
fdec720e-647a-4e09-81f7-9312215caf0b,44374f02-dff1-4b6d-9561-3a626ea2a2c0,622cd9db-1ee9-4e66-a8b2-7cf60f09e1f2,->,fdec720e-647a-4e09-81f7-9312215caf0b,java/lang/StringBuilder.java,append
fdec720e-647a-4e09-81f7-9312215caf0b,44374f02-dff1-4b6d-9561-3a626ea2a2c0,622cd9db-1ee9-4e66-a8b2-7cf60f09e1f2,->,fdec720e-647a-4e09-81f7-9312215caf0b,java/lang/StringBuilder.java,append
fdec720e-647a-4e09-81f7-9312215caf0b,44374f02-dff1-4b6d-9561-3a626ea2a2c0,622cd9db-1ee9-4e66-a8b2-7cf60f09e1f2,->,fdec720e-647a-4e09-81f7-9312215caf0b,java/lang/StringBuilder.java,append
fdec720e-647a-4e09-81f7-9312215caf0b,44374f02-dff1-4b6d-9561-3a626ea2a2c0,622cd9db-1ee9-4e66-a8b2-7cf60f09e1f2,->,fdec720e-647a-4e09-81f7-9312215caf0b,java/lang/StringBuilder.java,append
fdec720e-647a-4e09-81f7-9312215caf0b,44374f02-dff1-4b6d-9561-3a626ea2a2c0,622cd9db-1ee9-4e66-a8b2-7cf60f09e1f2,->,fdec720e-647a-4e09-81f7-9312215caf0b,java/lang/StringBuilder.java,append
fdec720e-647a-4e09-81f7-9312215caf0b,44374f02-dff1-4b6d-9561-3a626ea2a2c0,622cd9db-1ee9-4e66-a8b2-7cf60f09e1f2,->,fdec720e-647a-4e09-81f7-9312215caf0b,java/lang/StringBuilder.java,toString
fdec720e-647a-4e09-81f7-9312215caf0b,44374f02-dff1-4b6d-9561-3a626ea2a2c0,622cd9db-1ee9-4e66-a8b2-7cf60f09e1f2,->,fdec720e-647a-4e09-81f7-9312215caf0b,java/sql/Connection.java,createStatement
fdec720e-647a-4e09-81f7-9312215caf0b,44374f02-dff1-4b6d-9561-3a626ea2a2c0,622cd9db-1ee9-4e66-a8b2-7cf60f09e1f2,->,fdec720e-647a-4e09-81f7-9312215caf0b,java/sql/Statement.java,executeUpdate
fdec720e-647a-4e09-81f7-9312215caf0b,44374f02-dff1-4b6d-9561-3a626ea2a2c0,622cd9db-1ee9-4e66-a8b2-7cf60f09e1f2,->,fdec720e-647a-4e09-81f7-9312215caf0b,java/sql/SQLException.java,printStackTrace
fdec720e-647a-4e09-81f7-9312215caf0b,44374f02-dff1-4b6d-9561-3a626ea2a2c0,0e005ec0-d89a-41ad-b100-b8f1b4de2d73,->,fdec720e-647a-4e09-81f7-9312215caf0b,java/lang/StringBuilder.java,append
fdec720e-647a-4e09-81f7-9312215caf0b,44374f02-dff1-4b6d-9561-3a626ea2a2c0,0e005ec0-d89a-41ad-b100-b8f1b4de2d73,->,fdec720e-647a-4e09-81f7-9312215caf0b,java/lang/StringBuilder.java,append
fdec720e-647a-4e09-81f7-9312215caf0b,44374f02-dff1-4b6d-9561-3a626ea2a2c0,0e005ec0-d89a-41ad-b100-b8f1b4de2d73,->,fdec720e-647a-4e09-81f7-9312215caf0b,java/lang/StringBuilder.java,append
fdec720e-647a-4e09-81f7-9312215caf0b,44374f02-dff1-4b6d-9561-3a626ea2a2c0,0e005ec0-d89a-41ad-b100-b8f1b4de2d73,->,fdec720e-647a-4e09-81f7-9312215caf0b,java/lang/StringBuilder.java,append
fdec720e-647a-4e09-81f7-9312215caf0b,44374f02-dff1-4b6d-9561-3a626ea2a2c0,0e005ec0-d89a-41ad-b100-b8f1b4de2d73,->,fdec720e-647a-4e09-81f7-9312215caf0b,java/lang/StringBuilder.java,append
fdec720e-647a-4e09-81f7-9312215caf0b,44374f02-dff1-4b6d-9561-3a626ea2a2c0,0e005ec0-d89a-41ad-b100-b8f1b4de2d73,->,fdec720e-647a-4e09-81f7-9312215caf0b,java/lang/StringBuilder.java,append
fdec720e-647a-4e09-81f7-9312215caf0b,44374f02-dff1-4b6d-9561-3a626ea2a2c0,0e005ec0-d89a-41ad-b100-b8f1b4de2d73,->,fdec720e-647a-4e09-81f7-9312215caf0b,java/lang/StringBuilder.java,append
fdec720e-647a-4e09-81f7-9312215caf0b,44374f02-dff1-4b6d-9561-3a626ea2a2c0,0e005ec0-d89a-41ad-b100-b8f1b4de2d73,->,fdec720e-647a-4e09-81f7-9312215caf0b,java/lang/StringBuilder.java,append
fdec720e-647a-4e09-81f7-9312215caf0b,44374f02-dff1-4b6d-9561-3a626ea2a2c0,0e005ec0-d89a-41ad-b100-b8f1b4de2d73,->,fdec720e-647a-4e09-81f7-9312215caf0b,java/lang/StringBuilder.java,append
fdec720e-647a-4e09-81f7-9312215caf0b,44374f02-dff1-4b6d-9561-3a626ea2a2c0,0e005ec0-d89a-41ad-b100-b8f1b4de2d73,->,fdec720e-647a-4e09-81f7-9312215caf0b,java/lang/StringBuilder.java,append
fdec720e-647a-4e09-81f7-9312215caf0b,44374f02-dff1-4b6d-9561-3a626ea2a2c0,0e005ec0-d89a-41ad-b100-b8f1b4de2d73,->,fdec720e-647a-4e09-81f7-9312215caf0b,java/lang/StringBuilder.java,toString
fdec720e-647a-4e09-81f7-9312215caf0b,44374f02-dff1-4b6d-9561-3a626ea2a2c0,0e005ec0-d89a-41ad-b100-b8f1b4de2d73,->,fdec720e-647a-4e09-81f7-9312215caf0b,java/sql/Connection.java,createStatement
fdec720e-647a-4e09-81f7-9312215caf0b,44374f02-dff1-4b6d-9561-3a626ea2a2c0,0e005ec0-d89a-41ad-b100-b8f1b4de2d73,->,fdec720e-647a-4e09-81f7-9312215caf0b,java/sql/Statement.java,executeUpdate
fdec720e-647a-4e09-81f7-9312215caf0b,44374f02-dff1-4b6d-9561-3a626ea2a2c0,0e005ec0-d89a-41ad-b100-b8f1b4de2d73,->,fdec720e-647a-4e09-81f7-9312215caf0b,java/io/PrintStream.java,println
fdec720e-647a-4e09-81f7-9312215caf0b,44374f02-dff1-4b6d-9561-3a626ea2a2c0,0e005ec0-d89a-41ad-b100-b8f1b4de2d73,->,fdec720e-647a-4e09-81f7-9312215caf0b,java/io/PrintStream.java,println
fdec720e-647a-4e09-81f7-9312215caf0b,44374f02-dff1-4b6d-9561-3a626ea2a2c0,0e005ec0-d89a-41ad-b100-b8f1b4de2d73,->,fdec720e-647a-4e09-81f7-9312215caf0b,java/sql/SQLException.java,printStackTrace
fdec720e-647a-4e09-81f7-9312215caf0b,7a2c20e1-6954-482a-bf59-5161e04c4fba,b473c193-035e-4828-9561-9c394ecf8fc5,->,fdec720e-647a-4e09-81f7-9312215caf0b,java/sql/DriverManager.java,getConnection
fdec720e-647a-4e09-81f7-9312215caf0b,7a2c20e1-6954-482a-bf59-5161e04c4fba,b473c193-035e-4828-9561-9c394ecf8fc5,->,fdec720e-647a-4e09-81f7-9312215caf0b,java/io/PrintStream.java,println
fdec720e-647a-4e09-81f7-9312215caf0b,7a2c20e1-6954-482a-bf59-5161e04c4fba,b473c193-035e-4828-9561-9c394ecf8fc5,->,fdec720e-647a-4e09-81f7-9312215caf0b,java/sql/SQLException.java,printStackTrace
fdec720e-647a-4e09-81f7-9312215caf0b,7a2c20e1-6954-482a-bf59-5161e04c4fba,a9a57baa-2788-4347-b9a0-f1e73c1ca7be,->,fdec720e-647a-4e09-81f7-9312215caf0b,java/sql/Connection.java,close
fdec720e-647a-4e09-81f7-9312215caf0b,7a2c20e1-6954-482a-bf59-5161e04c4fba,a9a57baa-2788-4347-b9a0-f1e73c1ca7be,->,fdec720e-647a-4e09-81f7-9312215caf0b,java/sql/SQLException.java,printStackTrace
fdec720e-647a-4e09-81f7-9312215caf0b,7a2c20e1-6954-482a-bf59-5161e04c4fba,fbf5905e-fd60-4ee7-a626-a9a14ca9d8be,->,fdec720e-647a-4e09-81f7-9312215caf0b,java/lang/StringBuilder.java,append
fdec720e-647a-4e09-81f7-9312215caf0b,7a2c20e1-6954-482a-bf59-5161e04c4fba,fbf5905e-fd60-4ee7-a626-a9a14ca9d8be,->,fdec720e-647a-4e09-81f7-9312215caf0b,java/lang/StringBuilder.java,append
fdec720e-647a-4e09-81f7-9312215caf0b,7a2c20e1-6954-482a-bf59-5161e04c4fba,fbf5905e-fd60-4ee7-a626-a9a14ca9d8be,->,fdec720e-647a-4e09-81f7-9312215caf0b,java/lang/StringBuilder.java,append
fdec720e-647a-4e09-81f7-9312215caf0b,7a2c20e1-6954-482a-bf59-5161e04c4fba,fbf5905e-fd60-4ee7-a626-a9a14ca9d8be,->,fdec720e-647a-4e09-81f7-9312215caf0b,java/lang/StringBuilder.java,append
fdec720e-647a-4e09-81f7-9312215caf0b,7a2c20e1-6954-482a-bf59-5161e04c4fba,fbf5905e-fd60-4ee7-a626-a9a14ca9d8be,->,fdec720e-647a-4e09-81f7-9312215caf0b,java/lang/StringBuilder.java,append
fdec720e-647a-4e09-81f7-9312215caf0b,7a2c20e1-6954-482a-bf59-5161e04c4fba,fbf5905e-fd60-4ee7-a626-a9a14ca9d8be,->,fdec720e-647a-4e09-81f7-9312215caf0b,java/lang/StringBuilder.java,append
fdec720e-647a-4e09-81f7-9312215caf0b,7a2c20e1-6954-482a-bf59-5161e04c4fba,fbf5905e-fd60-4ee7-a626-a9a14ca9d8be,->,fdec720e-647a-4e09-81f7-9312215caf0b,java/lang/StringBuilder.java,append
fdec720e-647a-4e09-81f7-9312215caf0b,7a2c20e1-6954-482a-bf59-5161e04c4fba,fbf5905e-fd60-4ee7-a626-a9a14ca9d8be,->,fdec720e-647a-4e09-81f7-9312215caf0b,java/lang/StringBuilder.java,append
fdec720e-647a-4e09-81f7-9312215caf0b,7a2c20e1-6954-482a-bf59-5161e04c4fba,fbf5905e-fd60-4ee7-a626-a9a14ca9d8be,->,fdec720e-647a-4e09-81f7-9312215caf0b,java/lang/StringBuilder.java,append
fdec720e-647a-4e09-81f7-9312215caf0b,7a2c20e1-6954-482a-bf59-5161e04c4fba,fbf5905e-fd60-4ee7-a626-a9a14ca9d8be,->,fdec720e-647a-4e09-81f7-9312215caf0b,java/lang/StringBuilder.java,toString
fdec720e-647a-4e09-81f7-9312215caf0b,7a2c20e1-6954-482a-bf59-5161e04c4fba,fbf5905e-fd60-4ee7-a626-a9a14ca9d8be,->,fdec720e-647a-4e09-81f7-9312215caf0b,java/sql/Connection.java,createStatement
fdec720e-647a-4e09-81f7-9312215caf0b,7a2c20e1-6954-482a-bf59-5161e04c4fba,fbf5905e-fd60-4ee7-a626-a9a14ca9d8be,->,fdec720e-647a-4e09-81f7-9312215caf0b,java/sql/Statement.java,executeUpdate
fdec720e-647a-4e09-81f7-9312215caf0b,7a2c20e1-6954-482a-bf59-5161e04c4fba,fbf5905e-fd60-4ee7-a626-a9a14ca9d8be,->,fdec720e-647a-4e09-81f7-9312215caf0b,java/io/PrintStream.java,println
fdec720e-647a-4e09-81f7-9312215caf0b,7a2c20e1-6954-482a-bf59-5161e04c4fba,fbf5905e-fd60-4ee7-a626-a9a14ca9d8be,->,fdec720e-647a-4e09-81f7-9312215caf0b,java/sql/SQLException.java,printStackTrace
fdec720e-647a-4e09-81f7-9312215caf0b,7a2c20e1-6954-482a-bf59-5161e04c4fba,fbf5905e-fd60-4ee7-a626-a9a14ca9d8be,->,fdec720e-647a-4e09-81f7-9312215caf0b,java/lang/StringBuilder.java,append
fdec720e-647a-4e09-81f7-9312215caf0b,7a2c20e1-6954-482a-bf59-5161e04c4fba,fbf5905e-fd60-4ee7-a626-a9a14ca9d8be,->,fdec720e-647a-4e09-81f7-9312215caf0b,java/lang/StringBuilder.java,append
fdec720e-647a-4e09-81f7-9312215caf0b,7a2c20e1-6954-482a-bf59-5161e04c4fba,fbf5905e-fd60-4ee7-a626-a9a14ca9d8be,->,fdec720e-647a-4e09-81f7-9312215caf0b,java/lang/StringBuilder.java,toString
fdec720e-647a-4e09-81f7-9312215caf0b,7a2c20e1-6954-482a-bf59-5161e04c4fba,fbf5905e-fd60-4ee7-a626-a9a14ca9d8be,->,fdec720e-647a-4e09-81f7-9312215caf0b,java/io/PrintStream.java,println
fdec720e-647a-4e09-81f7-9312215caf0b,7a2c20e1-6954-482a-bf59-5161e04c4fba,fbf5905e-fd60-4ee7-a626-a9a14ca9d8be,->,fdec720e-647a-4e09-81f7-9312215caf0b,java/lang/StringBuilder.java,append
fdec720e-647a-4e09-81f7-9312215caf0b,7a2c20e1-6954-482a-bf59-5161e04c4fba,fbf5905e-fd60-4ee7-a626-a9a14ca9d8be,->,fdec720e-647a-4e09-81f7-9312215caf0b,java/lang/String.java,valueOf
fdec720e-647a-4e09-81f7-9312215caf0b,7a2c20e1-6954-482a-bf59-5161e04c4fba,fbf5905e-fd60-4ee7-a626-a9a14ca9d8be,->,fdec720e-647a-4e09-81f7-9312215caf0b,java/lang/StringBuilder.java,append
fdec720e-647a-4e09-81f7-9312215caf0b,7a2c20e1-6954-482a-bf59-5161e04c4fba,fbf5905e-fd60-4ee7-a626-a9a14ca9d8be,->,fdec720e-647a-4e09-81f7-9312215caf0b,java/lang/StringBuilder.java,toString
fdec720e-647a-4e09-81f7-9312215caf0b,7a2c20e1-6954-482a-bf59-5161e04c4fba,fbf5905e-fd60-4ee7-a626-a9a14ca9d8be,->,fdec720e-647a-4e09-81f7-9312215caf0b,java/io/PrintStream.java,println
fdec720e-647a-4e09-81f7-9312215caf0b,17a47d41-5ab6-484f-ae44-78f606b9a96e,b7c7266d-4385-45d1-ad02-bfd74d7c4b45,->,fdec720e-647a-4e09-81f7-9312215caf0b,java/sql/DriverManager.java,getConnection
fdec720e-647a-4e09-81f7-9312215caf0b,17a47d41-5ab6-484f-ae44-78f606b9a96e,b7c7266d-4385-45d1-ad02-bfd74d7c4b45,->,fdec720e-647a-4e09-81f7-9312215caf0b,17a47d41-5ab6-484f-ae44-78f606b9a96e,732a052a-288c-4118-b2e4-ada71f8e147d
fdec720e-647a-4e09-81f7-9312215caf0b,17a47d41-5ab6-484f-ae44-78f606b9a96e,b7c7266d-4385-45d1-ad02-bfd74d7c4b45,->,fdec720e-647a-4e09-81f7-9312215caf0b,java/io/PrintStream.java,println
fdec720e-647a-4e09-81f7-9312215caf0b,17a47d41-5ab6-484f-ae44-78f606b9a96e,b7c7266d-4385-45d1-ad02-bfd74d7c4b45,->,fdec720e-647a-4e09-81f7-9312215caf0b,java/sql/SQLException.java,printStackTrace
fdec720e-647a-4e09-81f7-9312215caf0b,17a47d41-5ab6-484f-ae44-78f606b9a96e,4f93e49d-eb26-462c-b133-bb6e5e002f09,->,fdec720e-647a-4e09-81f7-9312215caf0b,java/sql/Connection.java,close
fdec720e-647a-4e09-81f7-9312215caf0b,17a47d41-5ab6-484f-ae44-78f606b9a96e,4f93e49d-eb26-462c-b133-bb6e5e002f09,->,fdec720e-647a-4e09-81f7-9312215caf0b,java/sql/SQLException.java,printStackTrace
fdec720e-647a-4e09-81f7-9312215caf0b,17a47d41-5ab6-484f-ae44-78f606b9a96e,732a052a-288c-4118-b2e4-ada71f8e147d,->,fdec720e-647a-4e09-81f7-9312215caf0b,java/sql/Connection.java,createStatement
fdec720e-647a-4e09-81f7-9312215caf0b,17a47d41-5ab6-484f-ae44-78f606b9a96e,732a052a-288c-4118-b2e4-ada71f8e147d,->,fdec720e-647a-4e09-81f7-9312215caf0b,java/sql/Statement.java,executeUpdate
fdec720e-647a-4e09-81f7-9312215caf0b,17a47d41-5ab6-484f-ae44-78f606b9a96e,732a052a-288c-4118-b2e4-ada71f8e147d,->,fdec720e-647a-4e09-81f7-9312215caf0b,java/sql/SQLException.java,printStackTrace
fdec720e-647a-4e09-81f7-9312215caf0b,17a47d41-5ab6-484f-ae44-78f606b9a96e,9fb00fca-6ba4-4beb-895d-4436bc0cb43e,->,fdec720e-647a-4e09-81f7-9312215caf0b,java/lang/StringBuilder.java,append
fdec720e-647a-4e09-81f7-9312215caf0b,17a47d41-5ab6-484f-ae44-78f606b9a96e,9fb00fca-6ba4-4beb-895d-4436bc0cb43e,->,fdec720e-647a-4e09-81f7-9312215caf0b,java/lang/StringBuilder.java,append
fdec720e-647a-4e09-81f7-9312215caf0b,17a47d41-5ab6-484f-ae44-78f606b9a96e,9fb00fca-6ba4-4beb-895d-4436bc0cb43e,->,fdec720e-647a-4e09-81f7-9312215caf0b,java/lang/StringBuilder.java,toString
fdec720e-647a-4e09-81f7-9312215caf0b,17a47d41-5ab6-484f-ae44-78f606b9a96e,9fb00fca-6ba4-4beb-895d-4436bc0cb43e,->,fdec720e-647a-4e09-81f7-9312215caf0b,java/io/PrintStream.java,println
fdec720e-647a-4e09-81f7-9312215caf0b,17a47d41-5ab6-484f-ae44-78f606b9a96e,9fb00fca-6ba4-4beb-895d-4436bc0cb43e,->,fdec720e-647a-4e09-81f7-9312215caf0b,java/lang/StringBuilder.java,append
fdec720e-647a-4e09-81f7-9312215caf0b,17a47d41-5ab6-484f-ae44-78f606b9a96e,9fb00fca-6ba4-4beb-895d-4436bc0cb43e,->,fdec720e-647a-4e09-81f7-9312215caf0b,java/lang/StringBuilder.java,append
fdec720e-647a-4e09-81f7-9312215caf0b,17a47d41-5ab6-484f-ae44-78f606b9a96e,9fb00fca-6ba4-4beb-895d-4436bc0cb43e,->,fdec720e-647a-4e09-81f7-9312215caf0b,java/lang/StringBuilder.java,append
fdec720e-647a-4e09-81f7-9312215caf0b,17a47d41-5ab6-484f-ae44-78f606b9a96e,9fb00fca-6ba4-4beb-895d-4436bc0cb43e,->,fdec720e-647a-4e09-81f7-9312215caf0b,java/lang/StringBuilder.java,append
fdec720e-647a-4e09-81f7-9312215caf0b,17a47d41-5ab6-484f-ae44-78f606b9a96e,9fb00fca-6ba4-4beb-895d-4436bc0cb43e,->,fdec720e-647a-4e09-81f7-9312215caf0b,java/lang/StringBuilder.java,append
fdec720e-647a-4e09-81f7-9312215caf0b,17a47d41-5ab6-484f-ae44-78f606b9a96e,9fb00fca-6ba4-4beb-895d-4436bc0cb43e,->,fdec720e-647a-4e09-81f7-9312215caf0b,java/lang/StringBuilder.java,append
fdec720e-647a-4e09-81f7-9312215caf0b,17a47d41-5ab6-484f-ae44-78f606b9a96e,9fb00fca-6ba4-4beb-895d-4436bc0cb43e,->,fdec720e-647a-4e09-81f7-9312215caf0b,java/lang/StringBuilder.java,append
fdec720e-647a-4e09-81f7-9312215caf0b,17a47d41-5ab6-484f-ae44-78f606b9a96e,9fb00fca-6ba4-4beb-895d-4436bc0cb43e,->,fdec720e-647a-4e09-81f7-9312215caf0b,java/lang/StringBuilder.java,append
fdec720e-647a-4e09-81f7-9312215caf0b,17a47d41-5ab6-484f-ae44-78f606b9a96e,9fb00fca-6ba4-4beb-895d-4436bc0cb43e,->,fdec720e-647a-4e09-81f7-9312215caf0b,java/lang/StringBuilder.java,append
fdec720e-647a-4e09-81f7-9312215caf0b,17a47d41-5ab6-484f-ae44-78f606b9a96e,9fb00fca-6ba4-4beb-895d-4436bc0cb43e,->,fdec720e-647a-4e09-81f7-9312215caf0b,java/lang/StringBuilder.java,append
fdec720e-647a-4e09-81f7-9312215caf0b,17a47d41-5ab6-484f-ae44-78f606b9a96e,9fb00fca-6ba4-4beb-895d-4436bc0cb43e,->,fdec720e-647a-4e09-81f7-9312215caf0b,java/lang/StringBuilder.java,append
fdec720e-647a-4e09-81f7-9312215caf0b,17a47d41-5ab6-484f-ae44-78f606b9a96e,9fb00fca-6ba4-4beb-895d-4436bc0cb43e,->,fdec720e-647a-4e09-81f7-9312215caf0b,java/lang/StringBuilder.java,append
fdec720e-647a-4e09-81f7-9312215caf0b,17a47d41-5ab6-484f-ae44-78f606b9a96e,9fb00fca-6ba4-4beb-895d-4436bc0cb43e,->,fdec720e-647a-4e09-81f7-9312215caf0b,java/lang/StringBuilder.java,append
fdec720e-647a-4e09-81f7-9312215caf0b,17a47d41-5ab6-484f-ae44-78f606b9a96e,9fb00fca-6ba4-4beb-895d-4436bc0cb43e,->,fdec720e-647a-4e09-81f7-9312215caf0b,java/lang/StringBuilder.java,append
fdec720e-647a-4e09-81f7-9312215caf0b,17a47d41-5ab6-484f-ae44-78f606b9a96e,9fb00fca-6ba4-4beb-895d-4436bc0cb43e,->,fdec720e-647a-4e09-81f7-9312215caf0b,java/lang/StringBuilder.java,append
fdec720e-647a-4e09-81f7-9312215caf0b,17a47d41-5ab6-484f-ae44-78f606b9a96e,9fb00fca-6ba4-4beb-895d-4436bc0cb43e,->,fdec720e-647a-4e09-81f7-9312215caf0b,java/lang/StringBuilder.java,append
fdec720e-647a-4e09-81f7-9312215caf0b,17a47d41-5ab6-484f-ae44-78f606b9a96e,9fb00fca-6ba4-4beb-895d-4436bc0cb43e,->,fdec720e-647a-4e09-81f7-9312215caf0b,java/lang/StringBuilder.java,append
fdec720e-647a-4e09-81f7-9312215caf0b,17a47d41-5ab6-484f-ae44-78f606b9a96e,9fb00fca-6ba4-4beb-895d-4436bc0cb43e,->,fdec720e-647a-4e09-81f7-9312215caf0b,java/lang/StringBuilder.java,toString
fdec720e-647a-4e09-81f7-9312215caf0b,17a47d41-5ab6-484f-ae44-78f606b9a96e,9fb00fca-6ba4-4beb-895d-4436bc0cb43e,->,fdec720e-647a-4e09-81f7-9312215caf0b,java/io/PrintStream.java,println
fdec720e-647a-4e09-81f7-9312215caf0b,17a47d41-5ab6-484f-ae44-78f606b9a96e,9fb00fca-6ba4-4beb-895d-4436bc0cb43e,->,fdec720e-647a-4e09-81f7-9312215caf0b,java/lang/StringBuilder.java,append
fdec720e-647a-4e09-81f7-9312215caf0b,17a47d41-5ab6-484f-ae44-78f606b9a96e,9fb00fca-6ba4-4beb-895d-4436bc0cb43e,->,fdec720e-647a-4e09-81f7-9312215caf0b,java/lang/StringBuilder.java,append
fdec720e-647a-4e09-81f7-9312215caf0b,17a47d41-5ab6-484f-ae44-78f606b9a96e,9fb00fca-6ba4-4beb-895d-4436bc0cb43e,->,fdec720e-647a-4e09-81f7-9312215caf0b,java/lang/StringBuilder.java,append
fdec720e-647a-4e09-81f7-9312215caf0b,17a47d41-5ab6-484f-ae44-78f606b9a96e,9fb00fca-6ba4-4beb-895d-4436bc0cb43e,->,fdec720e-647a-4e09-81f7-9312215caf0b,java/lang/StringBuilder.java,append
fdec720e-647a-4e09-81f7-9312215caf0b,17a47d41-5ab6-484f-ae44-78f606b9a96e,9fb00fca-6ba4-4beb-895d-4436bc0cb43e,->,fdec720e-647a-4e09-81f7-9312215caf0b,java/lang/StringBuilder.java,append
fdec720e-647a-4e09-81f7-9312215caf0b,17a47d41-5ab6-484f-ae44-78f606b9a96e,9fb00fca-6ba4-4beb-895d-4436bc0cb43e,->,fdec720e-647a-4e09-81f7-9312215caf0b,java/lang/StringBuilder.java,append
fdec720e-647a-4e09-81f7-9312215caf0b,17a47d41-5ab6-484f-ae44-78f606b9a96e,9fb00fca-6ba4-4beb-895d-4436bc0cb43e,->,fdec720e-647a-4e09-81f7-9312215caf0b,java/lang/StringBuilder.java,append
fdec720e-647a-4e09-81f7-9312215caf0b,17a47d41-5ab6-484f-ae44-78f606b9a96e,9fb00fca-6ba4-4beb-895d-4436bc0cb43e,->,fdec720e-647a-4e09-81f7-9312215caf0b,java/lang/StringBuilder.java,append
fdec720e-647a-4e09-81f7-9312215caf0b,17a47d41-5ab6-484f-ae44-78f606b9a96e,9fb00fca-6ba4-4beb-895d-4436bc0cb43e,->,fdec720e-647a-4e09-81f7-9312215caf0b,java/lang/StringBuilder.java,append
fdec720e-647a-4e09-81f7-9312215caf0b,17a47d41-5ab6-484f-ae44-78f606b9a96e,9fb00fca-6ba4-4beb-895d-4436bc0cb43e,->,fdec720e-647a-4e09-81f7-9312215caf0b,java/lang/StringBuilder.java,append
fdec720e-647a-4e09-81f7-9312215caf0b,17a47d41-5ab6-484f-ae44-78f606b9a96e,9fb00fca-6ba4-4beb-895d-4436bc0cb43e,->,fdec720e-647a-4e09-81f7-9312215caf0b,java/lang/StringBuilder.java,append
fdec720e-647a-4e09-81f7-9312215caf0b,17a47d41-5ab6-484f-ae44-78f606b9a96e,9fb00fca-6ba4-4beb-895d-4436bc0cb43e,->,fdec720e-647a-4e09-81f7-9312215caf0b,java/lang/StringBuilder.java,append
fdec720e-647a-4e09-81f7-9312215caf0b,17a47d41-5ab6-484f-ae44-78f606b9a96e,9fb00fca-6ba4-4beb-895d-4436bc0cb43e,->,fdec720e-647a-4e09-81f7-9312215caf0b,java/lang/StringBuilder.java,append
fdec720e-647a-4e09-81f7-9312215caf0b,17a47d41-5ab6-484f-ae44-78f606b9a96e,9fb00fca-6ba4-4beb-895d-4436bc0cb43e,->,fdec720e-647a-4e09-81f7-9312215caf0b,java/lang/StringBuilder.java,append
fdec720e-647a-4e09-81f7-9312215caf0b,17a47d41-5ab6-484f-ae44-78f606b9a96e,9fb00fca-6ba4-4beb-895d-4436bc0cb43e,->,fdec720e-647a-4e09-81f7-9312215caf0b,java/lang/StringBuilder.java,append
fdec720e-647a-4e09-81f7-9312215caf0b,17a47d41-5ab6-484f-ae44-78f606b9a96e,9fb00fca-6ba4-4beb-895d-4436bc0cb43e,->,fdec720e-647a-4e09-81f7-9312215caf0b,java/lang/StringBuilder.java,append
fdec720e-647a-4e09-81f7-9312215caf0b,17a47d41-5ab6-484f-ae44-78f606b9a96e,9fb00fca-6ba4-4beb-895d-4436bc0cb43e,->,fdec720e-647a-4e09-81f7-9312215caf0b,java/lang/StringBuilder.java,append
fdec720e-647a-4e09-81f7-9312215caf0b,17a47d41-5ab6-484f-ae44-78f606b9a96e,9fb00fca-6ba4-4beb-895d-4436bc0cb43e,->,fdec720e-647a-4e09-81f7-9312215caf0b,java/lang/StringBuilder.java,append
fdec720e-647a-4e09-81f7-9312215caf0b,17a47d41-5ab6-484f-ae44-78f606b9a96e,9fb00fca-6ba4-4beb-895d-4436bc0cb43e,->,fdec720e-647a-4e09-81f7-9312215caf0b,java/lang/StringBuilder.java,append
fdec720e-647a-4e09-81f7-9312215caf0b,17a47d41-5ab6-484f-ae44-78f606b9a96e,9fb00fca-6ba4-4beb-895d-4436bc0cb43e,->,fdec720e-647a-4e09-81f7-9312215caf0b,java/lang/StringBuilder.java,append
fdec720e-647a-4e09-81f7-9312215caf0b,17a47d41-5ab6-484f-ae44-78f606b9a96e,9fb00fca-6ba4-4beb-895d-4436bc0cb43e,->,fdec720e-647a-4e09-81f7-9312215caf0b,java/lang/StringBuilder.java,append
fdec720e-647a-4e09-81f7-9312215caf0b,17a47d41-5ab6-484f-ae44-78f606b9a96e,9fb00fca-6ba4-4beb-895d-4436bc0cb43e,->,fdec720e-647a-4e09-81f7-9312215caf0b,java/lang/StringBuilder.java,append
fdec720e-647a-4e09-81f7-9312215caf0b,17a47d41-5ab6-484f-ae44-78f606b9a96e,9fb00fca-6ba4-4beb-895d-4436bc0cb43e,->,fdec720e-647a-4e09-81f7-9312215caf0b,java/lang/StringBuilder.java,append
fdec720e-647a-4e09-81f7-9312215caf0b,17a47d41-5ab6-484f-ae44-78f606b9a96e,9fb00fca-6ba4-4beb-895d-4436bc0cb43e,->,fdec720e-647a-4e09-81f7-9312215caf0b,java/lang/StringBuilder.java,append
fdec720e-647a-4e09-81f7-9312215caf0b,17a47d41-5ab6-484f-ae44-78f606b9a96e,9fb00fca-6ba4-4beb-895d-4436bc0cb43e,->,fdec720e-647a-4e09-81f7-9312215caf0b,java/lang/StringBuilder.java,append
fdec720e-647a-4e09-81f7-9312215caf0b,17a47d41-5ab6-484f-ae44-78f606b9a96e,9fb00fca-6ba4-4beb-895d-4436bc0cb43e,->,fdec720e-647a-4e09-81f7-9312215caf0b,java/lang/StringBuilder.java,append
fdec720e-647a-4e09-81f7-9312215caf0b,17a47d41-5ab6-484f-ae44-78f606b9a96e,9fb00fca-6ba4-4beb-895d-4436bc0cb43e,->,fdec720e-647a-4e09-81f7-9312215caf0b,java/lang/StringBuilder.java,append
fdec720e-647a-4e09-81f7-9312215caf0b,17a47d41-5ab6-484f-ae44-78f606b9a96e,9fb00fca-6ba4-4beb-895d-4436bc0cb43e,->,fdec720e-647a-4e09-81f7-9312215caf0b,java/lang/StringBuilder.java,append
fdec720e-647a-4e09-81f7-9312215caf0b,17a47d41-5ab6-484f-ae44-78f606b9a96e,9fb00fca-6ba4-4beb-895d-4436bc0cb43e,->,fdec720e-647a-4e09-81f7-9312215caf0b,java/lang/StringBuilder.java,append
fdec720e-647a-4e09-81f7-9312215caf0b,17a47d41-5ab6-484f-ae44-78f606b9a96e,9fb00fca-6ba4-4beb-895d-4436bc0cb43e,->,fdec720e-647a-4e09-81f7-9312215caf0b,java/lang/StringBuilder.java,append
fdec720e-647a-4e09-81f7-9312215caf0b,17a47d41-5ab6-484f-ae44-78f606b9a96e,9fb00fca-6ba4-4beb-895d-4436bc0cb43e,->,fdec720e-647a-4e09-81f7-9312215caf0b,java/lang/StringBuilder.java,toString
fdec720e-647a-4e09-81f7-9312215caf0b,17a47d41-5ab6-484f-ae44-78f606b9a96e,9fb00fca-6ba4-4beb-895d-4436bc0cb43e,->,fdec720e-647a-4e09-81f7-9312215caf0b,java/sql/Connection.java,createStatement
fdec720e-647a-4e09-81f7-9312215caf0b,17a47d41-5ab6-484f-ae44-78f606b9a96e,9fb00fca-6ba4-4beb-895d-4436bc0cb43e,->,fdec720e-647a-4e09-81f7-9312215caf0b,java/sql/Statement.java,executeUpdate
fdec720e-647a-4e09-81f7-9312215caf0b,17a47d41-5ab6-484f-ae44-78f606b9a96e,9fb00fca-6ba4-4beb-895d-4436bc0cb43e,->,fdec720e-647a-4e09-81f7-9312215caf0b,java/io/PrintStream.java,println
fdec720e-647a-4e09-81f7-9312215caf0b,17a47d41-5ab6-484f-ae44-78f606b9a96e,9fb00fca-6ba4-4beb-895d-4436bc0cb43e,->,fdec720e-647a-4e09-81f7-9312215caf0b,java/io/PrintStream.java,println
fdec720e-647a-4e09-81f7-9312215caf0b,17a47d41-5ab6-484f-ae44-78f606b9a96e,9fb00fca-6ba4-4beb-895d-4436bc0cb43e,->,fdec720e-647a-4e09-81f7-9312215caf0b,java/sql/SQLException.java,printStackTrace
fdec720e-647a-4e09-81f7-9312215caf0b,cedbf48e-44c9-4ede-be7d-41dfb8d5964b,2bcdd839-e908-4dc5-9db3-b99ab952d136,->,fdec720e-647a-4e09-81f7-9312215caf0b,java/io/PrintStream.java,println
fdec720e-647a-4e09-81f7-9312215caf0b,cedbf48e-44c9-4ede-be7d-41dfb8d5964b,2bcdd839-e908-4dc5-9db3-b99ab952d136,->,fdec720e-647a-4e09-81f7-9312215caf0b,cedbf48e-44c9-4ede-be7d-41dfb8d5964b,87041022-6818-4666-84cb-8539ce6ef50d
fdec720e-647a-4e09-81f7-9312215caf0b,cedbf48e-44c9-4ede-be7d-41dfb8d5964b,2bcdd839-e908-4dc5-9db3-b99ab952d136,->,fdec720e-647a-4e09-81f7-9312215caf0b,6160c4c8-e6ac-42ea-b6bd-cc81c0b46bdd,f28b89d8-dc5e-4786-a195-fb33e11e65bb
fdec720e-647a-4e09-81f7-9312215caf0b,cedbf48e-44c9-4ede-be7d-41dfb8d5964b,87041022-6818-4666-84cb-8539ce6ef50d,->,fdec720e-647a-4e09-81f7-9312215caf0b,java/io/PrintStream.java,println
fdec720e-647a-4e09-81f7-9312215caf0b,cedbf48e-44c9-4ede-be7d-41dfb8d5964b,87041022-6818-4666-84cb-8539ce6ef50d,->,fdec720e-647a-4e09-81f7-9312215caf0b,java/util/Scanner.java,nextLine
fdec720e-647a-4e09-81f7-9312215caf0b,6160c4c8-e6ac-42ea-b6bd-cc81c0b46bdd,3429f6aa-f395-44c6-829d-87ac3d10fe08,->,fdec720e-647a-4e09-81f7-9312215caf0b,java/io/PrintStream.java,println
fdec720e-647a-4e09-81f7-9312215caf0b,6160c4c8-e6ac-42ea-b6bd-cc81c0b46bdd,3429f6aa-f395-44c6-829d-87ac3d10fe08,->,fdec720e-647a-4e09-81f7-9312215caf0b,java/io/PrintStream.java,println
fdec720e-647a-4e09-81f7-9312215caf0b,6160c4c8-e6ac-42ea-b6bd-cc81c0b46bdd,3429f6aa-f395-44c6-829d-87ac3d10fe08,->,fdec720e-647a-4e09-81f7-9312215caf0b,java/io/PrintStream.java,println
fdec720e-647a-4e09-81f7-9312215caf0b,6160c4c8-e6ac-42ea-b6bd-cc81c0b46bdd,3429f6aa-f395-44c6-829d-87ac3d10fe08,->,fdec720e-647a-4e09-81f7-9312215caf0b,java/io/PrintStream.java,println
fdec720e-647a-4e09-81f7-9312215caf0b,6160c4c8-e6ac-42ea-b6bd-cc81c0b46bdd,3429f6aa-f395-44c6-829d-87ac3d10fe08,->,fdec720e-647a-4e09-81f7-9312215caf0b,java/io/PrintStream.java,println
fdec720e-647a-4e09-81f7-9312215caf0b,6160c4c8-e6ac-42ea-b6bd-cc81c0b46bdd,3429f6aa-f395-44c6-829d-87ac3d10fe08,->,fdec720e-647a-4e09-81f7-9312215caf0b,java/io/PrintStream.java,println
fdec720e-647a-4e09-81f7-9312215caf0b,6160c4c8-e6ac-42ea-b6bd-cc81c0b46bdd,3429f6aa-f395-44c6-829d-87ac3d10fe08,->,fdec720e-647a-4e09-81f7-9312215caf0b,java/io/PrintStream.java,println
fdec720e-647a-4e09-81f7-9312215caf0b,6160c4c8-e6ac-42ea-b6bd-cc81c0b46bdd,3429f6aa-f395-44c6-829d-87ac3d10fe08,->,fdec720e-647a-4e09-81f7-9312215caf0b,java/io/PrintStream.java,println
fdec720e-647a-4e09-81f7-9312215caf0b,6160c4c8-e6ac-42ea-b6bd-cc81c0b46bdd,f28b89d8-dc5e-4786-a195-fb33e11e65bb,->,fdec720e-647a-4e09-81f7-9312215caf0b,java/io/PrintStream.java,print
fdec720e-647a-4e09-81f7-9312215caf0b,6160c4c8-e6ac-42ea-b6bd-cc81c0b46bdd,f28b89d8-dc5e-4786-a195-fb33e11e65bb,->,fdec720e-647a-4e09-81f7-9312215caf0b,java/io/BufferedReader.java,readLine
fdec720e-647a-4e09-81f7-9312215caf0b,6160c4c8-e6ac-42ea-b6bd-cc81c0b46bdd,f28b89d8-dc5e-4786-a195-fb33e11e65bb,->,fdec720e-647a-4e09-81f7-9312215caf0b,java/lang/Integer.java,valueOf
fdec720e-647a-4e09-81f7-9312215caf0b,6160c4c8-e6ac-42ea-b6bd-cc81c0b46bdd,f28b89d8-dc5e-4786-a195-fb33e11e65bb,->,fdec720e-647a-4e09-81f7-9312215caf0b,java/lang/Integer.java,intValue
fdec720e-647a-4e09-81f7-9312215caf0b,6160c4c8-e6ac-42ea-b6bd-cc81c0b46bdd,f28b89d8-dc5e-4786-a195-fb33e11e65bb,->,fdec720e-647a-4e09-81f7-9312215caf0b,6160c4c8-e6ac-42ea-b6bd-cc81c0b46bdd,17f880fa-040f-4880-9617-25eab0025255
fdec720e-647a-4e09-81f7-9312215caf0b,6160c4c8-e6ac-42ea-b6bd-cc81c0b46bdd,f28b89d8-dc5e-4786-a195-fb33e11e65bb,->,fdec720e-647a-4e09-81f7-9312215caf0b,java/io/IOException.java,printStackTrace
fdec720e-647a-4e09-81f7-9312215caf0b,6160c4c8-e6ac-42ea-b6bd-cc81c0b46bdd,17f880fa-040f-4880-9617-25eab0025255,->,fdec720e-647a-4e09-81f7-9312215caf0b,12407949-6bea-41ea-a401-fe1ad802b700,4981b7f9-59e9-4ee6-b784-cc9fa3d06bc3
fdec720e-647a-4e09-81f7-9312215caf0b,6160c4c8-e6ac-42ea-b6bd-cc81c0b46bdd,17f880fa-040f-4880-9617-25eab0025255,->,fdec720e-647a-4e09-81f7-9312215caf0b,cedbf48e-44c9-4ede-be7d-41dfb8d5964b,2bcdd839-e908-4dc5-9db3-b99ab952d136
fdec720e-647a-4e09-81f7-9312215caf0b,6160c4c8-e6ac-42ea-b6bd-cc81c0b46bdd,17f880fa-040f-4880-9617-25eab0025255,->,fdec720e-647a-4e09-81f7-9312215caf0b,java/io/PrintStream.java,println
fdec720e-647a-4e09-81f7-9312215caf0b,6160c4c8-e6ac-42ea-b6bd-cc81c0b46bdd,17f880fa-040f-4880-9617-25eab0025255,->,fdec720e-647a-4e09-81f7-9312215caf0b,java/io/PrintStream.java,println
fdec720e-647a-4e09-81f7-9312215caf0b,6160c4c8-e6ac-42ea-b6bd-cc81c0b46bdd,17f880fa-040f-4880-9617-25eab0025255,->,fdec720e-647a-4e09-81f7-9312215caf0b,6160c4c8-e6ac-42ea-b6bd-cc81c0b46bdd,3429f6aa-f395-44c6-829d-87ac3d10fe08
fdec720e-647a-4e09-81f7-9312215caf0b,6160c4c8-e6ac-42ea-b6bd-cc81c0b46bdd,17f880fa-040f-4880-9617-25eab0025255,->,fdec720e-647a-4e09-81f7-9312215caf0b,6160c4c8-e6ac-42ea-b6bd-cc81c0b46bdd,f28b89d8-dc5e-4786-a195-fb33e11e65bb
fdec720e-647a-4e09-81f7-9312215caf0b,12407949-6bea-41ea-a401-fe1ad802b700,4981b7f9-59e9-4ee6-b784-cc9fa3d06bc3,->,fdec720e-647a-4e09-81f7-9312215caf0b,2866e74e-c9ad-4677-80a1-3d87fe289690,f9c0a007-15ad-49a2-8b94-5c874e1b7966
fdec720e-647a-4e09-81f7-9312215caf0b,d1d58e39-f7ea-4901-ae10-0f1af2023afc,d90d7ccf-90ba-4d32-b2ee-3e00e38a9145,->,fdec720e-647a-4e09-81f7-9312215caf0b,java/io/PrintStream.java,println
fdec720e-647a-4e09-81f7-9312215caf0b,d1d58e39-f7ea-4901-ae10-0f1af2023afc,d90d7ccf-90ba-4d32-b2ee-3e00e38a9145,->,fdec720e-647a-4e09-81f7-9312215caf0b,3c37a2b2-7fcd-4728-a838-79f24fccb123,633dff6b-49c3-4020-8a5d-672c5a65affa
fdec720e-647a-4e09-81f7-9312215caf0b,d1d58e39-f7ea-4901-ae10-0f1af2023afc,d90d7ccf-90ba-4d32-b2ee-3e00e38a9145,->,fdec720e-647a-4e09-81f7-9312215caf0b,java/lang/Boolean.java,valueOf
fdec720e-647a-4e09-81f7-9312215caf0b,d1d58e39-f7ea-4901-ae10-0f1af2023afc,d90d7ccf-90ba-4d32-b2ee-3e00e38a9145,->,fdec720e-647a-4e09-81f7-9312215caf0b,java/lang/Boolean.java,valueOf
fdec720e-647a-4e09-81f7-9312215caf0b,d1d58e39-f7ea-4901-ae10-0f1af2023afc,d90d7ccf-90ba-4d32-b2ee-3e00e38a9145,->,fdec720e-647a-4e09-81f7-9312215caf0b,org/junit/Assert.java,assertEquals
fdec720e-647a-4e09-81f7-9312215caf0b,d1d58e39-f7ea-4901-ae10-0f1af2023afc,d90d7ccf-90ba-4d32-b2ee-3e00e38a9145,->,fdec720e-647a-4e09-81f7-9312215caf0b,org/junit/Assert.java,fail
fdec720e-647a-4e09-81f7-9312215caf0b,d1d58e39-f7ea-4901-ae10-0f1af2023afc,53b14874-cc48-40d1-bee0-8ad24915e4b7,->,fdec720e-647a-4e09-81f7-9312215caf0b,java/io/PrintStream.java,println
fdec720e-647a-4e09-81f7-9312215caf0b,d1d58e39-f7ea-4901-ae10-0f1af2023afc,53b14874-cc48-40d1-bee0-8ad24915e4b7,->,fdec720e-647a-4e09-81f7-9312215caf0b,3c37a2b2-7fcd-4728-a838-79f24fccb123,952af8fb-7d2c-4546-900a-865282d36a68
fdec720e-647a-4e09-81f7-9312215caf0b,d1d58e39-f7ea-4901-ae10-0f1af2023afc,53b14874-cc48-40d1-bee0-8ad24915e4b7,->,fdec720e-647a-4e09-81f7-9312215caf0b,java/lang/Boolean.java,valueOf
fdec720e-647a-4e09-81f7-9312215caf0b,d1d58e39-f7ea-4901-ae10-0f1af2023afc,53b14874-cc48-40d1-bee0-8ad24915e4b7,->,fdec720e-647a-4e09-81f7-9312215caf0b,java/lang/Boolean.java,valueOf
fdec720e-647a-4e09-81f7-9312215caf0b,d1d58e39-f7ea-4901-ae10-0f1af2023afc,53b14874-cc48-40d1-bee0-8ad24915e4b7,->,fdec720e-647a-4e09-81f7-9312215caf0b,org/junit/Assert.java,assertEquals
fdec720e-647a-4e09-81f7-9312215caf0b,d1d58e39-f7ea-4901-ae10-0f1af2023afc,53b14874-cc48-40d1-bee0-8ad24915e4b7,->,fdec720e-647a-4e09-81f7-9312215caf0b,org/junit/Assert.java,fail
fdec720e-647a-4e09-81f7-9312215caf0b,d1d58e39-f7ea-4901-ae10-0f1af2023afc,a4912dde-85df-40db-8d8b-a7aa39fb3c28,->,fdec720e-647a-4e09-81f7-9312215caf0b,java/io/PrintStream.java,println
fdec720e-647a-4e09-81f7-9312215caf0b,d1d58e39-f7ea-4901-ae10-0f1af2023afc,a4912dde-85df-40db-8d8b-a7aa39fb3c28,->,fdec720e-647a-4e09-81f7-9312215caf0b,3c37a2b2-7fcd-4728-a838-79f24fccb123,002b501b-919e-43c6-a703-ba298deeb31e
fdec720e-647a-4e09-81f7-9312215caf0b,d1d58e39-f7ea-4901-ae10-0f1af2023afc,a4912dde-85df-40db-8d8b-a7aa39fb3c28,->,fdec720e-647a-4e09-81f7-9312215caf0b,java/lang/Boolean.java,valueOf
fdec720e-647a-4e09-81f7-9312215caf0b,d1d58e39-f7ea-4901-ae10-0f1af2023afc,a4912dde-85df-40db-8d8b-a7aa39fb3c28,->,fdec720e-647a-4e09-81f7-9312215caf0b,java/lang/Boolean.java,valueOf
fdec720e-647a-4e09-81f7-9312215caf0b,d1d58e39-f7ea-4901-ae10-0f1af2023afc,a4912dde-85df-40db-8d8b-a7aa39fb3c28,->,fdec720e-647a-4e09-81f7-9312215caf0b,org/junit/Assert.java,assertEquals
fdec720e-647a-4e09-81f7-9312215caf0b,d1d58e39-f7ea-4901-ae10-0f1af2023afc,a4912dde-85df-40db-8d8b-a7aa39fb3c28,->,fdec720e-647a-4e09-81f7-9312215caf0b,org/junit/Assert.java,fail
fdec720e-647a-4e09-81f7-9312215caf0b,d1d58e39-f7ea-4901-ae10-0f1af2023afc,6fbaa0c8-807d-46e1-a4c5-27cc2dc05e11,->,fdec720e-647a-4e09-81f7-9312215caf0b,java/util/GregorianCalendar.java,get
fdec720e-647a-4e09-81f7-9312215caf0b,d1d58e39-f7ea-4901-ae10-0f1af2023afc,6fbaa0c8-807d-46e1-a4c5-27cc2dc05e11,->,fdec720e-647a-4e09-81f7-9312215caf0b,org/junit/Assert.java,assertEquals
fdec720e-647a-4e09-81f7-9312215caf0b,d1d58e39-f7ea-4901-ae10-0f1af2023afc,7934658e-ea9d-41f8-83ad-4e6fba7ca434,->,fdec720e-647a-4e09-81f7-9312215caf0b,java/util/GregorianCalendar.java,get
fdec720e-647a-4e09-81f7-9312215caf0b,d1d58e39-f7ea-4901-ae10-0f1af2023afc,7934658e-ea9d-41f8-83ad-4e6fba7ca434,->,fdec720e-647a-4e09-81f7-9312215caf0b,org/junit/Assert.java,assertEquals
fdec720e-647a-4e09-81f7-9312215caf0b,d1d58e39-f7ea-4901-ae10-0f1af2023afc,faf52954-0c8b-49eb-9484-3649e4741374,->,fdec720e-647a-4e09-81f7-9312215caf0b,java/util/GregorianCalendar.java,get
fdec720e-647a-4e09-81f7-9312215caf0b,d1d58e39-f7ea-4901-ae10-0f1af2023afc,faf52954-0c8b-49eb-9484-3649e4741374,->,fdec720e-647a-4e09-81f7-9312215caf0b,org/junit/Assert.java,assertEquals
fdec720e-647a-4e09-81f7-9312215caf0b,d1d58e39-f7ea-4901-ae10-0f1af2023afc,382c0061-f4a0-4e6c-80b8-725b464fcf61,->,fdec720e-647a-4e09-81f7-9312215caf0b,java/util/GregorianCalendar.java,get
fdec720e-647a-4e09-81f7-9312215caf0b,d1d58e39-f7ea-4901-ae10-0f1af2023afc,382c0061-f4a0-4e6c-80b8-725b464fcf61,->,fdec720e-647a-4e09-81f7-9312215caf0b,org/junit/Assert.java,assertEquals
fdec720e-647a-4e09-81f7-9312215caf0b,c227f97d-f4f1-41c4-8253-407c6f94b6a6,281eb952-9a4f-4a24-a23b-1d2be68e023a,->,fdec720e-647a-4e09-81f7-9312215caf0b,2866e74e-c9ad-4677-80a1-3d87fe289690,f9c0a007-15ad-49a2-8b94-5c874e1b7966
